# Oscilator_frequency (Hz)	DemodAll_A (-)	Demod_1_X_A (A)	Demod_1_Y_A (A)	Demod_1__R_A (A)	Demod_1__Theta_A (deg)	Demod_2_X_A (A)	Demod_2_Y_A (A)	Demod_2__R_A (A)	Demod_2__Theta_A (deg)	Demod_3_X_A (V)	Demod_3_Y_A (V)	Demod_3__R_A (V)	Demod_3__Theta_A (deg)	Demod_4_X_A (V)	Demod_4_Y_A (V)	Demod_4__R_A (V)	Demod_4__Theta_A (deg)	Timer_GET (s)
1.0	1.0	0.0	0.0	0.0	-90.0	0.0	0.0	0.0	-177.902405	0.0	2.613085	2.613085	90.0	2.503455	0.094098	2.505223	2.152574	3306.246726
2.0	1.0	0.0	0.0	0.0	-90.0	0.0	0.0	0.0	125.369933	0.0	2.253504	2.253504	90.0	1.231904	-1.466881	1.915549	-49.976064	3304.719649
3.0	1.0	0.0	0.0	0.0	-90.0	0.0	0.0	0.0	-147.512686	0.0	2.3196	2.3196	90.0	1.557256	0.768661	1.736631	26.27092	3303.229669
4.0	1.0	0.0	0.0	0.0	-90.0	0.0	0.0	0.0	56.860593	0.0	1.591633	1.591633	90.0	-0.083964	-0.746596	0.751303	-96.416673	3301.805094
5.0	1.0	0.0	0.0	0.0	-90.0	0.0	0.0	0.0	108.049474	0.0	1.949311	1.949311	90.0	0.636931	-0.649785	0.909891	-45.572365	3300.320618
6.0	1.0	0.0	0.0	0.0	-90.0	0.0	0.0	0.0	-103.534737	0.0	1.870734	1.870734	90.0	0.48288	0.424907	0.64321	41.34598	3298.881408
7.0	1.0	0.0	0.0	0.0	-90.0	0.0	0.0	0.0	143.623711	0.0	1.930601	1.930601	90.0	0.626733	-0.220072	0.664248	-19.348273	3297.459151
8.0	1.0	0.0	0.0	0.0	-90.0	0.0	0.0	0.0	-75.6579	0.0	1.782102	1.782102	90.0	0.335556	0.130659	0.360096	21.274945	3296.012008
9.0	1.0	0.0	0.0	0.0	-90.0	0.0	0.0	0.0	136.79369	0.0	1.865877	1.865877	90.0	0.489727	-0.103932	0.500634	-11.981793	3294.571709
10.0	1.0	0.0	0.0	0.0	-90.0	0.0	0.0	0.0	158.178213	0.0	1.852216	1.852216	90.0	0.458514	-0.073156	0.464313	-9.065166	3293.138412
11.0	1.0	0.0	0.0	0.0	-90.0	0.0	0.0	0.0	8.994039	0.0	1.807292	1.807292	90.0	0.359606	-0.030029	0.360858	-4.77346	3291.73199
12.0	1.0	0.0	0.0	0.0	-90.0	0.0	0.0	0.0	12.104444	0.0	1.823322	1.823322	90.0	0.388819	-0.044301	0.391335	-6.500123	3290.28487
13.0	1.0	0.0	0.0	0.0	-90.0	0.0	0.0	0.0	47.859486	0.0	1.829669	1.829669	90.0	0.39969	-0.071473	0.40603	-10.138477	3288.845463
14.0	1.0	0.0	0.0	0.0	-90.0	0.0	0.0	0.0	60.756586	0.0	1.82834	1.82834	90.0	0.388888	-0.063969	0.394114	-9.340985	3287.405571
15.0	1.0	0.0	0.0	0.0	-90.0	0.0	0.0	0.0	-130.715672	0.0	1.830307	1.830307	90.0	0.391137	-0.059686	0.395665	-8.676224	3285.967079
16.0	1.0	0.0	0.0	0.0	-90.0	0.0	0.0	0.0	-101.058847	0.0	1.831031	1.831031	90.0	0.386646	-0.060787	0.391395	-8.934756	3284.515819
17.0	1.0	0.0	0.0	0.0	-90.0	0.0	0.0	0.0	-138.697022	0.0	1.830959	1.830959	90.0	0.383298	-0.060421	0.388031	-8.958077	3283.093764
18.0	1.0	0.0	0.0	0.0	-90.0	0.0	0.0	0.0	-149.950373	0.0	1.831838	1.831838	90.0	0.3809	-0.062725	0.38603	-9.351316	3281.634415
19.0	1.0	0.0	0.0	0.0	-90.0	0.0	0.0	0.0	-131.464756	0.0	1.831371	1.831371	90.0	0.376484	-0.064485	0.381966	-9.719378	3280.217941
20.0	1.0	0.0	0.0	0.0	-90.0	0.0	0.0	0.0	119.193021	0.0	1.83168	1.83168	90.0	0.373898	-0.064487	0.379419	-9.785636	3278.770552
21.0	1.0	0.0	0.0	0.0	-90.0	0.0	0.0	0.0	-116.606359	0.0	1.832069	1.832069	90.0	0.371416	-0.066219	0.377273	-10.10888	3277.371356
22.0	1.0	0.0	0.0	0.0	-90.0	0.0	0.0	0.0	75.649151	0.0	1.832399	1.832399	90.0	0.368224	-0.066206	0.374129	-10.192792	3275.953924
23.0	1.0	0.0	0.0	0.0	-90.0	0.0	0.0	0.0	72.450111	0.0	1.833027	1.833027	90.0	0.366239	-0.066455	0.372219	-10.284623	3274.531915
24.0	1.0	0.0	0.0	0.0	-90.0	0.0	0.0	0.0	4.348761	0.0	1.830979	1.830979	90.0	0.362611	-0.067828	0.3689	-10.59492	3273.077797
25.0	1.0	0.0	0.0	0.0	-90.0	0.0	0.0	0.0	-54.131814	0.0	1.832906	1.832906	90.0	0.360599	-0.06571	0.366537	-10.327343	3271.635111
26.0	1.0	0.0	0.0	0.0	-90.0	0.0	0.0	0.0	-172.65447	0.0	1.831325	1.831325	90.0	0.357928	-0.068178	0.364364	-10.784434	3270.188142
27.0	1.0	0.0	0.0	0.0	-90.0	0.0	0.0	0.0	-101.985481	0.0	1.833446	1.833446	90.0	0.356343	-0.067812	0.362737	-10.774578	3268.760638
28.0	1.0	0.0	0.0	0.0	-90.0	0.0	0.0	0.0	-74.611014	0.0	1.833504	1.833504	90.0	0.35404	-0.067689	0.360452	-10.823714	3267.342474
29.0	1.0	0.0	0.0	0.0	-90.0	0.0	0.0	0.0	51.586362	0.0	1.833387	1.833387	90.0	0.351722	-0.067615	0.358162	-10.881833	3265.89653
30.0	1.0	0.0	0.0	0.0	-90.0	0.0	0.0	0.0	129.412264	0.0	1.833305	1.833305	90.0	0.349693	-0.067644	0.356176	-10.948002	3264.455933
31.0	1.0	0.0	0.0	0.0	-90.0	0.0	0.0	0.0	45.653206	0.0	1.833359	1.833359	90.0	0.347675	-0.067548	0.354176	-10.994671	3262.95245
32.0	1.0	0.0	0.0	0.0	-90.0	0.0	0.0	0.0	-156.899371	0.0	1.833477	1.833477	90.0	0.345756	-0.0675	0.352283	-11.046633	3261.489413
33.0	1.0	0.0	0.0	0.0	-90.0	0.0	0.0	0.0	-104.988786	0.0	1.833693	1.833693	90.0	0.343977	-0.067424	0.350522	-11.09016	3260.056262
34.0	1.0	0.0	0.0	0.0	-90.0	0.0	0.0	0.0	-76.481085	0.0	1.833686	1.833686	90.0	0.34246	-0.067168	0.348985	-11.096778	3258.621512
35.0	1.0	0.0	0.0	0.0	-90.0	0.0	0.0	0.0	-64.610262	0.0	1.83376	1.83376	90.0	0.340438	-0.067202	0.347008	-11.166563	3257.208366
36.0	1.0	0.0	0.0	0.0	-90.0	0.0	0.0	0.0	-133.230141	0.0	1.833839	1.833839	90.0	0.338743	-0.0668	0.345267	-11.155531	3255.78424
37.0	1.0	0.0	0.0	0.0	-90.0	0.0	0.0	0.0	70.88089	0.0	1.833914	1.833914	90.0	0.337132	-0.066443	0.343617	-11.14916	3254.337389
38.0	1.0	0.0	0.0	0.0	-90.0	0.0	0.0	0.0	10.946739	0.0	1.834037	1.834037	90.0	0.33629	-0.066266	0.342757	-11.147401	3252.920829
39.0	1.0	0.0	0.0	0.0	-90.0	0.0	0.0	0.0	-83.004358	0.0	1.83404	1.83404	90.0	0.335232	-0.066054	0.341678	-11.146715	3251.484257
40.0	1.0	0.0	0.0	0.0	-90.0	0.0	0.0	0.0	-5.518054	0.0	1.834052	1.834052	90.0	0.332034	-0.064634	0.338266	-11.015514	3250.045613
41.0	1.0	0.0	0.0	0.0	-90.0	0.0	0.0	0.0	69.138123	0.0	1.83427	1.83427	90.0	0.334121	-0.067217	0.340815	-11.374651	3248.596235
42.0	1.0	0.0	0.0	0.0	-90.0	0.0	0.0	0.0	163.72137	0.0	1.834327	1.834327	90.0	0.334481	-0.067073	0.34114	-11.338989	3247.13484
43.0	1.0	0.0	0.0	0.0	-90.0	0.0	0.0	0.0	148.908504	0.0	1.834629	1.834629	90.0	0.321883	-0.068349	0.329059	-11.988147	3245.676233
44.0	1.0	0.0	0.0	0.0	-90.0	0.0	0.0	0.0	-132.143087	0.0	1.835524	1.835524	90.0	0.323664	-0.076712	0.332631	-13.333785	3244.251646
45.0	1.0	0.0	0.0	0.0	-90.0	0.0	0.0	0.0	32.725068	0.0	1.832424	1.832424	90.0	0.328263	-0.04586	0.331451	-7.953004	3242.811277
46.0	1.0	0.0	0.0	0.0	-90.0	0.0	0.0	0.0	-40.347462	0.0	1.833623	1.833623	90.0	0.32904	-0.038952	0.331338	-6.75125	3241.368995
47.0	1.0	0.0	0.0	0.0	-90.0	0.0	0.0	0.0	-113.034683	0.0	1.837421	1.837421	90.0	0.314523	-0.096699	0.329052	-17.089827	3239.928982
48.0	1.0	0.0	0.0	0.0	-90.0	0.0	0.0	0.0	134.797085	0.0	1.837462	1.837462	90.0	0.287911	-0.087239	0.300838	-16.857168	3238.490885
49.0	1.0	0.0	0.0	0.0	-90.0	0.0	0.0	0.0	-151.582568	0.0	1.829025	1.829025	90.0	0.366924	-0.08208	0.375992	-12.609294	3237.049923
50.0	1.0	0.0	0.0	0.0	-90.0	0.0	0.0	0.0	-140.832185	0.0	1.835277	1.835277	90.0	0.311106	-0.11301	0.330996	-19.963711	3235.640802
51.0	1.0	0.0	0.0	0.0	-90.0	0.0	0.0	0.0	-103.502164	0.0	1.831148	1.831148	90.0	0.363662	-0.08475	0.373407	-13.118336	3234.208198
52.0	1.0	0.0	0.0	0.0	-90.0	0.0	0.0	0.0	-93.984576	0.0	1.836941	1.836941	90.0	0.281197	-0.083172	0.293239	-16.477179	3232.751816
53.0	1.0	0.0	0.0	0.0	-90.0	0.0	0.0	0.0	-166.065033	0.0	1.83567	1.83567	90.0	0.289141	-0.081375	0.300374	-15.718493	3231.334122
54.0	1.0	0.0	0.0	0.0	-90.0	0.0	0.0	0.0	145.989657	0.0	1.834623	1.834623	90.0	0.322003	-0.037181	0.324143	-6.586656	3229.880867
55.0	1.0	0.0	0.0	0.0	-90.0	0.0	0.0	0.0	87.356131	0.0	1.835794	1.835794	90.0	0.31044	-0.043135	0.313422	-7.91051	3228.402966
56.0	1.0	0.0	0.0	0.0	-90.0	0.0	0.0	0.0	150.31462	0.0	1.839034	1.839034	90.0	0.314304	-0.07468	0.323054	-13.365962	3226.955013
57.0	1.0	0.0	0.0	0.0	-90.0	0.0	0.0	0.0	-70.31516	0.0	1.834418	1.834418	90.0	0.30577	-0.061069	0.311809	-11.294663	3225.507662
58.0	1.0	0.0	0.0	0.0	-90.0	0.0	0.0	0.0	89.323667	0.0	1.834961	1.834961	90.0	0.309537	-0.064316	0.316148	-11.737994	3224.088328
59.0	1.0	0.0	0.0	0.0	-90.0	0.0	0.0	0.0	169.468633	0.0	1.835186	1.835186	90.0	0.310888	-0.057979	0.316248	-10.563952	3222.644431
60.0	1.0	0.0	0.0	0.0	-90.0	0.0	0.0	0.0	-23.606274	0.0	1.835009	1.835009	90.0	0.310948	-0.060857	0.316847	-11.073659	3221.205854
61.0	1.0	0.0	0.0	0.0	-90.0	0.0	0.0	0.0	-64.555707	0.0	1.835081	1.835081	90.0	0.310222	-0.059674	0.31591	-10.888427	3219.729568
62.0	1.0	0.0	0.0	0.0	-90.0	0.0	0.0	0.0	-161.685494	0.0	1.835185	1.835185	90.0	0.309862	-0.059498	0.315523	-10.869362	3218.278819
63.0	1.0	0.0	0.0	0.0	-90.0	0.0	0.0	0.0	153.922065	0.0	1.835222	1.835222	90.0	0.309478	-0.059315	0.315111	-10.849761	3216.864635
64.0	1.0	0.0	0.0	0.0	-90.0	0.0	0.0	0.0	89.150584	0.0	1.835348	1.835348	90.0	0.30901	-0.058679	0.314532	-10.752101	3215.441961
65.0	1.0	0.0	0.0	0.0	-90.0	0.0	0.0	0.0	18.86071	0.0	1.83525	1.83525	90.0	0.308298	-0.058403	0.313781	-10.726749	3214.006062
66.0	1.0	0.0	0.0	0.0	-90.0	0.0	0.0	0.0	-14.919645	0.0	1.835336	1.835336	90.0	0.307547	-0.058233	0.313012	-10.721848	3212.541837
67.0	1.0	0.0	0.0	0.0	-90.0	0.0	0.0	0.0	54.61051	0.0	1.835283	1.835283	90.0	0.306885	-0.057896	0.312299	-10.683763	3211.121272
68.0	1.0	0.0	0.0	0.0	-90.0	0.0	0.0	0.0	-29.657467	0.0	1.835385	1.835385	90.0	0.30624	-0.057578	0.311606	-10.648202	3209.6428
69.0	1.0	0.0	0.0	0.0	-90.0	0.0	0.0	0.0	-49.889078	0.0	1.835486	1.835486	90.0	0.30558	-0.057394	0.310923	-10.637338	3208.212814
70.0	1.0	0.0	0.0	0.0	-90.0	0.0	0.0	0.0	-32.862414	0.0	1.835452	1.835452	90.0	0.304831	-0.057047	0.310123	-10.599946	3206.774839
71.0	1.0	0.0	0.0	0.0	-90.0	0.0	0.0	0.0	127.890289	0.0	1.835484	1.835484	90.0	0.304291	-0.05663	0.309516	-10.5424	3205.339455
72.0	1.0	0.0	0.0	0.0	-90.0	0.0	0.0	0.0	-178.464026	0.0	1.835559	1.835559	90.0	0.303813	-0.056492	0.30902	-10.533477	3203.913278
73.0	1.0	0.0	0.0	0.0	-90.0	0.0	0.0	0.0	130.593227	0.0	1.835618	1.835618	90.0	0.303032	-0.056146	0.30819	-10.496819	3202.452656
74.0	1.0	0.0	0.0	0.0	-90.0	0.0	0.0	0.0	167.614514	0.0	1.835519	1.835519	90.0	0.302703	-0.055914	0.307824	-10.465543	3200.986236
75.0	1.0	0.0	0.0	0.0	-90.0	0.0	0.0	0.0	-73.259569	0.0	1.835615	1.835615	90.0	0.302091	-0.055443	0.307136	-10.39976	3199.552323
76.0	1.0	0.0	0.0	0.0	-90.0	0.0	0.0	0.0	-147.871721	0.0	1.835592	1.835592	90.0	0.301448	-0.055178	0.306456	-10.372836	3198.094305
77.0	1.0	0.0	0.0	0.0	-90.0	0.0	0.0	0.0	-96.556672	0.0	1.835451	1.835451	90.0	0.301	-0.054909	0.305968	-10.338334	3196.600815
78.0	1.0	0.0	0.0	0.0	-90.0	0.0	0.0	0.0	138.187099	0.0	1.835574	1.835574	90.0	0.300501	-0.054593	0.305419	-10.296883	3195.144829
79.0	1.0	0.0	0.0	0.0	-90.0	0.0	0.0	0.0	161.035112	0.0	1.835565	1.835565	90.0	0.299802	-0.05441	0.304699	-10.286397	3193.723357
80.0	1.0	0.0	0.0	0.0	-90.0	0.0	0.0	0.0	24.274571	0.0	1.835573	1.835573	90.0	0.299439	-0.054075	0.304282	-10.236644	3192.255548
81.0	1.0	0.0	0.0	0.0	-90.0	0.0	0.0	0.0	109.966903	0.0	1.8356	1.8356	90.0	0.298861	-0.053905	0.303683	-10.224333	3190.834187
82.0	1.0	0.0	0.0	0.0	-90.0	0.0	0.0	0.0	-68.141254	0.0	1.835656	1.835656	90.0	0.298411	-0.053529	0.303174	-10.169599	3189.308167
83.0	1.0	0.0	0.0	0.0	-90.0	0.0	0.0	0.0	6.295752	0.0	1.83566	1.83566	90.0	0.29789	-0.053298	0.30262	-10.143877	3187.865443
84.0	1.0	0.0	0.0	0.0	-90.0	0.0	0.0	0.0	125.465132	0.0	1.83563	1.83563	90.0	0.297452	-0.053013	0.302139	-10.105285	3186.419596
85.0	1.0	0.0	0.0	0.0	-90.0	0.0	0.0	0.0	66.668087	0.0	1.835633	1.835633	90.0	0.296983	-0.052723	0.301627	-10.066812	3184.950914
86.0	1.0	0.0	0.0	0.0	-90.0	0.0	0.0	0.0	-57.770193	0.0	1.835525	1.835525	90.0	0.296533	-0.052452	0.301137	-10.030935	3183.481411
87.0	1.0	0.0	0.0	0.0	-90.0	0.0	0.0	0.0	138.697491	0.0	1.835628	1.835628	90.0	0.296132	-0.052164	0.300691	-9.990262	3182.048772
88.0	1.0	0.0	0.0	0.0	-90.0	0.0	0.0	0.0	-96.79958	0.0	1.835673	1.835673	90.0	0.295675	-0.05193	0.300201	-9.961385	3180.613246
89.0	1.0	0.0	0.0	0.0	-90.0	0.0	0.0	0.0	41.270525	0.0	1.835576	1.835576	90.0	0.295251	-0.051658	0.299736	-9.924155	3179.148562
90.0	1.0	0.0	0.0	0.0	-90.0	0.0	0.0	0.0	-128.164061	0.0	1.835543	1.835543	90.0	0.294832	-0.051414	0.299281	-9.892066	3177.71427
91.0	1.0	0.0	0.0	0.0	-90.0	0.0	0.0	0.0	40.853412	0.0	1.835529	1.835529	90.0	0.294376	-0.051146	0.298786	-9.856444	3176.29639
92.0	1.0	0.0	0.0	0.0	-90.0	0.0	0.0	0.0	95.433847	0.0	1.835666	1.835666	90.0	0.29404	-0.050926	0.298417	-9.825752	3174.860459
93.0	1.0	0.0	0.0	0.0	-90.0	0.0	0.0	0.0	48.973894	0.0	1.835525	1.835525	90.0	0.293634	-0.050651	0.297971	-9.786986	3173.411355
94.0	1.0	0.0	0.0	0.0	-90.0	0.0	0.0	0.0	-112.486775	0.0	1.835577	1.835577	90.0	0.293176	-0.050359	0.29747	-9.746595	3171.964611
95.0	1.0	0.0	0.0	0.0	-90.0	0.0	0.0	0.0	30.432978	0.0	1.835494	1.835494	90.0	0.29292	-0.050135	0.29718	-9.712482	3170.549063
96.0	1.0	0.0	0.0	0.0	-90.0	0.0	0.0	0.0	81.334404	0.0	1.83538	1.83538	90.0	0.292558	-0.049883	0.29678	-9.676212	3169.107958
97.0	1.0	0.0	0.0	0.0	-90.0	0.0	0.0	0.0	-101.453667	0.0	1.835616	1.835616	90.0	0.292013	-0.04967	0.296207	-9.653406	3167.661243
98.0	1.0	0.0	0.0	0.0	-90.0	0.0	0.0	0.0	118.488096	0.0	1.835508	1.835508	90.0	0.291639	-0.049331	0.295782	-9.600691	3166.213174
99.0	1.0	0.0	0.0	0.0	-90.0	0.0	0.0	0.0	-88.137199	0.0	1.835578	1.835578	90.0	0.291408	-0.049296	0.295548	-9.601562	3164.750882
100.0	1.0	0.0	0.0	0.0	-90.0	0.0	0.0	0.0	-165.818071	0.0	1.835468	1.835468	90.0	0.290895	-0.048961	0.294986	-9.554041	3163.331869
101.0	1.0	0.0	0.0	0.0	-90.0	0.0	0.0	0.0	119.862863	0.0	1.835478	1.835478	90.0	0.290791	-0.048843	0.294864	-9.534657	3161.901677
102.0	1.0	0.0	0.0	0.0	-90.0	0.0	0.0	0.0	56.474849	0.0	1.835539	1.835539	90.0	0.290241	-0.048435	0.294255	-9.474063	3160.461929
103.0	1.0	0.0	0.0	0.0	-90.0	0.0	0.0	0.0	-27.133425	0.0	1.835561	1.835561	90.0	0.289928	-0.048264	0.293918	-9.451259	3159.024646
104.0	1.0	0.0	0.0	0.0	-90.0	0.0	0.0	0.0	33.257475	0.0	1.835189	1.835189	90.0	0.289753	-0.047926	0.293689	-9.391777	3157.584034
105.0	1.0	0.0	0.0	0.0	-90.0	0.0	0.0	0.0	-37.557796	0.0	1.835331	1.835331	90.0	0.28944	-0.047752	0.293353	-9.368379	3156.148357
106.0	1.0	0.0	0.0	0.0	-90.0	0.0	0.0	0.0	0.245304	0.0	1.83543	1.83543	90.0	0.28905	-0.04759	0.292942	-9.349531	3154.693796
107.0	1.0	0.0	0.0	0.0	-90.0	0.0	0.0	0.0	18.268349	0.0	1.83539	1.83539	90.0	0.288731	-0.047345	0.292587	-9.312288	3153.242645
108.0	1.0	0.0	0.0	0.0	-90.0	0.0	0.0	0.0	-56.83651	0.0	1.835111	1.835111	90.0	0.288411	-0.047122	0.292236	-9.279288	3151.807668
109.0	1.0	0.0	0.0	0.0	-90.0	0.0	0.0	0.0	-83.081311	0.0	1.835233	1.835233	90.0	0.288152	-0.046873	0.29194	-9.239208	3150.37557
110.0	1.0	0.0	0.0	0.0	-90.0	0.0	0.0	0.0	-136.688806	0.0	1.835185	1.835185	90.0	0.287828	-0.04665	0.291584	-9.206265	3148.959092
111.0	1.0	0.0	0.0	0.0	-90.0	0.0	0.0	0.0	100.887819	0.0	1.835032	1.835032	90.0	0.287519	-0.046442	0.291246	-9.1755	3147.519649
112.0	1.0	0.0	0.0	0.0	-90.0	0.0	0.0	0.0	166.700649	0.0	1.834963	1.834963	90.0	0.287203	-0.046244	0.290903	-9.146991	3146.035604
113.0	1.0	0.0	0.0	0.0	-90.0	0.0	0.0	0.0	60.697884	0.0	1.834872	1.834872	90.0	0.28695	-0.046009	0.290615	-9.109111	3144.579426
114.0	1.0	0.0	0.0	0.0	-90.0	0.0	0.0	0.0	-174.681008	0.0	1.83491	1.83491	90.0	0.286674	-0.045795	0.290309	-9.076092	3143.097467
115.0	1.0	0.0	0.0	0.0	-90.0	0.0	0.0	0.0	-84.22772	0.0	1.834766	1.834766	90.0	0.286372	-0.045612	0.289981	-9.049898	3141.639253
116.0	1.0	0.0	0.0	0.0	-90.0	0.0	0.0	0.0	54.049234	0.0	1.834696	1.834696	90.0	0.286108	-0.04538	0.289685	-9.012602	3140.21187
117.0	1.0	0.0	0.0	0.0	-90.0	0.0	0.0	0.0	159.077023	0.0	1.834655	1.834655	90.0	0.285876	-0.04517	0.289422	-8.978744	3138.758542
118.0	1.0	0.0	0.0	0.0	-90.0	0.0	0.0	0.0	-30.112878	0.0	1.834614	1.834614	90.0	0.285579	-0.04494	0.289094	-8.942996	3137.297629
119.0	1.0	0.0	0.0	0.0	-90.0	0.0	0.0	0.0	-5.796757	0.0	1.834342	1.834342	90.0	0.285358	-0.044791	0.288852	-8.920538	3135.846239
120.0	1.0	0.0	0.0	0.0	-90.0	0.0	0.0	0.0	-1.893162	0.0	1.834249	1.834249	90.0	0.28505	-0.044545	0.288509	-8.881863	3134.409165
121.0	1.0	0.0	0.0	0.0	-90.0	0.0	0.0	0.0	5.352013	0.0	1.834165	1.834165	90.0	0.284805	-0.044369	0.28824	-8.854749	3132.951833
122.0	1.0	0.0	0.0	0.0	-90.0	0.0	0.0	0.0	158.613577	0.0	1.834033	1.834033	90.0	0.284559	-0.044144	0.287962	-8.81814	3131.52039
123.0	1.0	0.0	0.0	0.0	-90.0	0.0	0.0	0.0	-163.80565	0.0	1.834081	1.834081	90.0	0.284279	-0.043929	0.287653	-8.784242	3130.064101
124.0	1.0	0.0	0.0	0.0	-90.0	0.0	0.0	0.0	59.052286	0.0	1.834106	1.834106	90.0	0.28409	-0.043733	0.287436	-8.751415	3128.605812
125.0	1.0	0.0	0.0	0.0	-90.0	0.0	0.0	0.0	161.678098	0.0	1.833926	1.833926	90.0	0.283797	-0.043532	0.287117	-8.720784	3127.107197
126.0	1.0	0.0	0.0	0.0	-90.0	0.0	0.0	0.0	-56.39848	0.0	1.833799	1.833799	90.0	0.28364	-0.04336	0.286935	-8.691536	3125.664351
127.0	1.0	0.0	0.0	0.0	-90.0	0.0	0.0	0.0	128.633368	0.0	1.833683	1.833683	90.0	0.283326	-0.043214	0.286602	-8.67208	3124.23904
128.0	1.0	0.0	0.0	0.0	-90.0	0.0	0.0	0.0	-100.153335	0.0	1.833503	1.833503	90.0	0.283086	-0.043015	0.286336	-8.63993	3122.808513
129.0	1.0	0.0	0.0	0.0	-90.0	0.0	0.0	0.0	-84.745833	0.0	1.833435	1.833435	90.0	0.282886	-0.042774	0.286102	-8.59825	3121.378465
130.0	1.0	0.0	0.0	0.0	-90.0	0.0	0.0	0.0	-123.693792	0.0	1.833201	1.833201	90.0	0.282598	-0.04258	0.285788	-8.568467	3119.925149
131.0	1.0	0.0	0.0	0.0	-90.0	0.0	0.0	0.0	-55.790971	0.0	1.832998	1.832998	90.0	0.282432	-0.042416	0.285599	-8.540884	3118.525159
132.0	1.0	0.0	0.0	0.0	-90.0	0.0	0.0	0.0	-125.667622	0.0	1.832973	1.832973	90.0	0.282229	-0.042228	0.28537	-8.509632	3117.031455
133.0	1.0	0.0	0.0	0.0	-90.0	0.0	0.0	0.0	44.575036	0.0	1.832823	1.832823	90.0	0.281982	-0.042048	0.285099	-8.48123	3115.584653
134.0	1.0	0.0	0.0	0.0	-90.0	0.0	0.0	0.0	-100.821077	0.0	1.832622	1.832622	90.0	0.281775	-0.041849	0.284865	-8.447867	3114.150294
135.0	1.0	0.0	0.0	0.0	-90.0	0.0	0.0	0.0	97.215891	0.0	1.832411	1.832411	90.0	0.281562	-0.041678	0.28463	-8.420113	3112.712389
136.0	1.0	0.0	0.0	0.0	-90.0	0.0	0.0	0.0	-91.521672	0.0	1.832173	1.832173	90.0	0.281352	-0.041489	0.284395	-8.388541	3111.242456
137.0	1.0	0.0	0.0	0.0	-90.0	0.0	0.0	0.0	-100.804532	0.0	1.832108	1.832108	90.0	0.281155	-0.041303	0.284172	-8.357291	3109.820874
138.0	1.0	0.0	0.0	0.0	-90.0	0.0	0.0	0.0	-28.892851	0.0	1.832015	1.832015	90.0	0.280931	-0.041127	0.283926	-8.3287	3108.400149
139.0	1.0	0.0	0.0	0.0	-90.0	0.0	0.0	0.0	72.5931	0.0	1.831719	1.831719	90.0	0.280722	-0.040927	0.283689	-8.294814	3106.959777
140.0	1.0	0.0	0.0	0.0	-90.0	0.0	0.0	0.0	-106.689812	0.0	1.831517	1.831517	90.0	0.280524	-0.040798	0.283475	-8.27488	3105.520072
141.0	1.0	0.0	0.0	0.0	-90.0	0.0	0.0	0.0	90.941624	0.0	1.831214	1.831214	90.0	0.28035	-0.040555	0.283268	-8.231142	3104.06226
142.0	1.0	0.0	0.0	0.0	-90.0	0.0	0.0	0.0	12.844311	0.0	1.831012	1.831012	90.0	0.280207	-0.040303	0.28309	-8.184955	3102.613992
143.0	1.0	0.0	0.0	0.0	-90.0	0.0	0.0	0.0	-158.532805	0.0	1.830776	1.830776	90.0	0.280034	-0.040327	0.282923	-8.194752	3101.179839
144.0	1.0	0.0	0.0	0.0	-90.0	0.0	0.0	0.0	66.292604	0.0	1.830461	1.830461	90.0	0.279682	-0.040297	0.28257	-8.19874	3099.732357
145.0	1.0	0.0	0.0	0.0	-90.0	0.0	0.0	0.0	106.599142	0.0	1.830152	1.830152	90.0	0.279813	-0.039671	0.282612	-8.069463	3098.264852
146.0	1.0	0.0	0.0	0.0	-90.0	0.0	0.0	0.0	108.666641	0.0	1.829907	1.829907	90.0	0.279746	-0.039978	0.282588	-8.132976	3096.808448
147.0	1.0	0.0	0.0	0.0	-90.0	0.0	0.0	0.0	35.482861	0.0	1.829534	1.829534	90.0	0.279603	-0.039075	0.28232	-7.95576	3095.31893
148.0	1.0	0.0	0.0	0.0	-90.0	0.0	0.0	0.0	-137.677625	0.0	1.829242	1.829242	90.0	0.27955	-0.039885	0.282381	-8.119991	3093.857137
149.0	1.0	0.0	0.0	0.0	-90.0	0.0	0.0	0.0	-19.996304	0.0	1.828772	1.828772	90.0	0.27944	-0.038517	0.282082	-7.848005	3092.401899
150.0	1.0	0.0	0.0	0.0	-90.0	0.0	0.0	0.0	48.372251	0.0	1.828404	1.828404	90.0	0.278976	-0.039866	0.28181	-8.132488	3090.951489
151.0	1.0	0.0	0.0	0.0	-90.0	0.0	0.0	0.0	42.998039	0.0	1.827991	1.827991	90.0	0.279245	-0.039199	0.281982	-7.990779	3089.542682
152.0	1.0	0.0	0.0	0.0	-90.0	0.0	0.0	0.0	165.156999	0.0	1.82769	1.82769	90.0	0.277412	-0.038652	0.280092	-7.931936	3088.108195
153.0	1.0	0.0	0.0	0.0	-90.0	0.0	0.0	0.0	-107.902303	0.0	1.827288	1.827288	90.0	0.277409	-0.038566	0.280077	-7.91457	3086.661309
154.0	1.0	0.0	0.0	0.0	-90.0	0.0	0.0	0.0	-65.623186	0.0	1.826682	1.826682	90.0	0.278364	-0.038076	0.280956	-7.788782	3085.210448
155.0	1.0	0.0	0.0	0.0	-90.0	0.0	0.0	0.0	-127.625949	0.0	1.826155	1.826155	90.0	0.278019	-0.038299	0.280645	-7.843605	3083.777356
156.0	1.0	0.0	0.0	0.0	-90.0	0.0	0.0	0.0	-64.541294	0.0	1.825759	1.825759	90.0	0.277336	-0.037815	0.279902	-7.764431	3082.335758
157.0	1.0	0.0	0.0	0.0	-90.0	0.0	0.0	0.0	-82.547929	0.0	1.825077	1.825077	90.0	0.277249	-0.037581	0.279785	-7.719315	3080.856267
158.0	1.0	0.0	0.0	0.0	-90.0	0.0	0.0	0.0	14.701375	0.0	1.824471	1.824471	90.0	0.277037	-0.037552	0.27957	-7.719262	3079.410436
159.0	1.0	0.0	0.0	0.0	-90.0	0.0	0.0	0.0	88.587345	0.0	1.823883	1.823883	90.0	0.277027	-0.037402	0.279541	-7.689105	3077.967684
160.0	1.0	0.0	0.0	0.0	-90.0	0.0	0.0	0.0	-75.134214	0.0	1.823181	1.823181	90.0	0.276834	-0.037195	0.279321	-7.65238	3076.53505
161.0	1.0	0.0	0.0	0.0	-90.0	0.0	0.0	0.0	-141.7898	0.0	1.822479	1.822479	90.0	0.276609	-0.037059	0.279081	-7.630881	3075.083786
162.0	1.0	0.0	0.0	0.0	-90.0	0.0	0.0	0.0	-99.343468	0.0	1.821766	1.821766	90.0	0.276444	-0.036848	0.278889	-7.592287	3073.629423
163.0	1.0	0.0	0.0	0.0	-90.0	0.0	0.0	0.0	-108.137758	0.0	1.820779	1.820779	90.0	0.276258	-0.036666	0.27868	-7.560291	3072.170975
164.0	1.0	0.0	0.0	0.0	-90.0	0.0	0.0	0.0	-122.724426	0.0	1.819958	1.819958	90.0	0.276099	-0.036487	0.278499	-7.528068	3070.729878
165.0	1.0	0.0	0.0	0.0	-90.0	0.0	0.0	0.0	-133.038836	0.0	1.819093	1.819093	90.0	0.275935	-0.036313	0.278314	-7.496959	3069.274443
166.0	1.0	0.0	0.0	0.0	-90.0	0.0	0.0	0.0	140.606748	0.0	1.818048	1.818048	90.0	0.27577	-0.036114	0.278125	-7.460898	3067.858209
167.0	1.0	0.0	0.0	0.0	-90.0	0.0	0.0	0.0	-152.518953	0.0	1.817013	1.817013	90.0	0.275587	-0.035914	0.277917	-7.424904	3066.42248
168.0	1.0	0.0	0.0	0.0	-90.0	0.0	0.0	0.0	137.795604	0.0	1.815806	1.815806	90.0	0.27542	-0.035763	0.277732	-7.398493	3065.002884
169.0	1.0	0.0	0.0	0.0	-90.0	0.0	0.0	0.0	-130.572663	0.0	1.814508	1.814508	90.0	0.275245	-0.035548	0.277531	-7.359056	3063.5142
170.0	1.0	0.0	0.0	0.0	-90.0	0.0	0.0	0.0	-162.623463	0.0	1.813203	1.813203	90.0	0.275094	-0.035336	0.277354	-7.319508	3062.089782
171.0	1.0	0.0	0.0	0.0	-90.0	0.0	0.0	0.0	49.368333	0.0	1.811639	1.811639	90.0	0.274905	-0.035152	0.277144	-7.28684	3060.622568
172.0	1.0	0.0	0.0	0.0	-90.0	0.0	0.0	0.0	154.665615	0.0	1.809969	1.809969	90.0	0.274725	-0.03493	0.276936	-7.246026	3059.186456
173.0	1.0	0.0	0.0	0.0	-90.0	0.0	0.0	0.0	-160.501551	0.0	1.808218	1.808218	90.0	0.274542	-0.034721	0.276729	-7.20784	3057.720755
174.0	1.0	0.0	0.0	0.0	-90.0	0.0	0.0	0.0	-56.732805	0.0	1.806273	1.806273	90.0	0.274388	-0.034488	0.276547	-7.163993	3056.25837
175.0	1.0	0.0	0.0	0.0	-90.0	0.0	0.0	0.0	-137.895629	0.0	1.80422	1.80422	90.0	0.274192	-0.034238	0.276321	-7.117515	3054.832796
176.0	1.0	0.0	0.0	0.0	-90.0	0.0	0.0	0.0	-72.184458	0.0	1.801946	1.801946	90.0	0.274005	-0.034076	0.276116	-7.088995	3053.383396
177.0	1.0	0.0	0.0	0.0	-90.0	0.0	0.0	0.0	67.373879	0.0	1.799316	1.799316	90.0	0.273821	-0.033816	0.275901	-7.040293	3051.930342
178.0	1.0	0.0	0.0	0.0	-90.0	0.0	0.0	0.0	-120.971785	0.0	1.79647	1.79647	90.0	0.273623	-0.033523	0.275669	-6.984894	3050.480073
179.0	1.0	0.0	0.0	0.0	-90.0	0.0	0.0	0.0	7.086842	0.0	1.793305	1.793305	90.0	0.27342	-0.033288	0.275439	-6.94133	3049.022147
180.0	1.0	0.0	0.0	0.0	-90.0	0.0	0.0	0.0	-149.547835	0.0	1.790062	1.790062	90.0	0.273216	-0.033018	0.275204	-6.890699	3047.605515
181.0	1.0	0.0	0.0	0.0	-90.0	0.0	0.0	0.0	-53.485068	0.0	1.786172	1.786172	90.0	0.273001	-0.032714	0.274954	-6.833142	3046.176906
182.0	1.0	0.0	0.0	0.0	-90.0	0.0	0.0	0.0	128.018741	0.0	1.781727	1.781727	90.0	0.272768	-0.032392	0.274685	-6.772257	3044.671494
183.0	1.0	0.0	0.0	0.0	-90.0	0.0	0.0	0.0	41.512783	0.0	1.776741	1.776741	90.0	0.272528	-0.032062	0.274408	-6.709765	3043.232851
184.0	1.0	0.0	0.0	0.0	-90.0	0.0	0.0	0.0	172.690681	0.0	1.7712	1.7712	90.0	0.272305	-0.031724	0.274147	-6.645012	3041.77695
185.0	1.0	0.0	0.0	0.0	-90.0	0.0	0.0	0.0	132.269824	0.0	1.764766	1.764766	90.0	0.272044	-0.031336	0.273843	-6.570709	3040.330124
186.0	1.0	0.0	0.0	0.0	-90.0	0.0	0.0	0.0	-92.303654	0.0	1.757518	1.757518	90.0	0.271781	-0.03091	0.273534	-6.488483	3038.888229
187.0	1.0	0.0	0.0	0.0	-90.0	0.0	0.0	0.0	-32.449196	0.0	1.749165	1.749165	90.0	0.271508	-0.030452	0.27321	-6.399539	3037.44502
188.0	1.0	0.0	0.0	0.0	-90.0	0.0	0.0	0.0	-169.243173	0.0	1.739208	1.739208	90.0	0.271185	-0.029947	0.272834	-6.301603	3035.982908
189.0	1.0	0.0	0.0	0.0	-90.0	0.0	0.0	0.0	-140.201155	0.0	1.72731	1.72731	90.0	0.270839	-0.029392	0.272429	-6.193694	3034.497859
190.0	1.0	0.0	0.0	0.0	-90.0	0.0	0.0	0.0	152.879673	0.0	1.713077	1.713077	90.0	0.270473	-0.02874	0.271996	-6.065355	3033.048133
191.0	1.0	0.0	0.0	0.0	-90.0	0.0	0.0	0.0	-35.71583	0.0	1.696089	1.696089	90.0	0.270022	-0.028028	0.271473	-5.926116	3031.552477
192.0	1.0	0.0	0.0	0.0	-90.0	0.0	0.0	0.0	27.722189	0.0	1.675832	1.675832	90.0	0.269549	-0.027224	0.27092	-5.767214	3030.093157
193.0	1.0	0.0	0.0	0.0	-90.0	0.0	0.0	0.0	54.197341	0.0	1.651048	1.651048	90.0	0.269018	-0.026301	0.270301	-5.583872	3028.644592
194.0	1.0	0.0	0.0	0.0	-90.0	0.0	0.0	0.0	97.61082	0.0	1.619755	1.619755	90.0	0.268413	-0.025256	0.269599	-5.375354	3027.195085
195.0	1.0	0.0	0.0	0.0	-90.0	0.0	0.0	0.0	-122.937907	0.0	1.580988	1.580988	90.0	0.267818	-0.024074	0.268898	-5.136496	3025.751125
196.0	1.0	0.0	0.0	0.0	-90.0	0.0	0.0	0.0	-149.957758	0.0	1.533183	1.533183	90.0	0.267073	-0.022717	0.268038	-4.861844	3024.343162
197.0	1.0	0.0	0.0	0.0	-90.0	0.0	0.0	0.0	-140.528557	0.0	1.467977	1.467977	90.0	0.266131	-0.021287	0.266981	-4.573142	3022.870953
198.0	1.0	0.0	0.0	0.0	-90.0	0.0	0.0	0.0	-131.657625	0.0	1.388214	1.388214	90.0	0.265183	-0.019593	0.265905	-4.225695	3021.414932
199.0	1.0	0.0	0.0	0.0	-90.0	0.0	0.0	0.0	161.291795	0.0	1.284573	1.284573	90.0	0.264282	-0.018072	0.264899	-3.911789	3019.969459
200.0	1.0	0.0	0.0	0.0	-90.0	0.0	0.0	0.0	55.601407	0.0	1.487821	1.487821	90.0	0.2683875	-0.0262325	0.269826	-5.5375274999999995	2710.284964
250.0	1.0	0.0	0.0	0.0	-90.0	0.0	0.0	0.0	-131.115629	0.0	1.81662	1.81662	90.0	0.268517	-0.033391	0.270585	-7.088513	2400.559194
300.0	1.0	0.0	0.0	0.0	-90.0	0.0	0.0	0.0	-175.542423	0.0	1.815892	1.815892	90.0	0.26649	-0.030427	0.268221	-6.513665	2399.106229
350.0	1.0	0.0	0.0	0.0	-90.0	0.0	0.0	0.0	-130.733316	0.0	1.815583	1.815583	90.0	0.263896	-0.027944	0.265371	-6.044607	2397.667021
400.0	1.0	0.0	0.0	0.0	-90.0	0.0	0.0	0.0	82.973738	0.0	1.81595	1.81595	90.0	0.26216	-0.027273	0.263575	-5.939122	2396.225456
450.0	1.0	0.0	0.0	0.0	-90.0	0.0	0.0	0.0	34.838947	0.0	1.815905	1.815905	90.0	0.260513	-0.025719	0.26178	-5.638291	2394.775068
500.0	1.0	0.0	0.0	0.0	-90.0	0.0	0.0	0.0	-147.30874	0.0	1.816051	1.816051	90.0	0.259103	-0.025186	0.260324	-5.551995	2393.321707
550.0	1.0	0.0	0.0	0.0	-90.0	0.0	0.0	0.0	89.613119	0.0	1.815879	1.815879	90.0	0.257745	-0.02429	0.258887	-5.383763	2391.859514
600.0	1.0	0.0	0.0	0.0	-90.0	0.0	0.0	0.0	-103.14186	0.0	1.815808	1.815808	90.0	0.25669	-0.023546	0.257768	-5.241115	2390.444316
650.0	1.0	0.0	0.0	0.0	-90.0	0.0	0.0	0.0	-78.836967	0.0	1.815821	1.815821	90.0	0.25559	-0.023045	0.256626	-5.152053	2388.963228
700.0	1.0	0.0	0.0	0.0	-90.0	0.0	0.0	0.0	168.119976	0.0	1.815707	1.815707	90.0	0.25484	-0.022397	0.255822	-5.022601	2387.50844
750.0	1.0	0.0	0.0	0.0	-90.0	0.0	0.0	0.0	-165.862363	0.0	1.815546	1.815546	90.0	0.253992	-0.021724	0.25492	-4.888701	2386.018692
800.0	1.0	0.0	0.0	0.0	-90.0	0.0	0.0	0.0	149.220566	0.0	1.815542	1.815542	90.0	0.253301	-0.021437	0.254206	-4.837349	2384.590873
850.0	1.0	0.0	0.0	0.0	-90.0	0.0	0.0	0.0	-29.7365	0.0	1.815629	1.815629	90.0	0.252505	-0.021036	0.25338	-4.762248	2383.144085
900.0	1.0	0.0	0.0	0.0	-90.0	0.0	0.0	0.0	18.633923	0.0	1.815597	1.815597	90.0	0.251975	-0.020645	0.25282	-4.684028	2381.699396
950.0	1.0	0.0	0.0	0.0	-90.0	0.0	0.0	0.0	-150.120859	0.0	1.815511	1.815511	90.0	0.251368	-0.020344	0.25219	-4.627008	2380.257419
1000.0	1.0	0.0	0.0	0.0	-90.0	0.0	0.0	0.0	-173.830327	0.0	1.816331	1.816331	90.0	0.25078	-0.019997	0.251576	-4.55899	2378.817966
1050.0	1.0	0.0	0.0	0.0	-90.0	0.0	0.0	0.0	160.57384	0.0	1.812759	1.812759	90.0	0.250246	-0.019658	0.251017	-4.491672	2377.375693
1100.0	1.0	0.0	0.0	0.0	-90.0	0.0	0.0	0.0	-156.659075	0.0	1.814251	1.814251	90.0	0.249773	-0.019437	0.250529	-4.449746	2375.961212
1150.0	1.0	0.0	0.0	0.0	-90.0	0.0	0.0	0.0	90.408035	0.0	1.813954	1.813954	90.0	0.249332	-0.019271	0.250075	-4.419686	2374.51478
1200.0	1.0	0.0	0.0	0.0	-90.0	0.0	0.0	0.0	-19.180925	0.0	1.81716	1.81716	90.0	0.248867	-0.019008	0.249592	-4.367738	2373.074846
1250.0	1.0	0.0	0.0	0.0	-90.0	0.0	0.0	0.0	-168.522405	0.0	1.821836	1.821836	90.0	0.248507	-0.018864	0.249222	-4.341028	2371.61593
1300.0	1.0	0.0	0.0	0.0	-90.0	0.0	0.0	0.0	-123.677399	0.0	1.814303	1.814303	90.0	0.248145	-0.018583	0.24884	-4.282656	2370.144975
1350.0	1.0	0.0	0.0	0.0	-90.0	0.0	0.0	0.0	-24.274137	0.0	1.815429	1.815429	90.0	0.2478	-0.018412	0.248483	-4.249295	2368.705879
1400.0	1.0	0.0	0.0	0.0	-90.0	0.0	0.0	0.0	-56.530947	0.0	1.815301	1.815301	90.0	0.247386	-0.018228	0.248057	-4.213961	2367.281781
1450.0	1.0	0.0	0.0	0.0	-90.0	0.0	0.0	0.0	12.428797	0.0	1.815256	1.815256	90.0	0.247108	-0.018067	0.247768	-4.181764	2365.850221
1500.0	1.0	0.0	0.0	0.0	-90.0	0.0	0.0	0.0	-126.314969	0.0	1.814935	1.814935	90.0	0.246748	-0.017885	0.247396	-4.145797	2364.386943
1550.0	1.0	0.0	0.0	0.0	-90.0	0.0	0.0	0.0	-162.493514	0.0	1.814731	1.814731	90.0	0.246478	-0.01771	0.247113	-4.109671	2362.981824
1600.0	1.0	0.0	0.0	0.0	-90.0	0.0	0.0	0.0	-52.260308	0.0	1.814681	1.814681	90.0	0.246145	-0.017588	0.246773	-4.087054	2361.506499
1650.0	1.0	0.0	0.0	0.0	-90.0	0.0	0.0	0.0	-148.639717	0.0	1.814364	1.814364	90.0	0.245822	-0.017487	0.246444	-4.06909	2360.062531
1700.0	1.0	0.0	0.0	0.0	-90.0	0.0	0.0	0.0	157.110906	0.0	1.814135	1.814135	90.0	0.245575	-0.017336	0.246187	-4.038078	2358.612723
1750.0	1.0	0.0	0.0	0.0	-90.0	0.0	0.0	0.0	113.409678	0.0	1.813964	1.813964	90.0	0.24531	-0.017204	0.245913	-4.011664	2357.169597
1800.0	1.0	0.0	0.0	0.0	-90.0	0.0	0.0	0.0	-147.040956	0.0	1.813781	1.813781	90.0	0.245071	-0.017102	0.245667	-3.991937	2355.703537
1850.0	1.0	0.0	0.0	0.0	-90.0	0.0	0.0	0.0	-168.798534	0.0	1.813481	1.813481	90.0	0.244809	-0.016988	0.245398	-3.969606	2354.278536
1900.0	1.0	0.0	0.0	0.0	-90.0	0.0	0.0	0.0	11.650256	0.0	1.813324	1.813324	90.0	0.24456	-0.01689	0.245143	-3.950646	2352.800725
1950.0	1.0	0.0	0.0	0.0	-90.0	0.0	0.0	0.0	-170.937917	0.0	1.813097	1.813097	90.0	0.24432	-0.016773	0.244895	-3.927333	2351.391749
2000.0	1.0	0.0	0.0	0.0	-90.0	0.0	0.0	0.0	17.855434	0.0	1.812906	1.812906	90.0	0.244095	-0.016704	0.244666	-3.914737	2349.940503
2050.0	1.0	0.0	0.0	0.0	-90.0	0.0	0.0	0.0	179.494363	0.0	1.812598	1.812598	90.0	0.243885	-0.016608	0.244449	-3.895767	2348.497328
2100.0	1.0	0.0	0.0	0.0	-90.0	0.0	0.0	0.0	-138.132003	0.0	1.812377	1.812377	90.0	0.243653	-0.016519	0.244212	-3.878629	2347.037883
2150.0	1.0	0.0	0.0	0.0	-90.0	0.0	0.0	0.0	179.637448	0.0	1.812119	1.812119	90.0	0.243459	-0.016449	0.244014	-3.865233	2345.628823
2200.0	1.0	0.0	0.0	0.0	-90.0	0.0	0.0	0.0	-65.685994	0.0	1.811785	1.811785	90.0	0.243244	-0.016361	0.243794	-3.848069	2344.168711
2250.0	1.0	0.0	0.0	0.0	-90.0	0.0	0.0	0.0	-161.688091	0.0	1.811522	1.811522	90.0	0.24308	-0.016303	0.243626	-3.83705	2342.723223
2300.0	1.0	0.0	0.0	0.0	-90.0	0.0	0.0	0.0	133.685689	0.0	1.81115	1.81115	90.0	0.242902	-0.016224	0.243443	-3.821301	2341.256924
2350.0	1.0	0.0	0.0	0.0	-90.0	0.0	0.0	0.0	179.187126	0.0	1.810816	1.810816	90.0	0.242721	-0.01615	0.243258	-3.806741	2339.811846
2400.0	1.0	0.0	0.0	0.0	-90.0	0.0	0.0	0.0	-135.567487	0.0	1.810448	1.810448	90.0	0.242547	-0.016094	0.24308	-3.796325	2338.394016
2450.0	1.0	0.0	0.0	0.0	-90.0	0.0	0.0	0.0	-114.431958	0.0	1.809963	1.809963	90.0	0.242355	-0.01603	0.242885	-3.784171	2336.940551
2500.0	1.0	0.0	0.0	0.0	-90.0	0.0	0.0	0.0	169.027655	0.0	1.809559	1.809559	90.0	0.242191	-0.015974	0.242717	-3.773456	2335.497171
2550.0	1.0	0.0	0.0	0.0	-90.0	0.0	0.0	0.0	-11.329023	0.0	1.80914	1.80914	90.0	0.242011	-0.015915	0.242534	-3.762525	2334.068787
2600.0	1.0	0.0	0.0	0.0	-90.0	0.0	0.0	0.0	151.963972	0.0	1.808712	1.808712	90.0	0.241857	-0.015861	0.242377	-3.752119	2332.634822
2650.0	1.0	0.0	0.0	0.0	-90.0	0.0	0.0	0.0	-152.326993	0.0	1.80823	1.80823	90.0	0.241687	-0.015816	0.242204	-3.744051	2331.164966
2700.0	1.0	0.0	0.0	0.0	-90.0	0.0	0.0	0.0	-171.574603	0.0	1.807686	1.807686	90.0	0.241528	-0.015759	0.242041	-3.732989	2329.708028
2750.0	1.0	0.0	0.0	0.0	-90.0	0.0	0.0	0.0	-137.508344	0.0	1.807223	1.807223	90.0	0.241366	-0.015702	0.241876	-3.722162	2328.295255
2800.0	1.0	0.0	0.0	0.0	-90.0	0.0	0.0	0.0	-150.480025	0.0	1.806712	1.806712	90.0	0.241226	-0.015659	0.241734	-3.714131	2326.821682
2850.0	1.0	0.0	0.0	0.0	-90.0	0.0	0.0	0.0	-148.461055	0.0	1.806118	1.806118	90.0	0.24108	-0.015618	0.241585	-3.706542	2325.353245
2900.0	1.0	0.0	0.0	0.0	-90.0	0.0	0.0	0.0	-108.963036	0.0	1.805511	1.805511	90.0	0.240939	-0.015576	0.241442	-3.698757	2323.908902
2950.0	1.0	0.0	0.0	0.0	-90.0	0.0	0.0	0.0	-110.276695	0.0	1.804889	1.804889	90.0	0.240782	-0.015526	0.241282	-3.689419	2322.458389
3000.0	1.0	0.0	0.0	0.0	-90.0	0.0	0.0	0.0	157.919367	0.0	1.80411	1.80411	90.0	0.24063	-0.015492	0.241128	-3.683577	2320.977575
3050.0	1.0	0.0	0.0	0.0	-90.0	0.0	0.0	0.0	118.149438	0.0	1.803208	1.803208	90.0	0.240506	-0.015452	0.241002	-3.676192	2319.549396
3100.0	1.0	0.0	0.0	0.0	-90.0	0.0	0.0	0.0	124.820425	0.0	1.802397	1.802397	90.0	0.240379	-0.01541	0.240873	-3.668135	2318.103387
3150.0	1.0	0.0	0.0	0.0	-90.0	0.0	0.0	0.0	-120.522982	0.0	1.801501	1.801501	90.0	0.240254	-0.015379	0.240745	-3.662568	2316.659396
3200.0	1.0	0.0	0.0	0.0	-90.0	0.0	0.0	0.0	-169.402148	0.0	1.800668	1.800668	90.0	0.240122	-0.01534	0.240611	-3.655354	2315.201852
3250.0	1.0	0.0	0.0	0.0	-90.0	0.0	0.0	0.0	-32.842571	0.0	1.799626	1.799626	90.0	0.239987	-0.015306	0.240474	-3.649307	2313.77021
3300.0	1.0	0.0	0.0	0.0	-90.0	0.0	0.0	0.0	-41.983175	0.0	1.798571	1.798571	90.0	0.239856	-0.015271	0.240342	-3.642956	2312.317201
3350.0	1.0	0.0	0.0	0.0	-90.0	0.0	0.0	0.0	-172.022386	0.0	1.797374	1.797374	90.0	0.239736	-0.015238	0.240219	-3.636946	2310.87162
3400.0	1.0	0.0	0.0	0.0	-90.0	0.0	0.0	0.0	-70.746056	0.0	1.796118	1.796118	90.0	0.23962	-0.015201	0.240101	-3.629925	2309.374209
3450.0	1.0	0.0	0.0	0.0	-90.0	0.0	0.0	0.0	-165.031258	0.0	1.79476	1.79476	90.0	0.23948	-0.015174	0.23996	-3.625439	2307.940943
3500.0	1.0	0.0	0.0	0.0	-90.0	0.0	0.0	0.0	-99.449316	0.0	1.793328	1.793328	90.0	0.239363	-0.015139	0.239841	-3.618915	2306.476801
3550.0	1.0	0.0	0.0	0.0	-90.0	0.0	0.0	0.0	154.101444	0.0	1.791824	1.791824	90.0	0.239243	-0.01511	0.239719	-3.613868	2305.04851
3600.0	1.0	0.0	0.0	0.0	-90.0	0.0	0.0	0.0	-147.321371	0.0	1.789926	1.789926	90.0	0.23913	-0.01508	0.239605	-3.608285	2303.589407
3650.0	1.0	0.0	0.0	0.0	-90.0	0.0	0.0	0.0	-53.993417	0.0	1.788	1.788	90.0	0.239013	-0.015047	0.239486	-3.602177	2302.127606
3700.0	1.0	0.0	0.0	0.0	-90.0	0.0	0.0	0.0	171.428904	0.0	1.786	1.786	90.0	0.238899	-0.015023	0.239371	-3.598351	2300.686662
3750.0	1.0	0.0	0.0	0.0	-90.0	0.0	0.0	0.0	-55.460224	0.0	1.783878	1.783878	90.0	0.238809	-0.014989	0.239279	-3.591436	2299.247422
3800.0	1.0	0.0	0.0	0.0	-90.0	0.0	0.0	0.0	173.21141	0.0	1.781382	1.781382	90.0	0.238715	-0.01496	0.239183	-3.58606	2297.782811
3850.0	1.0	0.0	0.0	0.0	-90.0	0.0	0.0	0.0	-148.135868	0.0	1.778721	1.778721	90.0	0.238603	-0.01493	0.23907	-3.580407	2296.35711
3900.0	1.0	0.0	0.0	0.0	-90.0	0.0	0.0	0.0	-12.048552	0.0	1.775776	1.775776	90.0	0.238489	-0.0149	0.238954	-3.574977	2294.927825
3950.0	1.0	0.0	0.0	0.0	-90.0	0.0	0.0	0.0	-179.238804	0.0	1.772131	1.772131	90.0	0.238368	-0.014866	0.238831	-3.568743	2293.383073
4000.0	1.0	0.0	0.0	0.0	-90.0	0.0	0.0	0.0	178.328124	0.0	1.76839	1.76839	90.0	0.238267	-0.014839	0.238729	-3.563681	2291.920834
4050.0	1.0	0.0	0.0	0.0	-90.0	0.0	0.0	0.0	52.180115	0.0	1.764194	1.764194	90.0	0.238172	-0.014806	0.238632	-3.557107	2290.463607
4100.0	1.0	0.0	0.0	0.0	-90.0	0.0	0.0	0.0	-135.367173	0.0	1.759352	1.759352	90.0	0.23806	-0.014773	0.238518	-3.551041	2289.005961
4150.0	1.0	0.0	0.0	0.0	-90.0	0.0	0.0	0.0	-141.348581	0.0	1.754073	1.754073	90.0	0.237953	-0.014734	0.238409	-3.543319	2287.56224
4200.0	1.0	0.0	0.0	0.0	-90.0	0.0	0.0	0.0	-173.562147	0.0	1.747737	1.747737	90.0	0.237846	-0.014701	0.2383	-3.53683	2286.103485
4250.0	1.0	0.0	0.0	0.0	-90.0	0.0	0.0	0.0	-114.167292	0.0	1.74074	1.74074	90.0	0.237742	-0.014664	0.238194	-3.529583	2284.653749
4300.0	1.0	0.0	0.0	0.0	-90.0	0.0	0.0	0.0	-84.741035	0.0	1.732648	1.732648	90.0	0.23764	-0.014621	0.238089	-3.520796	2283.232517
4350.0	1.0	0.0	0.0	0.0	-90.0	0.0	0.0	0.0	145.575243	0.0	1.723389	1.723389	90.0	0.237545	-0.014578	0.237992	-3.511782	2281.81517
4400.0	1.0	0.0	0.0	0.0	-90.0	0.0	0.0	0.0	156.075196	0.0	1.712514	1.712514	90.0	0.237444	-0.014528	0.237888	-3.501361	2280.373148
4450.0	1.0	0.0	0.0	0.0	-90.0	0.0	0.0	0.0	-123.663319	0.0	1.699438	1.699438	90.0	0.237349	-0.014472	0.23779	-3.489319	2278.932356
4500.0	1.0	0.0	0.0	0.0	-90.0	0.0	0.0	0.0	-76.373869	0.0	1.683997	1.683997	90.0	0.237234	-0.014415	0.237671	-3.477122	2277.494067
4550.0	1.0	0.0	0.0	0.0	-90.0	0.0	0.0	0.0	-30.561544	0.0	1.665052	1.665052	90.0	0.237134	-0.014346	0.237567	-3.462074	2276.043955
4600.0	1.0	0.0	0.0	0.0	-90.0	0.0	0.0	0.0	-126.497393	0.0	1.642195	1.642195	90.0	0.237025	-0.014269	0.237454	-3.445008	2274.616272
4650.0	1.0	0.0	0.0	0.0	-90.0	0.0	0.0	0.0	-169.883821	0.0	1.614251	1.614251	90.0	0.23693	-0.014183	0.237354	-3.425655	2273.173209
4700.0	1.0	0.0	0.0	0.0	-90.0	0.0	0.0	0.0	-174.725054	0.0	1.577828	1.577828	90.0	0.236808	-0.014082	0.237227	-3.403097	2271.718958
4750.0	1.0	0.0	0.0	0.0	-90.0	0.0	0.0	0.0	-166.342963	0.0	1.534804	1.534804	90.0	0.236681	-0.013971	0.237093	-3.378136	2270.289514
4800.0	1.0	0.0	0.0	0.0	-90.0	0.0	0.0	0.0	21.554392	0.0	1.471188	1.471188	90.0	0.236562	-0.013835	0.236966	-3.347012	2268.818578
4850.0	1.0	0.0	0.0	0.0	-90.0	0.0	0.0	0.0	-95.403247	0.0	1.401415	1.401415	90.0	0.236437	-0.013693	0.236833	-3.314445	2267.381532
4900.0	1.0	0.0	0.0	0.0	-90.0	0.0	0.0	0.0	-156.986573	0.0	1.311281	1.311281	90.0	0.236302	-0.013536	0.236689	-3.278537	2265.935427
4950.0	1.0	0.0	0.0	0.0	-90.0	0.0	0.0	0.0	170.794889	0.0	1.189504	1.189504	90.0	0.236165	-0.013374	0.236544	-3.2413	2264.456446
5000.0	1.0	0.0	0.0	0.0	-90.0	0.0	0.0	0.0	-116.5125845	0.0	1.3676835	1.3676835	90.0	0.23728500000000002	-0.014112	0.23770550000000001	-3.4024225	1353.8688455
10000.0	1.0	0.0	0.0	0.0	-90.0	0.0	0.0	0.0	142.058175	0.0	1.683046	1.683046	90.0	0.233053	-0.015452	0.233565	-3.793341	443.278408
15000.0	1.0	0.0	0.0	0.0	-90.0	0.0	0.0	0.0	123.292252	0.0	1.682608	1.682608	90.0	0.229746	-0.016406	0.230331	-4.084389	441.804975
20000.0	1.0	0.0	0.0	0.0	-90.0	0.0	0.0	0.0	-33.371979	0.0	1.682057	1.682057	90.0	0.227302	-0.017439	0.22797	-4.387351	440.371117
25000.0	1.0	0.0	0.0	0.0	-90.0	0.0	0.0	0.0	-175.35875	0.0	1.681689	1.681689	90.0	0.225319	-0.018451	0.226073	-4.681476	438.924901
30000.0	1.0	0.0	0.0	0.0	-90.0	0.0	0.0	0.0	33.82866	0.0	1.681425	1.681425	90.0	0.22365	-0.019448	0.224494	-4.969887	437.501864
35000.0	1.0	0.0	0.0	0.0	-90.0	0.0	0.0	0.0	-154.961461	0.0	1.681129	1.681129	90.0	0.222193	-0.020425	0.22313	-5.252249	436.085688
40000.0	1.0	0.0	0.0	0.0	-90.0	0.0	0.0	0.0	-158.69843	0.0	1.680673	1.680673	90.0	0.220887	-0.021384	0.22192	-5.529571	434.642457
45000.0	1.0	0.0	0.0	0.0	-90.0	0.0	0.0	0.0	135.675116	0.0	1.680463	1.680463	90.0	0.21973	-0.022325	0.220861	-5.801535	433.200334
50000.0	1.0	0.0	0.0	0.0	-90.0	0.0	0.0	0.0	11.842593	0.0	1.680078	1.680078	90.0	0.218644	-0.023253	0.219877	-6.070569	431.764435
55000.0	1.0	0.0	0.0	0.0	-90.0	0.0	0.0	0.0	172.897155	0.0	1.679816	1.679816	90.0	0.217634	-0.024165	0.218971	-6.33585	430.297229
60000.0	1.0	0.0	0.0	0.0	-90.0	0.0	0.0	0.0	104.262846	0.0	1.679554	1.679554	90.0	0.216716	-0.025069	0.218161	-6.598452	428.847976
65000.0	1.0	0.0	0.0	0.0	-90.0	0.0	0.0	0.0	-115.339355	0.0	1.679212	1.679212	90.0	0.215856	-0.025963	0.217412	-6.858677	427.405987
70000.0	1.0	0.0	0.0	0.0	-90.0	0.0	0.0	0.0	-164.271299	0.0	1.679005	1.679005	90.0	0.215058	-0.026849	0.216728	-7.116346	425.936983
75000.0	1.0	0.0	0.0	0.0	-90.0	0.0	0.0	0.0	6.693959	0.0	1.678685	1.678685	90.0	0.214272	-0.027724	0.216058	-7.372251	424.52235
80000.0	1.0	0.0	0.0	0.0	-90.0	0.0	0.0	0.0	-170.698506	0.0	1.678278	1.678278	90.0	0.213515	-0.028589	0.215421	-7.626312	423.083618
85000.0	1.0	0.0	0.0	0.0	-90.0	0.0	0.0	0.0	-89.728427	0.0	1.678012	1.678012	90.0	0.212791	-0.029447	0.214819	-7.878802	421.638942
90000.0	1.0	0.0	0.0	0.0	-90.0	0.0	0.0	0.0	-154.624809	0.0	1.677828	1.677828	90.0	0.212095	-0.0303	0.214249	-8.130368	420.198759
95000.0	1.0	0.0	0.0	0.0	-90.0	0.0	0.0	0.0	97.425694	0.0	1.677415	1.677415	90.0	0.211431	-0.031145	0.213713	-8.379758	418.751792
100000.0	1.0	0.0	0.0	0.0	-90.0	0.0	0.0	0.0	-128.703272	0.0	1.677042	1.677042	90.0	0.210783	-0.031985	0.213196	-8.62852	417.331908
105000.0	1.0	0.0	0.0	0.0	-90.0	0.0	0.0	0.0	177.395868	0.0	1.676707	1.676707	90.0	0.210156	-0.032818	0.212703	-8.875646	415.902171
110000.0	1.0	0.0	0.0	0.0	-90.0	0.0	0.0	0.0	112.684568	0.0	1.67646	1.67646	90.0	0.209544	-0.033646	0.212228	-9.122015	414.461418
115000.0	1.0	0.0	0.0	0.0	-90.0	0.0	0.0	0.0	167.176154	0.0	1.676028	1.676028	90.0	0.208942	-0.034464	0.211765	-9.366401	413.013471
120000.0	1.0	0.0	0.0	0.0	-90.0	0.0	0.0	0.0	141.017222	0.0	1.675727	1.675727	90.0	0.208346	-0.035275	0.211311	-9.609649	411.558496
125000.0	1.0	0.0	0.0	0.0	-90.0	0.0	0.0	0.0	-161.227804	0.0	1.675287	1.675287	90.0	0.207755	-0.03609	0.210867	-9.854756	410.070216
130000.0	1.0	0.0	0.0	0.0	-90.0	0.0	0.0	0.0	-119.416971	0.0	1.675053	1.675053	90.0	0.207194	-0.036895	0.210453	-10.096768	408.614397
135000.0	1.0	0.0	0.0	0.0	-90.0	0.0	0.0	0.0	-157.329666	0.0	1.674649	1.674649	90.0	0.206645	-0.037695	0.210055	-10.33799	407.17708
140000.0	1.0	0.0	0.0	0.0	-90.0	0.0	0.0	0.0	109.317437	0.0	1.674399	1.674399	90.0	0.20609	-0.038492	0.209654	-10.579424	405.721762
145000.0	1.0	0.0	0.0	0.0	-90.0	0.0	0.0	0.0	168.672654	0.0	1.673756	1.673756	90.0	0.205548	-0.039283	0.209268	-10.819551	404.261981
150000.0	1.0	0.0	0.0	0.0	-90.0	0.0	0.0	0.0	-109.219814	0.0	1.673431	1.673431	90.0	0.205019	-0.040071	0.208898	-11.059181	402.809565
155000.0	1.0	0.0	0.0	0.0	-90.0	0.0	0.0	0.0	159.246155	0.0	1.672991	1.672991	90.0	0.204486	-0.040852	0.208526	-11.297897	401.372204
160000.0	1.0	0.0	0.0	0.0	-90.0	0.0	0.0	0.0	-153.610702	0.0	1.672572	1.672572	90.0	0.20396	-0.04163	0.208165	-11.536056	399.936239
165000.0	1.0	0.0	0.0	0.0	-90.0	0.0	0.0	0.0	162.222232	0.0	1.672061	1.672061	90.0	0.203443	-0.042408	0.207816	-11.774849	398.480339
170000.0	1.0	0.0	0.0	0.0	-90.0	0.0	0.0	0.0	169.483861	0.0	1.671692	1.671692	90.0	0.202938	-0.043178	0.207481	-12.011453	397.050627
175000.0	1.0	0.0	0.0	0.0	-90.0	0.0	0.0	0.0	-135.041622	0.0	1.67126	1.67126	90.0	0.20243	-0.043948	0.207146	-12.248866	395.619256
180000.0	1.0	0.0	0.0	0.0	-90.0	0.0	0.0	0.0	-103.195568	0.0	1.670806	1.670806	90.0	0.201925	-0.04471	0.206816	-12.485065	394.153868
185000.0	1.0	0.0	0.0	0.0	-90.0	0.0	0.0	0.0	179.904275	0.0	1.670471	1.670471	90.0	0.20143	-0.045474	0.206499	-12.721596	392.726345
190000.0	1.0	0.0	0.0	0.0	-90.0	0.0	0.0	0.0	-172.41493	0.0	1.669849	1.669849	90.0	0.200927	-0.046231	0.206177	-12.957698	391.283806
195000.0	1.0	0.0	0.0	0.0	-90.0	0.0	0.0	0.0	-147.576712	0.0	1.669343	1.669343	90.0	0.200436	-0.046984	0.205869	-13.192478	389.859024
200000.0	1.0	0.0	0.0	0.0	-90.0	0.0	0.0	0.0	159.643121	0.0	1.668839	1.668839	90.0	0.199944	-0.047732	0.205563	-13.426793	388.411798
205000.0	1.0	0.0	0.0	0.0	-90.0	0.0	0.0	0.0	164.367222	0.0	1.668302	1.668302	90.0	0.199479	-0.048485	0.205287	-13.661348	386.981548
210000.0	1.0	0.0	0.0	0.0	-90.0	0.0	0.0	0.0	-160.088097	0.0	1.667653	1.667653	90.0	0.198994	-0.049227	0.204993	-13.894943	385.568053
215000.0	1.0	0.0	0.0	0.0	-90.0	0.0	0.0	0.0	-111.58527	0.0	1.666734	1.666734	90.0	0.198508	-0.049966	0.2047	-14.128378	384.125656
220000.0	1.0	0.0	0.0	0.0	-90.0	0.0	0.0	0.0	159.409141	0.0	1.66566	1.66566	90.0	0.198029	-0.050707	0.204418	-14.362388	382.718682
225000.0	1.0	0.0	0.0	0.0	-90.0	0.0	0.0	0.0	-162.582216	0.0	1.661166	1.661166	90.0	0.197566	-0.051439	0.204152	-14.593718	381.286028
230000.0	1.0	0.0	0.0	0.0	-90.0	0.0	0.0	0.0	-125.667627	0.0	1.665365	1.665365	90.0	0.197104	-0.052173	0.203892	-14.825917	379.867288
235000.0	1.0	0.0	0.0	0.0	-90.0	0.0	0.0	0.0	-169.062642	0.0	1.661012	1.661012	90.0	0.196629	-0.052899	0.203621	-15.057637	378.4013
240000.0	1.0	0.0	0.0	0.0	-90.0	0.0	0.0	0.0	133.829806	0.0	1.664236	1.664236	90.0	0.196155	-0.053626	0.203353	-15.290178	376.936423
245000.0	1.0	0.0	0.0	0.0	-90.0	0.0	0.0	0.0	-101.205093	0.0	1.663447	1.663447	90.0	0.195686	-0.054349	0.203093	-15.521796	375.482774
250000.0	1.0	0.0	0.0	0.0	-90.0	0.0	0.0	0.0	179.584192	0.0	1.662754	1.662754	90.0	0.195224	-0.05507	0.202842	-15.753049	374.042727
255000.0	1.0	0.0	0.0	0.0	-90.0	0.0	0.0	0.0	162.245246	0.0	1.661998	1.661998	90.0	0.194754	-0.055787	0.202586	-15.984213	372.603038
260000.0	1.0	0.0	0.0	0.0	-90.0	0.0	0.0	0.0	167.654105	0.0	1.661204	1.661204	90.0	0.194281	-0.056505	0.202331	-16.216542	371.171287
265000.0	1.0	0.0	0.0	0.0	-90.0	0.0	0.0	0.0	-141.42073	0.0	1.660297	1.660297	90.0	0.193817	-0.057215	0.202086	-16.446639	369.726683
270000.0	1.0	0.0	0.0	0.0	-90.0	0.0	0.0	0.0	-135.339327	0.0	1.659466	1.659466	90.0	0.193349	-0.057923	0.201839	-16.677117	368.276919
275000.0	1.0	0.0	0.0	0.0	-90.0	0.0	0.0	0.0	98.705604	0.0	1.658551	1.658551	90.0	0.192875	-0.058625	0.201588	-16.906835	366.861135
280000.0	1.0	0.0	0.0	0.0	-90.0	0.0	0.0	0.0	-147.691725	0.0	1.657653	1.657653	90.0	0.192414	-0.059336	0.201355	-17.138483	365.437269
285000.0	1.0	0.0	0.0	0.0	-90.0	0.0	0.0	0.0	121.85941	0.0	1.656657	1.656657	90.0	0.191952	-0.060038	0.201122	-17.368396	363.997152
290000.0	1.0	0.0	0.0	0.0	-90.0	0.0	0.0	0.0	77.722842	0.0	1.65555	1.65555	90.0	0.191488	-0.060735	0.200889	-17.597712	362.528147
295000.0	1.0	0.0	0.0	0.0	-90.0	0.0	0.0	0.0	137.398832	0.0	1.65447	1.65447	90.0	0.191018	-0.061434	0.200654	-17.828414	361.101737
300000.0	1.0	0.0	0.0	0.0	-90.0	0.0	0.0	0.0	111.726316	0.0	1.653249	1.653249	90.0	0.190551	-0.06213	0.200424	-18.058871	359.636022
305000.0	1.0	0.0	0.0	0.0	-90.0	0.0	0.0	0.0	-168.480938	0.0	1.652024	1.652024	90.0	0.190087	-0.062822	0.2002	-18.288333	358.137622
310000.0	1.0	0.0	0.0	0.0	-90.0	0.0	0.0	0.0	-67.912324	0.0	1.6507	1.6507	90.0	0.189622	-0.063513	0.199976	-18.517998	356.709589
315000.0	1.0	0.0	0.0	0.0	-90.0	0.0	0.0	0.0	150.738944	0.0	1.649434	1.649434	90.0	0.189158	-0.064203	0.199757	-18.747975	355.246618
320000.0	1.0	0.0	0.0	0.0	-90.0	0.0	0.0	0.0	166.230047	0.0	1.647857	1.647857	90.0	0.188673	-0.06488	0.199517	-18.976981	353.802566
325000.0	1.0	0.0	0.0	0.0	-90.0	0.0	0.0	0.0	36.886153	0.0	1.64645	1.64645	90.0	0.188208	-0.065561	0.1993	-19.205371	352.36965
330000.0	1.0	0.0	0.0	0.0	-90.0	0.0	0.0	0.0	136.134346	0.0	1.644663	1.644663	90.0	0.187736	-0.066239	0.199079	-19.434475	350.916762
335000.0	1.0	0.0	0.0	0.0	-90.0	0.0	0.0	0.0	151.859163	0.0	1.642973	1.642973	90.0	0.187262	-0.066911	0.198857	-19.662313	349.490696
340000.0	1.0	0.0	0.0	0.0	-90.0	0.0	0.0	0.0	-161.830022	0.0	1.641052	1.641052	90.0	0.186798	-0.067587	0.198649	-19.891002	348.038006
345000.0	1.0	0.0	0.0	0.0	-90.0	0.0	0.0	0.0	140.490406	0.0	1.638953	1.638953	90.0	0.186328	-0.06826	0.198438	-20.119857	346.595951
350000.0	1.0	0.0	0.0	0.0	-90.0	0.0	0.0	0.0	87.06907	0.0	1.636745	1.636745	90.0	0.185861	-0.068931	0.198232	-20.348411	345.157206
355000.0	1.0	0.0	0.0	0.0	-90.0	0.0	0.0	0.0	-144.315929	0.0	1.63433	1.63433	90.0	0.185395	-0.069602	0.198029	-20.577313	343.724496
360000.0	1.0	0.0	0.0	0.0	-90.0	0.0	0.0	0.0	141.510288	0.0	1.631725	1.631725	90.0	0.18492	-0.070268	0.197821	-20.806459	342.248097
365000.0	1.0	0.0	0.0	0.0	-90.0	0.0	0.0	0.0	-152.992826	0.0	1.62812	1.62812	90.0	0.184455	-0.070927	0.197622	-21.032913	340.748984
370000.0	1.0	0.0	0.0	0.0	-90.0	0.0	0.0	0.0	-172.569878	0.0	1.623525	1.623525	90.0	0.183975	-0.071585	0.197411	-21.261176	339.293224
375000.0	1.0	0.0	0.0	0.0	-90.0	0.0	0.0	0.0	147.881458	0.0	1.621028	1.621028	90.0	0.183501	-0.072239	0.197208	-21.488016	337.83959
380000.0	1.0	0.0	0.0	0.0	-90.0	0.0	0.0	0.0	129.705272	0.0	1.616414	1.616414	90.0	0.183024	-0.072887	0.197003	-21.714418	336.432447
385000.0	1.0	0.0	0.0	0.0	-90.0	0.0	0.0	0.0	167.084004	0.0	1.61619	1.61619	90.0	0.182543	-0.073536	0.196798	-21.941805	334.986321
390000.0	1.0	0.0	0.0	0.0	-90.0	0.0	0.0	0.0	166.316008	0.0	1.611322	1.611322	90.0	0.182055	-0.074184	0.196589	-22.169911	333.567359
395000.0	1.0	0.0	0.0	0.0	-90.0	0.0	0.0	0.0	-149.663151	0.0	1.606416	1.606416	90.0	0.181565	-0.074828	0.19638	-22.397925	332.097352
400000.0	1.0	0.0	0.0	0.0	-90.0	0.0	0.0	0.0	172.731232	0.0	1.601264	1.601264	90.0	0.181091	-0.075478	0.196191	-22.626343	330.644678
405000.0	1.0	0.0	0.0	0.0	-90.0	0.0	0.0	0.0	136.550358	0.0	1.59449	1.59449	90.0	0.180604	-0.076121	0.19599	-22.854468	329.234918
410000.0	1.0	0.0	0.0	0.0	-90.0	0.0	0.0	0.0	122.732785	0.0	1.586853	1.586853	90.0	0.180111	-0.076758	0.195785	-23.082138	327.770348
415000.0	1.0	0.0	0.0	0.0	-90.0	0.0	0.0	0.0	130.050745	0.0	1.580011	1.580011	90.0	0.179627	-0.077392	0.19559	-23.308677	326.343742
420000.0	1.0	0.0	0.0	0.0	-90.0	0.0	0.0	0.0	155.804183	0.0	1.571671	1.571671	90.0	0.179133	-0.078021	0.195386	-23.535383	324.898111
425000.0	1.0	0.0	0.0	0.0	-90.0	0.0	0.0	0.0	104.10719	0.0	1.562241	1.562241	90.0	0.178635	-0.078641	0.195179	-23.76058	323.466321
430000.0	1.0	0.0	0.0	0.0	-90.0	0.0	0.0	0.0	144.403154	0.0	1.551393	1.551393	90.0	0.178142	-0.079267	0.194982	-23.987337	322.024987
435000.0	1.0	0.0	0.0	0.0	-90.0	0.0	0.0	0.0	68.942206	0.0	1.539028	1.539028	90.0	0.177655	-0.079893	0.194793	-24.213894	320.610499
440000.0	1.0	0.0	0.0	0.0	-90.0	0.0	0.0	0.0	113.805917	0.0	1.524697	1.524697	90.0	0.177161	-0.08052	0.194601	-24.441929	319.173359
445000.0	1.0	0.0	0.0	0.0	-90.0	0.0	0.0	0.0	167.934771	0.0	1.507182	1.507182	90.0	0.176649	-0.081137	0.194392	-24.669794	317.711573
450000.0	1.0	0.0	0.0	0.0	-90.0	0.0	0.0	0.0	169.783324	0.0	1.486864	1.486864	90.0	0.176162	-0.081741	0.194203	-24.89184	316.248766
455000.0	1.0	0.0	0.0	0.0	-90.0	0.0	0.0	0.0	130.579308	0.0	1.462421	1.462421	90.0	0.175662	-0.082358	0.19401	-25.119407	314.82251
460000.0	1.0	0.0	0.0	0.0	-90.0	0.0	0.0	0.0	135.835636	0.0	1.432863	1.432863	90.0	0.175143	-0.082978	0.193805	-25.350235	313.36374
465000.0	1.0	0.0	0.0	0.0	-90.0	0.0	0.0	0.0	84.960161	0.0	1.39812	1.39812	90.0	0.17465	-0.083591	0.193623	-25.576891	311.910942
470000.0	1.0	0.0	0.0	0.0	-90.0	0.0	0.0	0.0	120.285733	0.0	1.351188	1.351188	90.0	0.174135	-0.0842	0.193423	-25.805413	310.449871
475000.0	1.0	0.0	0.0	0.0	-90.0	0.0	0.0	0.0	119.790074	0.0	1.296337	1.296337	90.0	0.173624	-0.084806	0.193228	-26.032968	308.991061
480000.0	1.0	0.0	0.0	0.0	-90.0	0.0	0.0	0.0	177.367129	0.0	1.226523	1.226523	90.0	0.173104	-0.08543	0.193037	-26.267125	307.503871
485000.0	1.0	0.0	0.0	0.0	-90.0	0.0	0.0	0.0	147.364217	0.0	1.14432	1.14432	90.0	0.172591	-0.086045	0.192851	-26.498464	306.046197
490000.0	1.0	0.0	0.0	0.0	-90.0	0.0	0.0	0.0	-169.030171	0.0	1.047993	1.047993	90.0	0.172065	-0.086652	0.192652	-26.729727	304.567195
495000.0	1.0	0.0	0.0	0.0	-90.0	0.0	0.0	0.0	96.34465	0.0	0.946787	0.946787	90.0	0.171554	-0.087247	0.192465	-26.956349	303.073788
500000.0	1.0	0.0	0.0	0.0	-90.0	0.0	0.0	0.0	-4.484712	0.0	0.862332	0.862332	90.0	0.171022	-0.087857	0.192269	-27.190291	301.613714
