# Oscilator_frequency (Hz)	DemodAll_A (-)	Demod_1_X_A (A)	Demod_1_Y_A (A)	Demod_1__R_A (A)	Demod_1__Theta_A (deg)	Demod_2_X_A (A)	Demod_2_Y_A (A)	Demod_2__R_A (A)	Demod_2__Theta_A (deg)	Demod_3_X_A (V)	Demod_3_Y_A (V)	Demod_3__R_A (V)	Demod_3__Theta_A (deg)	Demod_4_X_A (V)	Demod_4_Y_A (V)	Demod_4__R_A (V)	Demod_4__Theta_A (deg)	Timer_GET (s)	
5000.000000	 1.000000	 0.000000	 -0.000001	 0.000001	 -90.000000	 0.628080	 -0.003008	 0.628087	 -0.274376	 0.000000	 0.015156	 0.015156	 90.000000	 0.628080	 -0.003008	 0.628087	 -0.274376	 81453.000171	
4979.923695	 1.000000	 0.000000	 -0.000001	 0.000001	 -90.000000	 0.628107	 -0.003008	 0.628115	 -0.274410	 0.000000	 0.014796	 0.014796	 90.000000	 0.628107	 -0.003008	 0.628115	 -0.274410	 81454.429160	
4959.847390	 1.000000	 0.000000	 -0.000000	 0.000000	 -90.000000	 0.628090	 -0.003010	 0.628097	 -0.274544	 0.000000	 0.014072	 0.014072	 90.000000	 0.628090	 -0.003010	 0.628097	 -0.274544	 81455.878021	
4939.771084	 1.000000	 0.000000	 -0.000000	 0.000000	 -90.000000	 0.628110	 -0.003008	 0.628117	 -0.274342	 0.000000	 0.013323	 0.013323	 90.000000	 0.628110	 -0.003007	 0.628117	 -0.274329	 81457.336989	
4919.694779	 1.000000	 0.000000	 -0.000000	 0.000000	 -90.000000	 0.628120	 -0.003011	 0.628127	 -0.274640	 0.000000	 0.012677	 0.012677	 90.000000	 0.628120	 -0.003011	 0.628127	 -0.274640	 81458.791912	
4899.618474	 1.000000	 0.000000	 -0.000000	 0.000000	 -90.000000	 0.628123	 -0.003006	 0.628130	 -0.274188	 0.000000	 0.012274	 0.012274	 90.000000	 0.628123	 -0.003006	 0.628131	 -0.274236	 81460.217029	
4879.542169	 1.000000	 0.000000	 -0.000000	 0.000000	 -90.000000	 0.628126	 -0.003008	 0.628133	 -0.274344	 0.000000	 0.011849	 0.011849	 90.000000	 0.628126	 -0.003008	 0.628133	 -0.274344	 81461.685124	
4859.465863	 1.000000	 0.000000	 -0.000001	 0.000001	 -90.000000	 0.628140	 -0.003012	 0.628148	 -0.274696	 0.000000	 0.011412	 0.011412	 90.000000	 0.628141	 -0.003012	 0.628148	 -0.274721	 81463.119817	
4839.389558	 1.000000	 0.000000	 -0.000000	 0.000000	 -90.000000	 0.628144	 -0.003013	 0.628151	 -0.274849	 0.000000	 0.011316	 0.011316	 90.000000	 0.628144	 -0.003013	 0.628151	 -0.274849	 81464.558032	
4819.313253	 1.000000	 0.000000	 -0.000000	 0.000000	 -90.000000	 0.628160	 -0.003016	 0.628168	 -0.275054	 0.000000	 0.011262	 0.011262	 90.000000	 0.628160	 -0.003016	 0.628168	 -0.275054	 81466.015871	
4799.236948	 1.000000	 0.000000	 -0.000000	 0.000000	 -90.000000	 0.628157	 -0.003016	 0.628164	 -0.275062	 0.000000	 0.011082	 0.011082	 90.000000	 0.628157	 -0.003016	 0.628164	 -0.275052	 81467.449535	
4779.160643	 1.000000	 0.000000	 -0.000000	 0.000000	 -90.000000	 0.628149	 -0.003012	 0.628156	 -0.274727	 0.000000	 0.010816	 0.010816	 90.000000	 0.628149	 -0.003012	 0.628156	 -0.274727	 81468.921225	
4759.084337	 1.000000	 0.000000	 -0.000001	 0.000001	 -90.000000	 0.628146	 -0.003014	 0.628154	 -0.274917	 0.000000	 0.009908	 0.009908	 90.000000	 0.628146	 -0.003014	 0.628154	 -0.274917	 81470.347487	
4739.008032	 1.000000	 0.000000	 -0.000001	 0.000001	 -90.000000	 0.628146	 -0.003011	 0.628153	 -0.274620	 0.000000	 0.009672	 0.009672	 90.000000	 0.628146	 -0.003011	 0.628153	 -0.274620	 81471.827923	
4718.931727	 1.000000	 0.000000	 -0.000000	 0.000000	 -90.000000	 0.628176	 -0.003013	 0.628183	 -0.274854	 0.000000	 0.006938	 0.006938	 90.000000	 0.628176	 -0.003013	 0.628183	 -0.274854	 81473.263017	
4698.855422	 1.000000	 0.000000	 -0.000001	 0.000001	 -90.000000	 0.628188	 -0.003017	 0.628195	 -0.275182	 0.000000	 0.010014	 0.010014	 90.000000	 0.628188	 -0.003017	 0.628195	 -0.275182	 81474.713251	
4678.779116	 1.000000	 0.000000	 -0.000000	 0.000000	 -90.000000	 0.628194	 -0.003016	 0.628202	 -0.275113	 0.000000	 0.009206	 0.009206	 90.000000	 0.628194	 -0.003016	 0.628202	 -0.275113	 81476.152339	
4658.702811	 1.000000	 0.000000	 -0.000000	 0.000000	 -90.000000	 0.628189	 -0.003016	 0.628196	 -0.275044	 0.000000	 0.008928	 0.008928	 90.000000	 0.628189	 -0.003016	 0.628196	 -0.275044	 81477.597732	
4638.626506	 1.000000	 0.000000	 -0.000000	 0.000000	 -90.000000	 0.628203	 -0.003013	 0.628211	 -0.274769	 0.000000	 0.008716	 0.008716	 90.000000	 0.628203	 -0.003013	 0.628211	 -0.274769	 81479.011951	
4618.550201	 1.000000	 0.000000	 -0.000000	 0.000000	 -90.000000	 0.628189	 -0.003016	 0.628197	 -0.275039	 0.000000	 0.008558	 0.008558	 90.000000	 0.628189	 -0.003016	 0.628197	 -0.275039	 81480.480160	
4598.473896	 1.000000	 0.000000	 -0.000000	 0.000000	 -90.000000	 0.628206	 -0.003016	 0.628213	 -0.275077	 0.000000	 0.008376	 0.008376	 90.000000	 0.628206	 -0.003016	 0.628213	 -0.275077	 81481.897468	
4578.397590	 1.000000	 0.000000	 -0.000000	 0.000000	 -90.000000	 0.628233	 -0.003018	 0.628240	 -0.275288	 0.000000	 0.008238	 0.008238	 90.000000	 0.628233	 -0.003018	 0.628240	 -0.275288	 81483.325450	
4558.321285	 1.000000	 0.000000	 -0.000000	 0.000000	 -90.000000	 0.628243	 -0.003019	 0.628250	 -0.275328	 0.000000	 0.008125	 0.008125	 90.000000	 0.628243	 -0.003019	 0.628250	 -0.275328	 81484.771203	
4538.244980	 1.000000	 0.000000	 -0.000000	 0.000000	 -90.000000	 0.628233	 -0.003021	 0.628240	 -0.275559	 0.000000	 0.007946	 0.007946	 90.000000	 0.628233	 -0.003021	 0.628240	 -0.275559	 81486.208901	
4518.168675	 1.000000	 0.000000	 -0.000000	 0.000000	 -90.000000	 0.628259	 -0.003017	 0.628266	 -0.275180	 0.000000	 0.007822	 0.007822	 90.000000	 0.628259	 -0.003017	 0.628266	 -0.275180	 81487.625335	
4498.092369	 1.000000	 0.000000	 -0.000000	 0.000000	 -90.000000	 0.628255	 -0.003016	 0.628262	 -0.275058	 0.000000	 0.007737	 0.007737	 90.000000	 0.628255	 -0.003016	 0.628262	 -0.275058	 81489.032358	
4478.016064	 1.000000	 0.000000	 -0.000000	 0.000000	 -90.000000	 0.628269	 -0.003017	 0.628277	 -0.275135	 0.000000	 0.007536	 0.007536	 90.000000	 0.628269	 -0.003017	 0.628277	 -0.275135	 81490.487085	
4457.939759	 1.000000	 0.000000	 -0.000000	 0.000000	 -90.000000	 0.628287	 -0.003019	 0.628294	 -0.275279	 0.000000	 0.007490	 0.007490	 90.000000	 0.628287	 -0.003019	 0.628294	 -0.275279	 81491.932860	
4437.863454	 1.000000	 0.000000	 -0.000000	 0.000000	 -90.000000	 0.628286	 -0.003020	 0.628293	 -0.275372	 0.000000	 0.007316	 0.007316	 90.000000	 0.628286	 -0.003020	 0.628293	 -0.275371	 81493.379613	
4417.787149	 1.000000	 0.000000	 -0.000000	 0.000000	 -90.000000	 0.628320	 -0.003016	 0.628328	 -0.275022	 0.000000	 0.007228	 0.007228	 90.000000	 0.628320	 -0.003016	 0.628328	 -0.275022	 81494.816572	
4397.710843	 1.000000	 0.000000	 -0.000000	 0.000000	 -90.000000	 0.628281	 -0.003015	 0.628288	 -0.274920	 0.000000	 0.007144	 0.007144	 90.000000	 0.628281	 -0.003015	 0.628288	 -0.274920	 81496.246626	
4377.634538	 1.000000	 0.000000	 -0.000000	 0.000000	 -90.000000	 0.628321	 -0.003022	 0.628328	 -0.275534	 0.000000	 0.007073	 0.007073	 90.000000	 0.628321	 -0.003022	 0.628328	 -0.275534	 81497.665081	
4357.558233	 1.000000	 0.000000	 -0.000000	 0.000000	 -90.000000	 0.628308	 -0.003017	 0.628315	 -0.275087	 0.000000	 0.006977	 0.006977	 90.000000	 0.628308	 -0.003017	 0.628315	 -0.275087	 81499.133079	
4337.481928	 1.000000	 0.000000	 -0.000000	 0.000000	 -90.000000	 0.628329	 -0.003017	 0.628336	 -0.275129	 0.000000	 0.006822	 0.006822	 90.000000	 0.628329	 -0.003017	 0.628336	 -0.275129	 81500.563821	
4317.405622	 1.000000	 0.000000	 -0.000000	 0.000000	 -90.000000	 0.628328	 -0.003020	 0.628335	 -0.275358	 0.000000	 0.006745	 0.006745	 90.000000	 0.628328	 -0.003020	 0.628335	 -0.275358	 81501.998055	
4297.329317	 1.000000	 0.000000	 -0.000000	 0.000000	 -90.000000	 0.628357	 -0.003021	 0.628364	 -0.275487	 0.000000	 0.006674	 0.006674	 90.000000	 0.628357	 -0.003021	 0.628365	 -0.275501	 81503.430904	
4277.253012	 1.000000	 0.000000	 -0.000000	 0.000000	 -90.000000	 0.628332	 -0.003016	 0.628339	 -0.275009	 0.000000	 0.006600	 0.006600	 90.000000	 0.628332	 -0.003016	 0.628339	 -0.275009	 81504.870781	
4257.176707	 1.000000	 0.000000	 -0.000000	 0.000000	 -90.000000	 0.628338	 -0.003017	 0.628345	 -0.275075	 0.000000	 0.006497	 0.006497	 90.000000	 0.628338	 -0.003017	 0.628345	 -0.275075	 81506.279581	
4237.100402	 1.000000	 0.000000	 -0.000000	 0.000000	 -90.000000	 0.628357	 -0.003027	 0.628365	 -0.275986	 0.000000	 0.006414	 0.006414	 90.000000	 0.628357	 -0.003027	 0.628365	 -0.275986	 81507.727045	
4217.024096	 1.000000	 0.000000	 -0.000000	 0.000000	 -90.000000	 0.628357	 -0.003020	 0.628364	 -0.275371	 0.000000	 0.006293	 0.006293	 90.000000	 0.628357	 -0.003020	 0.628364	 -0.275371	 81509.139131	
4196.947791	 1.000000	 0.000000	 -0.000000	 0.000000	 -90.000000	 0.628369	 -0.003022	 0.628377	 -0.275563	 0.000000	 0.006267	 0.006267	 90.000000	 0.628369	 -0.003022	 0.628377	 -0.275563	 81510.581377	
4176.871486	 1.000000	 0.000000	 -0.000000	 0.000000	 -90.000000	 0.628387	 -0.003024	 0.628394	 -0.275725	 0.000000	 0.006196	 0.006196	 90.000000	 0.628387	 -0.003024	 0.628394	 -0.275725	 81512.022171	
4156.795181	 1.000000	 0.000000	 -0.000000	 0.000000	 -90.000000	 0.628383	 -0.003019	 0.628390	 -0.275243	 0.000000	 0.006088	 0.006088	 90.000000	 0.628383	 -0.003019	 0.628390	 -0.275243	 81513.482334	
4136.718876	 1.000000	 0.000000	 -0.000000	 0.000000	 -90.000000	 0.628386	 -0.003020	 0.628393	 -0.275400	 0.000000	 0.006098	 0.006098	 90.000000	 0.628386	 -0.003020	 0.628393	 -0.275399	 81514.915961	
4116.642570	 1.000000	 0.000000	 -0.000000	 0.000000	 -90.000000	 0.628407	 -0.003025	 0.628414	 -0.275843	 0.000000	 0.006018	 0.006018	 90.000000	 0.628407	 -0.003025	 0.628414	 -0.275843	 81516.371999	
4096.566265	 1.000000	 0.000000	 -0.000000	 0.000000	 -90.000000	 0.628429	 -0.003021	 0.628436	 -0.275449	 0.000000	 0.005971	 0.005971	 90.000000	 0.628429	 -0.003021	 0.628437	 -0.275417	 81517.797996	
4076.489960	 1.000000	 0.000000	 -0.000000	 0.000000	 -90.000000	 0.628428	 -0.003027	 0.628436	 -0.275985	 0.000000	 0.005899	 0.005899	 90.000000	 0.628428	 -0.003027	 0.628436	 -0.275968	 81519.227970	
4056.413655	 1.000000	 0.000000	 -0.000000	 0.000000	 -90.000000	 0.628422	 -0.003022	 0.628429	 -0.275531	 0.000000	 0.005852	 0.005852	 90.000000	 0.628421	 -0.003022	 0.628429	 -0.275537	 81520.704721	
4036.337349	 1.000000	 0.000000	 -0.000000	 0.000000	 -90.000000	 0.628455	 -0.003021	 0.628462	 -0.275425	 0.000000	 0.005790	 0.005790	 90.000000	 0.628455	 -0.003021	 0.628462	 -0.275425	 81522.175968	
4016.261044	 1.000000	 0.000000	 -0.000000	 0.000000	 -90.000000	 0.628445	 -0.003023	 0.628452	 -0.275641	 0.000000	 0.005731	 0.005731	 90.000000	 0.628445	 -0.003023	 0.628452	 -0.275641	 81523.625993	
3996.184739	 1.000000	 0.000000	 -0.000000	 0.000000	 -90.000000	 0.628473	 -0.003026	 0.628480	 -0.275865	 0.000000	 0.005661	 0.005661	 90.000000	 0.628473	 -0.003026	 0.628480	 -0.275865	 81525.048691	
3976.108434	 1.000000	 0.000000	 -0.000000	 0.000000	 -90.000000	 0.628456	 -0.003025	 0.628464	 -0.275781	 0.000000	 0.005655	 0.005655	 90.000000	 0.628456	 -0.003025	 0.628464	 -0.275781	 81526.491941	
3956.032129	 1.000000	 0.000000	 -0.000000	 0.000000	 -90.000000	 0.628472	 -0.003032	 0.628479	 -0.276386	 0.000000	 0.005618	 0.005618	 90.000000	 0.628472	 -0.003032	 0.628479	 -0.276386	 81527.913424	
3935.955823	 1.000000	 0.000000	 -0.000000	 0.000000	 -90.000000	 0.628487	 -0.003029	 0.628494	 -0.276106	 0.000000	 0.005571	 0.005571	 90.000000	 0.628487	 -0.003029	 0.628494	 -0.276106	 81529.361092	
3915.879518	 1.000000	 0.000000	 -0.000000	 0.000000	 -90.000000	 0.628476	 -0.003032	 0.628483	 -0.276393	 0.000000	 0.005493	 0.005493	 90.000000	 0.628476	 -0.003032	 0.628483	 -0.276393	 81530.799484	
3895.803213	 1.000000	 0.000000	 -0.000000	 0.000000	 -90.000000	 0.628491	 -0.003029	 0.628498	 -0.276170	 0.000000	 0.005444	 0.005444	 90.000000	 0.628491	 -0.003029	 0.628498	 -0.276170	 81532.245962	
3875.726908	 1.000000	 0.000000	 -0.000000	 0.000000	 -90.000000	 0.628516	 -0.003030	 0.628523	 -0.276239	 0.000000	 0.005442	 0.005442	 90.000000	 0.628516	 -0.003030	 0.628524	 -0.276229	 81533.679501	
3855.650602	 1.000000	 0.000000	 -0.000000	 0.000000	 -90.000000	 0.628505	 -0.003036	 0.628513	 -0.276725	 0.000000	 0.005366	 0.005366	 90.000000	 0.628506	 -0.003035	 0.628513	 -0.276716	 81535.113531	
3835.574297	 1.000000	 0.000000	 -0.000000	 0.000000	 -90.000000	 0.628531	 -0.003032	 0.628538	 -0.276402	 0.000000	 0.005328	 0.005328	 90.000000	 0.628530	 -0.003032	 0.628538	 -0.276398	 81536.557800	
3815.497992	 1.000000	 0.000000	 -0.000000	 0.000000	 -90.000000	 0.628557	 -0.003033	 0.628564	 -0.276455	 0.000000	 0.005310	 0.005310	 90.000000	 0.628557	 -0.003033	 0.628564	 -0.276455	 81538.003439	
3795.421687	 1.000000	 0.000000	 -0.000000	 0.000000	 -90.000000	 0.628562	 -0.003033	 0.628569	 -0.276423	 0.000000	 0.005235	 0.005235	 90.000000	 0.628563	 -0.003032	 0.628570	 -0.276409	 81539.421412	
3775.345382	 1.000000	 0.000000	 -0.000000	 0.000000	 -90.000000	 0.628557	 -0.003028	 0.628565	 -0.275993	 0.000000	 0.005224	 0.005224	 90.000000	 0.628557	 -0.003028	 0.628565	 -0.275993	 81540.850006	
3755.269076	 1.000000	 0.000000	 -0.000000	 0.000000	 -90.000000	 0.628572	 -0.003034	 0.628579	 -0.276540	 0.000000	 0.005199	 0.005199	 90.000000	 0.628572	 -0.003034	 0.628579	 -0.276540	 81542.316004	
3735.192771	 1.000000	 0.000000	 -0.000000	 0.000000	 -90.000000	 0.628588	 -0.003035	 0.628595	 -0.276663	 0.000000	 0.005142	 0.005142	 90.000000	 0.628586	 -0.003035	 0.628594	 -0.276606	 81543.744845	
3715.116466	 1.000000	 0.000000	 -0.000000	 0.000000	 -90.000000	 0.628605	 -0.003033	 0.628613	 -0.276424	 0.000000	 0.005063	 0.005063	 90.000000	 0.628605	 -0.003033	 0.628613	 -0.276424	 81545.161773	
3695.040161	 1.000000	 0.000000	 -0.000000	 0.000000	 -90.000000	 0.628614	 -0.003034	 0.628621	 -0.276556	 0.000000	 0.005056	 0.005056	 90.000000	 0.628614	 -0.003034	 0.628621	 -0.276556	 81546.630058	
3674.963855	 1.000000	 0.000000	 -0.000000	 0.000000	 -90.000000	 0.628621	 -0.003024	 0.628628	 -0.275661	 0.000000	 0.005011	 0.005011	 90.000000	 0.628621	 -0.003024	 0.628628	 -0.275661	 81548.054896	
3654.887550	 1.000000	 0.000000	 -0.000000	 0.000000	 -90.000000	 0.628622	 -0.003041	 0.628630	 -0.277209	 0.000000	 0.004938	 0.004938	 90.000000	 0.628622	 -0.003041	 0.628630	 -0.277209	 81549.518362	
3634.811245	 1.000000	 0.000000	 -0.000000	 0.000000	 -90.000000	 0.628633	 -0.003038	 0.628641	 -0.276888	 0.000000	 0.004898	 0.004898	 90.000000	 0.628633	 -0.003038	 0.628641	 -0.276888	 81550.932416	
3614.734940	 1.000000	 0.000000	 -0.000000	 0.000000	 -90.000000	 0.628649	 -0.003038	 0.628657	 -0.276845	 0.000000	 0.004860	 0.004860	 90.000000	 0.628649	 -0.003038	 0.628657	 -0.276845	 81552.426318	
3594.658635	 1.000000	 0.000000	 -0.000000	 0.000000	 -90.000000	 0.628634	 -0.003039	 0.628641	 -0.276939	 0.000000	 0.004831	 0.004831	 90.000000	 0.628634	 -0.003039	 0.628641	 -0.276939	 81553.848054	
3574.582329	 1.000000	 0.000000	 -0.000000	 0.000000	 -90.000000	 0.628688	 -0.003054	 0.628695	 -0.278358	 0.000000	 0.004820	 0.004820	 90.000000	 0.628688	 -0.003054	 0.628695	 -0.278358	 81555.291854	
3554.506024	 1.000000	 0.000000	 -0.000000	 0.000000	 -90.000000	 0.628658	 -0.003033	 0.628666	 -0.276453	 0.000000	 0.004800	 0.004800	 90.000000	 0.628658	 -0.003033	 0.628666	 -0.276453	 81556.771123	
3534.429719	 1.000000	 0.000000	 -0.000000	 0.000000	 -90.000000	 0.628669	 -0.003037	 0.628677	 -0.276809	 0.000000	 0.004766	 0.004766	 90.000000	 0.628669	 -0.003038	 0.628677	 -0.276838	 81558.201307	
3514.353414	 1.000000	 0.000000	 -0.000000	 0.000000	 -90.000000	 0.628677	 -0.003041	 0.628684	 -0.277103	 0.000000	 0.004793	 0.004793	 90.000000	 0.628677	 -0.003041	 0.628684	 -0.277103	 81559.622959	
3494.277108	 1.000000	 0.000000	 -0.000000	 0.000000	 -90.000000	 0.628719	 -0.003034	 0.628726	 -0.276481	 0.000000	 0.004804	 0.004804	 90.000000	 0.628719	 -0.003034	 0.628726	 -0.276482	 81561.070526	
3474.200803	 1.000000	 0.000000	 -0.000000	 0.000000	 -90.000000	 0.628683	 -0.003042	 0.628690	 -0.277238	 0.000000	 0.004746	 0.004746	 90.000000	 0.628683	 -0.003042	 0.628690	 -0.277238	 81562.511138	
3454.124498	 1.000000	 0.000000	 -0.000000	 0.000000	 -90.000000	 0.628706	 -0.003056	 0.628713	 -0.278503	 0.000000	 0.004692	 0.004692	 90.000000	 0.628706	 -0.003056	 0.628713	 -0.278503	 81563.956652	
3434.048193	 1.000000	 0.000000	 -0.000000	 0.000000	 -90.000000	 0.628708	 -0.003041	 0.628716	 -0.277171	 0.000000	 0.004671	 0.004671	 90.000000	 0.628708	 -0.003041	 0.628716	 -0.277171	 81565.409093	
3413.971888	 1.000000	 0.000000	 -0.000000	 0.000000	 -90.000000	 0.628739	 -0.003044	 0.628747	 -0.277417	 0.000000	 0.004628	 0.004628	 90.000000	 0.628739	 -0.003044	 0.628747	 -0.277417	 81566.846982	
3393.895582	 1.000000	 0.000000	 -0.000000	 0.000000	 -90.000000	 0.628757	 -0.003045	 0.628765	 -0.277513	 0.000000	 0.004621	 0.004621	 90.000000	 0.628757	 -0.003045	 0.628765	 -0.277513	 81568.278283	
3373.819277	 1.000000	 0.000000	 -0.000001	 0.000001	 -90.000000	 0.628766	 -0.003045	 0.628774	 -0.277469	 0.000000	 0.004631	 0.004631	 90.000000	 0.628766	 -0.003045	 0.628774	 -0.277469	 81569.716015	
3353.742972	 1.000000	 0.000000	 -0.000000	 0.000000	 -90.000000	 0.628783	 -0.003047	 0.628790	 -0.277650	 0.000000	 0.004604	 0.004604	 90.000000	 0.628783	 -0.003047	 0.628790	 -0.277650	 81571.139707	
3333.666667	 1.000000	 0.000000	 -0.000000	 0.000000	 -90.000000	 0.628790	 -0.003052	 0.628798	 -0.278127	 0.000000	 0.004544	 0.004544	 90.000000	 0.628790	 -0.003052	 0.628798	 -0.278127	 81572.568950	
3313.590361	 1.000000	 0.000000	 -0.000000	 0.000000	 -90.000000	 0.628797	 -0.003051	 0.628804	 -0.277961	 0.000000	 0.004562	 0.004562	 90.000000	 0.628797	 -0.003051	 0.628804	 -0.277961	 81574.083296	
3293.514056	 1.000000	 0.000000	 -0.000000	 0.000000	 -90.000000	 0.628804	 -0.003058	 0.628812	 -0.278603	 0.000000	 0.004525	 0.004525	 90.000000	 0.628805	 -0.003058	 0.628812	 -0.278594	 81575.511772	
3273.437751	 1.000000	 0.000000	 -0.000000	 0.000000	 -90.000000	 0.628822	 -0.003057	 0.628829	 -0.278554	 0.000000	 0.004498	 0.004498	 90.000000	 0.628822	 -0.003057	 0.628829	 -0.278554	 81576.959115	
3253.361446	 1.000000	 0.000000	 -0.000001	 0.000001	 -90.000000	 0.628844	 -0.003070	 0.628851	 -0.279714	 0.000000	 0.004479	 0.004479	 90.000000	 0.628844	 -0.003070	 0.628851	 -0.279714	 81578.412997	
3233.285141	 1.000000	 0.000000	 -0.000001	 0.000001	 -90.000000	 0.628843	 -0.003058	 0.628850	 -0.278625	 0.000000	 0.004441	 0.004441	 90.000000	 0.628843	 -0.003058	 0.628850	 -0.278625	 81579.841352	
3213.208835	 1.000000	 0.000000	 -0.000000	 0.000000	 -90.000000	 0.628858	 -0.003055	 0.628865	 -0.278359	 0.000000	 0.004436	 0.004436	 90.000000	 0.628858	 -0.003055	 0.628865	 -0.278359	 81581.290765	
3193.132530	 1.000000	 0.000000	 -0.000000	 0.000000	 -90.000000	 0.628869	 -0.003060	 0.628876	 -0.278764	 0.000000	 0.004434	 0.004434	 90.000000	 0.628869	 -0.003060	 0.628876	 -0.278764	 81582.698742	
3173.056225	 1.000000	 0.000000	 -0.000000	 0.000000	 -90.000000	 0.628865	 -0.003058	 0.628872	 -0.278606	 0.000000	 0.004409	 0.004409	 90.000000	 0.628866	 -0.003057	 0.628873	 -0.278563	 81584.159193	
3152.979920	 1.000000	 0.000000	 -0.000000	 0.000000	 -90.000000	 0.628886	 -0.003073	 0.628893	 -0.279967	 0.000000	 0.004400	 0.004400	 90.000000	 0.628886	 -0.003073	 0.628893	 -0.279967	 81585.603347	
3132.903614	 1.000000	 0.000000	 -0.000000	 0.000000	 -90.000000	 0.628883	 -0.003060	 0.628890	 -0.278818	 0.000000	 0.004367	 0.004367	 90.000000	 0.628883	 -0.003060	 0.628890	 -0.278818	 81587.038955	
3112.827309	 1.000000	 0.000000	 -0.000000	 0.000000	 -90.000000	 0.628895	 -0.003063	 0.628903	 -0.279046	 0.000000	 0.004352	 0.004352	 90.000000	 0.628895	 -0.003063	 0.628903	 -0.279046	 81588.452748	
3092.751004	 1.000000	 0.000000	 -0.000001	 0.000001	 -90.000000	 0.628906	 -0.003063	 0.628914	 -0.279036	 0.000000	 0.004343	 0.004343	 90.000000	 0.628906	 -0.003063	 0.628914	 -0.279036	 81589.917171	
3072.674699	 1.000000	 0.000000	 -0.000000	 0.000000	 -90.000000	 0.628930	 -0.003069	 0.628937	 -0.279629	 0.000000	 0.004375	 0.004375	 90.000000	 0.628930	 -0.003069	 0.628937	 -0.279629	 81591.340282	
3052.598394	 1.000000	 0.000000	 -0.000000	 0.000000	 -90.000000	 0.628909	 -0.003045	 0.628916	 -0.277438	 0.000000	 0.004354	 0.004354	 90.000000	 0.628909	 -0.003045	 0.628916	 -0.277438	 81592.784256	
3032.522088	 1.000000	 0.000000	 -0.000000	 0.000000	 -90.000000	 0.628973	 -0.003068	 0.628981	 -0.279519	 0.000000	 0.004311	 0.004311	 90.000000	 0.628973	 -0.003068	 0.628981	 -0.279519	 81594.239000	
3012.445783	 1.000000	 0.000000	 -0.000000	 0.000000	 -90.000000	 0.628958	 -0.003066	 0.628966	 -0.279275	 0.000000	 0.004332	 0.004332	 90.000000	 0.628958	 -0.003066	 0.628966	 -0.279274	 81595.670009	
2992.369478	 1.000000	 0.000000	 -0.000000	 0.000000	 -90.000000	 0.628967	 -0.003068	 0.628974	 -0.279477	 0.000000	 0.004286	 0.004286	 90.000000	 0.628967	 -0.003068	 0.628974	 -0.279477	 81597.109339	
2972.293173	 1.000000	 0.000000	 -0.000000	 0.000000	 -90.000000	 0.628993	 -0.003067	 0.629001	 -0.279364	 0.000000	 0.004223	 0.004223	 90.000000	 0.628993	 -0.003067	 0.629001	 -0.279364	 81598.532519	
2952.216867	 1.000000	 0.000000	 -0.000000	 0.000000	 -90.000000	 0.629012	 -0.003078	 0.629020	 -0.280363	 0.000000	 0.004230	 0.004230	 90.000000	 0.629012	 -0.003078	 0.629020	 -0.280363	 81599.975826	
2932.140562	 1.000000	 0.000000	 -0.000001	 0.000001	 -90.000000	 0.629011	 -0.003073	 0.629018	 -0.279949	 0.000000	 0.004231	 0.004231	 90.000000	 0.629011	 -0.003073	 0.629018	 -0.279949	 81601.397646	
2912.064257	 1.000000	 0.000000	 -0.000000	 0.000000	 -90.000000	 0.629015	 -0.003071	 0.629022	 -0.279755	 0.000000	 0.004238	 0.004238	 90.000000	 0.629014	 -0.003071	 0.629022	 -0.279718	 81602.836246	
2891.987952	 1.000000	 0.000000	 -0.000000	 0.000000	 -90.000000	 0.629045	 -0.003078	 0.629053	 -0.280370	 0.000000	 0.004265	 0.004265	 90.000000	 0.629045	 -0.003079	 0.629053	 -0.280414	 81604.291659	
2871.911647	 1.000000	 0.000000	 -0.000000	 0.000000	 -90.000000	 0.629067	 -0.003075	 0.629075	 -0.280086	 0.000000	 0.004184	 0.004184	 90.000000	 0.629067	 -0.003075	 0.629075	 -0.280086	 81605.740695	
2851.835341	 1.000000	 0.000000	 -0.000000	 0.000000	 -90.000000	 0.629078	 -0.003099	 0.629085	 -0.282286	 0.000000	 0.004159	 0.004159	 90.000000	 0.629078	 -0.003099	 0.629085	 -0.282286	 81607.152483	
2831.759036	 1.000000	 0.000000	 -0.000000	 0.000000	 -90.000000	 0.629084	 -0.003084	 0.629092	 -0.280863	 0.000000	 0.004113	 0.004113	 90.000000	 0.629084	 -0.003084	 0.629092	 -0.280863	 81608.602963	
2811.682731	 1.000000	 0.000000	 -0.000001	 0.000001	 -90.000000	 0.629102	 -0.003086	 0.629109	 -0.281033	 0.000000	 0.004125	 0.004125	 90.000000	 0.629102	 -0.003086	 0.629109	 -0.281033	 81610.018402	
2791.606426	 1.000000	 0.000000	 -0.000001	 0.000001	 -90.000000	 0.629101	 -0.003089	 0.629108	 -0.281361	 0.000000	 0.004102	 0.004102	 90.000000	 0.629101	 -0.003089	 0.629108	 -0.281361	 81611.461858	
2771.530120	 1.000000	 0.000000	 -0.000000	 0.000000	 -90.000000	 0.629101	 -0.003092	 0.629108	 -0.281572	 0.000000	 0.004107	 0.004107	 90.000000	 0.629101	 -0.003092	 0.629108	 -0.281572	 81612.883640	
2751.453815	 1.000000	 0.000000	 -0.000000	 0.000000	 -90.000000	 0.629133	 -0.003106	 0.629141	 -0.282909	 0.000000	 0.004093	 0.004093	 90.000000	 0.629133	 -0.003106	 0.629141	 -0.282909	 81614.329508	
2731.377510	 1.000000	 0.000000	 -0.000000	 0.000000	 -90.000000	 0.629168	 -0.003094	 0.629175	 -0.281747	 0.000000	 0.004086	 0.004086	 90.000000	 0.629168	 -0.003094	 0.629175	 -0.281747	 81615.791955	
2711.301205	 1.000000	 0.000000	 -0.000000	 0.000000	 -90.000000	 0.629169	 -0.003096	 0.629177	 -0.281937	 0.000000	 0.004054	 0.004054	 90.000000	 0.629169	 -0.003096	 0.629177	 -0.281938	 81617.250507	
2691.224900	 1.000000	 0.000000	 -0.000000	 0.000000	 -90.000000	 0.629180	 -0.003093	 0.629188	 -0.281644	 0.000000	 0.004074	 0.004074	 90.000000	 0.629180	 -0.003093	 0.629188	 -0.281644	 81618.691456	
2671.148594	 1.000000	 0.000000	 -0.000000	 0.000000	 -90.000000	 0.629210	 -0.003098	 0.629218	 -0.282147	 0.000000	 0.004073	 0.004073	 90.000000	 0.629210	 -0.003098	 0.629218	 -0.282147	 81620.110274	
2651.072289	 1.000000	 0.000000	 -0.000000	 0.000000	 -90.000000	 0.629232	 -0.003114	 0.629240	 -0.283533	 0.000000	 0.004030	 0.004030	 90.000000	 0.629232	 -0.003114	 0.629240	 -0.283533	 81621.536051	
2630.995984	 1.000000	 0.000000	 -0.000000	 0.000000	 -90.000000	 0.629216	 -0.003101	 0.629223	 -0.282360	 0.000000	 0.004018	 0.004018	 90.000000	 0.629217	 -0.003101	 0.629225	 -0.282368	 81622.975024	
2610.919679	 1.000000	 0.000000	 -0.000000	 0.000000	 -90.000000	 0.629270	 -0.003106	 0.629278	 -0.282846	 0.000000	 0.004016	 0.004016	 90.000000	 0.629270	 -0.003106	 0.629278	 -0.282846	 81624.474258	
2590.843373	 1.000000	 0.000000	 -0.000000	 0.000000	 -90.000000	 0.629251	 -0.003108	 0.629259	 -0.283022	 0.000000	 0.004021	 0.004021	 90.000000	 0.629251	 -0.003108	 0.629259	 -0.283022	 81625.892241	
2570.767068	 1.000000	 0.000000	 -0.000000	 0.000000	 -90.000000	 0.629291	 -0.003106	 0.629299	 -0.282793	 0.000000	 0.003961	 0.003961	 90.000000	 0.629291	 -0.003106	 0.629299	 -0.282793	 81627.330203	
2550.690763	 1.000000	 0.000000	 -0.000000	 0.000000	 -90.000000	 0.629291	 -0.003118	 0.629298	 -0.283903	 0.000000	 0.003999	 0.003999	 90.000000	 0.629291	 -0.003118	 0.629298	 -0.283903	 81628.764569	
2530.614458	 1.000000	 0.000000	 -0.000000	 0.000000	 -90.000000	 0.629323	 -0.003113	 0.629331	 -0.283449	 0.000000	 0.003981	 0.003981	 90.000000	 0.629323	 -0.003113	 0.629331	 -0.283449	 81630.179551	
2510.538153	 1.000000	 0.000000	 -0.000000	 0.000000	 -90.000000	 0.629337	 -0.003109	 0.629345	 -0.283084	 0.000000	 0.003974	 0.003974	 90.000000	 0.629337	 -0.003109	 0.629345	 -0.283084	 81631.653074	
2490.461847	 1.000000	 0.000000	 -0.000000	 0.000000	 -90.000000	 0.629362	 -0.003123	 0.629370	 -0.284351	 0.000000	 0.003997	 0.003997	 90.000000	 0.629362	 -0.003123	 0.629370	 -0.284351	 81633.082267	
2470.385542	 1.000000	 0.000000	 -0.000000	 0.000000	 -90.000000	 0.629375	 -0.003120	 0.629382	 -0.284053	 0.000000	 0.003870	 0.003870	 90.000000	 0.629375	 -0.003120	 0.629382	 -0.284053	 81634.539818	
2450.309237	 1.000000	 0.000000	 -0.000000	 0.000000	 -90.000000	 0.629378	 -0.003103	 0.629386	 -0.282501	 0.000000	 0.003921	 0.003921	 90.000000	 0.629378	 -0.003103	 0.629386	 -0.282501	 81635.960775	
2430.232932	 1.000000	 0.000000	 -0.000000	 0.000000	 -90.000000	 0.629419	 -0.003118	 0.629427	 -0.283816	 0.000000	 0.003907	 0.003907	 90.000000	 0.629419	 -0.003118	 0.629427	 -0.283816	 81637.412011	
2410.156627	 1.000000	 0.000000	 -0.000000	 0.000000	 -90.000000	 0.629446	 -0.003125	 0.629454	 -0.284464	 0.000000	 0.003908	 0.003908	 90.000000	 0.629446	 -0.003125	 0.629454	 -0.284471	 81638.842693	
2390.080321	 1.000000	 0.000000	 -0.000000	 0.000000	 -90.000000	 0.629413	 -0.003126	 0.629421	 -0.284570	 0.000000	 0.003812	 0.003812	 90.000000	 0.629413	 -0.003126	 0.629421	 -0.284570	 81640.286203	
2370.004016	 1.000000	 0.000000	 -0.000000	 0.000000	 -90.000000	 0.629472	 -0.003129	 0.629480	 -0.284782	 0.000000	 0.003834	 0.003834	 90.000000	 0.629472	 -0.003129	 0.629480	 -0.284782	 81641.708864	
2349.927711	 1.000000	 0.000000	 -0.000000	 0.000000	 -90.000000	 0.629532	 -0.003151	 0.629540	 -0.286751	 0.000000	 0.003838	 0.003838	 90.000000	 0.629531	 -0.003153	 0.629539	 -0.286923	 81643.146334	
2329.851406	 1.000000	 0.000000	 -0.000000	 0.000000	 -90.000000	 0.629488	 -0.003133	 0.629496	 -0.285190	 0.000000	 0.003857	 0.003857	 90.000000	 0.629489	 -0.003133	 0.629496	 -0.285161	 81644.578825	
2309.775100	 1.000000	 0.000000	 -0.000000	 0.000000	 -90.000000	 0.629523	 -0.003142	 0.629531	 -0.285925	 0.000000	 0.003878	 0.003878	 90.000000	 0.629523	 -0.003142	 0.629531	 -0.285925	 81646.023141	
2289.698795	 1.000000	 0.000000	 -0.000000	 0.000000	 -90.000000	 0.629532	 -0.003143	 0.629540	 -0.286040	 0.000000	 0.003857	 0.003857	 90.000000	 0.629533	 -0.003143	 0.629541	 -0.286060	 81647.456835	
2269.622490	 1.000000	 0.000000	 -0.000000	 0.000000	 -90.000000	 0.629556	 -0.003143	 0.629564	 -0.286020	 0.000000	 0.003899	 0.003899	 90.000000	 0.629556	 -0.003143	 0.629564	 -0.286020	 81648.893148	
2249.546185	 1.000000	 0.000000	 -0.000000	 0.000000	 -90.000000	 0.629568	 -0.003105	 0.629576	 -0.282559	 0.000000	 0.003842	 0.003842	 90.000000	 0.629568	 -0.003105	 0.629576	 -0.282559	 81650.318021	
2229.469880	 1.000000	 0.000000	 -0.000000	 0.000000	 -90.000000	 0.629570	 -0.003142	 0.629578	 -0.285915	 0.000000	 0.003839	 0.003839	 90.000000	 0.629570	 -0.003142	 0.629578	 -0.285915	 81651.752557	
2209.393574	 1.000000	 0.000000	 -0.000000	 0.000000	 -90.000000	 0.629616	 -0.003148	 0.629624	 -0.286425	 0.000000	 0.003789	 0.003789	 90.000000	 0.629616	 -0.003148	 0.629624	 -0.286425	 81653.227354	
2189.317269	 1.000000	 0.000000	 -0.000000	 0.000000	 -90.000000	 0.629640	 -0.003151	 0.629648	 -0.286770	 0.000000	 0.003832	 0.003832	 90.000000	 0.629640	 -0.003151	 0.629648	 -0.286770	 81654.713599	
2169.240964	 1.000000	 0.000000	 -0.000000	 0.000000	 -90.000000	 0.629674	 -0.003153	 0.629682	 -0.286918	 0.000000	 0.003788	 0.003788	 90.000000	 0.629674	 -0.003153	 0.629682	 -0.286918	 81656.155262	
2149.164659	 1.000000	 0.000000	 -0.000000	 0.000000	 -90.000000	 0.629707	 -0.003137	 0.629715	 -0.285413	 0.000000	 0.003765	 0.003765	 90.000000	 0.629707	 -0.003137	 0.629715	 -0.285413	 81657.627973	
2129.088353	 1.000000	 0.000000	 -0.000000	 0.000000	 -90.000000	 0.629721	 -0.003162	 0.629729	 -0.287671	 0.000000	 0.003760	 0.003760	 90.000000	 0.629721	 -0.003162	 0.629729	 -0.287671	 81659.057641	
2109.012048	 1.000000	 0.000000	 -0.000000	 0.000000	 -90.000000	 0.629721	 -0.003161	 0.629729	 -0.287649	 0.000000	 0.003803	 0.003803	 90.000000	 0.629722	 -0.003162	 0.629730	 -0.287688	 81660.516088	
2088.935743	 1.000000	 0.000000	 -0.000000	 0.000000	 -90.000000	 0.629768	 -0.003166	 0.629776	 -0.288049	 0.000000	 0.003796	 0.003796	 90.000000	 0.629768	 -0.003166	 0.629776	 -0.288049	 81661.976515	
2068.859438	 1.000000	 0.000000	 -0.000000	 0.000000	 -90.000000	 0.629799	 -0.003170	 0.629807	 -0.288425	 0.000000	 0.003790	 0.003790	 90.000000	 0.629800	 -0.003170	 0.629807	 -0.288400	 81663.393536	
2048.783133	 1.000000	 0.000000	 -0.000000	 0.000000	 -90.000000	 0.629800	 -0.003127	 0.629808	 -0.284460	 0.000000	 0.003763	 0.003763	 90.000000	 0.629800	 -0.003127	 0.629808	 -0.284460	 81664.844520	
2028.706827	 1.000000	 0.000000	 -0.000000	 0.000000	 -90.000000	 0.629857	 -0.003166	 0.629865	 -0.287976	 0.000000	 0.003737	 0.003737	 90.000000	 0.629857	 -0.003166	 0.629865	 -0.287976	 81666.267972	
2008.630522	 1.000000	 0.000000	 -0.000000	 0.000000	 -90.000000	 0.629864	 -0.003176	 0.629872	 -0.288937	 0.000000	 0.003676	 0.003676	 90.000000	 0.629864	 -0.003176	 0.629872	 -0.288937	 81667.683830	
1988.554217	 1.000000	 0.000000	 -0.000000	 0.000000	 -90.000000	 0.629875	 -0.003170	 0.629883	 -0.288380	 0.000000	 0.003702	 0.003702	 90.000000	 0.629875	 -0.003170	 0.629883	 -0.288380	 81669.147108	
1968.477912	 1.000000	 0.000000	 -0.000000	 0.000000	 -90.000000	 0.629925	 -0.003189	 0.629933	 -0.290022	 0.000000	 0.003733	 0.003733	 90.000000	 0.629925	 -0.003189	 0.629933	 -0.290022	 81670.582695	
1948.401606	 1.000000	 0.000000	 -0.000000	 0.000000	 -90.000000	 0.630007	 -0.003209	 0.630015	 -0.291877	 0.000000	 0.003720	 0.003720	 90.000000	 0.630002	 -0.003220	 0.630011	 -0.292800	 81672.016932	
1928.325301	 1.000000	 0.000000	 -0.000000	 0.000000	 -90.000000	 0.629966	 -0.003206	 0.629974	 -0.291574	 0.000000	 0.003692	 0.003692	 90.000000	 0.629966	 -0.003206	 0.629974	 -0.291574	 81673.462979	
1908.248996	 1.000000	 0.000000	 -0.000000	 0.000000	 -90.000000	 0.630005	 -0.003186	 0.630013	 -0.289782	 0.000000	 0.003692	 0.003692	 90.000000	 0.630005	 -0.003186	 0.630013	 -0.289782	 81674.896349	
1888.172691	 1.000000	 0.000000	 -0.000000	 0.000000	 -90.000000	 0.629989	 -0.003185	 0.629997	 -0.289683	 0.000000	 0.003686	 0.003686	 90.000000	 0.629989	 -0.003185	 0.629997	 -0.289683	 81676.364071	
1868.096386	 1.000000	 0.000000	 -0.000000	 0.000000	 -90.000000	 0.630033	 -0.003203	 0.630041	 -0.291251	 0.000000	 0.003699	 0.003699	 90.000000	 0.630033	 -0.003203	 0.630041	 -0.291251	 81677.803083	
1848.020080	 1.000000	 0.000000	 -0.000000	 0.000000	 -90.000000	 0.630101	 -0.003182	 0.630109	 -0.289320	 0.000000	 0.003634	 0.003634	 90.000000	 0.630101	 -0.003182	 0.630109	 -0.289320	 81679.251538	
1827.943775	 1.000000	 0.000000	 -0.000000	 0.000000	 -90.000000	 0.630106	 -0.003196	 0.630114	 -0.290580	 0.000000	 0.003626	 0.003626	 90.000000	 0.630106	 -0.003196	 0.630114	 -0.290580	 81680.683776	
1807.867470	 1.000000	 0.000000	 -0.000001	 0.000001	 -90.000000	 0.630134	 -0.003207	 0.630142	 -0.291622	 0.000000	 0.003615	 0.003615	 90.000000	 0.630134	 -0.003208	 0.630143	 -0.291679	 81682.100827	
1787.791165	 1.000000	 0.000000	 -0.000001	 0.000001	 -90.000000	 0.630181	 -0.003172	 0.630189	 -0.288432	 0.000000	 0.003577	 0.003577	 90.000000	 0.630180	 -0.003172	 0.630188	 -0.288358	 81683.537764	
1767.714859	 1.000000	 0.000000	 -0.000000	 0.000000	 -90.000000	 0.630192	 -0.003188	 0.630200	 -0.289868	 0.000000	 0.003552	 0.003552	 90.000000	 0.630192	 -0.003188	 0.630200	 -0.289868	 81684.969106	
1747.638554	 1.000000	 0.000000	 -0.000001	 0.000001	 -90.000000	 0.630231	 -0.003204	 0.630239	 -0.291248	 0.000000	 0.003575	 0.003575	 90.000000	 0.630231	 -0.003202	 0.630239	 -0.291117	 81686.422696	
1727.562249	 1.000000	 0.000000	 -0.000000	 0.000000	 -90.000000	 0.630303	 -0.003192	 0.630311	 -0.290181	 0.000000	 0.003574	 0.003574	 90.000000	 0.630303	 -0.003192	 0.630311	 -0.290181	 81687.871115	
1707.485944	 1.000000	 0.000000	 -0.000000	 0.000000	 -90.000000	 0.630330	 -0.003227	 0.630338	 -0.293315	 0.000000	 0.003586	 0.003586	 90.000000	 0.630330	 -0.003227	 0.630338	 -0.293315	 81689.312040	
1687.409639	 1.000000	 0.000000	 -0.000000	 0.000000	 -90.000000	 0.630336	 -0.003175	 0.630344	 -0.288581	 0.000000	 0.003532	 0.003532	 90.000000	 0.630334	 -0.003176	 0.630342	 -0.288688	 81690.741127	
1667.333333	 1.000000	 0.000000	 -0.000000	 0.000000	 -90.000000	 0.630363	 -0.003183	 0.630371	 -0.289347	 0.000000	 0.003548	 0.003548	 90.000000	 0.630363	 -0.003183	 0.630371	 -0.289347	 81692.171121	
1647.257028	 1.000000	 0.000000	 -0.000001	 0.000001	 -90.000000	 0.630328	 -0.003144	 0.630336	 -0.285790	 0.000000	 0.003541	 0.003541	 90.000000	 0.630328	 -0.003144	 0.630336	 -0.285790	 81693.619310	
1627.180723	 1.000000	 0.000000	 -0.000000	 0.000000	 -90.000000	 0.630466	 -0.003232	 0.630475	 -0.293709	 0.000000	 0.003585	 0.003585	 90.000000	 0.630466	 -0.003232	 0.630475	 -0.293709	 81695.048358	
1607.104418	 1.000000	 0.000000	 -0.000000	 0.000000	 -90.000000	 0.630531	 -0.003221	 0.630539	 -0.292663	 0.000000	 0.003590	 0.003590	 90.000000	 0.630531	 -0.003221	 0.630539	 -0.292663	 81696.483776	
1587.028112	 1.000000	 0.000000	 -0.000001	 0.000001	 -90.000000	 0.630569	 -0.003164	 0.630577	 -0.287496	 0.000000	 0.003517	 0.003517	 90.000000	 0.630569	 -0.003164	 0.630577	 -0.287496	 81697.956255	
1566.951807	 1.000000	 0.000000	 -0.000000	 0.000000	 -90.000000	 0.630567	 -0.003219	 0.630575	 -0.292509	 0.000000	 0.003520	 0.003520	 90.000000	 0.630567	 -0.003219	 0.630575	 -0.292509	 81699.382325	
1546.875502	 1.000000	 0.000000	 -0.000000	 0.000000	 -90.000000	 0.630748	 -0.003182	 0.630756	 -0.289054	 0.000000	 0.003510	 0.003510	 90.000000	 0.630748	 -0.003182	 0.630756	 -0.289054	 81700.837148	
1526.799197	 1.000000	 0.000000	 -0.000001	 0.000001	 -90.000000	 0.630710	 -0.003239	 0.630718	 -0.294218	 0.000000	 0.003494	 0.003494	 90.000000	 0.630710	 -0.003239	 0.630718	 -0.294218	 81702.276111	
1506.722892	 1.000000	 0.000000	 -0.000000	 0.000000	 -90.000000	 0.630711	 -0.003235	 0.630720	 -0.293917	 0.000000	 0.003485	 0.003485	 90.000000	 0.630711	 -0.003235	 0.630720	 -0.293917	 81703.711230	
1486.646586	 1.000000	 0.000000	 -0.000000	 0.000000	 -90.000000	 0.630697	 -0.003249	 0.630706	 -0.295146	 0.000000	 0.003500	 0.003500	 90.000000	 0.630701	 -0.003247	 0.630709	 -0.295008	 81705.155294	
1466.570281	 1.000000	 0.000000	 -0.000000	 0.000000	 -90.000000	 0.630740	 -0.003251	 0.630748	 -0.295358	 0.000000	 0.003447	 0.003447	 90.000000	 0.630740	 -0.003251	 0.630748	 -0.295358	 81706.607705	
1446.493976	 1.000000	 0.000000	 -0.000000	 0.000000	 -90.000000	 0.630836	 -0.003098	 0.630844	 -0.281365	 0.000000	 0.003509	 0.003509	 90.000000	 0.630836	 -0.003098	 0.630844	 -0.281365	 81708.039722	
1426.417671	 1.000000	 0.000000	 -0.000000	 0.000000	 -90.000000	 0.630864	 -0.003232	 0.630872	 -0.293538	 0.000000	 0.003545	 0.003545	 90.000000	 0.630864	 -0.003232	 0.630872	 -0.293538	 81709.464308	
1406.341365	 1.000000	 0.000000	 -0.000000	 0.000000	 -90.000000	 0.631002	 -0.003200	 0.631010	 -0.290606	 0.000000	 0.003525	 0.003525	 90.000000	 0.631002	 -0.003200	 0.631010	 -0.290606	 81710.935181	
1386.265060	 1.000000	 0.000000	 -0.000000	 0.000000	 -90.000000	 0.631009	 -0.003197	 0.631017	 -0.290320	 0.000000	 0.003493	 0.003493	 90.000000	 0.631008	 -0.003195	 0.631016	 -0.290122	 81712.367663	
1366.188755	 1.000000	 0.000000	 -0.000000	 0.000000	 -90.000000	 0.631050	 -0.003167	 0.631058	 -0.287524	 0.000000	 0.003530	 0.003530	 90.000000	 0.631049	 -0.003164	 0.631057	 -0.287257	 81713.813151	
1346.112450	 1.000000	 0.000000	 -0.000000	 0.000000	 -90.000000	 0.631127	 -0.003141	 0.631135	 -0.285160	 0.000000	 0.003499	 0.003499	 90.000000	 0.631127	 -0.003141	 0.631135	 -0.285160	 81715.259401	
1326.036145	 1.000000	 0.000000	 -0.000000	 0.000000	 -90.000000	 0.631187	 -0.003178	 0.631195	 -0.288461	 0.000000	 0.003491	 0.003491	 90.000000	 0.631189	 -0.003178	 0.631197	 -0.288509	 81716.691628	
1305.959839	 1.000000	 0.000000	 -0.000001	 0.000001	 -90.000000	 0.631215	 -0.003211	 0.631223	 -0.291505	 0.000000	 0.003510	 0.003510	 90.000000	 0.631221	 -0.003215	 0.631229	 -0.291797	 81718.133488	
1285.883534	 1.000000	 0.000000	 -0.000000	 0.000000	 -90.000000	 0.631292	 -0.003184	 0.631300	 -0.289008	 0.000000	 0.003462	 0.003462	 90.000000	 0.631292	 -0.003184	 0.631300	 -0.289008	 81719.539233	
1265.807229	 1.000000	 0.000000	 -0.000000	 0.000000	 -90.000000	 0.631345	 -0.003190	 0.631354	 -0.289495	 0.000000	 0.003442	 0.003442	 90.000000	 0.631345	 -0.003190	 0.631354	 -0.289495	 81720.968387	
1245.730924	 1.000000	 0.000000	 -0.000001	 0.000001	 -90.000000	 0.631355	 -0.003169	 0.631363	 -0.287585	 0.000000	 0.003457	 0.003457	 90.000000	 0.631343	 -0.003149	 0.631351	 -0.285732	 81722.412955	
1225.654618	 1.000000	 0.000000	 -0.000000	 0.000000	 -90.000000	 0.631428	 -0.003152	 0.631436	 -0.285967	 0.000000	 0.003469	 0.003469	 90.000000	 0.631428	 -0.003152	 0.631436	 -0.285967	 81723.849560	
1205.578313	 1.000000	 0.000000	 -0.000000	 0.000000	 -90.000000	 0.631612	 -0.003161	 0.631620	 -0.286705	 0.000000	 0.003459	 0.003459	 90.000000	 0.631612	 -0.003161	 0.631620	 -0.286705	 81725.291776	
1185.502008	 1.000000	 0.000000	 -0.000000	 0.000000	 -90.000000	 0.631594	 -0.003132	 0.631602	 -0.284122	 0.000000	 0.003448	 0.003448	 90.000000	 0.631594	 -0.003132	 0.631602	 -0.284122	 81726.711843	
1165.425703	 1.000000	 0.000000	 -0.000000	 0.000000	 -90.000000	 0.631669	 -0.003132	 0.631676	 -0.284117	 0.000000	 0.003456	 0.003456	 90.000000	 0.631671	 -0.003139	 0.631679	 -0.284726	 81728.147145	
1145.349398	 1.000000	 0.000000	 -0.000000	 0.000000	 -90.000000	 0.631732	 -0.003047	 0.631740	 -0.276345	 0.000000	 0.003433	 0.003433	 90.000000	 0.631732	 -0.003047	 0.631740	 -0.276345	 81729.641698	
1125.273092	 1.000000	 0.000000	 -0.000000	 0.000000	 -90.000000	 0.631842	 -0.003109	 0.631850	 -0.281912	 0.000000	 0.003382	 0.003382	 90.000000	 0.631842	 -0.003109	 0.631850	 -0.281912	 81731.051730	
1105.196787	 1.000000	 0.000000	 -0.000000	 0.000000	 -90.000000	 0.631927	 -0.003060	 0.631934	 -0.277468	 0.000000	 0.003410	 0.003410	 90.000000	 0.631927	 -0.003058	 0.631934	 -0.277233	 81732.506225	
1085.120482	 1.000000	 0.000000	 -0.000001	 0.000001	 -90.000000	 0.631960	 -0.003086	 0.631967	 -0.279799	 0.000000	 0.003462	 0.003462	 90.000000	 0.631960	 -0.003086	 0.631967	 -0.279799	 81733.958593	
1065.044177	 1.000000	 0.000000	 -0.000000	 0.000000	 -90.000000	 0.632064	 -0.003048	 0.632072	 -0.276263	 0.000000	 0.003369	 0.003369	 90.000000	 0.632064	 -0.003048	 0.632072	 -0.276263	 81735.407930	
1044.967871	 1.000000	 0.000000	 -0.000001	 0.000001	 -90.000000	 0.632188	 -0.003044	 0.632196	 -0.275900	 0.000000	 0.003387	 0.003387	 90.000000	 0.632192	 -0.003052	 0.632199	 -0.276570	 81736.844213	
1024.891566	 1.000000	 0.000000	 -0.000001	 0.000001	 -90.000000	 0.632231	 -0.003023	 0.632239	 -0.273989	 0.000000	 0.003435	 0.003435	 90.000000	 0.632231	 -0.003023	 0.632239	 -0.273989	 81738.261875	
1004.815261	 1.000000	 0.000000	 -0.000001	 0.000001	 -90.000000	 0.632237	 -0.002934	 0.632244	 -0.265892	 0.000000	 0.003433	 0.003433	 90.000000	 0.632237	 -0.002934	 0.632244	 -0.265892	 81739.704865	
984.738956	 1.000000	 0.000000	 -0.000001	 0.000001	 -90.000000	 0.632409	 -0.002957	 0.632416	 -0.267895	 0.000000	 0.003406	 0.003406	 90.000000	 0.632409	 -0.002957	 0.632416	 -0.267895	 81741.146310	
964.662651	 1.000000	 0.000000	 -0.000001	 0.000001	 -90.000000	 0.632501	 -0.002910	 0.632508	 -0.263559	 0.000000	 0.003456	 0.003456	 90.000000	 0.632501	 -0.002910	 0.632508	 -0.263559	 81742.580442	
944.586345	 1.000000	 0.000000	 -0.000001	 0.000001	 -90.000000	 0.632581	 -0.002899	 0.632587	 -0.262536	 0.000000	 0.003407	 0.003407	 90.000000	 0.632581	 -0.002899	 0.632587	 -0.262536	 81744.008815	
924.510040	 1.000000	 0.000000	 -0.000000	 0.000000	 -90.000000	 0.632672	 -0.002852	 0.632679	 -0.258281	 0.000000	 0.003410	 0.003410	 90.000000	 0.632672	 -0.002852	 0.632679	 -0.258240	 81745.502915	
904.433735	 1.000000	 0.000000	 -0.000001	 0.000001	 -90.000000	 0.632751	 -0.002732	 0.632757	 -0.247360	 0.000000	 0.003394	 0.003394	 90.000000	 0.632751	 -0.002732	 0.632757	 -0.247360	 81746.931045	
884.357430	 1.000000	 0.000000	 -0.000000	 0.000000	 -90.000000	 0.632911	 -0.002794	 0.632917	 -0.252976	 0.000000	 0.003408	 0.003408	 90.000000	 0.632911	 -0.002794	 0.632917	 -0.252976	 81748.405592	
864.281124	 1.000000	 0.000000	 -0.000001	 0.000001	 -90.000000	 0.632994	 -0.002733	 0.633000	 -0.247411	 0.000000	 0.003401	 0.003401	 90.000000	 0.632994	 -0.002733	 0.633000	 -0.247411	 81749.829826	
844.204819	 1.000000	 0.000000	 -0.000000	 0.000000	 -90.000000	 0.633039	 -0.002660	 0.633044	 -0.240713	 0.000000	 0.003415	 0.003415	 90.000000	 0.633035	 -0.002648	 0.633041	 -0.239678	 81751.275370	
824.128514	 1.000000	 0.000000	 -0.000000	 0.000000	 -90.000000	 0.633223	 -0.002635	 0.633228	 -0.238464	 0.000000	 0.003387	 0.003387	 90.000000	 0.633223	 -0.002635	 0.633228	 -0.238464	 81752.716836	
804.052209	 1.000000	 0.000000	 -0.000000	 0.000000	 -90.000000	 0.633428	 -0.002512	 0.633433	 -0.227259	 0.000000	 0.003362	 0.003362	 90.000000	 0.633428	 -0.002512	 0.633433	 -0.227259	 81754.154913	
783.975904	 1.000000	 0.000000	 -0.000000	 0.000000	 -90.000000	 0.633498	 -0.002499	 0.633503	 -0.225985	 0.000000	 0.003375	 0.003375	 90.000000	 0.633498	 -0.002499	 0.633503	 -0.225985	 81755.570625	
763.899598	 1.000000	 0.000000	 -0.000000	 0.000000	 -90.000000	 0.633613	 -0.002408	 0.633617	 -0.217761	 0.000000	 0.003338	 0.003338	 90.000000	 0.633613	 -0.002408	 0.633617	 -0.217761	 81757.003858	
743.823293	 1.000000	 0.000000	 -0.000000	 0.000000	 -90.000000	 0.633800	 -0.002237	 0.633804	 -0.202201	 0.000000	 0.003336	 0.003336	 90.000000	 0.633800	 -0.002237	 0.633804	 -0.202201	 81758.449811	
723.746988	 1.000000	 0.000000	 -0.000000	 0.000000	 -90.000000	 0.633912	 -0.002255	 0.633916	 -0.203822	 0.000000	 0.003327	 0.003327	 90.000000	 0.633912	 -0.002255	 0.633916	 -0.203822	 81759.880667	
703.670683	 1.000000	 0.000000	 -0.000000	 0.000000	 -90.000000	 0.634119	 -0.002048	 0.634122	 -0.185052	 0.000000	 0.003327	 0.003327	 90.000000	 0.634119	 -0.002048	 0.634122	 -0.185052	 81761.346929	
683.594378	 1.000000	 0.000000	 -0.000001	 0.000001	 -90.000000	 0.634187	 -0.002047	 0.634190	 -0.184909	 0.000000	 0.003354	 0.003354	 90.000000	 0.634187	 -0.002047	 0.634190	 -0.184909	 81762.804171	
663.518072	 1.000000	 0.000000	 -0.000000	 0.000000	 -90.000000	 0.634336	 -0.001928	 0.634339	 -0.174109	 0.000000	 0.003335	 0.003335	 90.000000	 0.634336	 -0.001928	 0.634339	 -0.174109	 81764.264680	
643.441767	 1.000000	 0.000000	 -0.000000	 0.000000	 -90.000000	 0.634517	 -0.001900	 0.634520	 -0.171558	 0.000000	 0.003369	 0.003369	 90.000000	 0.634517	 -0.001900	 0.634520	 -0.171558	 81765.710099	
623.365462	 1.000000	 0.000000	 -0.000000	 0.000000	 -90.000000	 0.634676	 -0.001655	 0.634678	 -0.149439	 0.000000	 0.003363	 0.003363	 90.000000	 0.634676	 -0.001655	 0.634678	 -0.149439	 81767.150190	
603.289157	 1.000000	 0.000000	 -0.000001	 0.000001	 -90.000000	 0.634995	 -0.001441	 0.634997	 -0.130055	 0.000000	 0.003346	 0.003346	 90.000000	 0.634995	 -0.001441	 0.634997	 -0.130055	 81768.587394	
583.212851	 1.000000	 0.000000	 -0.000001	 0.000001	 -90.000000	 0.635029	 -0.001340	 0.635031	 -0.120906	 0.000000	 0.003355	 0.003355	 90.000000	 0.635029	 -0.001340	 0.635031	 -0.120906	 81769.994915	
563.136546	 1.000000	 0.000000	 -0.000001	 0.000001	 -90.000000	 0.635220	 -0.001159	 0.635221	 -0.104541	 0.000000	 0.003375	 0.003375	 90.000000	 0.635220	 -0.001158	 0.635221	 -0.104425	 81771.444694	
543.060241	 1.000000	 0.000000	 -0.000000	 0.000000	 -90.000000	 0.635402	 -0.000949	 0.635403	 -0.085561	 0.000000	 0.003390	 0.003390	 90.000000	 0.635408	 -0.000958	 0.635408	 -0.086341	 81772.897405	
522.983936	 1.000000	 0.000000	 -0.000000	 0.000000	 -90.000000	 0.635578	 -0.000739	 0.635578	 -0.066621	 0.000000	 0.003394	 0.003394	 90.000000	 0.635577	 -0.000737	 0.635578	 -0.066440	 81774.294567	
502.907631	 1.000000	 0.000000	 -0.000000	 0.000000	 -90.000000	 0.635720	 -0.000367	 0.635720	 -0.033107	 0.000000	 0.003378	 0.003378	 90.000000	 0.635720	 -0.000367	 0.635720	 -0.033107	 81775.725581	
482.831325	 1.000000	 0.000000	 -0.000000	 0.000000	 -90.000000	 0.636015	 -0.000200	 0.636015	 -0.017997	 0.000000	 0.003348	 0.003348	 90.000000	 0.636015	 -0.000200	 0.636015	 -0.017997	 81777.188645	
462.755020	 1.000000	 0.000000	 -0.000000	 0.000000	 -90.000000	 0.636167	 0.000063	 0.636167	 0.005710	 0.000000	 0.003342	 0.003342	 90.000000	 0.636167	 0.000063	 0.636167	 0.005710	 81778.623444	
442.678715	 1.000000	 0.000000	 -0.000000	 0.000000	 -90.000000	 0.636346	 0.000315	 0.636346	 0.028375	 0.000000	 0.003314	 0.003314	 90.000000	 0.636346	 0.000315	 0.636346	 0.028375	 81780.071878	
422.602410	 1.000000	 0.000000	 -0.000000	 0.000000	 -90.000000	 0.636610	 0.000790	 0.636610	 0.071128	 0.000000	 0.003330	 0.003330	 90.000000	 0.636610	 0.000790	 0.636610	 0.071128	 81781.491313	
402.526104	 1.000000	 0.000000	 -0.000000	 0.000000	 -90.000000	 0.636893	 0.001239	 0.636894	 0.111424	 0.000000	 0.003307	 0.003307	 90.000000	 0.636893	 0.001239	 0.636894	 0.111424	 81782.950081	
382.449799	 1.000000	 0.000000	 -0.000000	 0.000000	 -90.000000	 0.637103	 0.001644	 0.637105	 0.147862	 0.000000	 0.003267	 0.003267	 90.000000	 0.637103	 0.001644	 0.637105	 0.147862	 81784.388913	
362.373494	 1.000000	 0.000000	 -0.000000	 0.000000	 -90.000000	 0.637295	 0.002162	 0.637298	 0.194370	 0.000000	 0.003290	 0.003290	 90.000000	 0.637295	 0.002162	 0.637298	 0.194370	 81785.833770	
342.297189	 1.000000	 0.000000	 -0.000000	 0.000000	 -90.000000	 0.637860	 0.002814	 0.637866	 0.252770	 0.000000	 0.003323	 0.003323	 90.000000	 0.637860	 0.002814	 0.637866	 0.252770	 81787.265986	
322.220884	 1.000000	 0.000000	 -0.000000	 0.000000	 -90.000000	 0.637836	 0.003349	 0.637845	 0.300864	 0.000000	 0.003252	 0.003252	 90.000000	 0.637836	 0.003349	 0.637845	 0.300864	 81788.667246	
302.144578	 1.000000	 0.000000	 -0.000000	 0.000000	 -90.000000	 0.637876	 0.003963	 0.637888	 0.355942	 0.000000	 0.003276	 0.003276	 90.000000	 0.637876	 0.003963	 0.637888	 0.355942	 81790.093992	
282.068273	 1.000000	 0.000000	 -0.000000	 0.000000	 -90.000000	 0.638325	 0.004929	 0.638344	 0.442393	 0.000000	 0.003276	 0.003276	 90.000000	 0.638325	 0.004929	 0.638344	 0.442393	 81791.556122	
261.991968	 1.000000	 0.000000	 -0.000000	 0.000000	 -90.000000	 0.638433	 0.005845	 0.638460	 0.524579	 0.000000	 0.003251	 0.003251	 90.000000	 0.638433	 0.005845	 0.638460	 0.524579	 81792.983673	
241.915663	 1.000000	 0.000000	 -0.000000	 0.000000	 -90.000000	 0.638480	 0.007153	 0.638520	 0.641859	 0.000000	 0.003245	 0.003245	 90.000000	 0.638700	 0.007380	 0.638742	 0.662000	 81794.404742	
221.839357	 1.000000	 0.000000	 -0.000000	 0.000000	 -90.000000	 0.638939	 0.008177	 0.638991	 0.733194	 0.000000	 0.003228	 0.003228	 90.000000	 0.638939	 0.008177	 0.638991	 0.733194	 81795.858458	
201.763052	 1.000000	 0.000000	 -0.000000	 0.000000	 -90.000000	 0.638901	 0.010028	 0.638979	 0.899213	 0.000000	 0.003231	 0.003231	 90.000000	 0.638901	 0.010028	 0.638979	 0.899213	 81797.295815	
181.686747	 1.000000	 0.000000	 -0.000000	 0.000000	 -90.000000	 0.639328	 0.011499	 0.639431	 1.030403	 0.000000	 0.003242	 0.003242	 90.000000	 0.639328	 0.011499	 0.639431	 1.030403	 81798.758732	
161.610442	 1.000000	 0.000000	 -0.000000	 0.000000	 -90.000000	 0.639435	 0.013609	 0.639580	 1.219210	 0.000000	 0.003204	 0.003204	 90.000000	 0.639435	 0.013609	 0.639580	 1.219210	 81800.200893	
141.534137	 1.000000	 0.000000	 -0.000000	 0.000000	 -90.000000	 0.639633	 0.016529	 0.639846	 1.480306	 0.000000	 0.003272	 0.003272	 90.000000	 0.639690	 0.016458	 0.639902	 1.473823	 81801.662002	
121.457831	 1.000000	 0.000000	 -0.000000	 0.000000	 -90.000000	 0.639059	 0.020137	 0.639376	 1.804833	 0.000000	 0.003257	 0.003257	 90.000000	 0.639059	 0.020137	 0.639376	 1.804833	 81803.079451	
101.381526	 1.000000	 0.000000	 -0.000001	 0.000001	 -90.000000	 0.638915	 0.024786	 0.639396	 2.221617	 0.000000	 0.003653	 0.003653	 90.000000	 0.638915	 0.024786	 0.639396	 2.221617	 81804.507194	
81.305221	 1.000000	 0.000000	 -0.000000	 0.000000	 -90.000000	 0.637693	 0.032103	 0.638501	 2.881932	 0.000000	 0.003305	 0.003305	 90.000000	 0.637693	 0.032103	 0.638501	 2.881932	 81805.931633	
61.228916	 1.000000	 0.000000	 -0.000000	 0.000000	 -90.000000	 0.633963	 0.047039	 0.635706	 4.243456	 0.000000	 0.003299	 0.003299	 90.000000	 0.633963	 0.047039	 0.635706	 4.243456	 81807.342771	
41.152610	 1.000000	 0.000000	 -0.000001	 0.000001	 -90.000000	 0.638179	 0.055651	 0.640601	 4.983753	 0.000000	 0.003151	 0.003151	 90.000000	 0.638179	 0.055651	 0.640601	 4.983753	 81808.770515	
21.076305	 1.000000	 0.000000	 -0.000000	 0.000000	 -90.000000	 0.599681	 0.111576	 0.609973	 10.539842	 0.000000	 0.003777	 0.003777	 90.000000	 0.599681	 0.111576	 0.609973	 10.539842	 81810.235220	
1.000000	 1.000000	 0.000000	 -0.000000	 0.000000	 -90.000000	 0.375440	 0.050984	 0.378886	 7.733305	 0.000000	 0.396396	 0.396396	 90.000000	 0.375440	 0.050984	 0.378886	 7.733305	 81811.670349	
