# Oscilator_frequency (Hz)	DemodAll_A (-)	Demod_1_X_A (A)	Demod_1_Y_A (A)	Demod_1__R_A (A)	Demod_1__Theta_A (deg)	Demod_2_X_A (A)	Demod_2_Y_A (A)	Demod_2__R_A (A)	Demod_2__Theta_A (deg)	Demod_3_X_A (V)	Demod_3_Y_A (V)	Demod_3__R_A (V)	Demod_3__Theta_A (deg)	Demod_4_X_A (V)	Demod_4_Y_A (V)	Demod_4__R_A (V)	Demod_4__Theta_A (deg)	Timer_GET (s)	
5000.000000	 1.000000	 0.000000	 -0.000000	 0.000000	 -90.000000	 0.966931	 -0.007142	 0.966958	 -0.423197	 0.000000	 0.007750	 0.007750	 90.000000	 0.966931	 -0.007142	 0.966958	 -0.423197	 170216.442375	
4979.923695	 1.000000	 0.000000	 -0.000000	 0.000000	 -90.000000	 0.966962	 -0.007139	 0.966988	 -0.422999	 0.000000	 0.007705	 0.007705	 90.000000	 0.966962	 -0.007139	 0.966988	 -0.422999	 170217.863198	
4959.847390	 1.000000	 0.000000	 -0.000000	 0.000000	 -90.000000	 0.966972	 -0.007139	 0.966998	 -0.422969	 0.000000	 0.006873	 0.006873	 90.000000	 0.966972	 -0.007139	 0.966998	 -0.422969	 170219.300193	
4939.771084	 1.000000	 0.000000	 -0.000000	 0.000000	 -90.000000	 0.966922	 -0.007136	 0.966948	 -0.422841	 0.000000	 0.008665	 0.008665	 90.000000	 0.966922	 -0.007136	 0.966948	 -0.422841	 170220.756392	
4919.694779	 1.000000	 0.000000	 -0.000000	 0.000000	 -90.000000	 0.966990	 -0.007135	 0.967016	 -0.422764	 0.000000	 0.007034	 0.007034	 90.000000	 0.966990	 -0.007135	 0.967016	 -0.422764	 170222.189839	
4899.618474	 1.000000	 0.000000	 -0.000000	 0.000000	 -90.000000	 0.966971	 -0.007128	 0.966997	 -0.422361	 0.000000	 0.006481	 0.006481	 90.000000	 0.966971	 -0.007128	 0.966997	 -0.422361	 170223.702025	
4879.542169	 1.000000	 0.000000	 -0.000000	 0.000000	 -90.000000	 0.967002	 -0.007128	 0.967029	 -0.422341	 0.000000	 0.006215	 0.006215	 90.000000	 0.967002	 -0.007128	 0.967029	 -0.422341	 170225.175467	
4859.465863	 1.000000	 0.000000	 -0.000000	 0.000000	 -90.000000	 0.966979	 -0.007125	 0.967006	 -0.422185	 0.000000	 0.005957	 0.005957	 90.000000	 0.966979	 -0.007125	 0.967006	 -0.422185	 170226.613111	
4839.389558	 1.000000	 0.000000	 -0.000000	 0.000000	 -90.000000	 0.967003	 -0.007122	 0.967029	 -0.422006	 0.000000	 0.005733	 0.005733	 90.000000	 0.967003	 -0.007123	 0.967030	 -0.422013	 170228.094076	
4819.313253	 1.000000	 0.000000	 -0.000000	 0.000000	 -90.000000	 0.966992	 -0.007121	 0.967019	 -0.421941	 0.000000	 0.005568	 0.005568	 90.000000	 0.966992	 -0.007121	 0.967019	 -0.421941	 170229.545096	
4799.236948	 1.000000	 0.000000	 -0.000000	 0.000000	 -90.000000	 0.967011	 -0.007116	 0.967037	 -0.421639	 0.000000	 0.005326	 0.005326	 90.000000	 0.967011	 -0.007116	 0.967037	 -0.421639	 170231.024889	
4779.160643	 1.000000	 0.000000	 -0.000000	 0.000000	 -90.000000	 0.967045	 -0.007115	 0.967071	 -0.421520	 0.000000	 0.005127	 0.005127	 90.000000	 0.967044	 -0.007115	 0.967070	 -0.421528	 170232.472565	
4759.084337	 1.000000	 0.000000	 -0.000000	 0.000000	 -90.000000	 0.967036	 -0.007112	 0.967063	 -0.421343	 0.000000	 0.004909	 0.004909	 90.000000	 0.967036	 -0.007112	 0.967063	 -0.421343	 170233.897413	
4739.008032	 1.000000	 0.000000	 -0.000000	 0.000000	 -90.000000	 0.967096	 -0.007111	 0.967122	 -0.421264	 0.000000	 0.004778	 0.004778	 90.000000	 0.967096	 -0.007111	 0.967122	 -0.421264	 170235.358507	
4718.931727	 1.000000	 0.000000	 -0.000000	 0.000000	 -90.000000	 0.967081	 -0.007109	 0.967107	 -0.421149	 0.000000	 0.004606	 0.004606	 90.000000	 0.967082	 -0.007109	 0.967108	 -0.421152	 170236.814163	
4698.855422	 1.000000	 0.000000	 -0.000000	 0.000000	 -90.000000	 0.967137	 -0.007101	 0.967163	 -0.420699	 0.000000	 0.004476	 0.004476	 90.000000	 0.967137	 -0.007101	 0.967163	 -0.420699	 170238.250401	
4678.779116	 1.000000	 0.000000	 -0.000000	 0.000000	 -90.000000	 0.967153	 -0.007103	 0.967179	 -0.420786	 0.000000	 0.004330	 0.004330	 90.000000	 0.967153	 -0.007103	 0.967179	 -0.420767	 170239.672717	
4658.702811	 1.000000	 0.000000	 -0.000000	 0.000000	 -90.000000	 0.967147	 -0.007099	 0.967174	 -0.420558	 0.000000	 0.004176	 0.004176	 90.000000	 0.967148	 -0.007099	 0.967174	 -0.420564	 170241.088007	
4638.626506	 1.000000	 0.000000	 -0.000000	 0.000000	 -90.000000	 0.967137	 -0.007096	 0.967163	 -0.420388	 0.000000	 0.004078	 0.004078	 90.000000	 0.967137	 -0.007096	 0.967163	 -0.420388	 170242.532400	
4618.550201	 1.000000	 0.000000	 -0.000000	 0.000000	 -90.000000	 0.967177	 -0.007097	 0.967203	 -0.420401	 0.000000	 0.003933	 0.003933	 90.000000	 0.967177	 -0.007097	 0.967203	 -0.420401	 170243.978390	
4598.473896	 1.000000	 0.000000	 -0.000000	 0.000000	 -90.000000	 0.967182	 -0.007093	 0.967208	 -0.420170	 0.000000	 0.003887	 0.003887	 90.000000	 0.967182	 -0.007093	 0.967208	 -0.420170	 170245.410254	
4578.397590	 1.000000	 0.000000	 -0.000000	 0.000000	 -90.000000	 0.967208	 -0.007093	 0.967234	 -0.420184	 0.000000	 0.003760	 0.003760	 90.000000	 0.967208	 -0.007093	 0.967234	 -0.420191	 170246.879916	
4558.321285	 1.000000	 0.000000	 -0.000000	 0.000000	 -90.000000	 0.967176	 -0.007088	 0.967202	 -0.419882	 0.000000	 0.003698	 0.003698	 90.000000	 0.967176	 -0.007088	 0.967202	 -0.419882	 170248.319573	
4538.244980	 1.000000	 0.000000	 -0.000000	 0.000000	 -90.000000	 0.967206	 -0.007088	 0.967232	 -0.419860	 0.000000	 0.003588	 0.003588	 90.000000	 0.967206	 -0.007088	 0.967232	 -0.419860	 170249.747906	
4518.168675	 1.000000	 0.000000	 -0.000000	 0.000000	 -90.000000	 0.967206	 -0.007084	 0.967232	 -0.419640	 0.000000	 0.003452	 0.003452	 90.000000	 0.967207	 -0.007084	 0.967232	 -0.419637	 170251.179631	
4498.092369	 1.000000	 0.000000	 -0.000000	 0.000000	 -90.000000	 0.967238	 -0.007080	 0.967264	 -0.419414	 0.000000	 0.003452	 0.003452	 90.000000	 0.967238	 -0.007080	 0.967264	 -0.419414	 170252.680139	
4478.016064	 1.000000	 0.000000	 -0.000000	 0.000000	 -90.000000	 0.967262	 -0.007079	 0.967288	 -0.419322	 0.000000	 0.003311	 0.003311	 90.000000	 0.967262	 -0.007079	 0.967288	 -0.419322	 170254.094124	
4457.939759	 1.000000	 0.000000	 -0.000000	 0.000000	 -90.000000	 0.967307	 -0.007077	 0.967333	 -0.419200	 0.000000	 0.003249	 0.003249	 90.000000	 0.967307	 -0.007077	 0.967333	 -0.419200	 170255.541462	
4437.863454	 1.000000	 0.000000	 -0.000000	 0.000000	 -90.000000	 0.967279	 -0.007073	 0.967305	 -0.418958	 0.000000	 0.003169	 0.003169	 90.000000	 0.967279	 -0.007073	 0.967305	 -0.418958	 170256.974151	
4417.787149	 1.000000	 0.000000	 -0.000000	 0.000000	 -90.000000	 0.967317	 -0.007072	 0.967343	 -0.418889	 0.000000	 0.003115	 0.003115	 90.000000	 0.967317	 -0.007072	 0.967343	 -0.418889	 170258.428498	
4397.710843	 1.000000	 0.000000	 -0.000000	 0.000000	 -90.000000	 0.967345	 -0.007073	 0.967370	 -0.418954	 0.000000	 0.003052	 0.003052	 90.000000	 0.967345	 -0.007073	 0.967370	 -0.418954	 170259.890240	
4377.634538	 1.000000	 0.000000	 -0.000000	 0.000000	 -90.000000	 0.967372	 -0.007069	 0.967398	 -0.418699	 0.000000	 0.003010	 0.003010	 90.000000	 0.967372	 -0.007069	 0.967398	 -0.418699	 170261.336456	
4357.558233	 1.000000	 0.000000	 -0.000000	 0.000000	 -90.000000	 0.967342	 -0.007063	 0.967368	 -0.418357	 0.000000	 0.002934	 0.002934	 90.000000	 0.967342	 -0.007063	 0.967368	 -0.418357	 170262.785890	
4337.481928	 1.000000	 0.000000	 -0.000000	 0.000000	 -90.000000	 0.967347	 -0.007065	 0.967373	 -0.418424	 0.000000	 0.002906	 0.002906	 90.000000	 0.967347	 -0.007065	 0.967373	 -0.418424	 170264.214136	
4317.405622	 1.000000	 0.000000	 -0.000000	 0.000000	 -90.000000	 0.967346	 -0.007067	 0.967372	 -0.418597	 0.000000	 0.002838	 0.002838	 90.000000	 0.967346	 -0.007067	 0.967372	 -0.418597	 170265.643174	
4297.329317	 1.000000	 0.000000	 -0.000000	 0.000000	 -90.000000	 0.967380	 -0.007059	 0.967405	 -0.418107	 0.000000	 0.002769	 0.002769	 90.000000	 0.967380	 -0.007059	 0.967405	 -0.418107	 170267.103144	
4277.253012	 1.000000	 0.000000	 -0.000000	 0.000000	 -90.000000	 0.967408	 -0.007059	 0.967434	 -0.418071	 0.000000	 0.002764	 0.002764	 90.000000	 0.967408	 -0.007059	 0.967434	 -0.418071	 170268.563367	
4257.176707	 1.000000	 0.000000	 -0.000000	 0.000000	 -90.000000	 0.967428	 -0.007061	 0.967454	 -0.418188	 0.000000	 0.002693	 0.002693	 90.000000	 0.967428	 -0.007061	 0.967454	 -0.418188	 170270.007010	
4237.100402	 1.000000	 0.000000	 -0.000000	 0.000000	 -90.000000	 0.967413	 -0.007056	 0.967439	 -0.417877	 0.000000	 0.002662	 0.002662	 90.000000	 0.967415	 -0.007056	 0.967440	 -0.417909	 170271.456437	
4217.024096	 1.000000	 0.000000	 -0.000000	 0.000000	 -90.000000	 0.967458	 -0.007054	 0.967484	 -0.417723	 0.000000	 0.002581	 0.002581	 90.000000	 0.967458	 -0.007054	 0.967484	 -0.417723	 170272.884690	
4196.947791	 1.000000	 0.000000	 -0.000000	 0.000000	 -90.000000	 0.967481	 -0.007046	 0.967506	 -0.417265	 0.000000	 0.002557	 0.002557	 90.000000	 0.967481	 -0.007046	 0.967506	 -0.417265	 170274.334757	
4176.871486	 1.000000	 0.000000	 -0.000000	 0.000000	 -90.000000	 0.967493	 -0.007052	 0.967518	 -0.417590	 0.000000	 0.002517	 0.002517	 90.000000	 0.967493	 -0.007052	 0.967518	 -0.417590	 170275.774488	
4156.795181	 1.000000	 0.000000	 -0.000000	 0.000000	 -90.000000	 0.967539	 -0.007048	 0.967565	 -0.417371	 0.000000	 0.002484	 0.002484	 90.000000	 0.967539	 -0.007048	 0.967565	 -0.417370	 170277.211336	
4136.718876	 1.000000	 0.000000	 -0.000000	 0.000000	 -90.000000	 0.967554	 -0.007050	 0.967579	 -0.417480	 0.000000	 0.002485	 0.002485	 90.000000	 0.967554	 -0.007050	 0.967579	 -0.417480	 170278.653396	
4116.642570	 1.000000	 0.000000	 -0.000000	 0.000000	 -90.000000	 0.967528	 -0.007047	 0.967554	 -0.417289	 0.000000	 0.002391	 0.002391	 90.000000	 0.967528	 -0.007047	 0.967554	 -0.417289	 170280.087241	
4096.566265	 1.000000	 0.000000	 -0.000000	 0.000000	 -90.000000	 0.967585	 -0.007046	 0.967610	 -0.417208	 0.000000	 0.002396	 0.002396	 90.000000	 0.967586	 -0.007046	 0.967611	 -0.417214	 170281.558760	
4076.489960	 1.000000	 0.000000	 -0.000000	 0.000000	 -90.000000	 0.967590	 -0.007042	 0.967616	 -0.417000	 0.000000	 0.002303	 0.002303	 90.000000	 0.967590	 -0.007042	 0.967616	 -0.417000	 170282.977567	
4056.413655	 1.000000	 0.000000	 -0.000000	 0.000000	 -90.000000	 0.967625	 -0.007042	 0.967651	 -0.416959	 0.000000	 0.002302	 0.002302	 90.000000	 0.967625	 -0.007042	 0.967651	 -0.416959	 170284.420472	
4036.337349	 1.000000	 0.000000	 -0.000000	 0.000000	 -90.000000	 0.967601	 -0.007041	 0.967626	 -0.416909	 0.000000	 0.002317	 0.002317	 90.000000	 0.967601	 -0.007041	 0.967626	 -0.416909	 170285.874815	
4016.261044	 1.000000	 0.000000	 -0.000000	 0.000000	 -90.000000	 0.967600	 -0.007039	 0.967626	 -0.416814	 0.000000	 0.002313	 0.002313	 90.000000	 0.967599	 -0.007039	 0.967625	 -0.416815	 170287.308396	
3996.184739	 1.000000	 0.000000	 -0.000000	 0.000000	 -90.000000	 0.967640	 -0.007032	 0.967666	 -0.416382	 0.000000	 0.002264	 0.002264	 90.000000	 0.967640	 -0.007032	 0.967665	 -0.416385	 170288.771897	
3976.108434	 1.000000	 0.000000	 -0.000000	 0.000000	 -90.000000	 0.967699	 -0.007040	 0.967724	 -0.416795	 0.000000	 0.002267	 0.002267	 90.000000	 0.967699	 -0.007040	 0.967724	 -0.416795	 170290.216277	
3956.032129	 1.000000	 0.000000	 -0.000000	 0.000000	 -90.000000	 0.967689	 -0.007035	 0.967714	 -0.416527	 0.000000	 0.002259	 0.002259	 90.000000	 0.967683	 -0.007034	 0.967708	 -0.416495	 170291.664099	
3935.955823	 1.000000	 0.000000	 -0.000000	 0.000000	 -90.000000	 0.967686	 -0.007033	 0.967711	 -0.416411	 0.000000	 0.002225	 0.002225	 90.000000	 0.967686	 -0.007033	 0.967711	 -0.416411	 170293.065290	
3915.879518	 1.000000	 0.000000	 -0.000000	 0.000000	 -90.000000	 0.967711	 -0.007028	 0.967737	 -0.416086	 0.000000	 0.002224	 0.002224	 90.000000	 0.967711	 -0.007028	 0.967737	 -0.416086	 170294.515098	
3895.803213	 1.000000	 0.000000	 -0.000000	 0.000000	 -90.000000	 0.967731	 -0.007030	 0.967757	 -0.416236	 0.000000	 0.002185	 0.002185	 90.000000	 0.967732	 -0.007030	 0.967758	 -0.416238	 170295.921191	
3875.726908	 1.000000	 0.000000	 -0.000000	 0.000000	 -90.000000	 0.967757	 -0.007031	 0.967782	 -0.416237	 0.000000	 0.002155	 0.002155	 90.000000	 0.967758	 -0.007031	 0.967783	 -0.416232	 170297.370462	
3855.650602	 1.000000	 0.000000	 -0.000000	 0.000000	 -90.000000	 0.967783	 -0.007026	 0.967808	 -0.415978	 0.000000	 0.002157	 0.002157	 90.000000	 0.967783	 -0.007026	 0.967808	 -0.415978	 170298.828685	
3835.574297	 1.000000	 0.000000	 -0.000000	 0.000000	 -90.000000	 0.967768	 -0.007027	 0.967794	 -0.416021	 0.000000	 0.002180	 0.002180	 90.000000	 0.967768	 -0.007027	 0.967794	 -0.416021	 170300.296551	
3815.497992	 1.000000	 0.000000	 -0.000000	 0.000000	 -90.000000	 0.967779	 -0.007028	 0.967804	 -0.416097	 0.000000	 0.002102	 0.002102	 90.000000	 0.967779	 -0.007028	 0.967804	 -0.416099	 170301.763451	
3795.421687	 1.000000	 0.000000	 -0.000000	 0.000000	 -90.000000	 0.967847	 -0.007032	 0.967873	 -0.416257	 0.000000	 0.002135	 0.002135	 90.000000	 0.967847	 -0.007032	 0.967873	 -0.416257	 170303.242583	
3775.345382	 1.000000	 0.000000	 -0.000000	 0.000000	 -90.000000	 0.967865	 -0.007027	 0.967891	 -0.415975	 0.000000	 0.002092	 0.002092	 90.000000	 0.967866	 -0.007027	 0.967892	 -0.415968	 170304.677183	
3755.269076	 1.000000	 0.000000	 -0.000000	 0.000000	 -90.000000	 0.967897	 -0.007026	 0.967923	 -0.415923	 0.000000	 0.002071	 0.002071	 90.000000	 0.967897	 -0.007026	 0.967923	 -0.415923	 170306.094483	
3735.192771	 1.000000	 0.000000	 -0.000000	 0.000000	 -90.000000	 0.967919	 -0.007021	 0.967944	 -0.415604	 0.000000	 0.002070	 0.002070	 90.000000	 0.967920	 -0.007021	 0.967945	 -0.415615	 170307.528698	
3715.116466	 1.000000	 0.000000	 -0.000000	 0.000000	 -90.000000	 0.967934	 -0.007024	 0.967960	 -0.415799	 0.000000	 0.002017	 0.002017	 90.000000	 0.967934	 -0.007024	 0.967960	 -0.415799	 170308.947264	
3695.040161	 1.000000	 0.000000	 -0.000000	 0.000000	 -90.000000	 0.967934	 -0.007015	 0.967960	 -0.415230	 0.000000	 0.002024	 0.002024	 90.000000	 0.967934	 -0.007015	 0.967960	 -0.415230	 170310.380538	
3674.963855	 1.000000	 0.000000	 -0.000000	 0.000000	 -90.000000	 0.967976	 -0.007024	 0.968002	 -0.415746	 0.000000	 0.001973	 0.001973	 90.000000	 0.967976	 -0.007024	 0.968002	 -0.415746	 170311.828555	
3654.887550	 1.000000	 0.000000	 -0.000000	 0.000000	 -90.000000	 0.968007	 -0.007027	 0.968033	 -0.415932	 0.000000	 0.001920	 0.001920	 90.000000	 0.968008	 -0.007028	 0.968033	 -0.415963	 170313.262685	
3634.811245	 1.000000	 0.000000	 -0.000000	 0.000000	 -90.000000	 0.968046	 -0.007023	 0.968071	 -0.415683	 0.000000	 0.001913	 0.001913	 90.000000	 0.968046	 -0.007023	 0.968071	 -0.415683	 170314.701611	
3614.734940	 1.000000	 0.000000	 -0.000000	 0.000000	 -90.000000	 0.968050	 -0.007030	 0.968076	 -0.416075	 0.000000	 0.001949	 0.001949	 90.000000	 0.968050	 -0.007030	 0.968076	 -0.416075	 170316.136663	
3594.658635	 1.000000	 0.000000	 -0.000000	 0.000000	 -90.000000	 0.968106	 -0.007014	 0.968132	 -0.415125	 0.000000	 0.001908	 0.001908	 90.000000	 0.968106	 -0.007014	 0.968132	 -0.415125	 170317.591424	
3574.582329	 1.000000	 0.000000	 -0.000000	 0.000000	 -90.000000	 0.968088	 -0.007015	 0.968113	 -0.415169	 0.000000	 0.001934	 0.001934	 90.000000	 0.968088	 -0.007015	 0.968113	 -0.415169	 170319.040521	
3554.506024	 1.000000	 0.000000	 -0.000000	 0.000000	 -90.000000	 0.968105	 -0.007028	 0.968130	 -0.415935	 0.000000	 0.001991	 0.001991	 90.000000	 0.968105	 -0.007028	 0.968130	 -0.415935	 170320.478668	
3534.429719	 1.000000	 0.000000	 -0.000000	 0.000000	 -90.000000	 0.968131	 -0.007021	 0.968156	 -0.415507	 0.000000	 0.001950	 0.001950	 90.000000	 0.968131	 -0.007021	 0.968156	 -0.415507	 170321.907456	
3514.353414	 1.000000	 0.000000	 -0.000000	 0.000000	 -90.000000	 0.968137	 -0.007015	 0.968162	 -0.415170	 0.000000	 0.001927	 0.001927	 90.000000	 0.968137	 -0.007015	 0.968162	 -0.415170	 170323.350405	
3494.277108	 1.000000	 0.000000	 -0.000000	 0.000000	 -90.000000	 0.968175	 -0.007020	 0.968200	 -0.415436	 0.000000	 0.001936	 0.001936	 90.000000	 0.968175	 -0.007020	 0.968200	 -0.415436	 170324.806165	
3474.200803	 1.000000	 0.000000	 -0.000000	 0.000000	 -90.000000	 0.968202	 -0.007019	 0.968228	 -0.415357	 0.000000	 0.001928	 0.001928	 90.000000	 0.968202	 -0.007019	 0.968228	 -0.415358	 170326.214147	
3454.124498	 1.000000	 0.000000	 -0.000000	 0.000000	 -90.000000	 0.968215	 -0.007013	 0.968240	 -0.415017	 0.000000	 0.001865	 0.001865	 90.000000	 0.968215	 -0.007013	 0.968240	 -0.415017	 170327.648383	
3434.048193	 1.000000	 0.000000	 -0.000000	 0.000000	 -90.000000	 0.968224	 -0.007015	 0.968249	 -0.415107	 0.000000	 0.001877	 0.001877	 90.000000	 0.968224	 -0.007015	 0.968249	 -0.415107	 170329.077224	
3413.971888	 1.000000	 0.000000	 -0.000000	 0.000000	 -90.000000	 0.968281	 -0.007016	 0.968307	 -0.415154	 0.000000	 0.001855	 0.001855	 90.000000	 0.968281	 -0.007016	 0.968307	 -0.415154	 170330.521046	
3393.895582	 1.000000	 0.000000	 -0.000000	 0.000000	 -90.000000	 0.968308	 -0.007010	 0.968334	 -0.414800	 0.000000	 0.001845	 0.001845	 90.000000	 0.968309	 -0.007010	 0.968334	 -0.414799	 170331.977277	
3373.819277	 1.000000	 0.000000	 -0.000000	 0.000000	 -90.000000	 0.968292	 -0.007014	 0.968318	 -0.415054	 0.000000	 0.001813	 0.001813	 90.000000	 0.968291	 -0.007015	 0.968316	 -0.415076	 170333.417063	
3353.742972	 1.000000	 0.000000	 -0.000000	 0.000000	 -90.000000	 0.968361	 -0.007015	 0.968387	 -0.415071	 0.000000	 0.001842	 0.001842	 90.000000	 0.968362	 -0.007015	 0.968387	 -0.415067	 170334.875948	
3333.666667	 1.000000	 0.000000	 -0.000000	 0.000000	 -90.000000	 0.968356	 -0.007021	 0.968382	 -0.415382	 0.000000	 0.001857	 0.001857	 90.000000	 0.968356	 -0.007021	 0.968382	 -0.415382	 170336.299932	
3313.590361	 1.000000	 0.000000	 -0.000000	 0.000000	 -90.000000	 0.968358	 -0.007017	 0.968383	 -0.415179	 0.000000	 0.001857	 0.001857	 90.000000	 0.968358	 -0.007017	 0.968383	 -0.415179	 170337.736958	
3293.514056	 1.000000	 0.000000	 -0.000000	 0.000000	 -90.000000	 0.968420	 -0.007024	 0.968445	 -0.415590	 0.000000	 0.001839	 0.001839	 90.000000	 0.968420	 -0.007024	 0.968445	 -0.415590	 170339.187369	
3273.437751	 1.000000	 0.000000	 -0.000000	 0.000000	 -90.000000	 0.968421	 -0.007015	 0.968446	 -0.415015	 0.000000	 0.001770	 0.001770	 90.000000	 0.968421	 -0.007015	 0.968446	 -0.415015	 170340.600695	
3253.361446	 1.000000	 0.000000	 -0.000000	 0.000000	 -90.000000	 0.968440	 -0.007012	 0.968465	 -0.414851	 0.000000	 0.001784	 0.001784	 90.000000	 0.968440	 -0.007012	 0.968465	 -0.414851	 170342.026028	
3233.285141	 1.000000	 0.000000	 -0.000000	 0.000000	 -90.000000	 0.968494	 -0.007021	 0.968519	 -0.415330	 0.000000	 0.001820	 0.001820	 90.000000	 0.968494	 -0.007021	 0.968519	 -0.415330	 170343.465374	
3213.208835	 1.000000	 0.000000	 -0.000000	 0.000000	 -90.000000	 0.968512	 -0.007020	 0.968537	 -0.415258	 0.000000	 0.001796	 0.001796	 90.000000	 0.968512	 -0.007020	 0.968537	 -0.415258	 170344.877951	
3193.132530	 1.000000	 0.000000	 -0.000000	 0.000000	 -90.000000	 0.968520	 -0.007020	 0.968545	 -0.415281	 0.000000	 0.001754	 0.001754	 90.000000	 0.968520	 -0.007020	 0.968545	 -0.415281	 170346.281960	
3173.056225	 1.000000	 0.000000	 -0.000000	 0.000000	 -90.000000	 0.968523	 -0.007022	 0.968549	 -0.415396	 0.000000	 0.001730	 0.001730	 90.000000	 0.968523	 -0.007022	 0.968549	 -0.415396	 170347.705944	
3152.979920	 1.000000	 0.000000	 -0.000000	 0.000000	 -90.000000	 0.968545	 -0.007022	 0.968571	 -0.415403	 0.000000	 0.001781	 0.001781	 90.000000	 0.968545	 -0.007022	 0.968571	 -0.415403	 170349.135893	
3132.903614	 1.000000	 0.000000	 -0.000000	 0.000000	 -90.000000	 0.968558	 -0.007022	 0.968583	 -0.415360	 0.000000	 0.001757	 0.001757	 90.000000	 0.968558	 -0.007022	 0.968584	 -0.415362	 170350.553550	
3112.827309	 1.000000	 0.000000	 -0.000000	 0.000000	 -90.000000	 0.968607	 -0.007023	 0.968632	 -0.415403	 0.000000	 0.001748	 0.001748	 90.000000	 0.968607	 -0.007023	 0.968632	 -0.415403	 170352.009332	
3092.751004	 1.000000	 0.000000	 -0.000000	 0.000000	 -90.000000	 0.968638	 -0.007022	 0.968663	 -0.415360	 0.000000	 0.001740	 0.001740	 90.000000	 0.968638	 -0.007022	 0.968664	 -0.415344	 170353.438554	
3072.674699	 1.000000	 0.000000	 -0.000000	 0.000000	 -90.000000	 0.968663	 -0.007021	 0.968688	 -0.415305	 0.000000	 0.001754	 0.001754	 90.000000	 0.968663	 -0.007021	 0.968688	 -0.415305	 170354.885660	
3052.598394	 1.000000	 0.000000	 -0.000000	 0.000000	 -90.000000	 0.968688	 -0.007012	 0.968713	 -0.414735	 0.000000	 0.001735	 0.001735	 90.000000	 0.968688	 -0.007012	 0.968713	 -0.414735	 170356.323113	
3032.522088	 1.000000	 0.000000	 -0.000000	 0.000000	 -90.000000	 0.968733	 -0.007025	 0.968759	 -0.415497	 0.000000	 0.001714	 0.001714	 90.000000	 0.968734	 -0.007025	 0.968759	 -0.415505	 170357.762485	
3012.445783	 1.000000	 0.000000	 -0.000000	 0.000000	 -90.000000	 0.968741	 -0.007027	 0.968767	 -0.415586	 0.000000	 0.001681	 0.001681	 90.000000	 0.968742	 -0.007027	 0.968767	 -0.415589	 170359.211862	
2992.369478	 1.000000	 0.000000	 -0.000000	 0.000000	 -90.000000	 0.968767	 -0.007027	 0.968793	 -0.415594	 0.000000	 0.001712	 0.001712	 90.000000	 0.968766	 -0.007027	 0.968792	 -0.415585	 170360.627213	
2972.293173	 1.000000	 0.000000	 -0.000000	 0.000000	 -90.000000	 0.968797	 -0.007034	 0.968823	 -0.415986	 0.000000	 0.001672	 0.001672	 90.000000	 0.968797	 -0.007034	 0.968823	 -0.415989	 170362.078885	
2952.216867	 1.000000	 0.000000	 -0.000000	 0.000000	 -90.000000	 0.968831	 -0.007039	 0.968857	 -0.416298	 0.000000	 0.001677	 0.001677	 90.000000	 0.968831	 -0.007039	 0.968857	 -0.416298	 170363.535537	
2932.140562	 1.000000	 0.000000	 -0.000000	 0.000000	 -90.000000	 0.968868	 -0.007032	 0.968893	 -0.415870	 0.000000	 0.001703	 0.001703	 90.000000	 0.968868	 -0.007032	 0.968893	 -0.415870	 170364.999384	
2912.064257	 1.000000	 0.000000	 -0.000000	 0.000000	 -90.000000	 0.968900	 -0.007040	 0.968925	 -0.416308	 0.000000	 0.001691	 0.001691	 90.000000	 0.968901	 -0.007040	 0.968927	 -0.416308	 170366.419915	
2891.987952	 1.000000	 0.000000	 -0.000000	 0.000000	 -90.000000	 0.968911	 -0.007034	 0.968937	 -0.415926	 0.000000	 0.001702	 0.001702	 90.000000	 0.968911	 -0.007034	 0.968937	 -0.415926	 170367.880744	
2871.911647	 1.000000	 0.000000	 -0.000000	 0.000000	 -90.000000	 0.968956	 -0.007039	 0.968982	 -0.416198	 0.000000	 0.001672	 0.001672	 90.000000	 0.968956	 -0.007039	 0.968982	 -0.416193	 170369.284668	
2851.835341	 1.000000	 0.000000	 -0.000000	 0.000000	 -90.000000	 0.968957	 -0.007033	 0.968983	 -0.415880	 0.000000	 0.001724	 0.001724	 90.000000	 0.968957	 -0.007033	 0.968983	 -0.415892	 170370.718544	
2831.759036	 1.000000	 0.000000	 -0.000000	 0.000000	 -90.000000	 0.969043	 -0.007040	 0.969068	 -0.416256	 0.000000	 0.001701	 0.001701	 90.000000	 0.969043	 -0.007040	 0.969068	 -0.416256	 170372.133506	
2811.682731	 1.000000	 0.000000	 -0.000000	 0.000000	 -90.000000	 0.969038	 -0.007042	 0.969064	 -0.416380	 0.000000	 0.001707	 0.001707	 90.000000	 0.969038	 -0.007042	 0.969064	 -0.416380	 170373.566824	
2791.606426	 1.000000	 0.000000	 -0.000000	 0.000000	 -90.000000	 0.969073	 -0.007049	 0.969099	 -0.416774	 0.000000	 0.001738	 0.001738	 90.000000	 0.969073	 -0.007049	 0.969099	 -0.416774	 170375.008393	
2771.530120	 1.000000	 0.000000	 -0.000000	 0.000000	 -90.000000	 0.969128	 -0.007046	 0.969153	 -0.416568	 0.000000	 0.001684	 0.001684	 90.000000	 0.969128	 -0.007046	 0.969153	 -0.416568	 170376.444486	
2751.453815	 1.000000	 0.000000	 -0.000000	 0.000000	 -90.000000	 0.969098	 -0.007052	 0.969124	 -0.416901	 0.000000	 0.001667	 0.001667	 90.000000	 0.969098	 -0.007052	 0.969124	 -0.416901	 170377.885904	
2731.377510	 1.000000	 0.000000	 -0.000000	 0.000000	 -90.000000	 0.969149	 -0.007049	 0.969175	 -0.416736	 0.000000	 0.001637	 0.001637	 90.000000	 0.969149	 -0.007049	 0.969175	 -0.416736	 170379.323748	
2711.301205	 1.000000	 0.000000	 -0.000000	 0.000000	 -90.000000	 0.969182	 -0.007055	 0.969208	 -0.417050	 0.000000	 0.001638	 0.001638	 90.000000	 0.969182	 -0.007055	 0.969208	 -0.417050	 170380.746210	
2691.224900	 1.000000	 0.000000	 -0.000000	 0.000000	 -90.000000	 0.969215	 -0.007059	 0.969241	 -0.417298	 0.000000	 0.001659	 0.001659	 90.000000	 0.969215	 -0.007059	 0.969241	 -0.417298	 170382.203333	
2671.148594	 1.000000	 0.000000	 -0.000000	 0.000000	 -90.000000	 0.969240	 -0.007058	 0.969266	 -0.417195	 0.000000	 0.001665	 0.001665	 90.000000	 0.969240	 -0.007058	 0.969266	 -0.417195	 170383.616370	
2651.072289	 1.000000	 0.000000	 -0.000000	 0.000000	 -90.000000	 0.969315	 -0.007047	 0.969341	 -0.416513	 0.000000	 0.001632	 0.001632	 90.000000	 0.969315	 -0.007047	 0.969341	 -0.416513	 170385.059061	
2630.995984	 1.000000	 0.000000	 -0.000000	 0.000000	 -90.000000	 0.969326	 -0.007063	 0.969352	 -0.417460	 0.000000	 0.001678	 0.001678	 90.000000	 0.969326	 -0.007063	 0.969352	 -0.417460	 170386.482130	
2610.919679	 1.000000	 0.000000	 -0.000000	 0.000000	 -90.000000	 0.969377	 -0.007070	 0.969403	 -0.417872	 0.000000	 0.001632	 0.001632	 90.000000	 0.969377	 -0.007070	 0.969403	 -0.417872	 170387.926731	
2590.843373	 1.000000	 0.000000	 -0.000000	 0.000000	 -90.000000	 0.969384	 -0.007067	 0.969410	 -0.417715	 0.000000	 0.001659	 0.001659	 90.000000	 0.969384	 -0.007067	 0.969410	 -0.417706	 170389.348920	
2570.767068	 1.000000	 0.000000	 -0.000000	 0.000000	 -90.000000	 0.969422	 -0.007076	 0.969448	 -0.418188	 0.000000	 0.001647	 0.001647	 90.000000	 0.969422	 -0.007076	 0.969448	 -0.418188	 170390.824230	
2550.690763	 1.000000	 0.000000	 -0.000000	 0.000000	 -90.000000	 0.969477	 -0.007077	 0.969503	 -0.418216	 0.000000	 0.001662	 0.001662	 90.000000	 0.969477	 -0.007077	 0.969503	 -0.418216	 170392.272340	
2530.614458	 1.000000	 0.000000	 -0.000000	 0.000000	 -90.000000	 0.969513	 -0.007076	 0.969539	 -0.418186	 0.000000	 0.001647	 0.001647	 90.000000	 0.969513	 -0.007076	 0.969539	 -0.418185	 170393.713990	
2510.538153	 1.000000	 0.000000	 -0.000000	 0.000000	 -90.000000	 0.969531	 -0.007081	 0.969557	 -0.418483	 0.000000	 0.001613	 0.001613	 90.000000	 0.969531	 -0.007081	 0.969557	 -0.418483	 170395.135508	
2490.461847	 1.000000	 0.000000	 -0.000000	 0.000000	 -90.000000	 0.969576	 -0.007086	 0.969602	 -0.418706	 0.000000	 0.001669	 0.001669	 90.000000	 0.969576	 -0.007086	 0.969602	 -0.418706	 170396.532233	
2470.385542	 1.000000	 0.000000	 -0.000000	 0.000000	 -90.000000	 0.969612	 -0.007086	 0.969638	 -0.418698	 0.000000	 0.001699	 0.001699	 90.000000	 0.969612	 -0.007086	 0.969638	 -0.418692	 170397.976598	
2450.309237	 1.000000	 0.000000	 -0.000000	 0.000000	 -90.000000	 0.969659	 -0.007102	 0.969685	 -0.419621	 0.000000	 0.001680	 0.001680	 90.000000	 0.969659	 -0.007102	 0.969685	 -0.419621	 170399.390236	
2430.232932	 1.000000	 0.000000	 -0.000000	 0.000000	 -90.000000	 0.969695	 -0.007093	 0.969720	 -0.419067	 0.000000	 0.001700	 0.001700	 90.000000	 0.969695	 -0.007093	 0.969720	 -0.419067	 170400.797874	
2410.156627	 1.000000	 0.000000	 -0.000000	 0.000000	 -90.000000	 0.969722	 -0.007096	 0.969748	 -0.419278	 0.000000	 0.001687	 0.001687	 90.000000	 0.969723	 -0.007097	 0.969749	 -0.419313	 170402.246853	
2390.080321	 1.000000	 0.000000	 -0.000000	 0.000000	 -90.000000	 0.969777	 -0.007096	 0.969803	 -0.419231	 0.000000	 0.001687	 0.001687	 90.000000	 0.969777	 -0.007096	 0.969803	 -0.419231	 170403.674405	
2370.004016	 1.000000	 0.000000	 -0.000000	 0.000000	 -90.000000	 0.969807	 -0.007100	 0.969833	 -0.419433	 0.000000	 0.001639	 0.001639	 90.000000	 0.969807	 -0.007100	 0.969833	 -0.419433	 170405.108220	
2349.927711	 1.000000	 0.000000	 -0.000000	 0.000000	 -90.000000	 0.969863	 -0.007086	 0.969889	 -0.418629	 0.000000	 0.001643	 0.001643	 90.000000	 0.969863	 -0.007086	 0.969889	 -0.418629	 170406.555280	
2329.851406	 1.000000	 0.000000	 -0.000000	 0.000000	 -90.000000	 0.969861	 -0.007109	 0.969887	 -0.419994	 0.000000	 0.001666	 0.001666	 90.000000	 0.969861	 -0.007109	 0.969887	 -0.419994	 170407.979180	
2309.775100	 1.000000	 0.000000	 -0.000000	 0.000000	 -90.000000	 0.969917	 -0.007114	 0.969943	 -0.420224	 0.000000	 0.001630	 0.001630	 90.000000	 0.969917	 -0.007114	 0.969943	 -0.420224	 170409.405619	
2289.698795	 1.000000	 0.000000	 -0.000000	 0.000000	 -90.000000	 0.969974	 -0.007113	 0.970001	 -0.420143	 0.000000	 0.001632	 0.001632	 90.000000	 0.969974	 -0.007113	 0.970001	 -0.420143	 170410.846505	
2269.622490	 1.000000	 0.000000	 -0.000000	 0.000000	 -90.000000	 0.970003	 -0.007120	 0.970029	 -0.420553	 0.000000	 0.001649	 0.001649	 90.000000	 0.970003	 -0.007120	 0.970029	 -0.420553	 170412.283926	
2249.546185	 1.000000	 0.000000	 -0.000000	 0.000000	 -90.000000	 0.970033	 -0.007141	 0.970059	 -0.421755	 0.000000	 0.001671	 0.001671	 90.000000	 0.970033	 -0.007141	 0.970059	 -0.421755	 170413.712157	
2229.469880	 1.000000	 0.000000	 -0.000000	 0.000000	 -90.000000	 0.970065	 -0.007124	 0.970091	 -0.420784	 0.000000	 0.001643	 0.001643	 90.000000	 0.970065	 -0.007125	 0.970091	 -0.420796	 170415.148440	
2209.393574	 1.000000	 0.000000	 -0.000000	 0.000000	 -90.000000	 0.970131	 -0.007129	 0.970158	 -0.421009	 0.000000	 0.001591	 0.001591	 90.000000	 0.970131	 -0.007129	 0.970157	 -0.421028	 170416.573980	
2189.317269	 1.000000	 0.000000	 -0.000000	 0.000000	 -90.000000	 0.970151	 -0.007129	 0.970177	 -0.421004	 0.000000	 0.001613	 0.001613	 90.000000	 0.970153	 -0.007128	 0.970179	 -0.420979	 170417.999277	
2169.240964	 1.000000	 0.000000	 -0.000000	 0.000000	 -90.000000	 0.970212	 -0.007134	 0.970238	 -0.421263	 0.000000	 0.001631	 0.001631	 90.000000	 0.970212	 -0.007134	 0.970238	 -0.421263	 170419.432293	
2149.164659	 1.000000	 0.000000	 -0.000000	 0.000000	 -90.000000	 0.970209	 -0.007141	 0.970235	 -0.421677	 0.000000	 0.001564	 0.001564	 90.000000	 0.970209	 -0.007141	 0.970235	 -0.421677	 170420.874291	
2129.088353	 1.000000	 0.000000	 -0.000000	 0.000000	 -90.000000	 0.970288	 -0.007147	 0.970314	 -0.422002	 0.000000	 0.001555	 0.001555	 90.000000	 0.970288	 -0.007147	 0.970314	 -0.422002	 170422.319827	
2109.012048	 1.000000	 0.000000	 -0.000000	 0.000000	 -90.000000	 0.970345	 -0.007150	 0.970372	 -0.422174	 0.000000	 0.001563	 0.001563	 90.000000	 0.970345	 -0.007150	 0.970372	 -0.422174	 170423.757489	
2088.935743	 1.000000	 0.000000	 -0.000000	 0.000000	 -90.000000	 0.970403	 -0.007150	 0.970430	 -0.422162	 0.000000	 0.001619	 0.001619	 90.000000	 0.970403	 -0.007150	 0.970430	 -0.422162	 170425.221889	
2068.859438	 1.000000	 0.000000	 -0.000000	 0.000000	 -90.000000	 0.970436	 -0.007159	 0.970462	 -0.422680	 0.000000	 0.001561	 0.001561	 90.000000	 0.970436	 -0.007159	 0.970462	 -0.422680	 170426.643651	
2048.783133	 1.000000	 0.000000	 -0.000000	 0.000000	 -90.000000	 0.970449	 -0.007139	 0.970475	 -0.421494	 0.000000	 0.001531	 0.001531	 90.000000	 0.970449	 -0.007139	 0.970475	 -0.421494	 170428.084269	
2028.706827	 1.000000	 0.000000	 -0.000000	 0.000000	 -90.000000	 0.970538	 -0.007172	 0.970564	 -0.423404	 0.000000	 0.001575	 0.001575	 90.000000	 0.970538	 -0.007172	 0.970564	 -0.423404	 170429.503567	
2008.630522	 1.000000	 0.000000	 -0.000000	 0.000000	 -90.000000	 0.970571	 -0.007179	 0.970597	 -0.423774	 0.000000	 0.001570	 0.001570	 90.000000	 0.970570	 -0.007179	 0.970597	 -0.423783	 170430.941829	
1988.554217	 1.000000	 0.000000	 -0.000000	 0.000000	 -90.000000	 0.970599	 -0.007175	 0.970625	 -0.423558	 0.000000	 0.001553	 0.001553	 90.000000	 0.970599	 -0.007175	 0.970625	 -0.423558	 170432.348845	
1968.477912	 1.000000	 0.000000	 -0.000000	 0.000000	 -90.000000	 0.970691	 -0.007172	 0.970717	 -0.423347	 0.000000	 0.001530	 0.001530	 90.000000	 0.970691	 -0.007172	 0.970718	 -0.423335	 170433.859914	
1948.401606	 1.000000	 0.000000	 -0.000000	 0.000000	 -90.000000	 0.970664	 -0.007210	 0.970691	 -0.425570	 0.000000	 0.001514	 0.001514	 90.000000	 0.970664	 -0.007210	 0.970691	 -0.425570	 170435.272449	
1928.325301	 1.000000	 0.000000	 -0.000000	 0.000000	 -90.000000	 0.970789	 -0.007183	 0.970816	 -0.423949	 0.000000	 0.001518	 0.001518	 90.000000	 0.970790	 -0.007184	 0.970817	 -0.423969	 170436.707698	
1908.248996	 1.000000	 0.000000	 -0.000000	 0.000000	 -90.000000	 0.970877	 -0.007198	 0.970904	 -0.424762	 0.000000	 0.001515	 0.001515	 90.000000	 0.970877	 -0.007198	 0.970904	 -0.424762	 170438.128571	
1888.172691	 1.000000	 0.000000	 -0.000000	 0.000000	 -90.000000	 0.970923	 -0.007186	 0.970950	 -0.424050	 0.000000	 0.001546	 0.001546	 90.000000	 0.970923	 -0.007185	 0.970950	 -0.424003	 170439.581000	
1868.096386	 1.000000	 0.000000	 -0.000000	 0.000000	 -90.000000	 0.970970	 -0.007203	 0.970997	 -0.425007	 0.000000	 0.001530	 0.001530	 90.000000	 0.970970	 -0.007203	 0.970997	 -0.425007	 170441.042508	
1848.020080	 1.000000	 0.000000	 -0.000000	 0.000000	 -90.000000	 0.971052	 -0.007206	 0.971079	 -0.425193	 0.000000	 0.001504	 0.001504	 90.000000	 0.971052	 -0.007206	 0.971079	 -0.425193	 170442.485728	
1827.943775	 1.000000	 0.000000	 -0.000000	 0.000000	 -90.000000	 0.971094	 -0.007204	 0.971121	 -0.425029	 0.000000	 0.001503	 0.001503	 90.000000	 0.971095	 -0.007204	 0.971121	 -0.425049	 170443.960531	
1807.867470	 1.000000	 0.000000	 -0.000000	 0.000000	 -90.000000	 0.971147	 -0.007206	 0.971174	 -0.425118	 0.000000	 0.001555	 0.001555	 90.000000	 0.971147	 -0.007206	 0.971174	 -0.425118	 170445.407898	
1787.791165	 1.000000	 0.000000	 -0.000000	 0.000000	 -90.000000	 0.971226	 -0.007212	 0.971253	 -0.425424	 0.000000	 0.001632	 0.001632	 90.000000	 0.971226	 -0.007212	 0.971253	 -0.425424	 170446.830549	
1767.714859	 1.000000	 0.000000	 -0.000000	 0.000000	 -90.000000	 0.971289	 -0.007214	 0.971316	 -0.425528	 0.000000	 0.001566	 0.001566	 90.000000	 0.971289	 -0.007214	 0.971316	 -0.425528	 170448.283342	
1747.638554	 1.000000	 0.000000	 -0.000000	 0.000000	 -90.000000	 0.971324	 -0.007227	 0.971351	 -0.426310	 0.000000	 0.001601	 0.001601	 90.000000	 0.971324	 -0.007228	 0.971351	 -0.426344	 170449.724993	
1727.562249	 1.000000	 0.000000	 -0.000000	 0.000000	 -90.000000	 0.971354	 -0.007245	 0.971381	 -0.427370	 0.000000	 0.001589	 0.001589	 90.000000	 0.971354	 -0.007245	 0.971381	 -0.427370	 170451.183904	
1707.485944	 1.000000	 0.000000	 -0.000000	 0.000000	 -90.000000	 0.971445	 -0.007229	 0.971472	 -0.426364	 0.000000	 0.001570	 0.001570	 90.000000	 0.971445	 -0.007229	 0.971472	 -0.426364	 170452.608801	
1687.409639	 1.000000	 0.000000	 -0.000000	 0.000000	 -90.000000	 0.971551	 -0.007227	 0.971578	 -0.426187	 0.000000	 0.001581	 0.001581	 90.000000	 0.971551	 -0.007227	 0.971578	 -0.426187	 170454.079209	
1667.333333	 1.000000	 0.000000	 -0.000000	 0.000000	 -90.000000	 0.971600	 -0.007245	 0.971627	 -0.427242	 0.000000	 0.001521	 0.001521	 90.000000	 0.971600	 -0.007245	 0.971627	 -0.427242	 170455.558329	
1647.257028	 1.000000	 0.000000	 -0.000000	 0.000000	 -90.000000	 0.971606	 -0.007188	 0.971632	 -0.423875	 0.000000	 0.001554	 0.001554	 90.000000	 0.971606	 -0.007188	 0.971632	 -0.423875	 170457.013681	
1627.180723	 1.000000	 0.000000	 -0.000000	 0.000000	 -90.000000	 0.971657	 -0.007265	 0.971684	 -0.428406	 0.000000	 0.001560	 0.001560	 90.000000	 0.971657	 -0.007257	 0.971684	 -0.427925	 170458.475511	
1607.104418	 1.000000	 0.000000	 -0.000000	 0.000000	 -90.000000	 0.971813	 -0.007237	 0.971840	 -0.426672	 0.000000	 0.001510	 0.001510	 90.000000	 0.971813	 -0.007237	 0.971840	 -0.426672	 170459.892251	
1587.028112	 1.000000	 0.000000	 -0.000000	 0.000000	 -90.000000	 0.971856	 -0.007275	 0.971884	 -0.428914	 0.000000	 0.001540	 0.001540	 90.000000	 0.971856	 -0.007275	 0.971884	 -0.428914	 170461.323599	
1566.951807	 1.000000	 0.000000	 -0.000000	 0.000000	 -90.000000	 0.971915	 -0.007217	 0.971942	 -0.425472	 0.000000	 0.001483	 0.001483	 90.000000	 0.971914	 -0.007217	 0.971941	 -0.425461	 170462.758059	
1546.875502	 1.000000	 0.000000	 -0.000000	 0.000000	 -90.000000	 0.972017	 -0.007264	 0.972044	 -0.428192	 0.000000	 0.001520	 0.001520	 90.000000	 0.972018	 -0.007260	 0.972045	 -0.427922	 170464.245823	
1526.799197	 1.000000	 0.000000	 -0.000000	 0.000000	 -90.000000	 0.972095	 -0.007300	 0.972122	 -0.430257	 0.000000	 0.001460	 0.001460	 90.000000	 0.972095	 -0.007300	 0.972122	 -0.430257	 170465.669131	
1506.722892	 1.000000	 0.000000	 -0.000000	 0.000000	 -90.000000	 0.972137	 -0.007272	 0.972164	 -0.428610	 0.000000	 0.001476	 0.001476	 90.000000	 0.972137	 -0.007272	 0.972164	 -0.428610	 170467.123596	
1486.646586	 1.000000	 0.000000	 -0.000000	 0.000000	 -90.000000	 0.972275	 -0.007242	 0.972302	 -0.426739	 0.000000	 0.001466	 0.001466	 90.000000	 0.972275	 -0.007242	 0.972302	 -0.426739	 170468.570122	
1466.570281	 1.000000	 0.000000	 -0.000000	 0.000000	 -90.000000	 0.972424	 -0.007257	 0.972451	 -0.427602	 0.000000	 0.001485	 0.001485	 90.000000	 0.972424	 -0.007257	 0.972451	 -0.427602	 170470.008557	
1446.493976	 1.000000	 0.000000	 -0.000000	 0.000000	 -90.000000	 0.972415	 -0.007303	 0.972442	 -0.430306	 0.000000	 0.001518	 0.001518	 90.000000	 0.972415	 -0.007303	 0.972442	 -0.430306	 170471.452627	
1426.417671	 1.000000	 0.000000	 -0.000000	 0.000000	 -90.000000	 0.972526	 -0.007268	 0.972554	 -0.428178	 0.000000	 0.001546	 0.001546	 90.000000	 0.972526	 -0.007268	 0.972554	 -0.428177	 170472.927000	
1406.341365	 1.000000	 0.000000	 -0.000000	 0.000000	 -90.000000	 0.972627	 -0.007270	 0.972654	 -0.428270	 0.000000	 0.001548	 0.001548	 90.000000	 0.972627	 -0.007270	 0.972654	 -0.428270	 170474.357605	
1386.265060	 1.000000	 0.000000	 -0.000000	 0.000000	 -90.000000	 0.972739	 -0.007273	 0.972766	 -0.428365	 0.000000	 0.001530	 0.001530	 90.000000	 0.972739	 -0.007273	 0.972766	 -0.428365	 170475.855717	
1366.188755	 1.000000	 0.000000	 -0.000000	 0.000000	 -90.000000	 0.972814	 -0.007253	 0.972841	 -0.427175	 0.000000	 0.001511	 0.001511	 90.000000	 0.972814	 -0.007253	 0.972841	 -0.427175	 170477.299049	
1346.112450	 1.000000	 0.000000	 -0.000000	 0.000000	 -90.000000	 0.972899	 -0.007304	 0.972926	 -0.430147	 0.000000	 0.001511	 0.001511	 90.000000	 0.972899	 -0.007304	 0.972926	 -0.430147	 170478.733375	
1326.036145	 1.000000	 0.000000	 -0.000000	 0.000000	 -90.000000	 0.972962	 -0.007256	 0.972989	 -0.427269	 0.000000	 0.001518	 0.001518	 90.000000	 0.972962	 -0.007256	 0.972989	 -0.427269	 170480.200421	
1305.959839	 1.000000	 0.000000	 -0.000000	 0.000000	 -90.000000	 0.973105	 -0.007265	 0.973132	 -0.427728	 0.000000	 0.001548	 0.001548	 90.000000	 0.973105	 -0.007265	 0.973132	 -0.427728	 170481.639748	
1285.883534	 1.000000	 0.000000	 -0.000000	 0.000000	 -90.000000	 0.973205	 -0.007257	 0.973233	 -0.427237	 0.000000	 0.001506	 0.001506	 90.000000	 0.973205	 -0.007257	 0.973233	 -0.427237	 170483.115704	
1265.807229	 1.000000	 0.000000	 -0.000000	 0.000000	 -90.000000	 0.973303	 -0.007249	 0.973330	 -0.426692	 0.000000	 0.001568	 0.001568	 90.000000	 0.973303	 -0.007249	 0.973330	 -0.426692	 170484.560271	
1245.730924	 1.000000	 0.000000	 -0.000000	 0.000000	 -90.000000	 0.973408	 -0.007289	 0.973435	 -0.429034	 0.000000	 0.001590	 0.001590	 90.000000	 0.973408	 -0.007289	 0.973435	 -0.429034	 170486.035278	
1225.654618	 1.000000	 0.000000	 -0.000000	 0.000000	 -90.000000	 0.973498	 -0.007219	 0.973525	 -0.424885	 0.000000	 0.001550	 0.001550	 90.000000	 0.973498	 -0.007219	 0.973525	 -0.424885	 170487.472820	
1205.578313	 1.000000	 0.000000	 -0.000000	 0.000000	 -90.000000	 0.973667	 -0.007199	 0.973694	 -0.423624	 0.000000	 0.001539	 0.001539	 90.000000	 0.973667	 -0.007199	 0.973694	 -0.423624	 170488.919778	
1185.502008	 1.000000	 0.000000	 -0.000000	 0.000000	 -90.000000	 0.973735	 -0.007206	 0.973761	 -0.424030	 0.000000	 0.001500	 0.001500	 90.000000	 0.973735	 -0.007206	 0.973761	 -0.424030	 170490.363709	
1165.425703	 1.000000	 0.000000	 -0.000000	 0.000000	 -90.000000	 0.973860	 -0.007208	 0.973886	 -0.424043	 0.000000	 0.001492	 0.001492	 90.000000	 0.973860	 -0.007208	 0.973886	 -0.424043	 170491.796618	
1145.349398	 1.000000	 0.000000	 -0.000000	 0.000000	 -90.000000	 0.973946	 -0.007160	 0.973973	 -0.421226	 0.000000	 0.001576	 0.001576	 90.000000	 0.973946	 -0.007160	 0.973973	 -0.421226	 170493.248707	
1125.273092	 1.000000	 0.000000	 -0.000000	 0.000000	 -90.000000	 0.974169	 -0.007177	 0.974196	 -0.422079	 0.000000	 0.001555	 0.001555	 90.000000	 0.974169	 -0.007177	 0.974196	 -0.422079	 170494.692455	
1105.196787	 1.000000	 0.000000	 -0.000000	 0.000000	 -90.000000	 0.974309	 -0.007135	 0.974336	 -0.419583	 0.000000	 0.001556	 0.001556	 90.000000	 0.974309	 -0.007135	 0.974336	 -0.419583	 170496.222128	
1085.120482	 1.000000	 0.000000	 -0.000000	 0.000000	 -90.000000	 0.974409	 -0.007141	 0.974435	 -0.419877	 0.000000	 0.001542	 0.001542	 90.000000	 0.974409	 -0.007141	 0.974435	 -0.419877	 170497.728480	
1065.044177	 1.000000	 0.000000	 -0.000000	 0.000000	 -90.000000	 0.974553	 -0.007115	 0.974579	 -0.418305	 0.000000	 0.001578	 0.001578	 90.000000	 0.974553	 -0.007115	 0.974579	 -0.418305	 170499.217360	
1044.967871	 1.000000	 0.000000	 -0.000000	 0.000000	 -90.000000	 0.974672	 -0.007097	 0.974698	 -0.417185	 0.000000	 0.001531	 0.001531	 90.000000	 0.974668	 -0.007091	 0.974694	 -0.416842	 170500.627368	
1024.891566	 1.000000	 0.000000	 -0.000000	 0.000000	 -90.000000	 0.974864	 -0.007065	 0.974889	 -0.415199	 0.000000	 0.001526	 0.001526	 90.000000	 0.974864	 -0.007065	 0.974889	 -0.415199	 170502.066691	
1004.815261	 1.000000	 0.000000	 -0.000000	 0.000000	 -90.000000	 0.975046	 -0.007029	 0.975071	 -0.413015	 0.000000	 0.001524	 0.001524	 90.000000	 0.975046	 -0.007029	 0.975071	 -0.413015	 170503.494076	
984.738956	 1.000000	 0.000000	 -0.000000	 0.000000	 -90.000000	 0.975172	 -0.007010	 0.975197	 -0.411889	 0.000000	 0.001535	 0.001535	 90.000000	 0.975172	 -0.007010	 0.975197	 -0.411889	 170504.933889	
964.662651	 1.000000	 0.000000	 -0.000000	 0.000000	 -90.000000	 0.975341	 -0.006970	 0.975366	 -0.409433	 0.000000	 0.001517	 0.001517	 90.000000	 0.975341	 -0.006970	 0.975366	 -0.409433	 170506.365182	
944.586345	 1.000000	 0.000000	 -0.000000	 0.000000	 -90.000000	 0.975483	 -0.006894	 0.975507	 -0.404916	 0.000000	 0.001503	 0.001503	 90.000000	 0.975485	 -0.006892	 0.975509	 -0.404825	 170507.778191	
924.510040	 1.000000	 0.000000	 -0.000000	 0.000000	 -90.000000	 0.975658	 -0.006866	 0.975682	 -0.403188	 0.000000	 0.001543	 0.001543	 90.000000	 0.975658	 -0.006866	 0.975682	 -0.403190	 170509.197710	
904.433735	 1.000000	 0.000000	 -0.000000	 0.000000	 -90.000000	 0.975826	 -0.006806	 0.975849	 -0.399607	 0.000000	 0.001492	 0.001492	 90.000000	 0.975826	 -0.006806	 0.975849	 -0.399607	 170510.618788	
884.357430	 1.000000	 0.000000	 -0.000000	 0.000000	 -90.000000	 0.976068	 -0.006782	 0.976092	 -0.398099	 0.000000	 0.001526	 0.001526	 90.000000	 0.976067	 -0.006783	 0.976091	 -0.398141	 170512.059133	
864.281124	 1.000000	 0.000000	 -0.000000	 0.000000	 -90.000000	 0.976259	 -0.006719	 0.976282	 -0.394335	 0.000000	 0.001541	 0.001541	 90.000000	 0.976259	 -0.006719	 0.976282	 -0.394335	 170513.479720	
844.204819	 1.000000	 0.000000	 -0.000000	 0.000000	 -90.000000	 0.976515	 -0.006670	 0.976537	 -0.391328	 0.000000	 0.001536	 0.001536	 90.000000	 0.976519	 -0.006681	 0.976542	 -0.392008	 170514.907546	
824.128514	 1.000000	 0.000000	 -0.000000	 0.000000	 -90.000000	 0.976685	 -0.006581	 0.976708	 -0.386071	 0.000000	 0.001554	 0.001554	 90.000000	 0.976685	 -0.006581	 0.976708	 -0.386071	 170516.310513	
804.052209	 1.000000	 0.000000	 -0.000000	 0.000000	 -90.000000	 0.976894	 -0.006515	 0.976915	 -0.382077	 0.000000	 0.001536	 0.001536	 90.000000	 0.976895	 -0.006509	 0.976917	 -0.381766	 170517.761643	
783.975904	 1.000000	 0.000000	 -0.000000	 0.000000	 -90.000000	 0.977106	 -0.006422	 0.977127	 -0.376598	 0.000000	 0.001542	 0.001542	 90.000000	 0.977106	 -0.006422	 0.977127	 -0.376598	 170519.202615	
763.899598	 1.000000	 0.000000	 -0.000000	 0.000000	 -90.000000	 0.977310	 -0.006331	 0.977331	 -0.371149	 0.000000	 0.001529	 0.001529	 90.000000	 0.977310	 -0.006331	 0.977331	 -0.371149	 170520.642067	
743.823293	 1.000000	 0.000000	 -0.000000	 0.000000	 -90.000000	 0.977503	 -0.006301	 0.977523	 -0.369333	 0.000000	 0.001568	 0.001568	 90.000000	 0.977503	 -0.006301	 0.977523	 -0.369333	 170522.086590	
723.746988	 1.000000	 0.000000	 -0.000000	 0.000000	 -90.000000	 0.977845	 -0.006108	 0.977864	 -0.357863	 0.000000	 0.001506	 0.001506	 90.000000	 0.977845	 -0.006108	 0.977864	 -0.357863	 170523.494416	
703.670683	 1.000000	 0.000000	 -0.000000	 0.000000	 -90.000000	 0.978114	 -0.006020	 0.978132	 -0.352622	 0.000000	 0.001511	 0.001511	 90.000000	 0.978114	 -0.006020	 0.978132	 -0.352622	 170524.920735	
683.594378	 1.000000	 0.000000	 -0.000000	 0.000000	 -90.000000	 0.978294	 -0.005840	 0.978311	 -0.342033	 0.000000	 0.001511	 0.001511	 90.000000	 0.978294	 -0.005840	 0.978311	 -0.342033	 170526.364650	
663.518072	 1.000000	 0.000000	 -0.000000	 0.000000	 -90.000000	 0.978536	 -0.005689	 0.978552	 -0.333098	 0.000000	 0.001541	 0.001541	 90.000000	 0.978536	 -0.005689	 0.978552	 -0.333098	 170527.793172	
643.441767	 1.000000	 0.000000	 -0.000000	 0.000000	 -90.000000	 0.978772	 -0.005521	 0.978788	 -0.323163	 0.000000	 0.001591	 0.001591	 90.000000	 0.978772	 -0.005521	 0.978788	 -0.323163	 170529.215205	
623.365462	 1.000000	 0.000000	 -0.000000	 0.000000	 -90.000000	 0.979115	 -0.005332	 0.979130	 -0.312030	 0.000000	 0.001517	 0.001517	 90.000000	 0.979115	 -0.005332	 0.979130	 -0.312030	 170530.664213	
603.289157	 1.000000	 0.000000	 -0.000000	 0.000000	 -90.000000	 0.979429	 -0.005066	 0.979442	 -0.296337	 0.000000	 0.001547	 0.001547	 90.000000	 0.979429	 -0.005066	 0.979442	 -0.296337	 170532.078395	
583.212851	 1.000000	 0.000000	 -0.000000	 0.000000	 -90.000000	 0.979716	 -0.004902	 0.979728	 -0.286687	 0.000000	 0.001558	 0.001558	 90.000000	 0.979715	 -0.004901	 0.979728	 -0.286607	 170533.510795	
563.136546	 1.000000	 0.000000	 -0.000000	 0.000000	 -90.000000	 0.980021	 -0.004663	 0.980032	 -0.272598	 0.000000	 0.001558	 0.001558	 90.000000	 0.980021	 -0.004663	 0.980032	 -0.272598	 170534.942026	
543.060241	 1.000000	 0.000000	 -0.000000	 0.000000	 -90.000000	 0.980404	 -0.004371	 0.980414	 -0.255426	 0.000000	 0.001507	 0.001507	 90.000000	 0.980411	 -0.004376	 0.980420	 -0.255746	 170536.364742	
522.983936	 1.000000	 0.000000	 -0.000000	 0.000000	 -90.000000	 0.980676	 -0.004107	 0.980684	 -0.239937	 0.000000	 0.001499	 0.001499	 90.000000	 0.980676	 -0.004107	 0.980684	 -0.239937	 170537.805392	
502.907631	 1.000000	 0.000000	 -0.000000	 0.000000	 -90.000000	 0.980927	 -0.003823	 0.980934	 -0.223275	 0.000000	 0.001540	 0.001540	 90.000000	 0.980927	 -0.003823	 0.980934	 -0.223275	 170539.225082	
482.831325	 1.000000	 0.000000	 -0.000000	 0.000000	 -90.000000	 0.981330	 -0.003419	 0.981336	 -0.199607	 0.000000	 0.001514	 0.001514	 90.000000	 0.981328	 -0.003419	 0.981334	 -0.199607	 170540.687706	
462.755020	 1.000000	 0.000000	 -0.000000	 0.000000	 -90.000000	 0.981719	 -0.002998	 0.981724	 -0.174950	 0.000000	 0.001508	 0.001508	 90.000000	 0.981719	 -0.002998	 0.981724	 -0.174950	 170542.120334	
442.678715	 1.000000	 0.000000	 -0.000000	 0.000000	 -90.000000	 0.982034	 -0.002437	 0.982037	 -0.142198	 0.000000	 0.001518	 0.001518	 90.000000	 0.982064	 -0.002420	 0.982067	 -0.141160	 170543.542300	
422.602410	 1.000000	 0.000000	 -0.000000	 0.000000	 -90.000000	 0.982432	 -0.002090	 0.982434	 -0.121886	 0.000000	 0.001544	 0.001544	 90.000000	 0.982433	 -0.002091	 0.982435	 -0.121953	 170544.965731	
402.526104	 1.000000	 0.000000	 -0.000000	 0.000000	 -90.000000	 0.982811	 -0.001577	 0.982813	 -0.091938	 0.000000	 0.001575	 0.001575	 90.000000	 0.982811	 -0.001577	 0.982813	 -0.091938	 170546.403742	
382.449799	 1.000000	 0.000000	 -0.000000	 0.000000	 -90.000000	 0.983205	 -0.000938	 0.983206	 -0.054686	 0.000000	 0.001533	 0.001533	 90.000000	 0.983205	 -0.000938	 0.983206	 -0.054686	 170547.832309	
362.373494	 1.000000	 0.000000	 -0.000000	 0.000000	 -90.000000	 0.983605	 -0.000315	 0.983605	 -0.018337	 0.000000	 0.001577	 0.001577	 90.000000	 0.983605	 -0.000315	 0.983605	 -0.018337	 170549.262926	
342.297189	 1.000000	 0.000000	 -0.000000	 0.000000	 -90.000000	 0.984190	 0.000526	 0.984190	 0.030629	 0.000000	 0.001520	 0.001520	 90.000000	 0.984237	 0.000481	 0.984237	 0.028006	 170550.700156	
322.220884	 1.000000	 0.000000	 -0.000000	 0.000000	 -90.000000	 0.984436	 0.001275	 0.984437	 0.074213	 0.000000	 0.001505	 0.001505	 90.000000	 0.984436	 0.001275	 0.984437	 0.074213	 170552.137758	
302.144578	 1.000000	 0.000000	 -0.000000	 0.000000	 -90.000000	 0.984761	 0.002100	 0.984763	 0.122192	 0.000000	 0.001521	 0.001521	 90.000000	 0.984761	 0.002100	 0.984763	 0.122192	 170553.579654	
282.068273	 1.000000	 0.000000	 -0.000000	 0.000000	 -90.000000	 0.985205	 0.003294	 0.985210	 0.191555	 0.000000	 0.001565	 0.001565	 90.000000	 0.985205	 0.003294	 0.985210	 0.191555	 170555.046639	
261.991968	 1.000000	 0.000000	 -0.000000	 0.000000	 -90.000000	 0.985642	 0.004520	 0.985652	 0.262762	 0.000000	 0.001536	 0.001536	 90.000000	 0.985642	 0.004520	 0.985652	 0.262762	 170556.486889	
241.915663	 1.000000	 0.000000	 -0.000000	 0.000000	 -90.000000	 0.986150	 0.005568	 0.986166	 0.323517	 0.000000	 0.001567	 0.001567	 90.000000	 0.986150	 0.005568	 0.986166	 0.323517	 170557.931573	
221.839357	 1.000000	 0.000000	 -0.000000	 0.000000	 -90.000000	 0.986417	 0.007460	 0.986445	 0.433299	 0.000000	 0.001532	 0.001532	 90.000000	 0.986417	 0.007460	 0.986445	 0.433299	 170559.382413	
201.763052	 1.000000	 0.000000	 -0.000000	 0.000000	 -90.000000	 0.986525	 0.009206	 0.986568	 0.534640	 0.000000	 0.001548	 0.001548	 90.000000	 0.986525	 0.009206	 0.986568	 0.534640	 170560.815450	
181.686747	 1.000000	 0.000000	 -0.000000	 0.000000	 -90.000000	 0.987045	 0.011595	 0.987113	 0.673016	 0.000000	 0.001576	 0.001576	 90.000000	 0.987045	 0.011595	 0.987113	 0.673016	 170562.246206	
161.610442	 1.000000	 0.000000	 -0.000000	 0.000000	 -90.000000	 0.987256	 0.014305	 0.987360	 0.830113	 0.000000	 0.001603	 0.001603	 90.000000	 0.987256	 0.014305	 0.987360	 0.830113	 170563.676608	
141.534137	 1.000000	 0.000000	 -0.000000	 0.000000	 -90.000000	 0.987589	 0.017609	 0.987746	 1.021517	 0.000000	 0.001575	 0.001575	 90.000000	 0.987589	 0.017609	 0.987746	 1.021517	 170565.146844	
121.457831	 1.000000	 0.000000	 -0.000000	 0.000000	 -90.000000	 0.987443	 0.022069	 0.987690	 1.280303	 0.000000	 0.001579	 0.001579	 90.000000	 0.987443	 0.022069	 0.987690	 1.280303	 170566.594849	
101.381526	 1.000000	 0.000000	 -0.000000	 0.000000	 -90.000000	 0.987285	 0.027587	 0.987670	 1.600554	 0.000000	 0.001885	 0.001885	 90.000000	 0.987285	 0.027587	 0.987670	 1.600554	 170568.061542	
81.305221	 1.000000	 0.000000	 -0.000000	 0.000000	 -90.000000	 0.986517	 0.036577	 0.987195	 2.123349	 0.000000	 0.001557	 0.001557	 90.000000	 0.986512	 0.036575	 0.987190	 2.123260	 170569.475670	
61.228916	 1.000000	 0.000000	 -0.000000	 0.000000	 -90.000000	 0.983674	 0.052528	 0.985076	 3.056687	 0.000000	 0.001587	 0.001587	 90.000000	 0.983674	 0.052528	 0.985076	 3.056687	 170570.919718	
41.152610	 1.000000	 0.000000	 -0.000000	 0.000000	 -90.000000	 0.969392	 0.074032	 0.972215	 4.367165	 0.000000	 0.001516	 0.001516	 90.000000	 0.969392	 0.074032	 0.972215	 4.367165	 170572.366449	
21.076305	 1.000000	 0.000000	 -0.000000	 0.000000	 -90.000000	 0.950891	 0.137520	 0.960784	 8.229174	 0.000000	 0.000922	 0.000922	 90.000000	 0.950891	 0.137520	 0.960784	 8.229174	 170573.842577	
1.000000	 1.000000	 0.000000	 -0.000000	 0.000000	 -90.000000	 0.015107	 0.233651	 0.234139	 86.300652	 0.000000	 -0.218136	 0.218136	 -90.000000	 0.013051	 0.223635	 0.224016	 86.660087	 170575.309728	
