# Oscilator_frequency (Hz)	DemodAll_A (-)	Demod_1_X_A (A)	Demod_1_Y_A (A)	Demod_1__R_A (A)	Demod_1__Theta_A (deg)	Demod_2_X_A (A)	Demod_2_Y_A (A)	Demod_2__R_A (A)	Demod_2__Theta_A (deg)	Demod_3_X_A (V)	Demod_3_Y_A (V)	Demod_3__R_A (V)	Demod_3__Theta_A (deg)	Demod_4_X_A (V)	Demod_4_Y_A (V)	Demod_4__R_A (V)	Demod_4__Theta_A (deg)	Timer_GET (s)	
5000.000000	 1.000000	 0.000000	 -0.000000	 0.000000	 -90.000000	 -0.000000	 0.000000	 0.000000	 110.249554	 0.000000	 0.205407	 0.205407	 90.000000	 0.229574	 -0.009039	 0.229751	 -2.254791	 15261.893903	
4950.000000	 1.000000	 0.000000	 -0.000000	 0.000000	 -90.000000	 -0.000000	 -0.000000	 0.000000	 -136.748077	 0.000000	 0.195029	 0.195029	 90.000000	 0.229629	 -0.009028	 0.229807	 -2.251464	 15263.342303	
4900.000000	 1.000000	 0.000000	 -0.000000	 0.000000	 -90.000000	 0.000000	 0.000000	 0.000000	 25.128591	 0.000000	 0.236297	 0.236297	 90.000000	 0.229692	 -0.009028	 0.229869	 -2.250877	 15264.827778	
4850.000000	 1.000000	 0.000000	 -0.000000	 0.000000	 -90.000000	 0.000000	 0.000000	 0.000000	 59.409069	 0.000000	 0.265596	 0.265596	 90.000000	 0.229748	 -0.009025	 0.229926	 -2.249453	 15266.263111	
4800.000000	 1.000000	 0.000000	 -0.000000	 0.000000	 -90.000000	 0.000000	 0.000000	 0.000000	 37.240941	 0.000000	 0.294830	 0.294830	 90.000000	 0.229798	 -0.009022	 0.229975	 -2.248309	 15267.745440	
4750.000000	 1.000000	 0.000000	 -0.000000	 0.000000	 -90.000000	 0.000000	 0.000000	 0.000000	 83.012500	 0.000000	 0.326532	 0.326532	 90.000000	 0.229862	 -0.009021	 0.230039	 -2.247484	 15269.186765	
4700.000000	 1.000000	 0.000000	 -0.000000	 0.000000	 -90.000000	 0.000000	 -0.000000	 0.000000	 -67.546475	 0.000000	 0.361964	 0.361964	 90.000000	 0.229917	 -0.009023	 0.230094	 -2.247421	 15270.723033	
4650.000000	 1.000000	 0.000000	 -0.000000	 0.000000	 -90.000000	 -0.000000	 -0.000000	 0.000000	 -179.665935	 0.000000	 0.396490	 0.396490	 90.000000	 0.229970	 -0.009021	 0.230147	 -2.246457	 15272.128405	
4600.000000	 1.000000	 0.000000	 -0.000000	 0.000000	 -90.000000	 -0.000000	 -0.000000	 0.000000	 -136.120879	 0.000000	 0.431228	 0.431228	 90.000000	 0.230022	 -0.009027	 0.230199	 -2.247409	 15273.596386	
4550.000000	 1.000000	 0.000000	 -0.000000	 0.000000	 -90.000000	 -0.000000	 0.000000	 0.000000	 149.371895	 0.000000	 0.467652	 0.467652	 90.000000	 0.230075	 -0.009031	 0.230253	 -2.247888	 15275.104634	
4500.000000	 1.000000	 0.000000	 -0.000000	 0.000000	 -90.000000	 -0.000000	 0.000000	 0.000000	 98.111753	 0.000000	 0.502186	 0.502186	 90.000000	 0.230135	 -0.009037	 0.230313	 -2.248747	 15276.568004	
4450.000000	 1.000000	 0.000000	 -0.000000	 0.000000	 -90.000000	 -0.000000	 -0.000000	 0.000000	 -148.262675	 0.000000	 0.535372	 0.535372	 90.000000	 0.230194	 -0.009040	 0.230371	 -2.248900	 15277.996690	
4400.000000	 1.000000	 0.000000	 -0.000000	 0.000000	 -90.000000	 0.000000	 0.000000	 0.000000	 33.255573	 0.000000	 0.567117	 0.567117	 90.000000	 0.230252	 -0.009046	 0.230430	 -2.249718	 15279.447518	
4350.000000	 1.000000	 0.000000	 -0.000000	 0.000000	 -90.000000	 0.000000	 0.000000	 0.000000	 15.580658	 0.000000	 0.598552	 0.598552	 90.000000	 0.230297	 -0.009054	 0.230474	 -2.251293	 15280.914028	
4300.000000	 1.000000	 0.000000	 -0.000000	 0.000000	 -90.000000	 -0.000000	 0.000000	 0.000000	 142.878419	 0.000000	 0.627826	 0.627826	 90.000000	 0.230373	 -0.009059	 0.230551	 -2.252014	 15282.378074	
4250.000000	 1.000000	 0.000000	 -0.000000	 0.000000	 -90.000000	 0.000000	 0.000000	 0.000000	 42.243536	 0.000000	 0.655730	 0.655730	 90.000000	 0.230423	 -0.009065	 0.230601	 -2.252853	 15283.816436	
4200.000000	 1.000000	 0.000000	 -0.000000	 0.000000	 -90.000000	 0.000000	 0.000000	 0.000000	 45.513600	 0.000000	 0.682375	 0.682375	 90.000000	 0.230491	 -0.009074	 0.230669	 -2.254539	 15285.264686	
4150.000000	 1.000000	 0.000000	 -0.000000	 0.000000	 -90.000000	 -0.000000	 -0.000000	 0.000000	 -134.053785	 0.000000	 0.708401	 0.708401	 90.000000	 0.230560	 -0.009085	 0.230739	 -2.256429	 15286.699660	
4100.000000	 1.000000	 0.000000	 -0.000000	 0.000000	 -90.000000	 -0.000000	 -0.000000	 0.000000	 -99.468704	 0.000000	 0.733150	 0.733150	 90.000000	 0.230612	 -0.009093	 0.230791	 -2.257899	 15288.147906	
4050.000000	 1.000000	 0.000000	 -0.000000	 0.000000	 -90.000000	 0.000000	 -0.000000	 0.000000	 -5.289426	 0.000000	 0.757215	 0.757215	 90.000000	 0.230669	 -0.009104	 0.230849	 -2.260168	 15289.592679	
4000.000000	 1.000000	 0.000000	 -0.000000	 0.000000	 -90.000000	 -0.000000	 0.000000	 0.000000	 143.518262	 0.000000	 0.779291	 0.779291	 90.000000	 0.230746	 -0.009114	 0.230926	 -2.261888	 15291.018276	
3950.000000	 1.000000	 0.000000	 -0.000000	 0.000000	 -90.000000	 -0.000000	 0.000000	 0.000000	 165.177832	 0.000000	 0.800903	 0.800903	 90.000000	 0.230805	 -0.009122	 0.230985	 -2.263413	 15292.495269	
3900.000000	 1.000000	 0.000000	 -0.000000	 0.000000	 -90.000000	 -0.000000	 -0.000000	 0.000000	 -139.314329	 0.000000	 0.821617	 0.821617	 90.000000	 0.230863	 -0.009133	 0.231043	 -2.265453	 15293.932129	
3850.000000	 1.000000	 0.000000	 -0.000000	 0.000000	 -90.000000	 -0.000000	 -0.000000	 0.000000	 -175.841462	 0.000000	 0.840953	 0.840953	 90.000000	 0.230924	 -0.009143	 0.231105	 -2.267284	 15295.354469	
3800.000000	 1.000000	 0.000000	 -0.000000	 0.000000	 -90.000000	 -0.000000	 -0.000000	 0.000000	 -158.640902	 0.000000	 0.860161	 0.860161	 90.000000	 0.230991	 -0.009158	 0.231173	 -2.270371	 15296.805486	
3750.000000	 1.000000	 0.000000	 -0.000000	 0.000000	 -90.000000	 0.000000	 -0.000000	 0.000000	 -9.885436	 0.000000	 0.878143	 0.878143	 90.000000	 0.231032	 -0.009169	 0.231214	 -2.272692	 15298.253275	
3700.000000	 1.000000	 0.000000	 -0.000000	 0.000000	 -90.000000	 -0.000000	 -0.000000	 0.000000	 -111.576192	 0.000000	 0.895905	 0.895905	 90.000000	 0.231104	 -0.009182	 0.231287	 -2.275190	 15299.723571	
3650.000000	 1.000000	 0.000000	 -0.000000	 0.000000	 -90.000000	 -0.000000	 -0.000000	 0.000000	 -149.887758	 0.000000	 0.912579	 0.912579	 90.000000	 0.231191	 -0.009194	 0.231373	 -2.277389	 15301.184635	
3600.000000	 1.000000	 0.000000	 -0.000000	 0.000000	 -90.000000	 0.000000	 -0.000000	 0.000000	 -22.441988	 0.000000	 0.928609	 0.928609	 90.000000	 0.231279	 -0.009200	 0.231462	 -2.278032	 15302.635522	
3550.000000	 1.000000	 0.000000	 -0.000000	 0.000000	 -90.000000	 0.000000	 -0.000000	 0.000000	 -68.096703	 0.000000	 0.943620	 0.943620	 90.000000	 0.231346	 -0.009221	 0.231530	 -2.282595	 15304.084806	
3500.000000	 1.000000	 0.000000	 -0.000000	 0.000000	 -90.000000	 0.000000	 -0.000000	 0.000000	 -66.268727	 0.000000	 0.958061	 0.958061	 90.000000	 0.231431	 -0.009233	 0.231615	 -2.284500	 15305.525082	
3450.000000	 1.000000	 0.000000	 -0.000000	 0.000000	 -90.000000	 -0.000000	 0.000000	 0.000000	 167.675502	 0.000000	 0.972162	 0.972162	 90.000000	 0.231503	 -0.009240	 0.231687	 -2.285566	 15306.971199	
3400.000000	 1.000000	 0.000000	 -0.000000	 0.000000	 -90.000000	 -0.000000	 -0.000000	 0.000000	 -130.153861	 0.000000	 0.985478	 0.985478	 90.000000	 0.231576	 -0.009256	 0.231761	 -2.288801	 15308.424606	
3350.000000	 1.000000	 0.000000	 -0.000000	 0.000000	 -90.000000	 -0.000000	 -0.000000	 0.000000	 -160.852311	 0.000000	 0.998180	 0.998180	 90.000000	 0.231655	 -0.009274	 0.231840	 -2.292446	 15309.865082	
3300.000000	 1.000000	 0.000000	 -0.000000	 0.000000	 -90.000000	 -0.000000	 -0.000000	 0.000000	 -167.609768	 0.000000	 1.010422	 1.010422	 90.000000	 0.231727	 -0.009287	 0.231913	 -2.295118	 15311.335552	
3250.000000	 1.000000	 0.000000	 -0.000000	 0.000000	 -90.000000	 -0.000000	 -0.000000	 0.000000	 -165.868976	 0.000000	 1.022224	 1.022224	 90.000000	 0.231804	 -0.009302	 0.231991	 -2.297915	 15312.789069	
3200.000000	 1.000000	 0.000000	 -0.000000	 0.000000	 -90.000000	 0.000000	 -0.000000	 0.000000	 -58.315500	 0.000000	 1.033445	 1.033445	 90.000000	 0.231888	 -0.009321	 0.232075	 -2.301812	 15314.226335	
3150.000000	 1.000000	 0.000000	 -0.000000	 0.000000	 -90.000000	 0.000000	 0.000000	 0.000000	 35.149755	 0.000000	 1.043825	 1.043825	 90.000000	 0.231973	 -0.009339	 0.232161	 -2.305389	 15315.687480	
3100.000000	 1.000000	 0.000000	 -0.000000	 0.000000	 -90.000000	 0.000000	 -0.000000	 0.000000	 -7.985219	 0.000000	 1.054548	 1.054548	 90.000000	 0.232047	 -0.009355	 0.232235	 -2.308588	 15317.150242	
3050.000000	 1.000000	 0.000000	 -0.000000	 0.000000	 -90.000000	 -0.000000	 0.000000	 0.000000	 107.545375	 0.000000	 1.064617	 1.064617	 90.000000	 0.232132	 -0.009363	 0.232321	 -2.309779	 15318.595064	
3000.000000	 1.000000	 0.000000	 -0.000000	 0.000000	 -90.000000	 -0.000000	 -0.000000	 0.000000	 -130.009901	 0.000000	 1.073688	 1.073688	 90.000000	 0.232225	 -0.009388	 0.232415	 -2.315088	 15320.045668	
2950.000000	 1.000000	 0.000000	 -0.000000	 0.000000	 -90.000000	 -0.000000	 -0.000000	 0.000000	 -136.884050	 0.000000	 1.082480	 1.082480	 90.000000	 0.232299	 -0.009402	 0.232489	 -2.317761	 15321.473813	
2900.000000	 1.000000	 0.000000	 -0.000000	 0.000000	 -90.000000	 0.000000	 -0.000000	 0.000000	 -83.978370	 0.000000	 1.091068	 1.091068	 90.000000	 0.232394	 -0.009424	 0.232585	 -2.322151	 15322.906951	
2850.000000	 1.000000	 0.000000	 -0.000000	 0.000000	 -90.000000	 -0.000000	 -0.000000	 0.000000	 -154.505703	 0.000000	 1.099375	 1.099375	 90.000000	 0.232491	 -0.009445	 0.232683	 -2.326312	 15324.352494	
2800.000000	 1.000000	 0.000000	 -0.000000	 0.000000	 -90.000000	 -0.000000	 -0.000000	 0.000000	 -175.650351	 0.000000	 1.107185	 1.107185	 90.000000	 0.232576	 -0.009461	 0.232768	 -2.329371	 15325.789174	
2750.000000	 1.000000	 0.000000	 -0.000000	 0.000000	 -90.000000	 -0.000000	 0.000000	 0.000000	 158.721978	 0.000000	 1.115147	 1.115147	 90.000000	 0.232672	 -0.009479	 0.232865	 -2.332964	 15327.249764	
2700.000000	 1.000000	 0.000000	 -0.000000	 0.000000	 -90.000000	 -0.000000	 -0.000000	 0.000000	 -117.729342	 0.000000	 1.122239	 1.122239	 90.000000	 0.232773	 -0.009505	 0.232967	 -2.338375	 15328.676639	
2650.000000	 1.000000	 0.000000	 -0.000000	 0.000000	 -90.000000	 -0.000000	 -0.000000	 0.000000	 -134.553808	 0.000000	 1.129096	 1.129096	 90.000000	 0.232883	 -0.009522	 0.233078	 -2.341471	 15330.102430	
2600.000000	 1.000000	 0.000000	 -0.000000	 0.000000	 -90.000000	 -0.000000	 0.000000	 0.000000	 121.690120	 0.000000	 1.136276	 1.136276	 90.000000	 0.232988	 -0.009546	 0.233184	 -2.346295	 15331.563571	
2550.000000	 1.000000	 0.000000	 -0.000000	 0.000000	 -90.000000	 -0.000000	 0.000000	 0.000000	 164.182617	 0.000000	 1.142674	 1.142674	 90.000000	 0.233105	 -0.009572	 0.233301	 -2.351400	 15332.987121	
2500.000000	 1.000000	 0.000000	 -0.000000	 0.000000	 -90.000000	 -0.000000	 0.000000	 0.000000	 99.691601	 0.000000	 1.149007	 1.149007	 90.000000	 0.233196	 -0.009596	 0.233394	 -2.356487	 15334.421544	
2450.000000	 1.000000	 0.000000	 -0.000000	 0.000000	 -90.000000	 0.000000	 -0.000000	 0.000000	 -30.911819	 0.000000	 1.154852	 1.154852	 90.000000	 0.233308	 -0.009622	 0.233507	 -2.361511	 15335.868366	
2400.000000	 1.000000	 0.000000	 -0.000000	 0.000000	 -90.000000	 0.000000	 -0.000000	 0.000000	 -83.922772	 0.000000	 1.160588	 1.160588	 90.000000	 0.233415	 -0.009652	 0.233614	 -2.367901	 15337.317084	
2350.000000	 1.000000	 0.000000	 -0.000000	 0.000000	 -90.000000	 0.000000	 0.000000	 0.000000	 22.052147	 0.000000	 1.166477	 1.166477	 90.000000	 0.233523	 -0.009692	 0.233724	 -2.376677	 15338.756939	
2300.000000	 1.000000	 0.000000	 -0.000000	 0.000000	 -90.000000	 -0.000000	 0.000000	 0.000000	 178.751600	 0.000000	 1.171950	 1.171950	 90.000000	 0.233638	 -0.009711	 0.233839	 -2.380135	 15340.179774	
2250.000000	 1.000000	 0.000000	 -0.000000	 0.000000	 -90.000000	 -0.000000	 -0.000000	 0.000000	 -131.847837	 0.000000	 1.177454	 1.177454	 90.000000	 0.233760	 -0.009744	 0.233963	 -2.386815	 15341.625488	
2200.000000	 1.000000	 0.000000	 -0.000000	 0.000000	 -90.000000	 -0.000000	 0.000000	 0.000000	 150.976543	 0.000000	 1.182343	 1.182343	 90.000000	 0.233888	 -0.009768	 0.234092	 -2.391545	 15343.051569	
2150.000000	 1.000000	 0.000000	 -0.000000	 0.000000	 -90.000000	 -0.000000	 -0.000000	 0.000000	 -163.504598	 0.000000	 1.187340	 1.187340	 90.000000	 0.234022	 -0.009813	 0.234227	 -2.401149	 15344.508833	
2100.000000	 1.000000	 0.000000	 -0.000000	 0.000000	 -90.000000	 -0.000000	 -0.000000	 0.000000	 -148.594504	 0.000000	 1.191975	 1.191975	 90.000000	 0.234158	 -0.009839	 0.234364	 -2.406193	 15345.938803	
2050.000000	 1.000000	 0.000000	 -0.000000	 0.000000	 -90.000000	 -0.000000	 -0.000000	 0.000000	 -128.238328	 0.000000	 1.196596	 1.196596	 90.000000	 0.234289	 -0.009871	 0.234497	 -2.412636	 15347.393531	
2000.000000	 1.000000	 0.000000	 -0.000000	 0.000000	 -90.000000	 -0.000000	 0.000000	 0.000000	 166.423790	 0.000000	 1.201504	 1.201504	 90.000000	 0.234434	 -0.009922	 0.234644	 -2.423463	 15348.843663	
1950.000000	 1.000000	 0.000000	 -0.000000	 0.000000	 -90.000000	 -0.000000	 -0.000000	 0.000000	 -128.865531	 0.000000	 1.205638	 1.205638	 90.000000	 0.234562	 -0.009941	 0.234773	 -2.426789	 15350.302132	
1900.000000	 1.000000	 0.000000	 -0.000000	 0.000000	 -90.000000	 -0.000000	 -0.000000	 0.000000	 -153.322900	 0.000000	 1.209989	 1.209989	 90.000000	 0.234719	 -0.009999	 0.234932	 -2.439260	 15351.754653	
1850.000000	 1.000000	 0.000000	 -0.000000	 0.000000	 -90.000000	 -0.000000	 -0.000000	 0.000000	 -110.928582	 0.000000	 1.214206	 1.214206	 90.000000	 0.234876	 -0.010036	 0.235091	 -2.446591	 15353.214532	
1800.000000	 1.000000	 0.000000	 -0.000000	 0.000000	 -90.000000	 -0.000000	 0.000000	 0.000000	 167.090492	 0.000000	 1.218212	 1.218212	 90.000000	 0.235040	 -0.010093	 0.235256	 -2.458895	 15354.650469	
1750.000000	 1.000000	 0.000000	 -0.000000	 0.000000	 -90.000000	 -0.000000	 -0.000000	 0.000000	 -116.459006	 0.000000	 1.221594	 1.221594	 90.000000	 0.235215	 -0.010132	 0.235433	 -2.466621	 15356.058604	
1700.000000	 1.000000	 0.000000	 -0.000000	 0.000000	 -90.000000	 0.000000	 -0.000000	 0.000000	 -62.889295	 0.000000	 1.225491	 1.225491	 90.000000	 0.235369	 -0.010197	 0.235590	 -2.480754	 15357.502870	
1650.000000	 1.000000	 0.000000	 -0.000000	 0.000000	 -90.000000	 0.000000	 0.000000	 0.000000	 46.193747	 0.000000	 1.229256	 1.229256	 90.000000	 0.235581	 -0.010245	 0.235804	 -2.490194	 15358.951313	
1600.000000	 1.000000	 0.000000	 -0.000000	 0.000000	 -90.000000	 -0.000000	 0.000000	 0.000000	 165.617117	 0.000000	 1.233035	 1.233035	 90.000000	 0.235723	 -0.010322	 0.235949	 -2.507371	 15360.388740	
1550.000000	 1.000000	 0.000000	 -0.000000	 0.000000	 -90.000000	 -0.000000	 -0.000000	 0.000000	 -173.081465	 0.000000	 1.236472	 1.236472	 90.000000	 0.235900	 -0.010359	 0.236127	 -2.514386	 15361.828432	
1500.000000	 1.000000	 0.000000	 -0.000000	 0.000000	 -90.000000	 -0.000000	 0.000000	 0.000000	 144.420573	 0.000000	 1.239761	 1.239761	 90.000000	 0.236153	 -0.010453	 0.236384	 -2.534517	 15363.260520	
1450.000000	 1.000000	 0.000000	 -0.000000	 0.000000	 -90.000000	 -0.000000	 0.000000	 0.000000	 169.567624	 0.000000	 1.242999	 1.242999	 90.000000	 0.236320	 -0.010473	 0.236552	 -2.537555	 15364.702976	
1400.000000	 1.000000	 0.000000	 -0.000000	 0.000000	 -90.000000	 0.000000	 -0.000000	 0.000000	 -81.192918	 0.000000	 1.246174	 1.246174	 90.000000	 0.236550	 -0.010561	 0.236785	 -2.556273	 15366.168866	
1350.000000	 1.000000	 0.000000	 -0.000000	 0.000000	 -90.000000	 -0.000000	 -0.000000	 0.000000	 -92.681979	 0.000000	 1.249361	 1.249361	 90.000000	 0.236770	 -0.010684	 0.237011	 -2.583670	 15367.615288	
1300.000000	 1.000000	 0.000000	 -0.000000	 0.000000	 -90.000000	 0.000000	 -0.000000	 0.000000	 -22.273548	 0.000000	 1.252199	 1.252199	 90.000000	 0.236982	 -0.010722	 0.237225	 -2.590621	 15369.063632	
1250.000000	 1.000000	 0.000000	 -0.000000	 0.000000	 -90.000000	 -0.000000	 -0.000000	 0.000000	 -99.832550	 0.000000	 1.255333	 1.255333	 90.000000	 0.237259	 -0.010855	 0.237507	 -2.619477	 15370.529774	
1200.000000	 1.000000	 0.000000	 -0.000000	 0.000000	 -90.000000	 -0.000000	 -0.000000	 0.000000	 -121.566285	 0.000000	 1.258532	 1.258532	 90.000000	 0.237528	 -0.010947	 0.237780	 -2.638638	 15371.965411	
1150.000000	 1.000000	 0.000000	 -0.000000	 0.000000	 -90.000000	 -0.000000	 -0.000000	 0.000000	 -176.778887	 0.000000	 1.261052	 1.261052	 90.000000	 0.237857	 -0.011012	 0.238112	 -2.650639	 15373.385289	
1100.000000	 1.000000	 0.000000	 -0.000000	 0.000000	 -90.000000	 -0.000000	 -0.000000	 0.000000	 -154.581298	 0.000000	 1.263238	 1.263238	 90.000000	 0.238104	 -0.011132	 0.238364	 -2.676674	 15374.809223	
1050.000000	 1.000000	 0.000000	 -0.000000	 0.000000	 -90.000000	 0.000000	 0.000000	 0.000000	 13.732019	 0.000000	 1.266066	 1.266066	 90.000000	 0.238346	 -0.011236	 0.238610	 -2.699110	 15376.259824	
1000.000000	 1.000000	 0.000000	 -0.000000	 0.000000	 -90.000000	 -0.000000	 -0.000000	 0.000000	 -104.631445	 0.000000	 1.268613	 1.268613	 90.000000	 0.238747	 -0.011344	 0.239016	 -2.720297	 15377.695501	
950.000000	 1.000000	 0.000000	 -0.000000	 0.000000	 -90.000000	 -0.000000	 -0.000000	 0.000000	 -150.341411	 0.000000	 1.271546	 1.271546	 90.000000	 0.239043	 -0.011496	 0.239319	 -2.753370	 15379.145630	
900.000000	 1.000000	 0.000000	 -0.000000	 0.000000	 -90.000000	 -0.000000	 -0.000000	 0.000000	 -166.335363	 0.000000	 1.273961	 1.273961	 90.000000	 0.239422	 -0.011635	 0.239705	 -2.782136	 15380.600202	
850.000000	 1.000000	 0.000000	 -0.000000	 0.000000	 -90.000000	 -0.000000	 -0.000000	 0.000000	 -103.240981	 0.000000	 1.276598	 1.276598	 90.000000	 0.239832	 -0.011850	 0.240125	 -2.828754	 15382.043102	
800.000000	 1.000000	 0.000000	 -0.000000	 0.000000	 -90.000000	 0.000000	 -0.000000	 0.000000	 -1.174377	 0.000000	 1.278894	 1.278894	 90.000000	 0.240338	 -0.011946	 0.240634	 -2.845614	 15383.489037	
750.000000	 1.000000	 0.000000	 -0.000000	 0.000000	 -90.000000	 0.000000	 -0.000000	 0.000000	 -60.075428	 0.000000	 1.281165	 1.281165	 90.000000	 0.240601	 -0.012109	 0.240905	 -2.881088	 15384.943123	
700.000000	 1.000000	 0.000000	 -0.000000	 0.000000	 -90.000000	 0.000000	 0.000000	 0.000000	 65.861050	 0.000000	 1.283548	 1.283548	 90.000000	 0.241296	 -0.012251	 0.241607	 -2.906435	 15386.403790	
650.000000	 1.000000	 0.000000	 -0.000000	 0.000000	 -90.000000	 -0.000000	 -0.000000	 0.000000	 -136.561866	 0.000000	 1.286181	 1.286181	 90.000000	 0.241972	 -0.012611	 0.242301	 -2.983383	 15387.837168	
600.000000	 1.000000	 0.000000	 -0.000000	 0.000000	 -90.000000	 -0.000000	 -0.000000	 0.000000	 -159.242671	 0.000000	 1.288318	 1.288318	 90.000000	 0.242536	 -0.012733	 0.242870	 -3.005209	 15389.287828	
550.000000	 1.000000	 0.000000	 -0.000000	 0.000000	 -90.000000	 0.000000	 -0.000000	 0.000000	 -64.689411	 0.000000	 1.290102	 1.290102	 90.000000	 0.243083	 -0.012977	 0.243429	 -3.055816	 15390.740136	
500.000000	 1.000000	 0.000000	 -0.000000	 0.000000	 -90.000000	 0.000000	 -0.000000	 0.000000	 -78.571474	 0.000000	 1.292368	 1.292368	 90.000000	 0.243912	 -0.013191	 0.244269	 -3.095708	 15392.149742	
450.000000	 1.000000	 0.000000	 -0.000000	 0.000000	 -90.000000	 -0.000000	 -0.000000	 0.000000	 -175.400109	 0.000000	 1.294190	 1.294190	 90.000000	 0.244626	 -0.013161	 0.244980	 -3.079481	 15393.590702	
400.000000	 1.000000	 0.000000	 -0.000000	 0.000000	 -90.000000	 -0.000000	 0.000000	 0.000000	 119.135933	 0.000000	 1.296334	 1.296334	 90.000000	 0.245793	 -0.013894	 0.246185	 -3.235233	 15395.021299	
350.000000	 1.000000	 0.000000	 -0.000000	 0.000000	 -90.000000	 0.000000	 -0.000000	 0.000000	 -41.136784	 0.000000	 1.298336	 1.298336	 90.000000	 0.246884	 -0.013489	 0.247252	 -3.127442	 15396.454258	
300.000000	 1.000000	 0.000000	 -0.000000	 0.000000	 -90.000000	 0.000000	 0.000000	 0.000000	 69.291918	 0.000000	 1.300240	 1.300240	 90.000000	 0.248352	 -0.014845	 0.248795	 -3.420707	 15397.902015	
250.000000	 1.000000	 0.000000	 -0.000000	 0.000000	 -90.000000	 0.000000	 0.000000	 0.000000	 1.011537	 0.000000	 1.302149	 1.302149	 90.000000	 0.248856	 -0.015093	 0.249314	 -3.470797	 15399.358297	
200.000000	 1.000000	 0.000000	 -0.000000	 0.000000	 -90.000000	 -0.000000	 -0.000000	 0.000000	 -151.765425	 0.000000	 1.303975	 1.303975	 90.000000	 0.252153	 -0.016504	 0.252693	 -3.744707	 15400.802018	
