# Oscilator_frequency (Hz)	DemodAll_A (-)	Demod_1_X_A (A)	Demod_1_Y_A (A)	Demod_1__R_A (A)	Demod_1__Theta_A (deg)	Demod_2_X_A (A)	Demod_2_Y_A (A)	Demod_2__R_A (A)	Demod_2__Theta_A (deg)	Demod_3_X_A (V)	Demod_3_Y_A (V)	Demod_3__R_A (V)	Demod_3__Theta_A (deg)	Demod_4_X_A (V)	Demod_4_Y_A (V)	Demod_4__R_A (V)	Demod_4__Theta_A (deg)	Timer_GET (s)	
5000.000000	 1.000000	 0.000000	 -0.000000	 0.000000	 -90.000000	 0.000000	 0.000000	 0.000000	 50.182168	 0.000000	 -2.407673	 2.407673	 -90.000000	 0.204387	 -0.008807	 0.204577	 -2.467329	 96980.078012	
4950.000000	 1.000000	 0.000000	 -0.000000	 0.000000	 -90.000000	 0.000000	 -0.000000	 0.000000	 -14.175446	 0.000000	 -2.436700	 2.436700	 -90.000000	 0.204432	 -0.008830	 0.204622	 -2.473106	 96981.505592	
4900.000000	 1.000000	 0.000000	 -0.000000	 0.000000	 -90.000000	 0.000000	 0.000000	 0.000000	 58.361605	 0.000000	 -2.439402	 2.439402	 -90.000000	 0.204488	 -0.008844	 0.204679	 -2.476376	 96982.950309	
4850.000000	 1.000000	 0.000000	 -0.000000	 0.000000	 -90.000000	 0.000000	 0.000000	 0.000000	 35.511706	 0.000000	 -2.430925	 2.430925	 -90.000000	 0.204528	 -0.008843	 0.204719	 -2.475645	 96984.365107	
4800.000000	 1.000000	 0.000000	 -0.000000	 0.000000	 -90.000000	 0.000000	 -0.000000	 0.000000	 -21.301500	 0.000000	 -2.447360	 2.447360	 -90.000000	 0.204577	 -0.008886	 0.204770	 -2.487129	 96985.808440	
4750.000000	 1.000000	 0.000000	 -0.000000	 0.000000	 -90.000000	 -0.000000	 0.000000	 0.000000	 91.494022	 0.000000	 -2.439346	 2.439346	 -90.000000	 0.204627	 -0.008899	 0.204821	 -2.490196	 96987.253289	
4700.000000	 1.000000	 0.000000	 -0.000000	 0.000000	 -90.000000	 0.000000	 0.000000	 0.000000	 65.140949	 0.000000	 -2.450799	 2.450799	 -90.000000	 0.204674	 -0.008905	 0.204868	 -2.491399	 96988.755968	
4650.000000	 1.000000	 0.000000	 -0.000000	 0.000000	 -90.000000	 0.000000	 0.000000	 0.000000	 34.123058	 0.000000	 -2.403869	 2.403869	 -90.000000	 0.204735	 -0.008920	 0.204929	 -2.494792	 96990.209774	
4600.000000	 1.000000	 0.000000	 -0.000000	 0.000000	 -90.000000	 0.000000	 -0.000000	 0.000000	 -27.268337	 0.000000	 -2.398039	 2.398039	 -90.000000	 0.204799	 -0.008947	 0.204994	 -2.501344	 96991.754877	
4550.000000	 1.000000	 0.000000	 -0.000000	 0.000000	 -90.000000	 0.000000	 -0.000000	 0.000000	 -2.119761	 0.000000	 -2.400467	 2.400467	 -90.000000	 0.204831	 -0.008950	 0.205027	 -2.501977	 96993.189039	
4500.000000	 1.000000	 0.000000	 -0.000000	 0.000000	 -90.000000	 0.000000	 -0.000000	 0.000000	 -67.033797	 0.000000	 -2.404238	 2.404238	 -90.000000	 0.204880	 -0.008945	 0.205075	 -2.499984	 96994.641071	
4450.000000	 1.000000	 0.000000	 -0.000000	 0.000000	 -90.000000	 0.000000	 0.000000	 0.000000	 66.267132	 0.000000	 -2.394642	 2.394642	 -90.000000	 0.204935	 -0.008976	 0.205132	 -2.508025	 96996.044999	
4400.000000	 1.000000	 0.000000	 -0.000000	 0.000000	 -90.000000	 0.000000	 0.000000	 0.000000	 6.299694	 0.000000	 -2.388118	 2.388118	 -90.000000	 0.204966	 -0.008978	 0.205162	 -2.507963	 96997.477978	
4350.000000	 1.000000	 0.000000	 -0.000000	 0.000000	 -90.000000	 0.000000	 0.000000	 0.000000	 56.595624	 0.000000	 -2.373463	 2.373463	 -90.000000	 0.205030	 -0.008994	 0.205228	 -2.511801	 96998.906668	
4300.000000	 1.000000	 0.000000	 -0.000000	 0.000000	 -90.000000	 0.000000	 0.000000	 0.000000	 5.320535	 0.000000	 -2.384034	 2.384034	 -90.000000	 0.205074	 -0.009036	 0.205273	 -2.523058	 97000.352567	
4250.000000	 1.000000	 0.000000	 -0.000000	 0.000000	 -90.000000	 0.000000	 0.000000	 0.000000	 57.203020	 0.000000	 -2.376570	 2.376570	 -90.000000	 0.205141	 -0.009048	 0.205341	 -2.525538	 97001.790234	
4200.000000	 1.000000	 0.000000	 -0.000000	 0.000000	 -90.000000	 0.000000	 0.000000	 0.000000	 17.703600	 0.000000	 -2.379222	 2.379222	 -90.000000	 0.205181	 -0.009024	 0.205380	 -2.518352	 97003.218051	
4150.000000	 1.000000	 0.000000	 -0.000000	 0.000000	 -90.000000	 0.000000	 -0.000000	 0.000000	 -54.014871	 0.000000	 -2.376521	 2.376521	 -90.000000	 0.205229	 -0.009018	 0.205427	 -2.516076	 97004.658333	
4100.000000	 1.000000	 0.000000	 -0.000000	 0.000000	 -90.000000	 0.000000	 -0.000000	 0.000000	 -3.604967	 0.000000	 -2.371770	 2.371770	 -90.000000	 0.205275	 -0.009062	 0.205475	 -2.527673	 97006.113545	
4050.000000	 1.000000	 0.000000	 -0.000000	 0.000000	 -90.000000	 0.000000	 0.000000	 0.000000	 53.140970	 0.000000	 -2.386194	 2.386194	 -90.000000	 0.205312	 -0.009070	 0.205512	 -2.529400	 97007.624798	
4000.000000	 1.000000	 0.000000	 -0.000000	 0.000000	 -90.000000	 0.000000	 0.000000	 0.000000	 44.524671	 0.000000	 -2.373738	 2.373738	 -90.000000	 0.205383	 -0.009092	 0.205584	 -2.534729	 97009.086974	
3950.000000	 1.000000	 0.000000	 -0.000000	 0.000000	 -90.000000	 0.000000	 -0.000000	 0.000000	 -5.578501	 0.000000	 -2.397154	 2.397154	 -90.000000	 0.205435	 -0.009141	 0.205638	 -2.547827	 97010.533598	
3900.000000	 1.000000	 0.000000	 -0.000000	 0.000000	 -90.000000	 0.000000	 0.000000	 0.000000	 26.790018	 0.000000	 -2.376333	 2.376333	 -90.000000	 0.205494	 -0.009152	 0.205698	 -2.550160	 97011.970835	
3850.000000	 1.000000	 0.000000	 -0.000000	 0.000000	 -90.000000	 0.000000	 0.000000	 0.000000	 4.900993	 0.000000	 -2.348278	 2.348278	 -90.000000	 0.205572	 -0.009182	 0.205777	 -2.557407	 97013.424806	
3800.000000	 1.000000	 0.000000	 -0.000000	 0.000000	 -90.000000	 0.000000	 -0.000000	 0.000000	 -46.026658	 0.000000	 -2.352373	 2.352373	 -90.000000	 0.205622	 -0.009204	 0.205827	 -2.562868	 97014.849511	
3750.000000	 1.000000	 0.000000	 -0.000000	 0.000000	 -90.000000	 0.000000	 -0.000000	 0.000000	 -29.271265	 0.000000	 -2.359502	 2.359502	 -90.000000	 0.205682	 -0.009242	 0.205889	 -2.572671	 97016.286561	
3700.000000	 1.000000	 0.000000	 -0.000000	 0.000000	 -90.000000	 0.000000	 0.000000	 0.000000	 67.685885	 0.000000	 -2.374730	 2.374730	 -90.000000	 0.205701	 -0.009204	 0.205907	 -2.561827	 97017.733240	
3650.000000	 1.000000	 0.000000	 -0.000000	 0.000000	 -90.000000	 0.000000	 -0.000000	 0.000000	 -19.047730	 0.000000	 -2.371281	 2.371281	 -90.000000	 0.205774	 -0.009266	 0.205983	 -2.578298	 97019.182806	
3600.000000	 1.000000	 0.000000	 -0.000000	 0.000000	 -90.000000	 0.000000	 0.000000	 0.000000	 57.335787	 0.000000	 -2.387496	 2.387496	 -90.000000	 0.205812	 -0.009249	 0.206020	 -2.573000	 97020.630072	
3550.000000	 1.000000	 0.000000	 -0.000000	 0.000000	 -90.000000	 0.000000	 0.000000	 0.000000	 8.692279	 0.000000	 -2.371610	 2.371610	 -90.000000	 0.205884	 -0.009264	 0.206092	 -2.576365	 97022.077470	
3500.000000	 1.000000	 0.000000	 -0.000000	 0.000000	 -90.000000	 -0.000000	 0.000000	 0.000000	 111.357297	 0.000000	 -2.376598	 2.376598	 -90.000000	 0.205954	 -0.009315	 0.206165	 -2.589760	 97023.500893	
3450.000000	 1.000000	 0.000000	 -0.000000	 0.000000	 -90.000000	 -0.000000	 0.000000	 0.000000	 90.177997	 0.000000	 -2.366602	 2.366602	 -90.000000	 0.206013	 -0.009393	 0.206227	 -2.610673	 97024.959171	
3400.000000	 1.000000	 0.000000	 -0.000000	 0.000000	 -90.000000	 0.000000	 0.000000	 0.000000	 49.742685	 0.000000	 -2.374194	 2.374194	 -90.000000	 0.206074	 -0.009392	 0.206288	 -2.609502	 97026.411851	
3350.000000	 1.000000	 0.000000	 -0.000000	 0.000000	 -90.000000	 0.000000	 0.000000	 0.000000	 47.133924	 0.000000	 -2.366393	 2.366393	 -90.000000	 0.206152	 -0.009410	 0.206366	 -2.613578	 97027.894418	
3300.000000	 1.000000	 0.000000	 -0.000000	 0.000000	 -90.000000	 0.000000	 -0.000000	 0.000000	 -25.296840	 0.000000	 -2.364270	 2.364270	 -90.000000	 0.206212	 -0.009433	 0.206428	 -2.619108	 97029.340852	
3250.000000	 1.000000	 0.000000	 -0.000000	 0.000000	 -90.000000	 0.000000	 -0.000000	 0.000000	 -71.103508	 0.000000	 -2.361180	 2.361180	 -90.000000	 0.206276	 -0.009474	 0.206494	 -2.629728	 97030.793952	
3200.000000	 1.000000	 0.000000	 -0.000000	 0.000000	 -90.000000	 0.000000	 -0.000000	 0.000000	 -61.626615	 0.000000	 -2.337846	 2.337846	 -90.000000	 0.206346	 -0.009500	 0.206564	 -2.636088	 97032.246852	
3150.000000	 1.000000	 0.000000	 -0.000000	 0.000000	 -90.000000	 -0.000000	 0.000000	 0.000000	 104.687031	 0.000000	 -2.339450	 2.339450	 -90.000000	 0.206409	 -0.009569	 0.206631	 -2.654362	 97033.697057	
3100.000000	 1.000000	 0.000000	 -0.000000	 0.000000	 -90.000000	 0.000000	 0.000000	 0.000000	 17.796835	 0.000000	 -2.453565	 2.453565	 -90.000000	 0.206419	 -0.009599	 0.206642	 -2.662337	 97035.135947	
3050.000000	 1.000000	 0.000000	 -0.000000	 0.000000	 -90.000000	 0.000000	 0.000000	 0.000000	 57.921126	 0.000000	 -2.464172	 2.464172	 -90.000000	 0.206500	 -0.009678	 0.206727	 -2.683349	 97036.572400	
3000.000000	 1.000000	 0.000000	 -0.000000	 0.000000	 -90.000000	 0.000000	 0.000000	 0.000000	 13.351831	 0.000000	 -2.457092	 2.457092	 -90.000000	 0.206551	 -0.009740	 0.206780	 -2.699697	 97037.997016	
2950.000000	 1.000000	 0.000000	 -0.000000	 0.000000	 -90.000000	 0.000000	 0.000000	 0.000000	 59.768675	 0.000000	 -2.454765	 2.454765	 -90.000000	 0.206606	 -0.009771	 0.206837	 -2.707719	 97039.425542	
2900.000000	 1.000000	 0.000000	 -0.000000	 0.000000	 -90.000000	 0.000000	 -0.000000	 0.000000	 -55.373600	 0.000000	 -2.435805	 2.435805	 -90.000000	 0.206692	 -0.009843	 0.206927	 -2.726339	 97040.890776	
2850.000000	 1.000000	 0.000000	 -0.000000	 0.000000	 -90.000000	 0.000000	 0.000000	 0.000000	 13.554181	 0.000000	 -2.431247	 2.431247	 -90.000000	 0.206784	 -0.009931	 0.207022	 -2.749521	 97042.340423	
2800.000000	 1.000000	 0.000000	 -0.000000	 0.000000	 -90.000000	 0.000000	 0.000000	 0.000000	 56.227916	 0.000000	 -2.407756	 2.407756	 -90.000000	 0.206888	 -0.009994	 0.207129	 -2.765575	 97043.788917	
2750.000000	 1.000000	 0.000000	 -0.000000	 0.000000	 -90.000000	 0.000000	 0.000000	 0.000000	 27.852048	 0.000000	 -2.414370	 2.414370	 -90.000000	 0.206959	 -0.009985	 0.207200	 -2.762035	 97045.246925	
2700.000000	 1.000000	 0.000000	 -0.000000	 0.000000	 -90.000000	 -0.000000	 -0.000000	 0.000000	 -155.567954	 0.000000	 -2.563595	 2.563595	 -90.000000	 0.206973	 -0.010250	 0.207226	 -2.835267	 97046.688468	
2650.000000	 1.000000	 0.000000	 -0.000000	 0.000000	 -90.000000	 0.000000	 0.000000	 0.000000	 64.518491	 0.000000	 -2.555369	 2.555369	 -90.000000	 0.207053	 -0.010288	 0.207309	 -2.844447	 97048.140004	
2600.000000	 1.000000	 0.000000	 -0.000000	 0.000000	 -90.000000	 0.000000	 -0.000000	 0.000000	 -9.612757	 0.000000	 -2.575739	 2.575739	 -90.000000	 0.207170	 -0.010972	 0.207461	 -3.031663	 97049.568878	
2550.000000	 1.000000	 0.000000	 -0.000000	 0.000000	 -90.000000	 0.000000	 -0.000000	 0.000000	 -24.946689	 0.000000	 -2.528697	 2.528697	 -90.000000	 0.207239	 -0.010371	 0.207498	 -2.864838	 97051.019718	
2500.000000	 1.000000	 0.000000	 -0.000000	 0.000000	 -90.000000	 0.000000	 0.000000	 0.000000	 12.211017	 0.000000	 -2.537323	 2.537323	 -90.000000	 0.207331	 -0.010499	 0.207597	 -2.898968	 97052.464612	
2450.000000	 1.000000	 0.000000	 -0.000000	 0.000000	 -90.000000	 0.000000	 -0.000000	 0.000000	 -12.318987	 0.000000	 -2.545117	 2.545117	 -90.000000	 0.207428	 -0.010654	 0.207702	 -2.940358	 97053.913848	
2400.000000	 1.000000	 0.000000	 -0.000000	 0.000000	 -90.000000	 -0.000000	 -0.000000	 0.000000	 -132.428973	 0.000000	 -2.538579	 2.538579	 -90.000000	 0.207525	 -0.010662	 0.207799	 -2.940994	 97055.342460	
2350.000000	 1.000000	 0.000000	 -0.000000	 0.000000	 -90.000000	 -0.000000	 -0.000000	 0.000000	 -123.869807	 0.000000	 -2.538279	 2.538279	 -90.000000	 0.207633	 -0.010718	 0.207910	 -2.954894	 97056.763079	
2300.000000	 1.000000	 0.000000	 -0.000000	 0.000000	 -90.000000	 0.000000	 0.000000	 0.000000	 68.391259	 0.000000	 -2.538299	 2.538299	 -90.000000	 0.207711	 -0.010824	 0.207993	 -2.982981	 97058.305848	
2250.000000	 1.000000	 0.000000	 -0.000000	 0.000000	 -90.000000	 0.000000	 0.000000	 0.000000	 1.560565	 0.000000	 -2.538096	 2.538096	 -90.000000	 0.207838	 -0.010911	 0.208124	 -3.005188	 97059.745870	
2200.000000	 1.000000	 0.000000	 -0.000000	 0.000000	 -90.000000	 -0.000000	 -0.000000	 0.000000	 -104.198904	 0.000000	 -2.541527	 2.541527	 -90.000000	 0.207919	 -0.010960	 0.208207	 -3.017431	 97061.166824	
2150.000000	 1.000000	 0.000000	 -0.000000	 0.000000	 -90.000000	 0.000000	 0.000000	 0.000000	 38.901158	 0.000000	 -2.537652	 2.537652	 -90.000000	 0.208045	 -0.011028	 0.208337	 -3.034171	 97062.608094	
2100.000000	 1.000000	 0.000000	 -0.000000	 0.000000	 -90.000000	 -0.000000	 0.000000	 0.000000	 120.344562	 0.000000	 -2.449050	 2.449050	 -90.000000	 0.208207	 -0.011112	 0.208504	 -3.054884	 97064.092229	
2050.000000	 1.000000	 0.000000	 -0.000000	 0.000000	 -90.000000	 0.000000	 0.000000	 0.000000	 15.722680	 0.000000	 -2.451047	 2.451047	 -90.000000	 0.208298	 -0.011204	 0.208599	 -3.078775	 97065.532334	
2000.000000	 1.000000	 0.000000	 -0.000000	 0.000000	 -90.000000	 -0.000000	 -0.000000	 0.000000	 -120.097859	 0.000000	 -2.443923	 2.443923	 -90.000000	 0.208427	 -0.011307	 0.208733	 -3.105263	 97066.981475	
1950.000000	 1.000000	 0.000000	 -0.000000	 0.000000	 -90.000000	 0.000000	 0.000000	 0.000000	 88.172298	 0.000000	 -2.447673	 2.447673	 -90.000000	 0.208524	 -0.011440	 0.208838	 -3.140107	 97068.452204	
1900.000000	 1.000000	 0.000000	 -0.000000	 0.000000	 -90.000000	 -0.000000	 0.000000	 0.000000	 129.977434	 0.000000	 -2.439654	 2.439654	 -90.000000	 0.208659	 -0.011537	 0.208978	 -3.164601	 97069.908968	
1850.000000	 1.000000	 0.000000	 -0.000000	 0.000000	 -90.000000	 0.000000	 0.000000	 0.000000	 63.962605	 0.000000	 -2.442800	 2.442800	 -90.000000	 0.208775	 -0.011629	 0.209098	 -3.188220	 97071.344287	
1800.000000	 1.000000	 0.000000	 -0.000000	 0.000000	 -90.000000	 0.000000	 0.000000	 0.000000	 59.889619	 0.000000	 -2.440543	 2.440543	 -90.000000	 0.208914	 -0.011732	 0.209243	 -3.214277	 97072.769551	
1750.000000	 1.000000	 0.000000	 -0.000000	 0.000000	 -90.000000	 -0.000000	 -0.000000	 0.000000	 -114.537241	 0.000000	 -2.448522	 2.448522	 -90.000000	 0.209041	 -0.011914	 0.209380	 -3.261862	 97074.248909	
1700.000000	 1.000000	 0.000000	 -0.000000	 0.000000	 -90.000000	 -0.000000	 0.000000	 0.000000	 102.885184	 0.000000	 -2.444055	 2.444055	 -90.000000	 0.209181	 -0.012003	 0.209525	 -3.283965	 97075.676945	
1650.000000	 1.000000	 0.000000	 -0.000000	 0.000000	 -90.000000	 0.000000	 -0.000000	 0.000000	 -5.046539	 0.000000	 -2.442322	 2.442322	 -90.000000	 0.209297	 -0.012157	 0.209650	 -3.324310	 97077.140532	
1600.000000	 1.000000	 0.000000	 -0.000000	 0.000000	 -90.000000	 0.000000	 0.000000	 0.000000	 27.082263	 0.000000	 -2.412194	 2.412194	 -90.000000	 0.209506	 -0.012347	 0.209870	 -3.372740	 97078.578552	
1550.000000	 1.000000	 0.000000	 -0.000000	 0.000000	 -90.000000	 0.000000	 0.000000	 0.000000	 32.525284	 0.000000	 -2.410275	 2.410275	 -90.000000	 0.209635	 -0.012518	 0.210008	 -3.417350	 97080.011856	
1500.000000	 1.000000	 0.000000	 -0.000000	 0.000000	 -90.000000	 0.000000	 -0.000000	 0.000000	 -12.532593	 0.000000	 -2.407836	 2.407836	 -90.000000	 0.209877	 -0.012673	 0.210260	 -3.455465	 97081.453957	
1450.000000	 1.000000	 0.000000	 -0.000000	 0.000000	 -90.000000	 -0.000000	 0.000000	 0.000000	 123.513823	 0.000000	 -2.413838	 2.413838	 -90.000000	 0.210063	 -0.012855	 0.210456	 -3.501829	 97082.870515	
1400.000000	 1.000000	 0.000000	 -0.000000	 0.000000	 -90.000000	 -0.000000	 0.000000	 0.000000	 95.023698	 0.000000	 -2.418393	 2.418393	 -90.000000	 0.210200	 -0.013057	 0.210605	 -3.554575	 97084.328558	
1350.000000	 1.000000	 0.000000	 -0.000000	 0.000000	 -90.000000	 0.000000	 0.000000	 0.000000	 21.015473	 0.000000	 -2.411854	 2.411854	 -90.000000	 0.210433	 -0.013249	 0.210850	 -3.602537	 97085.743150	
1300.000000	 1.000000	 0.000000	 -0.000000	 0.000000	 -90.000000	 0.000000	 -0.000000	 0.000000	 -38.682832	 0.000000	 -2.414015	 2.414015	 -90.000000	 0.210568	 -0.013510	 0.211000	 -3.671168	 97087.155564	
1250.000000	 1.000000	 0.000000	 -0.000000	 0.000000	 -90.000000	 0.000000	 0.000000	 0.000000	 7.938576	 0.000000	 -2.410235	 2.410235	 -90.000000	 0.210785	 -0.013722	 0.211231	 -3.724785	 97088.582545	
1200.000000	 1.000000	 0.000000	 -0.000000	 0.000000	 -90.000000	 0.000000	 0.000000	 0.000000	 80.995580	 0.000000	 -2.438839	 2.438839	 -90.000000	 0.211067	 -0.014026	 0.211533	 -3.801851	 97090.025408	
1150.000000	 1.000000	 0.000000	 -0.000000	 0.000000	 -90.000000	 0.000000	 -0.000000	 0.000000	 -74.405429	 0.000000	 -2.452440	 2.452440	 -90.000000	 0.211228	 -0.014360	 0.211715	 -3.889083	 97091.468311	
1100.000000	 1.000000	 0.000000	 -0.000000	 0.000000	 -90.000000	 0.000000	 0.000000	 0.000000	 42.579933	 0.000000	 -2.447670	 2.447670	 -90.000000	 0.211541	 -0.014653	 0.212048	 -3.962366	 97092.920895	
1050.000000	 1.000000	 0.000000	 -0.000000	 0.000000	 -90.000000	 0.000000	 0.000000	 0.000000	 42.069137	 0.000000	 -2.447615	 2.447615	 -90.000000	 0.211782	 -0.015025	 0.212314	 -4.058106	 97094.390538	
1000.000000	 1.000000	 0.000000	 -0.000000	 0.000000	 -90.000000	 0.000000	 0.000000	 0.000000	 84.624285	 0.000000	 -2.448907	 2.448907	 -90.000000	 0.212108	 -0.015391	 0.212666	 -4.150169	 97095.840123	
950.000000	 1.000000	 0.000000	 -0.000000	 0.000000	 -90.000000	 0.000000	 0.000000	 0.000000	 24.624639	 0.000000	 -2.432181	 2.432181	 -90.000000	 0.212415	 -0.015701	 0.212995	 -4.227449	 97097.310461	
900.000000	 1.000000	 0.000000	 -0.000000	 0.000000	 -90.000000	 -0.000000	 -0.000000	 0.000000	 -128.040701	 0.000000	 -2.445840	 2.445840	 -90.000000	 0.212840	 -0.016280	 0.213461	 -4.373993	 97098.719201	
850.000000	 1.000000	 0.000000	 -0.000000	 0.000000	 -90.000000	 0.000000	 -0.000000	 0.000000	 -16.421004	 0.000000	 -2.454736	 2.454736	 -90.000000	 0.213113	 -0.016683	 0.213765	 -4.476082	 97100.153834	
800.000000	 1.000000	 0.000000	 -0.000000	 0.000000	 -90.000000	 0.000000	 0.000000	 0.000000	 16.414861	 0.000000	 -2.449512	 2.449512	 -90.000000	 0.213525	 -0.017308	 0.214225	 -4.634113	 97101.598028	
750.000000	 1.000000	 0.000000	 -0.000000	 0.000000	 -90.000000	 -0.000000	 0.000000	 0.000000	 99.371522	 0.000000	 -2.455526	 2.455526	 -90.000000	 0.214027	 -0.017802	 0.214766	 -4.754703	 97103.042640	
700.000000	 1.000000	 0.000000	 -0.000000	 0.000000	 -90.000000	 -0.000000	 -0.000000	 0.000000	 -179.179406	 0.000000	 -2.453229	 2.453229	 -90.000000	 0.214455	 -0.018629	 0.215262	 -4.964606	 97104.508746	
650.000000	 1.000000	 0.000000	 -0.000000	 0.000000	 -90.000000	 0.000000	 -0.000000	 0.000000	 -45.469391	 0.000000	 -2.463360	 2.463360	 -90.000000	 0.215050	 -0.019406	 0.215924	 -5.156371	 97105.927655	
600.000000	 1.000000	 0.000000	 -0.000000	 0.000000	 -90.000000	 0.000000	 0.000000	 0.000000	 86.662155	 0.000000	 -2.461495	 2.461495	 -90.000000	 0.215586	 -0.020495	 0.216558	 -5.430590	 97107.372717	
550.000000	 1.000000	 0.000000	 -0.000000	 0.000000	 -90.000000	 -0.000000	 0.000000	 0.000000	 111.237526	 0.000000	 -2.453894	 2.453894	 -90.000000	 0.216268	 -0.021398	 0.217324	 -5.650466	 97108.806217	
500.000000	 1.000000	 0.000000	 -0.000000	 0.000000	 -90.000000	 -0.000000	 -0.000000	 0.000000	 -177.545968	 0.000000	 -2.451543	 2.451543	 -90.000000	 0.217207	 -0.022734	 0.218393	 -5.975166	 97110.243234	
450.000000	 1.000000	 0.000000	 -0.000000	 0.000000	 -90.000000	 -0.000000	 0.000000	 0.000000	 142.831323	 0.000000	 -2.455696	 2.455696	 -90.000000	 0.218215	 -0.023997	 0.219530	 -6.275603	 97111.711582	
400.000000	 1.000000	 0.000000	 -0.000000	 0.000000	 -90.000000	 0.000000	 0.000000	 0.000000	 76.975179	 0.000000	 -2.455277	 2.455277	 -90.000000	 0.219237	 -0.026195	 0.220797	 -6.813659	 97113.123988	
350.000000	 1.000000	 0.000000	 -0.000000	 0.000000	 -90.000000	 -0.000000	 -0.000000	 0.000000	 -111.576251	 0.000000	 -2.447793	 2.447793	 -90.000000	 0.220321	 -0.027537	 0.222036	 -7.124288	 97114.631362	
300.000000	 1.000000	 0.000000	 -0.000000	 0.000000	 -90.000000	 -0.000000	 0.000000	 0.000000	 136.432196	 0.000000	 -2.451956	 2.451956	 -90.000000	 0.222330	 -0.031378	 0.224533	 -8.033212	 97116.109145	
250.000000	 1.000000	 0.000000	 -0.000000	 0.000000	 -90.000000	 -0.000000	 0.000000	 0.000000	 120.165455	 0.000000	 -2.607349	 2.607349	 -90.000000	 0.226891	 -0.041390	 0.230635	 -10.338270	 97117.542716	
200.000000	 1.000000	 0.000000	 -0.000000	 0.000000	 -90.000000	 -0.000000	 -0.000000	 0.000000	 -110.125510	 0.000000	 -2.533098	 2.533098	 -90.000000	 0.228354	 -0.042980	 0.232363	 -10.659233	 97118.970219	
