# Oscilator_frequency (Hz)	DemodAll_A (-)	Demod_1_X_A (A)	Demod_1_Y_A (A)	Demod_1__R_A (A)	Demod_1__Theta_A (deg)	Demod_2_X_A (A)	Demod_2_Y_A (A)	Demod_2__R_A (A)	Demod_2__Theta_A (deg)	Demod_3_X_A (V)	Demod_3_Y_A (V)	Demod_3__R_A (V)	Demod_3__Theta_A (deg)	Demod_4_X_A (V)	Demod_4_Y_A (V)	Demod_4__R_A (V)	Demod_4__Theta_A (deg)	Timer_GET (s)	
500000.000000	 1.000000	 0.000000	 -0.000000	 0.000000	 -90.000000	 0.329890	 -0.159838	 0.366573	 -25.851036	 0.000000	 0.002655	 0.002655	 90.000000	 0.329890	 -0.159838	 0.366573	 -25.851036	 265712.711459	
495000.000000	 1.000000	 0.000000	 -0.000000	 0.000000	 -90.000000	 0.330797	 -0.158690	 0.366892	 -25.627937	 0.000000	 0.002169	 0.002169	 90.000000	 0.330797	 -0.158690	 0.366892	 -25.627937	 265714.144643	
490000.000000	 1.000000	 0.000000	 -0.000000	 0.000000	 -90.000000	 0.331681	 -0.157523	 0.367186	 -25.404074	 0.000000	 0.002148	 0.002148	 90.000000	 0.331681	 -0.157523	 0.367186	 -25.404074	 265715.571957	
485000.000000	 1.000000	 0.000000	 -0.000000	 0.000000	 -90.000000	 0.332565	 -0.156357	 0.367487	 -25.180731	 0.000000	 0.002196	 0.002196	 90.000000	 0.332565	 -0.156357	 0.367487	 -25.180731	 265717.023628	
480000.000000	 1.000000	 0.000000	 -0.000000	 0.000000	 -90.000000	 0.333441	 -0.155186	 0.367785	 -24.957673	 0.000000	 0.002266	 0.002266	 90.000000	 0.333441	 -0.155186	 0.367785	 -24.957673	 265718.444782	
475000.000000	 1.000000	 0.000000	 -0.000000	 0.000000	 -90.000000	 0.334349	 -0.154005	 0.368112	 -24.731296	 0.000000	 0.002233	 0.002233	 90.000000	 0.334349	 -0.154005	 0.368112	 -24.731296	 265719.892752	
470000.000000	 1.000000	 0.000000	 -0.000000	 0.000000	 -90.000000	 0.335211	 -0.152818	 0.368401	 -24.507658	 0.000000	 0.002198	 0.002198	 90.000000	 0.335211	 -0.152818	 0.368402	 -24.507659	 265721.314154	
465000.000000	 1.000000	 0.000000	 -0.000000	 0.000000	 -90.000000	 0.336053	 -0.151626	 0.368676	 -24.284706	 0.000000	 0.002195	 0.002195	 90.000000	 0.336053	 -0.151626	 0.368676	 -24.284706	 265722.825986	
460000.000000	 1.000000	 0.000000	 -0.000000	 0.000000	 -90.000000	 0.336920	 -0.150436	 0.368980	 -24.060941	 0.000000	 0.002249	 0.002249	 90.000000	 0.336920	 -0.150436	 0.368980	 -24.060941	 265724.274568	
455000.000000	 1.000000	 0.000000	 -0.000000	 0.000000	 -90.000000	 0.337782	 -0.149240	 0.369282	 -23.836932	 0.000000	 0.002252	 0.002252	 90.000000	 0.337782	 -0.149240	 0.369282	 -23.836932	 265725.772231	
450000.000000	 1.000000	 0.000000	 -0.000000	 0.000000	 -90.000000	 0.338635	 -0.148035	 0.369578	 -23.612610	 0.000000	 0.002232	 0.002232	 90.000000	 0.338635	 -0.148035	 0.369578	 -23.612610	 265727.232190	
445000.000000	 1.000000	 0.000000	 -0.000000	 0.000000	 -90.000000	 0.339489	 -0.146833	 0.369882	 -23.389012	 0.000000	 0.002242	 0.002242	 90.000000	 0.339490	 -0.146833	 0.369883	 -23.389016	 265728.662246	
440000.000000	 1.000000	 0.000000	 -0.000000	 0.000000	 -90.000000	 0.340356	 -0.145632	 0.370204	 -23.165208	 0.000000	 0.002285	 0.002285	 90.000000	 0.340356	 -0.145632	 0.370204	 -23.165209	 265730.097300	
435000.000000	 1.000000	 0.000000	 -0.000000	 0.000000	 -90.000000	 0.341224	 -0.144424	 0.370529	 -22.940613	 0.000000	 0.002258	 0.002258	 90.000000	 0.341224	 -0.144424	 0.370529	 -22.940612	 265731.544025	
430000.000000	 1.000000	 0.000000	 -0.000000	 0.000000	 -90.000000	 0.342076	 -0.143209	 0.370843	 -22.716496	 0.000000	 0.002255	 0.002255	 90.000000	 0.342076	 -0.143209	 0.370843	 -22.716496	 265732.997185	
425000.000000	 1.000000	 0.000000	 -0.000000	 0.000000	 -90.000000	 0.342921	 -0.141988	 0.371154	 -22.492300	 0.000000	 0.002236	 0.002236	 90.000000	 0.342921	 -0.141988	 0.371154	 -22.492300	 265734.451202	
420000.000000	 1.000000	 0.000000	 -0.000000	 0.000000	 -90.000000	 0.343728	 -0.140752	 0.371430	 -22.268460	 0.000000	 0.002216	 0.002216	 90.000000	 0.343728	 -0.140752	 0.371430	 -22.268460	 265735.894217	
415000.000000	 1.000000	 0.000000	 -0.000000	 0.000000	 -90.000000	 0.344560	 -0.139524	 0.371738	 -22.044615	 0.000000	 0.002171	 0.002171	 90.000000	 0.344560	 -0.139524	 0.371738	 -22.044615	 265737.337240	
410000.000000	 1.000000	 0.000000	 -0.000000	 0.000000	 -90.000000	 0.345375	 -0.138284	 0.372030	 -21.820605	 0.000000	 0.002238	 0.002238	 90.000000	 0.345375	 -0.138284	 0.372030	 -21.820605	 265738.779227	
405000.000000	 1.000000	 0.000000	 -0.000000	 0.000000	 -90.000000	 0.346216	 -0.137048	 0.372354	 -21.595941	 0.000000	 0.002227	 0.002227	 90.000000	 0.346216	 -0.137048	 0.372354	 -21.595943	 265740.217254	
400000.000000	 1.000000	 0.000000	 -0.000000	 0.000000	 -90.000000	 0.347049	 -0.135809	 0.372676	 -21.371657	 0.000000	 0.002220	 0.002220	 90.000000	 0.347049	 -0.135809	 0.372676	 -21.371657	 265741.667919	
395000.000000	 1.000000	 0.000000	 -0.000000	 0.000000	 -90.000000	 0.347888	 -0.134570	 0.373009	 -21.147464	 0.000000	 0.002191	 0.002191	 90.000000	 0.347888	 -0.134570	 0.373009	 -21.147464	 265743.090948	
390000.000000	 1.000000	 0.000000	 -0.000000	 0.000000	 -90.000000	 0.348705	 -0.133317	 0.373321	 -20.922870	 0.000000	 0.002232	 0.002232	 90.000000	 0.348705	 -0.133317	 0.373321	 -20.922870	 265744.549472	
385000.000000	 1.000000	 0.000000	 -0.000000	 0.000000	 -90.000000	 0.349534	 -0.132066	 0.373651	 -20.698246	 0.000000	 0.002178	 0.002178	 90.000000	 0.349534	 -0.132066	 0.373651	 -20.698246	 265745.978706	
380000.000000	 1.000000	 0.000000	 -0.000000	 0.000000	 -90.000000	 0.350333	 -0.130799	 0.373954	 -20.473385	 0.000000	 0.002218	 0.002218	 90.000000	 0.350333	 -0.130799	 0.373954	 -20.473385	 265747.439565	
375000.000000	 1.000000	 0.000000	 -0.000000	 0.000000	 -90.000000	 0.351150	 -0.129531	 0.374278	 -20.247860	 0.000000	 0.002167	 0.002167	 90.000000	 0.351150	 -0.129531	 0.374278	 -20.247860	 265748.918310	
370000.000000	 1.000000	 0.000000	 -0.000000	 0.000000	 -90.000000	 0.351951	 -0.128269	 0.374596	 -20.024349	 0.000000	 0.002217	 0.002217	 90.000000	 0.351951	 -0.128269	 0.374596	 -20.024349	 265750.363146	
365000.000000	 1.000000	 0.000000	 -0.000000	 0.000000	 -90.000000	 0.352761	 -0.126997	 0.374925	 -19.799316	 0.000000	 0.002263	 0.002263	 90.000000	 0.352761	 -0.126997	 0.374925	 -19.799316	 265751.810574	
360000.000000	 1.000000	 0.000000	 -0.000000	 0.000000	 -90.000000	 0.353557	 -0.125717	 0.375243	 -19.574187	 0.000000	 0.002216	 0.002216	 90.000000	 0.353557	 -0.125717	 0.375243	 -19.574187	 265753.216499	
355000.000000	 1.000000	 0.000000	 -0.000000	 0.000000	 -90.000000	 0.354364	 -0.124437	 0.375577	 -19.349091	 0.000000	 0.002266	 0.002266	 90.000000	 0.354364	 -0.124437	 0.375577	 -19.349091	 265754.674280	
350000.000000	 1.000000	 0.000000	 -0.000000	 0.000000	 -90.000000	 0.355161	 -0.123151	 0.375907	 -19.123795	 0.000000	 0.002226	 0.002226	 90.000000	 0.355161	 -0.123151	 0.375907	 -19.123804	 265756.108865	
345000.000000	 1.000000	 0.000000	 -0.000000	 0.000000	 -90.000000	 0.355951	 -0.121860	 0.376232	 -18.898624	 0.000000	 0.002175	 0.002175	 90.000000	 0.355951	 -0.121860	 0.376232	 -18.898624	 265757.552166	
340000.000000	 1.000000	 0.000000	 -0.000000	 0.000000	 -90.000000	 0.356738	 -0.120566	 0.376561	 -18.673580	 0.000000	 0.002214	 0.002214	 90.000000	 0.356738	 -0.120566	 0.376561	 -18.673580	 265759.002843	
335000.000000	 1.000000	 0.000000	 -0.000000	 0.000000	 -90.000000	 0.357520	 -0.119266	 0.376889	 -18.448301	 0.000000	 0.002220	 0.002220	 90.000000	 0.357520	 -0.119266	 0.376889	 -18.448301	 265760.468719	
330000.000000	 1.000000	 0.000000	 -0.000000	 0.000000	 -90.000000	 0.358306	 -0.117963	 0.377225	 -18.222840	 0.000000	 0.002207	 0.002207	 90.000000	 0.358306	 -0.117963	 0.377225	 -18.222840	 265761.907238	
325000.000000	 1.000000	 0.000000	 -0.000000	 0.000000	 -90.000000	 0.359108	 -0.116659	 0.377582	 -17.996803	 0.000000	 0.002153	 0.002153	 90.000000	 0.359108	 -0.116659	 0.377582	 -17.996802	 265763.340008	
320000.000000	 1.000000	 0.000000	 -0.000000	 0.000000	 -90.000000	 0.359874	 -0.115341	 0.377906	 -17.770898	 0.000000	 0.002144	 0.002144	 90.000000	 0.359874	 -0.115341	 0.377906	 -17.770898	 265764.785048	
315000.000000	 1.000000	 0.000000	 -0.000000	 0.000000	 -90.000000	 0.360651	 -0.114025	 0.378247	 -17.545111	 0.000000	 0.002157	 0.002157	 90.000000	 0.360651	 -0.114025	 0.378247	 -17.545111	 265766.232425	
310000.000000	 1.000000	 0.000000	 -0.000000	 0.000000	 -90.000000	 0.361425	 -0.112703	 0.378590	 -17.319060	 0.000000	 0.002175	 0.002175	 90.000000	 0.361425	 -0.112703	 0.378590	 -17.319060	 265767.682992	
305000.000000	 1.000000	 0.000000	 -0.000000	 0.000000	 -90.000000	 0.362194	 -0.111375	 0.378932	 -17.092724	 0.000000	 0.002144	 0.002144	 90.000000	 0.362194	 -0.111375	 0.378932	 -17.092724	 265769.114882	
300000.000000	 1.000000	 0.000000	 -0.000000	 0.000000	 -90.000000	 0.362970	 -0.110044	 0.379285	 -16.865991	 0.000000	 0.002163	 0.002163	 90.000000	 0.362970	 -0.110044	 0.379285	 -16.865991	 265770.610310	
295000.000000	 1.000000	 0.000000	 -0.000000	 0.000000	 -90.000000	 0.363743	 -0.108710	 0.379640	 -16.639551	 0.000000	 0.002151	 0.002151	 90.000000	 0.363743	 -0.108710	 0.379640	 -16.639556	 265772.058932	
290000.000000	 1.000000	 0.000000	 -0.000000	 0.000000	 -90.000000	 0.364509	 -0.107368	 0.379993	 -16.412675	 0.000000	 0.002142	 0.002142	 90.000000	 0.364509	 -0.107368	 0.379993	 -16.412675	 265773.502741	
285000.000000	 1.000000	 0.000000	 -0.000000	 0.000000	 -90.000000	 0.365284	 -0.106026	 0.380360	 -16.185773	 0.000000	 0.002138	 0.002138	 90.000000	 0.365284	 -0.106026	 0.380360	 -16.185773	 265774.941252	
280000.000000	 1.000000	 0.000000	 -0.000000	 0.000000	 -90.000000	 0.366036	 -0.104673	 0.380708	 -15.958638	 0.000000	 0.002137	 0.002137	 90.000000	 0.366036	 -0.104673	 0.380708	 -15.958638	 265776.396441	
275000.000000	 1.000000	 0.000000	 -0.000000	 0.000000	 -90.000000	 0.366792	 -0.103318	 0.381066	 -15.731414	 0.000000	 0.002126	 0.002126	 90.000000	 0.366792	 -0.103318	 0.381066	 -15.731414	 265777.809392	
270000.000000	 1.000000	 0.000000	 -0.000000	 0.000000	 -90.000000	 0.367556	 -0.101957	 0.381435	 -15.503664	 0.000000	 0.002141	 0.002141	 90.000000	 0.367556	 -0.101957	 0.381435	 -15.503664	 265779.250838	
265000.000000	 1.000000	 0.000000	 -0.000000	 0.000000	 -90.000000	 0.368346	 -0.100603	 0.381838	 -15.276066	 0.000000	 0.002160	 0.002160	 90.000000	 0.368346	 -0.100603	 0.381837	 -15.276063	 265780.703005	
260000.000000	 1.000000	 0.000000	 -0.000000	 0.000000	 -90.000000	 0.369116	 -0.099236	 0.382223	 -15.048060	 0.000000	 0.002110	 0.002110	 90.000000	 0.369116	 -0.099236	 0.382223	 -15.048060	 265782.122162	
255000.000000	 1.000000	 0.000000	 -0.000000	 0.000000	 -90.000000	 0.369879	 -0.097863	 0.382607	 -14.819747	 0.000000	 0.002132	 0.002132	 90.000000	 0.369878	 -0.097862	 0.382605	 -14.819753	 265783.569012	
250000.000000	 1.000000	 0.000000	 -0.000000	 0.000000	 -90.000000	 0.370625	 -0.096476	 0.382976	 -14.590724	 0.000000	 0.002148	 0.002148	 90.000000	 0.370624	 -0.096476	 0.382975	 -14.590724	 265785.006905	
245000.000000	 1.000000	 0.000000	 -0.000000	 0.000000	 -90.000000	 0.371406	 -0.095100	 0.383388	 -14.362226	 0.000000	 0.002108	 0.002108	 90.000000	 0.371405	 -0.095100	 0.383387	 -14.362228	 265786.421255	
240000.000000	 1.000000	 0.000000	 -0.000000	 0.000000	 -90.000000	 0.372184	 -0.093716	 0.383801	 -14.133233	 0.000000	 0.002163	 0.002163	 90.000000	 0.372184	 -0.093716	 0.383801	 -14.133233	 265787.832522	
235000.000000	 1.000000	 0.000000	 -0.000000	 0.000000	 -90.000000	 0.372932	 -0.092318	 0.384189	 -13.903916	 0.000000	 0.002149	 0.002149	 90.000000	 0.372932	 -0.092318	 0.384189	 -13.903913	 265789.270103	
230000.000000	 1.000000	 0.000000	 -0.000000	 0.000000	 -90.000000	 0.373688	 -0.090919	 0.384589	 -13.674461	 0.000000	 0.002085	 0.002085	 90.000000	 0.373688	 -0.090919	 0.384589	 -13.674461	 265790.712936	
225000.000000	 1.000000	 0.000000	 -0.000000	 0.000000	 -90.000000	 0.374465	 -0.089518	 0.385017	 -13.444535	 0.000000	 0.002125	 0.002125	 90.000000	 0.374465	 -0.089518	 0.385017	 -13.444535	 265792.159306	
220000.000000	 1.000000	 0.000000	 -0.000000	 0.000000	 -90.000000	 0.375240	 -0.088112	 0.385447	 -13.214543	 0.000000	 0.002045	 0.002045	 90.000000	 0.375240	 -0.088112	 0.385447	 -13.214543	 265793.641732	
215000.000000	 1.000000	 0.000000	 -0.000000	 0.000000	 -90.000000	 0.375992	 -0.086696	 0.385857	 -12.984261	 0.000000	 0.002057	 0.002057	 90.000000	 0.375992	 -0.086696	 0.385857	 -12.984261	 265795.063451	
210000.000000	 1.000000	 0.000000	 -0.000000	 0.000000	 -90.000000	 0.376745	 -0.085273	 0.386275	 -12.753505	 0.000000	 0.002144	 0.002144	 90.000000	 0.376745	 -0.085273	 0.386275	 -12.753505	 265796.505505	
205000.000000	 1.000000	 0.000000	 -0.000000	 0.000000	 -90.000000	 0.377517	 -0.083848	 0.386716	 -12.522410	 0.000000	 0.002097	 0.002097	 90.000000	 0.377517	 -0.083848	 0.386716	 -12.522411	 265797.978442	
200000.000000	 1.000000	 0.000000	 -0.000000	 0.000000	 -90.000000	 0.378286	 -0.082418	 0.387160	 -12.291077	 0.000000	 0.002145	 0.002145	 90.000000	 0.378286	 -0.082418	 0.387160	 -12.291077	 265799.394335	
195000.000000	 1.000000	 0.000000	 -0.000000	 0.000000	 -90.000000	 0.379061	 -0.080979	 0.387614	 -12.058892	 0.000000	 0.002101	 0.002101	 90.000000	 0.379061	 -0.080979	 0.387614	 -12.058892	 265800.836257	
190000.000000	 1.000000	 0.000000	 -0.000000	 0.000000	 -90.000000	 0.379824	 -0.079534	 0.388061	 -11.826627	 0.000000	 0.002046	 0.002046	 90.000000	 0.379824	 -0.079534	 0.388062	 -11.826627	 265802.278433	
185000.000000	 1.000000	 0.000000	 -0.000000	 0.000000	 -90.000000	 0.380604	 -0.078085	 0.388532	 -11.593945	 0.000000	 0.002049	 0.002049	 90.000000	 0.380604	 -0.078085	 0.388532	 -11.593945	 265803.727577	
180000.000000	 1.000000	 0.000000	 -0.000000	 0.000000	 -90.000000	 0.381378	 -0.076630	 0.389000	 -11.361126	 0.000000	 0.002056	 0.002056	 90.000000	 0.381378	 -0.076630	 0.389001	 -11.361124	 265805.173257	
175000.000000	 1.000000	 0.000000	 -0.000000	 0.000000	 -90.000000	 0.382165	 -0.075166	 0.389487	 -11.127231	 0.000000	 0.001999	 0.001999	 90.000000	 0.382165	 -0.075166	 0.389487	 -11.127233	 265806.635212	
170000.000000	 1.000000	 0.000000	 -0.000000	 0.000000	 -90.000000	 0.382949	 -0.073698	 0.389976	 -10.893322	 0.000000	 0.001991	 0.001991	 90.000000	 0.382950	 -0.073698	 0.389977	 -10.893321	 265808.150709	
165000.000000	 1.000000	 0.000000	 -0.000000	 0.000000	 -90.000000	 0.383719	 -0.072217	 0.390456	 -10.658536	 0.000000	 0.002025	 0.002025	 90.000000	 0.383719	 -0.072217	 0.390456	 -10.658537	 265809.622286	
160000.000000	 1.000000	 0.000000	 -0.000000	 0.000000	 -90.000000	 0.384507	 -0.070735	 0.390959	 -10.423742	 0.000000	 0.002090	 0.002090	 90.000000	 0.384507	 -0.070735	 0.390959	 -10.423742	 265811.093938	
155000.000000	 1.000000	 0.000000	 -0.000000	 0.000000	 -90.000000	 0.385318	 -0.069247	 0.391491	 -10.188074	 0.000000	 0.002070	 0.002070	 90.000000	 0.385318	 -0.069247	 0.391491	 -10.188076	 265812.524145	
150000.000000	 1.000000	 0.000000	 -0.000000	 0.000000	 -90.000000	 0.386104	 -0.067746	 0.392002	 -9.951834	 0.000000	 0.002021	 0.002021	 90.000000	 0.386104	 -0.067746	 0.392002	 -9.951834	 265813.950611	
145000.000000	 1.000000	 0.000000	 -0.000000	 0.000000	 -90.000000	 0.386884	 -0.066237	 0.392513	 -9.715152	 0.000000	 0.002038	 0.002038	 90.000000	 0.386884	 -0.066237	 0.392513	 -9.715153	 265815.399116	
140000.000000	 1.000000	 0.000000	 -0.000000	 0.000000	 -90.000000	 0.387702	 -0.064724	 0.393068	 -9.477658	 0.000000	 0.001970	 0.001970	 90.000000	 0.387702	 -0.064724	 0.393068	 -9.477658	 265816.829918	
135000.000000	 1.000000	 0.000000	 -0.000000	 0.000000	 -90.000000	 0.388532	 -0.063203	 0.393639	 -9.239482	 0.000000	 0.002013	 0.002013	 90.000000	 0.388532	 -0.063203	 0.393639	 -9.239482	 265818.284788	
130000.000000	 1.000000	 0.000000	 -0.000000	 0.000000	 -90.000000	 0.389388	 -0.061677	 0.394243	 -9.000517	 0.000000	 0.002032	 0.002032	 90.000000	 0.389388	 -0.061677	 0.394243	 -9.000517	 265819.706901	
125000.000000	 1.000000	 0.000000	 -0.000000	 0.000000	 -90.000000	 0.390231	 -0.060133	 0.394837	 -8.760105	 0.000000	 0.002009	 0.002009	 90.000000	 0.390231	 -0.060133	 0.394837	 -8.760105	 265821.217191	
120000.000000	 1.000000	 0.000000	 -0.000000	 0.000000	 -90.000000	 0.391091	 -0.058589	 0.395456	 -8.520086	 0.000000	 0.002040	 0.002040	 90.000000	 0.391091	 -0.058589	 0.395456	 -8.520086	 265822.628901	
115000.000000	 1.000000	 0.000000	 -0.000000	 0.000000	 -90.000000	 0.391968	 -0.057034	 0.396096	 -8.278812	 0.000000	 0.002016	 0.002016	 90.000000	 0.391968	 -0.057034	 0.396096	 -8.278811	 265824.043058	
110000.000000	 1.000000	 0.000000	 -0.000000	 0.000000	 -90.000000	 0.392856	 -0.055466	 0.396752	 -8.036325	 0.000000	 0.002009	 0.002009	 90.000000	 0.392856	 -0.055466	 0.396752	 -8.036325	 265825.488183	
105000.000000	 1.000000	 0.000000	 -0.000000	 0.000000	 -90.000000	 0.393727	 -0.053887	 0.397398	 -7.793263	 0.000000	 0.001923	 0.001923	 90.000000	 0.393727	 -0.053887	 0.397398	 -7.793263	 265826.932331	
100000.000000	 1.000000	 0.000000	 -0.000000	 0.000000	 -90.000000	 0.394647	 -0.052297	 0.398097	 -7.548653	 0.000000	 0.001991	 0.001991	 90.000000	 0.394647	 -0.052297	 0.398097	 -7.548653	 265828.402471	
95000.000000	 1.000000	 0.000000	 -0.000000	 0.000000	 -90.000000	 0.395563	 -0.050695	 0.398798	 -7.303146	 0.000000	 0.002020	 0.002020	 90.000000	 0.395563	 -0.050695	 0.398798	 -7.303146	 265829.818090	
90000.000000	 1.000000	 0.000000	 -0.000000	 0.000000	 -90.000000	 0.396553	 -0.049087	 0.399580	 -7.056372	 0.000000	 0.002029	 0.002029	 90.000000	 0.396553	 -0.049087	 0.399580	 -7.056372	 265831.245639	
85000.000000	 1.000000	 0.000000	 -0.000000	 0.000000	 -90.000000	 0.397562	 -0.047464	 0.400385	 -6.808247	 0.000000	 0.002034	 0.002034	 90.000000	 0.397562	 -0.047464	 0.400385	 -6.808247	 265832.710316	
80000.000000	 1.000000	 0.000000	 -0.000000	 0.000000	 -90.000000	 0.398613	 -0.045828	 0.401239	 -6.558476	 0.000000	 0.001993	 0.001993	 90.000000	 0.398613	 -0.045828	 0.401239	 -6.558476	 265834.150401	
75000.000000	 1.000000	 0.000000	 -0.000000	 0.000000	 -90.000000	 0.399692	 -0.044179	 0.402127	 -6.307514	 0.000000	 0.001989	 0.001989	 90.000000	 0.399692	 -0.044179	 0.402127	 -6.307514	 265835.583059	
70000.000000	 1.000000	 0.000000	 -0.000000	 0.000000	 -90.000000	 0.400793	 -0.042511	 0.403041	 -6.054582	 0.000000	 0.001999	 0.001999	 90.000000	 0.400793	 -0.042511	 0.403041	 -6.054582	 265837.082234	
65000.000000	 1.000000	 0.000000	 -0.000000	 0.000000	 -90.000000	 0.401947	 -0.040826	 0.404015	 -5.799711	 0.000000	 0.001977	 0.001977	 90.000000	 0.401946	 -0.040826	 0.404014	 -5.799710	 265838.513560	
60000.000000	 1.000000	 0.000000	 -0.000000	 0.000000	 -90.000000	 0.403196	 -0.039125	 0.405090	 -5.542405	 0.000000	 0.001988	 0.001988	 90.000000	 0.403197	 -0.039125	 0.405090	 -5.542403	 265839.940440	
55000.000000	 1.000000	 0.000000	 -0.000000	 0.000000	 -90.000000	 0.404464	 -0.037401	 0.406190	 -5.283144	 0.000000	 0.002008	 0.002008	 90.000000	 0.404464	 -0.037401	 0.406190	 -5.283144	 265841.373326	
50000.000000	 1.000000	 0.000000	 -0.000000	 0.000000	 -90.000000	 0.405856	 -0.035655	 0.407419	 -5.020608	 0.000000	 0.001996	 0.001996	 90.000000	 0.405856	 -0.035655	 0.407419	 -5.020612	 265842.831427	
45000.000000	 1.000000	 0.000000	 -0.000000	 0.000000	 -90.000000	 0.407348	 -0.033882	 0.408754	 -4.754783	 0.000000	 0.001910	 0.001910	 90.000000	 0.407348	 -0.033882	 0.408754	 -4.754783	 265844.255948	
40000.000000	 1.000000	 0.000000	 -0.000000	 0.000000	 -90.000000	 0.408945	 -0.032078	 0.410201	 -4.485128	 0.000000	 0.001909	 0.001909	 90.000000	 0.408945	 -0.032078	 0.410201	 -4.485128	 265845.693856	
35000.000000	 1.000000	 0.000000	 -0.000000	 0.000000	 -90.000000	 0.410710	 -0.030233	 0.411821	 -4.209984	 0.000000	 0.001897	 0.001897	 90.000000	 0.410710	 -0.030233	 0.411821	 -4.209984	 265847.133535	
30000.000000	 1.000000	 0.000000	 -0.000000	 0.000000	 -90.000000	 0.412671	 -0.028344	 0.413643	 -3.929174	 0.000000	 0.001893	 0.001893	 90.000000	 0.412671	 -0.028344	 0.413643	 -3.929174	 265848.580973	
25000.000000	 1.000000	 0.000000	 -0.000000	 0.000000	 -90.000000	 0.414881	 -0.026400	 0.415720	 -3.640979	 0.000000	 0.001872	 0.001872	 90.000000	 0.414881	 -0.026400	 0.415720	 -3.640979	 265850.014511	
20000.000000	 1.000000	 0.000000	 -0.000000	 0.000000	 -90.000000	 0.417485	 -0.024388	 0.418197	 -3.343162	 0.000000	 0.001863	 0.001863	 90.000000	 0.417485	 -0.024388	 0.418197	 -3.343162	 265851.436640	
15000.000000	 1.000000	 0.000000	 -0.000000	 0.000000	 -90.000000	 0.420629	 -0.022270	 0.421218	 -3.030652	 0.000000	 0.001834	 0.001834	 90.000000	 0.420629	 -0.022270	 0.421218	 -3.030652	 265852.909393	
10000.000000	 1.000000	 0.000000	 -0.000000	 0.000000	 -90.000000	 0.424868	 -0.020073	 0.425342	 -2.704975	 0.000000	 0.001796	 0.001796	 90.000000	 0.424868	 -0.020073	 0.425342	 -2.704975	 265854.360701	
5000.000000	 1.000000	 0.000000	 -0.000000	 0.000000	 -90.000000	 0.431696	 -0.017972	 0.432070	 -2.383850	 0.000000	 0.001687	 0.001687	 90.000000	 0.431696	 -0.017972	 0.432070	 -2.383850	 265855.827115	
