# Oscilator_frequency (Hz)	DemodAll_A (-)	Demod_1_X_A (A)	Demod_1_Y_A (A)	Demod_1__R_A (A)	Demod_1__Theta_A (deg)	Demod_2_X_A (A)	Demod_2_Y_A (A)	Demod_2__R_A (A)	Demod_2__Theta_A (deg)	Demod_3_X_A (V)	Demod_3_Y_A (V)	Demod_3__R_A (V)	Demod_3__Theta_A (deg)	Demod_4_X_A (V)	Demod_4_Y_A (V)	Demod_4__R_A (V)	Demod_4__Theta_A (deg)	Timer_GET (s)	
5000.000000	 1.000000	 0.000000	 -0.000000	 0.000000	 -90.000000	 1.281601	 -0.007118	 1.281621	 -0.318207	 0.000000	 0.004158	 0.004158	 90.000000	 1.281602	 -0.007118	 1.281622	 -0.318207	 160320.369338	
4979.923695	 1.000000	 0.000000	 -0.000000	 0.000000	 -90.000000	 1.281646	 -0.007112	 1.281665	 -0.317930	 0.000000	 0.004269	 0.004269	 90.000000	 1.281646	 -0.007112	 1.281665	 -0.317930	 160321.765980	
4959.847390	 1.000000	 0.000000	 -0.000000	 0.000000	 -90.000000	 1.281615	 -0.007110	 1.281635	 -0.317858	 0.000000	 0.003941	 0.003941	 90.000000	 1.281613	 -0.007110	 1.281633	 -0.317863	 160323.211069	
4939.771084	 1.000000	 0.000000	 -0.000000	 0.000000	 -90.000000	 1.281668	 -0.007106	 1.281687	 -0.317677	 0.000000	 0.003900	 0.003900	 90.000000	 1.281668	 -0.007106	 1.281687	 -0.317677	 160324.692859	
4919.694779	 1.000000	 0.000000	 -0.000000	 0.000000	 -90.000000	 1.281622	 -0.007097	 1.281641	 -0.317291	 0.000000	 0.003777	 0.003777	 90.000000	 1.281622	 -0.007097	 1.281641	 -0.317291	 160326.138857	
4899.618474	 1.000000	 0.000000	 -0.000000	 0.000000	 -90.000000	 1.281618	 -0.007097	 1.281638	 -0.317284	 0.000000	 0.003675	 0.003675	 90.000000	 1.281618	 -0.007097	 1.281638	 -0.317284	 160327.603744	
4879.542169	 1.000000	 0.000000	 -0.000001	 0.000001	 -90.000000	 1.281671	 -0.007092	 1.281691	 -0.317049	 0.000000	 0.003589	 0.003589	 90.000000	 1.281671	 -0.007092	 1.281691	 -0.317049	 160329.049663	
4859.465863	 1.000000	 0.000000	 -0.000000	 0.000000	 -90.000000	 1.281692	 -0.007092	 1.281711	 -0.317036	 0.000000	 0.003478	 0.003478	 90.000000	 1.281692	 -0.007092	 1.281711	 -0.317036	 160330.489545	
4839.389558	 1.000000	 0.000000	 -0.000000	 0.000000	 -90.000000	 1.281685	 -0.007087	 1.281705	 -0.316817	 0.000000	 0.003452	 0.003452	 90.000000	 1.281684	 -0.007087	 1.281703	 -0.316795	 160331.928521	
4819.313253	 1.000000	 0.000000	 -0.000000	 0.000000	 -90.000000	 1.281707	 -0.007087	 1.281726	 -0.316784	 0.000000	 0.003349	 0.003349	 90.000000	 1.281707	 -0.007087	 1.281726	 -0.316784	 160333.353344	
4799.236948	 1.000000	 0.000000	 -0.000000	 0.000000	 -90.000000	 1.281758	 -0.007084	 1.281777	 -0.316673	 0.000000	 0.003270	 0.003270	 90.000000	 1.281758	 -0.007084	 1.281777	 -0.316673	 160334.761020	
4779.160643	 1.000000	 0.000000	 -0.000000	 0.000000	 -90.000000	 1.281702	 -0.007080	 1.281722	 -0.316486	 0.000000	 0.003204	 0.003204	 90.000000	 1.281705	 -0.007080	 1.281724	 -0.316495	 160336.187115	
4759.084337	 1.000000	 0.000000	 -0.000000	 0.000000	 -90.000000	 1.281693	 -0.007077	 1.281712	 -0.316350	 0.000000	 0.003176	 0.003176	 90.000000	 1.281693	 -0.007077	 1.281712	 -0.316350	 160337.624212	
4739.008032	 1.000000	 0.000000	 -0.000000	 0.000000	 -90.000000	 1.281724	 -0.007075	 1.281744	 -0.316258	 0.000000	 0.003107	 0.003107	 90.000000	 1.281724	 -0.007075	 1.281744	 -0.316258	 160339.078667	
4718.931727	 1.000000	 0.000000	 -0.000000	 0.000000	 -90.000000	 1.281743	 -0.007071	 1.281763	 -0.316065	 0.000000	 0.003137	 0.003137	 90.000000	 1.281743	 -0.007071	 1.281763	 -0.316065	 160340.538897	
4698.855422	 1.000000	 0.000000	 -0.000000	 0.000000	 -90.000000	 1.281719	 -0.007063	 1.281738	 -0.315745	 0.000000	 0.003017	 0.003017	 90.000000	 1.281719	 -0.007063	 1.281738	 -0.315745	 160342.005895	
4678.779116	 1.000000	 0.000000	 -0.000000	 0.000000	 -90.000000	 1.281772	 -0.007063	 1.281791	 -0.315734	 0.000000	 0.003026	 0.003026	 90.000000	 1.281772	 -0.007063	 1.281791	 -0.315734	 160343.432208	
4658.702811	 1.000000	 0.000000	 -0.000000	 0.000000	 -90.000000	 1.281791	 -0.007061	 1.281810	 -0.315616	 0.000000	 0.002996	 0.002996	 90.000000	 1.281791	 -0.007061	 1.281810	 -0.315616	 160344.874952	
4638.626506	 1.000000	 0.000000	 -0.000000	 0.000000	 -90.000000	 1.281808	 -0.007060	 1.281828	 -0.315578	 0.000000	 0.002998	 0.002998	 90.000000	 1.281808	 -0.007060	 1.281828	 -0.315578	 160346.327645	
4618.550201	 1.000000	 0.000000	 -0.000000	 0.000000	 -90.000000	 1.281807	 -0.007061	 1.281827	 -0.315637	 0.000000	 0.002892	 0.002892	 90.000000	 1.281808	 -0.007062	 1.281828	 -0.315643	 160347.775896	
4598.473896	 1.000000	 0.000000	 -0.000000	 0.000000	 -90.000000	 1.281809	 -0.007052	 1.281829	 -0.315203	 0.000000	 0.002917	 0.002917	 90.000000	 1.281809	 -0.007052	 1.281829	 -0.315203	 160349.204065	
4578.397590	 1.000000	 0.000000	 -0.000000	 0.000000	 -90.000000	 1.281816	 -0.007051	 1.281835	 -0.315180	 0.000000	 0.002836	 0.002836	 90.000000	 1.281815	 -0.007051	 1.281834	 -0.315179	 160350.645798	
4558.321285	 1.000000	 0.000000	 -0.000001	 0.000001	 -90.000000	 1.281847	 -0.007050	 1.281867	 -0.315121	 0.000000	 0.002857	 0.002857	 90.000000	 1.281847	 -0.007050	 1.281867	 -0.315121	 160352.054453	
4538.244980	 1.000000	 0.000000	 -0.000001	 0.000001	 -90.000000	 1.281878	 -0.007048	 1.281898	 -0.315018	 0.000000	 0.002767	 0.002767	 90.000000	 1.281878	 -0.007048	 1.281898	 -0.315018	 160353.496648	
4518.168675	 1.000000	 0.000000	 -0.000000	 0.000000	 -90.000000	 1.281898	 -0.007044	 1.281917	 -0.314827	 0.000000	 0.002788	 0.002788	 90.000000	 1.281898	 -0.007044	 1.281917	 -0.314828	 160354.919567	
4498.092369	 1.000000	 0.000000	 -0.000000	 0.000000	 -90.000000	 1.281939	 -0.007045	 1.281958	 -0.314876	 0.000000	 0.002759	 0.002759	 90.000000	 1.281939	 -0.007045	 1.281958	 -0.314869	 160356.353519	
4478.016064	 1.000000	 0.000000	 -0.000000	 0.000000	 -90.000000	 1.281897	 -0.007040	 1.281916	 -0.314661	 0.000000	 0.002704	 0.002704	 90.000000	 1.281897	 -0.007040	 1.281916	 -0.314661	 160357.807566	
4457.939759	 1.000000	 0.000000	 -0.000000	 0.000000	 -90.000000	 1.281918	 -0.007040	 1.281937	 -0.314640	 0.000000	 0.002700	 0.002700	 90.000000	 1.281916	 -0.007040	 1.281935	 -0.314644	 160359.255473	
4437.863454	 1.000000	 0.000000	 -0.000000	 0.000000	 -90.000000	 1.281947	 -0.007037	 1.281967	 -0.314529	 0.000000	 0.002660	 0.002660	 90.000000	 1.281947	 -0.007037	 1.281966	 -0.314529	 160360.723824	
4417.787149	 1.000000	 0.000000	 -0.000000	 0.000000	 -90.000000	 1.281961	 -0.007034	 1.281980	 -0.314383	 0.000000	 0.002672	 0.002672	 90.000000	 1.281961	 -0.007034	 1.281980	 -0.314383	 160362.152174	
4397.710843	 1.000000	 0.000000	 -0.000000	 0.000000	 -90.000000	 1.281995	 -0.007033	 1.282014	 -0.314329	 0.000000	 0.002610	 0.002610	 90.000000	 1.281995	 -0.007033	 1.282014	 -0.314329	 160363.619677	
4377.634538	 1.000000	 0.000000	 -0.000000	 0.000000	 -90.000000	 1.281984	 -0.007032	 1.282003	 -0.314277	 0.000000	 0.002577	 0.002577	 90.000000	 1.281984	 -0.007032	 1.282003	 -0.314277	 160365.096681	
4357.558233	 1.000000	 0.000000	 -0.000000	 0.000000	 -90.000000	 1.282013	 -0.007029	 1.282032	 -0.314131	 0.000000	 0.002563	 0.002563	 90.000000	 1.282015	 -0.007029	 1.282035	 -0.314134	 160366.527617	
4337.481928	 1.000000	 0.000000	 -0.000000	 0.000000	 -90.000000	 1.282021	 -0.007025	 1.282040	 -0.313960	 0.000000	 0.002539	 0.002539	 90.000000	 1.282021	 -0.007025	 1.282040	 -0.313960	 160367.986423	
4317.405622	 1.000000	 0.000000	 -0.000000	 0.000000	 -90.000000	 1.282010	 -0.007022	 1.282029	 -0.313823	 0.000000	 0.002576	 0.002576	 90.000000	 1.282009	 -0.007022	 1.282029	 -0.313818	 160369.403461	
4297.329317	 1.000000	 0.000000	 -0.000000	 0.000000	 -90.000000	 1.282043	 -0.007025	 1.282063	 -0.313936	 0.000000	 0.002605	 0.002605	 90.000000	 1.282043	 -0.007025	 1.282063	 -0.313936	 160370.832156	
4277.253012	 1.000000	 0.000000	 -0.000000	 0.000000	 -90.000000	 1.282057	 -0.007022	 1.282076	 -0.313802	 0.000000	 0.002529	 0.002529	 90.000000	 1.282057	 -0.007022	 1.282076	 -0.313802	 160372.268200	
4257.176707	 1.000000	 0.000000	 -0.000000	 0.000000	 -90.000000	 1.282014	 -0.007019	 1.282033	 -0.313682	 0.000000	 0.002500	 0.002500	 90.000000	 1.282014	 -0.007019	 1.282033	 -0.313682	 160373.715746	
4237.100402	 1.000000	 0.000000	 -0.000000	 0.000000	 -90.000000	 1.282055	 -0.007019	 1.282074	 -0.313680	 0.000000	 0.002309	 0.002309	 90.000000	 1.282055	 -0.007019	 1.282074	 -0.313680	 160375.157018	
4217.024096	 1.000000	 0.000000	 -0.000000	 0.000000	 -90.000000	 1.282118	 -0.007015	 1.282137	 -0.313496	 0.000000	 0.002421	 0.002421	 90.000000	 1.282118	 -0.007015	 1.282137	 -0.313483	 160376.591568	
4196.947791	 1.000000	 0.000000	 -0.000000	 0.000000	 -90.000000	 1.282073	 -0.007015	 1.282092	 -0.313475	 0.000000	 0.002518	 0.002518	 90.000000	 1.282073	 -0.007015	 1.282092	 -0.313475	 160378.033980	
4176.871486	 1.000000	 0.000000	 -0.000000	 0.000000	 -90.000000	 1.282102	 -0.007010	 1.282121	 -0.313264	 0.000000	 0.002561	 0.002561	 90.000000	 1.282102	 -0.007010	 1.282121	 -0.313264	 160379.450542	
4156.795181	 1.000000	 0.000000	 -0.000000	 0.000000	 -90.000000	 1.282161	 -0.007012	 1.282180	 -0.313332	 0.000000	 0.002464	 0.002464	 90.000000	 1.282161	 -0.007012	 1.282180	 -0.313332	 160380.886699	
4136.718876	 1.000000	 0.000000	 -0.000000	 0.000000	 -90.000000	 1.282163	 -0.007008	 1.282182	 -0.313142	 0.000000	 0.002430	 0.002430	 90.000000	 1.282163	 -0.007008	 1.282182	 -0.313142	 160382.332270	
4116.642570	 1.000000	 0.000000	 -0.000000	 0.000000	 -90.000000	 1.282256	 -0.007010	 1.282276	 -0.313212	 0.000000	 0.002446	 0.002446	 90.000000	 1.282257	 -0.007010	 1.282276	 -0.313217	 160383.783326	
4096.566265	 1.000000	 0.000000	 -0.000000	 0.000000	 -90.000000	 1.282252	 -0.007009	 1.282271	 -0.313190	 0.000000	 0.002424	 0.002424	 90.000000	 1.282252	 -0.007009	 1.282271	 -0.313190	 160385.228480	
4076.489960	 1.000000	 0.000000	 -0.000000	 0.000000	 -90.000000	 1.282273	 -0.007002	 1.282292	 -0.312886	 0.000000	 0.002412	 0.002412	 90.000000	 1.282273	 -0.007002	 1.282292	 -0.312886	 160386.658965	
4056.413655	 1.000000	 0.000000	 -0.000000	 0.000000	 -90.000000	 1.282304	 -0.007007	 1.282323	 -0.313084	 0.000000	 0.002399	 0.002399	 90.000000	 1.282304	 -0.007007	 1.282323	 -0.313084	 160388.138348	
4036.337349	 1.000000	 0.000000	 -0.000000	 0.000000	 -90.000000	 1.282304	 -0.007001	 1.282323	 -0.312806	 0.000000	 0.002344	 0.002344	 90.000000	 1.282304	 -0.007001	 1.282323	 -0.312806	 160389.568343	
4016.261044	 1.000000	 0.000000	 -0.000000	 0.000000	 -90.000000	 1.282314	 -0.007002	 1.282333	 -0.312860	 0.000000	 0.002380	 0.002380	 90.000000	 1.282314	 -0.007002	 1.282333	 -0.312860	 160391.004360	
3996.184739	 1.000000	 0.000000	 -0.000000	 0.000000	 -90.000000	 1.282323	 -0.007004	 1.282342	 -0.312960	 0.000000	 0.002403	 0.002403	 90.000000	 1.282323	 -0.007004	 1.282342	 -0.312960	 160392.456051	
3976.108434	 1.000000	 0.000000	 -0.000000	 0.000000	 -90.000000	 1.282309	 -0.007002	 1.282329	 -0.312836	 0.000000	 0.002392	 0.002392	 90.000000	 1.282309	 -0.007002	 1.282329	 -0.312836	 160393.877077	
3956.032129	 1.000000	 0.000000	 -0.000000	 0.000000	 -90.000000	 1.282335	 -0.006997	 1.282354	 -0.312643	 0.000000	 0.002344	 0.002344	 90.000000	 1.282335	 -0.006997	 1.282354	 -0.312643	 160395.337929	
3935.955823	 1.000000	 0.000000	 -0.000000	 0.000000	 -90.000000	 1.282364	 -0.006999	 1.282383	 -0.312715	 0.000000	 0.002346	 0.002346	 90.000000	 1.282364	 -0.006999	 1.282383	 -0.312714	 160396.800940	
3915.879518	 1.000000	 0.000000	 -0.000000	 0.000000	 -90.000000	 1.282412	 -0.006997	 1.282431	 -0.312601	 0.000000	 0.002352	 0.002352	 90.000000	 1.282411	 -0.006996	 1.282430	 -0.312587	 160398.250609	
3895.803213	 1.000000	 0.000000	 -0.000000	 0.000000	 -90.000000	 1.282426	 -0.006998	 1.282445	 -0.312635	 0.000000	 0.002263	 0.002263	 90.000000	 1.282426	 -0.006998	 1.282445	 -0.312635	 160399.716108	
3875.726908	 1.000000	 0.000000	 -0.000000	 0.000000	 -90.000000	 1.282437	 -0.006992	 1.282456	 -0.312373	 0.000000	 0.002268	 0.002268	 90.000000	 1.282437	 -0.006992	 1.282456	 -0.312373	 160401.183698	
3855.650602	 1.000000	 0.000000	 -0.000000	 0.000000	 -90.000000	 1.282445	 -0.006999	 1.282464	 -0.312690	 0.000000	 0.002305	 0.002305	 90.000000	 1.282445	 -0.006999	 1.282464	 -0.312690	 160402.695620	
3835.574297	 1.000000	 0.000000	 -0.000000	 0.000000	 -90.000000	 1.282440	 -0.006994	 1.282459	 -0.312477	 0.000000	 0.002287	 0.002287	 90.000000	 1.282440	 -0.006994	 1.282459	 -0.312477	 160404.176451	
3815.497992	 1.000000	 0.000000	 -0.000000	 0.000000	 -90.000000	 1.282489	 -0.006995	 1.282508	 -0.312502	 0.000000	 0.002241	 0.002241	 90.000000	 1.282489	 -0.006995	 1.282508	 -0.312502	 160405.628754	
3795.421687	 1.000000	 0.000000	 -0.000000	 0.000000	 -90.000000	 1.282486	 -0.006997	 1.282505	 -0.312576	 0.000000	 0.002240	 0.002240	 90.000000	 1.282485	 -0.006996	 1.282504	 -0.312564	 160407.036250	
3775.345382	 1.000000	 0.000000	 -0.000000	 0.000000	 -90.000000	 1.282528	 -0.006993	 1.282547	 -0.312391	 0.000000	 0.002227	 0.002227	 90.000000	 1.282528	 -0.006993	 1.282547	 -0.312391	 160408.463693	
3755.269076	 1.000000	 0.000000	 -0.000000	 0.000000	 -90.000000	 1.282492	 -0.006990	 1.282511	 -0.312260	 0.000000	 0.002227	 0.002227	 90.000000	 1.282492	 -0.006990	 1.282511	 -0.312260	 160409.915791	
3735.192771	 1.000000	 0.000000	 -0.000000	 0.000000	 -90.000000	 1.282540	 -0.006995	 1.282559	 -0.312498	 0.000000	 0.002228	 0.002228	 90.000000	 1.282540	 -0.006995	 1.282559	 -0.312498	 160411.371808	
3715.116466	 1.000000	 0.000000	 -0.000000	 0.000000	 -90.000000	 1.282535	 -0.006991	 1.282555	 -0.312306	 0.000000	 0.002218	 0.002218	 90.000000	 1.282535	 -0.006991	 1.282555	 -0.312306	 160412.813203	
3695.040161	 1.000000	 0.000000	 -0.000000	 0.000000	 -90.000000	 1.282571	 -0.006993	 1.282590	 -0.312397	 0.000000	 0.002225	 0.002225	 90.000000	 1.282571	 -0.006993	 1.282590	 -0.312397	 160414.297660	
3674.963855	 1.000000	 0.000000	 -0.000000	 0.000000	 -90.000000	 1.282597	 -0.006973	 1.282616	 -0.311473	 0.000000	 0.002227	 0.002227	 90.000000	 1.282597	 -0.006973	 1.282616	 -0.311473	 160415.720212	
3654.887550	 1.000000	 0.000000	 -0.000000	 0.000000	 -90.000000	 1.282592	 -0.006989	 1.282611	 -0.312226	 0.000000	 0.002226	 0.002226	 90.000000	 1.282593	 -0.006990	 1.282612	 -0.312238	 160417.190883	
3634.811245	 1.000000	 0.000000	 -0.000000	 0.000000	 -90.000000	 1.282640	 -0.006990	 1.282659	 -0.312255	 0.000000	 0.002243	 0.002243	 90.000000	 1.282640	 -0.006990	 1.282659	 -0.312255	 160418.649666	
3614.734940	 1.000000	 0.000000	 -0.000000	 0.000000	 -90.000000	 1.282657	 -0.006997	 1.282676	 -0.312556	 0.000000	 0.002227	 0.002227	 90.000000	 1.282657	 -0.006997	 1.282676	 -0.312556	 160420.119041	
3594.658635	 1.000000	 0.000000	 -0.000000	 0.000000	 -90.000000	 1.282682	 -0.006991	 1.282702	 -0.312290	 0.000000	 0.002237	 0.002237	 90.000000	 1.282682	 -0.006991	 1.282702	 -0.312290	 160421.564277	
3574.582329	 1.000000	 0.000000	 -0.000000	 0.000000	 -90.000000	 1.282678	 -0.007020	 1.282697	 -0.313563	 0.000000	 0.002220	 0.002220	 90.000000	 1.282678	 -0.007020	 1.282697	 -0.313563	 160423.020723	
3554.506024	 1.000000	 0.000000	 -0.000000	 0.000000	 -90.000000	 1.282728	 -0.006996	 1.282747	 -0.312477	 0.000000	 0.002172	 0.002172	 90.000000	 1.282728	 -0.006996	 1.282747	 -0.312477	 160424.462078	
3534.429719	 1.000000	 0.000000	 -0.000000	 0.000000	 -90.000000	 1.282692	 -0.006998	 1.282711	 -0.312573	 0.000000	 0.002154	 0.002154	 90.000000	 1.282692	 -0.006998	 1.282711	 -0.312570	 160425.923326	
3514.353414	 1.000000	 0.000000	 -0.000000	 0.000000	 -90.000000	 1.282732	 -0.006993	 1.282751	 -0.312337	 0.000000	 0.002165	 0.002165	 90.000000	 1.282732	 -0.006993	 1.282751	 -0.312337	 160427.372872	
3494.277108	 1.000000	 0.000000	 -0.000000	 0.000000	 -90.000000	 1.282774	 -0.006991	 1.282793	 -0.312274	 0.000000	 0.002182	 0.002182	 90.000000	 1.282774	 -0.006991	 1.282793	 -0.312274	 160428.815002	
3474.200803	 1.000000	 0.000000	 -0.000000	 0.000000	 -90.000000	 1.282818	 -0.006997	 1.282837	 -0.312491	 0.000000	 0.002101	 0.002101	 90.000000	 1.282818	 -0.006997	 1.282837	 -0.312491	 160430.264362	
3454.124498	 1.000000	 0.000000	 -0.000000	 0.000000	 -90.000000	 1.282800	 -0.006984	 1.282819	 -0.311929	 0.000000	 0.002130	 0.002130	 90.000000	 1.282800	 -0.006984	 1.282819	 -0.311929	 160431.713056	
3434.048193	 1.000000	 0.000000	 -0.000000	 0.000000	 -90.000000	 1.282848	 -0.006994	 1.282867	 -0.312370	 0.000000	 0.002167	 0.002167	 90.000000	 1.282848	 -0.006994	 1.282867	 -0.312370	 160433.145605	
3413.971888	 1.000000	 0.000000	 -0.000000	 0.000000	 -90.000000	 1.282860	 -0.006996	 1.282879	 -0.312447	 0.000000	 0.002164	 0.002164	 90.000000	 1.282860	 -0.006996	 1.282879	 -0.312447	 160434.581998	
3393.895582	 1.000000	 0.000000	 -0.000000	 0.000000	 -90.000000	 1.282861	 -0.006994	 1.282880	 -0.312359	 0.000000	 0.002144	 0.002144	 90.000000	 1.282861	 -0.006994	 1.282880	 -0.312359	 160436.032799	
3373.819277	 1.000000	 0.000000	 -0.000000	 0.000000	 -90.000000	 1.282886	 -0.006998	 1.282905	 -0.312530	 0.000000	 0.002121	 0.002121	 90.000000	 1.282886	 -0.006998	 1.282905	 -0.312530	 160437.467358	
3353.742972	 1.000000	 0.000000	 -0.000000	 0.000000	 -90.000000	 1.282913	 -0.006995	 1.282932	 -0.312400	 0.000000	 0.002082	 0.002082	 90.000000	 1.282913	 -0.006995	 1.282932	 -0.312400	 160438.880242	
3333.666667	 1.000000	 0.000000	 -0.000000	 0.000000	 -90.000000	 1.282931	 -0.007000	 1.282951	 -0.312608	 0.000000	 0.002108	 0.002108	 90.000000	 1.282931	 -0.007000	 1.282951	 -0.312608	 160440.300187	
3313.590361	 1.000000	 0.000000	 -0.000000	 0.000000	 -90.000000	 1.282946	 -0.007001	 1.282965	 -0.312671	 0.000000	 0.002111	 0.002111	 90.000000	 1.282946	 -0.007001	 1.282965	 -0.312670	 160441.719460	
3293.514056	 1.000000	 0.000000	 -0.000000	 0.000000	 -90.000000	 1.282951	 -0.007002	 1.282970	 -0.312690	 0.000000	 0.002128	 0.002128	 90.000000	 1.282951	 -0.007002	 1.282970	 -0.312690	 160443.157887	
3273.437751	 1.000000	 0.000000	 -0.000000	 0.000000	 -90.000000	 1.283004	 -0.006998	 1.283023	 -0.312520	 0.000000	 0.002094	 0.002094	 90.000000	 1.283004	 -0.006998	 1.283023	 -0.312520	 160444.571644	
3253.361446	 1.000000	 0.000000	 -0.000000	 0.000000	 -90.000000	 1.283048	 -0.007005	 1.283067	 -0.312809	 0.000000	 0.002069	 0.002069	 90.000000	 1.283047	 -0.007005	 1.283066	 -0.312817	 160446.025703	
3233.285141	 1.000000	 0.000000	 -0.000000	 0.000000	 -90.000000	 1.283034	 -0.007004	 1.283053	 -0.312758	 0.000000	 0.002080	 0.002080	 90.000000	 1.283034	 -0.007004	 1.283053	 -0.312758	 160447.466589	
3213.208835	 1.000000	 0.000000	 -0.000000	 0.000000	 -90.000000	 1.283107	 -0.007009	 1.283126	 -0.312980	 0.000000	 0.002099	 0.002099	 90.000000	 1.283107	 -0.007009	 1.283126	 -0.312980	 160448.908507	
3193.132530	 1.000000	 0.000000	 -0.000001	 0.000001	 -90.000000	 1.283136	 -0.007012	 1.283155	 -0.313098	 0.000000	 0.002089	 0.002089	 90.000000	 1.283135	 -0.007012	 1.283155	 -0.313094	 160450.379603	
3173.056225	 1.000000	 0.000000	 -0.000000	 0.000000	 -90.000000	 1.283130	 -0.007010	 1.283149	 -0.313011	 0.000000	 0.002062	 0.002062	 90.000000	 1.283130	 -0.007010	 1.283149	 -0.313011	 160451.784676	
3152.979920	 1.000000	 0.000000	 -0.000000	 0.000000	 -90.000000	 1.283141	 -0.007011	 1.283161	 -0.313048	 0.000000	 0.002052	 0.002052	 90.000000	 1.283141	 -0.007011	 1.283161	 -0.313048	 160453.237532	
3132.903614	 1.000000	 0.000000	 -0.000000	 0.000000	 -90.000000	 1.283169	 -0.007014	 1.283188	 -0.313199	 0.000000	 0.002039	 0.002039	 90.000000	 1.283169	 -0.007014	 1.283188	 -0.313199	 160454.660495	
3112.827309	 1.000000	 0.000000	 -0.000000	 0.000000	 -90.000000	 1.283204	 -0.007015	 1.283223	 -0.313237	 0.000000	 0.002056	 0.002056	 90.000000	 1.283204	 -0.007015	 1.283223	 -0.313237	 160456.101633	
3092.751004	 1.000000	 0.000000	 -0.000000	 0.000000	 -90.000000	 1.283241	 -0.007017	 1.283260	 -0.313309	 0.000000	 0.002040	 0.002040	 90.000000	 1.283241	 -0.007017	 1.283260	 -0.313315	 160457.543578	
3072.674699	 1.000000	 0.000000	 -0.000000	 0.000000	 -90.000000	 1.283284	 -0.007021	 1.283303	 -0.313462	 0.000000	 0.002091	 0.002091	 90.000000	 1.283284	 -0.007021	 1.283303	 -0.313462	 160458.959516	
3052.598394	 1.000000	 0.000000	 -0.000001	 0.000001	 -90.000000	 1.283281	 -0.007008	 1.283300	 -0.312895	 0.000000	 0.002063	 0.002063	 90.000000	 1.283281	 -0.007008	 1.283300	 -0.312895	 160460.404812	
3032.522088	 1.000000	 0.000000	 -0.000000	 0.000000	 -90.000000	 1.283298	 -0.007022	 1.283317	 -0.313520	 0.000000	 0.001996	 0.001996	 90.000000	 1.283298	 -0.007022	 1.283317	 -0.313520	 160461.854150	
3012.445783	 1.000000	 0.000000	 -0.000000	 0.000000	 -90.000000	 1.283388	 -0.007027	 1.283407	 -0.313719	 0.000000	 0.002024	 0.002024	 90.000000	 1.283388	 -0.007027	 1.283407	 -0.313719	 160463.327824	
2992.369478	 1.000000	 0.000000	 -0.000000	 0.000000	 -90.000000	 1.283341	 -0.007027	 1.283360	 -0.313725	 0.000000	 0.001999	 0.001999	 90.000000	 1.283341	 -0.007027	 1.283360	 -0.313721	 160464.764504	
2972.293173	 1.000000	 0.000000	 -0.000000	 0.000000	 -90.000000	 1.283375	 -0.007031	 1.283394	 -0.313891	 0.000000	 0.001994	 0.001994	 90.000000	 1.283375	 -0.007031	 1.283394	 -0.313891	 160466.200359	
2952.216867	 1.000000	 0.000000	 -0.000000	 0.000000	 -90.000000	 1.283419	 -0.007040	 1.283438	 -0.314298	 0.000000	 0.002001	 0.002001	 90.000000	 1.283418	 -0.007040	 1.283438	 -0.314303	 160467.673171	
2932.140562	 1.000000	 0.000000	 -0.000000	 0.000000	 -90.000000	 1.283444	 -0.007035	 1.283463	 -0.314049	 0.000000	 0.001973	 0.001973	 90.000000	 1.283444	 -0.007035	 1.283463	 -0.314052	 160469.102492	
2912.064257	 1.000000	 0.000000	 -0.000000	 0.000000	 -90.000000	 1.283502	 -0.007041	 1.283522	 -0.314310	 0.000000	 0.002025	 0.002025	 90.000000	 1.283502	 -0.007041	 1.283521	 -0.314305	 160470.531035	
2891.987952	 1.000000	 0.000000	 -0.000000	 0.000000	 -90.000000	 1.283467	 -0.007045	 1.283486	 -0.314481	 0.000000	 0.001992	 0.001992	 90.000000	 1.283467	 -0.007045	 1.283486	 -0.314473	 160471.974577	
2871.911647	 1.000000	 0.000000	 -0.000000	 0.000000	 -90.000000	 1.283546	 -0.007045	 1.283565	 -0.314458	 0.000000	 0.001944	 0.001944	 90.000000	 1.283546	 -0.007045	 1.283565	 -0.314458	 160473.415181	
2851.835341	 1.000000	 0.000000	 -0.000000	 0.000000	 -90.000000	 1.283549	 -0.007047	 1.283568	 -0.314559	 0.000000	 0.001937	 0.001937	 90.000000	 1.283549	 -0.007047	 1.283568	 -0.314559	 160474.890760	
2831.759036	 1.000000	 0.000000	 -0.000000	 0.000000	 -90.000000	 1.283661	 -0.007051	 1.283680	 -0.314697	 0.000000	 0.001990	 0.001990	 90.000000	 1.283661	 -0.007051	 1.283680	 -0.314697	 160476.324062	
2811.682731	 1.000000	 0.000000	 -0.000000	 0.000000	 -90.000000	 1.283695	 -0.007055	 1.283715	 -0.314878	 0.000000	 0.001964	 0.001964	 90.000000	 1.283695	 -0.007055	 1.283715	 -0.314878	 160477.777795	
2791.606426	 1.000000	 0.000000	 -0.000000	 0.000000	 -90.000000	 1.283720	 -0.007058	 1.283740	 -0.315024	 0.000000	 0.001968	 0.001968	 90.000000	 1.283720	 -0.007058	 1.283740	 -0.315024	 160479.250976	
2771.530120	 1.000000	 0.000000	 -0.000000	 0.000000	 -90.000000	 1.283750	 -0.007064	 1.283769	 -0.315280	 0.000000	 0.001995	 0.001995	 90.000000	 1.283751	 -0.007064	 1.283770	 -0.315261	 160480.672558	
2751.453815	 1.000000	 0.000000	 -0.000000	 0.000000	 -90.000000	 1.283774	 -0.007047	 1.283793	 -0.314489	 0.000000	 0.001975	 0.001975	 90.000000	 1.283774	 -0.007047	 1.283793	 -0.314489	 160482.093067	
2731.377510	 1.000000	 0.000000	 -0.000000	 0.000000	 -90.000000	 1.283823	 -0.007064	 1.283842	 -0.315244	 0.000000	 0.001945	 0.001945	 90.000000	 1.283823	 -0.007064	 1.283842	 -0.315242	 160483.529726	
2711.301205	 1.000000	 0.000000	 -0.000000	 0.000000	 -90.000000	 1.283866	 -0.007069	 1.283885	 -0.315447	 0.000000	 0.001918	 0.001918	 90.000000	 1.283866	 -0.007069	 1.283885	 -0.315447	 160484.981703	
2691.224900	 1.000000	 0.000000	 -0.000000	 0.000000	 -90.000000	 1.283908	 -0.007073	 1.283928	 -0.315648	 0.000000	 0.001906	 0.001906	 90.000000	 1.283908	 -0.007073	 1.283928	 -0.315648	 160486.397332	
2671.148594	 1.000000	 0.000000	 -0.000000	 0.000000	 -90.000000	 1.283891	 -0.007078	 1.283911	 -0.315868	 0.000000	 0.001907	 0.001907	 90.000000	 1.283891	 -0.007078	 1.283911	 -0.315868	 160487.847309	
2651.072289	 1.000000	 0.000000	 -0.000000	 0.000000	 -90.000000	 1.283904	 -0.007060	 1.283923	 -0.315071	 0.000000	 0.001884	 0.001884	 90.000000	 1.283904	 -0.007060	 1.283923	 -0.315071	 160489.323841	
2630.995984	 1.000000	 0.000000	 -0.000000	 0.000000	 -90.000000	 1.283941	 -0.007094	 1.283961	 -0.316554	 0.000000	 0.001870	 0.001870	 90.000000	 1.283941	 -0.007094	 1.283961	 -0.316554	 160490.744510	
2610.919679	 1.000000	 0.000000	 -0.000000	 0.000000	 -90.000000	 1.284008	 -0.007092	 1.284028	 -0.316459	 0.000000	 0.001906	 0.001906	 90.000000	 1.284008	 -0.007092	 1.284028	 -0.316459	 160492.188965	
2590.843373	 1.000000	 0.000000	 -0.000000	 0.000000	 -90.000000	 1.284045	 -0.007093	 1.284064	 -0.316517	 0.000000	 0.001849	 0.001849	 90.000000	 1.284046	 -0.007094	 1.284065	 -0.316523	 160493.685140	
2570.767068	 1.000000	 0.000000	 -0.000000	 0.000000	 -90.000000	 1.284116	 -0.007098	 1.284136	 -0.316723	 0.000000	 0.001934	 0.001934	 90.000000	 1.284116	 -0.007098	 1.284136	 -0.316723	 160495.118763	
2550.690763	 1.000000	 0.000000	 -0.000000	 0.000000	 -90.000000	 1.284101	 -0.007106	 1.284121	 -0.317079	 0.000000	 0.001935	 0.001935	 90.000000	 1.284101	 -0.007106	 1.284121	 -0.317079	 160496.582464	
2530.614458	 1.000000	 0.000000	 -0.000000	 0.000000	 -90.000000	 1.284184	 -0.007110	 1.284204	 -0.317201	 0.000000	 0.001908	 0.001908	 90.000000	 1.284184	 -0.007109	 1.284204	 -0.317185	 160498.013678	
2510.538153	 1.000000	 0.000000	 -0.000000	 0.000000	 -90.000000	 1.284197	 -0.007108	 1.284217	 -0.317121	 0.000000	 0.001874	 0.001874	 90.000000	 1.284197	 -0.007108	 1.284217	 -0.317121	 160499.447245	
2490.461847	 1.000000	 0.000000	 -0.000000	 0.000000	 -90.000000	 1.284230	 -0.007114	 1.284250	 -0.317396	 0.000000	 0.001880	 0.001880	 90.000000	 1.284230	 -0.007114	 1.284250	 -0.317396	 160500.892496	
2470.385542	 1.000000	 0.000000	 -0.000000	 0.000000	 -90.000000	 1.284239	 -0.007120	 1.284259	 -0.317649	 0.000000	 0.001911	 0.001911	 90.000000	 1.284239	 -0.007120	 1.284258	 -0.317638	 160502.356871	
2450.309237	 1.000000	 0.000000	 -0.000001	 0.000001	 -90.000000	 1.284239	 -0.007111	 1.284259	 -0.317232	 0.000000	 0.001926	 0.001926	 90.000000	 1.284239	 -0.007111	 1.284259	 -0.317232	 160503.803846	
2430.232932	 1.000000	 0.000000	 -0.000000	 0.000000	 -90.000000	 1.284335	 -0.007135	 1.284355	 -0.318303	 0.000000	 0.001941	 0.001941	 90.000000	 1.284335	 -0.007135	 1.284355	 -0.318303	 160505.216856	
2410.156627	 1.000000	 0.000000	 -0.000001	 0.000001	 -90.000000	 1.284369	 -0.007135	 1.284389	 -0.318286	 0.000000	 0.001938	 0.001938	 90.000000	 1.284369	 -0.007135	 1.284389	 -0.318286	 160506.661547	
2390.080321	 1.000000	 0.000000	 -0.000000	 0.000000	 -90.000000	 1.284387	 -0.007144	 1.284406	 -0.318691	 0.000000	 0.001897	 0.001897	 90.000000	 1.284387	 -0.007144	 1.284406	 -0.318691	 160508.089804	
2370.004016	 1.000000	 0.000000	 -0.000000	 0.000000	 -90.000000	 1.284459	 -0.007144	 1.284478	 -0.318647	 0.000000	 0.001902	 0.001902	 90.000000	 1.284459	 -0.007144	 1.284478	 -0.318647	 160509.534963	
2349.927711	 1.000000	 0.000000	 -0.000000	 0.000000	 -90.000000	 1.284513	 -0.007177	 1.284533	 -0.320132	 0.000000	 0.001898	 0.001898	 90.000000	 1.284514	 -0.007177	 1.284535	 -0.320145	 160510.970920	
2329.851406	 1.000000	 0.000000	 -0.000000	 0.000000	 -90.000000	 1.284558	 -0.007150	 1.284578	 -0.318924	 0.000000	 0.001840	 0.001840	 90.000000	 1.284558	 -0.007150	 1.284578	 -0.318924	 160512.467965	
2309.775100	 1.000000	 0.000000	 -0.000000	 0.000000	 -90.000000	 1.284580	 -0.007159	 1.284600	 -0.319288	 0.000000	 0.001846	 0.001846	 90.000000	 1.284580	 -0.007159	 1.284600	 -0.319288	 160513.929188	
2289.698795	 1.000000	 0.000000	 -0.000000	 0.000000	 -90.000000	 1.284645	 -0.007166	 1.284665	 -0.319591	 0.000000	 0.001907	 0.001907	 90.000000	 1.284645	 -0.007166	 1.284665	 -0.319592	 160515.334278	
2269.622490	 1.000000	 0.000000	 -0.000000	 0.000000	 -90.000000	 1.284686	 -0.007179	 1.284706	 -0.320191	 0.000000	 0.001909	 0.001909	 90.000000	 1.284686	 -0.007179	 1.284706	 -0.320191	 160516.777815	
2249.546185	 1.000000	 0.000000	 -0.000000	 0.000000	 -90.000000	 1.284715	 -0.007207	 1.284735	 -0.321392	 0.000000	 0.001870	 0.001870	 90.000000	 1.284715	 -0.007207	 1.284735	 -0.321393	 160518.215464	
2229.469880	 1.000000	 0.000000	 -0.000000	 0.000000	 -90.000000	 1.284807	 -0.007182	 1.284827	 -0.320273	 0.000000	 0.001797	 0.001797	 90.000000	 1.284807	 -0.007182	 1.284827	 -0.320273	 160519.660677	
2209.393574	 1.000000	 0.000000	 -0.000000	 0.000000	 -90.000000	 1.284850	 -0.007188	 1.284870	 -0.320534	 0.000000	 0.001863	 0.001863	 90.000000	 1.284850	 -0.007188	 1.284870	 -0.320534	 160521.079214	
2189.317269	 1.000000	 0.000000	 -0.000000	 0.000000	 -90.000000	 1.284869	 -0.007199	 1.284889	 -0.321026	 0.000000	 0.001836	 0.001836	 90.000000	 1.284869	 -0.007199	 1.284889	 -0.321026	 160522.509743	
2169.240964	 1.000000	 0.000000	 -0.000000	 0.000000	 -90.000000	 1.284895	 -0.007190	 1.284916	 -0.320621	 0.000000	 0.001821	 0.001821	 90.000000	 1.284895	 -0.007190	 1.284916	 -0.320621	 160523.931665	
2149.164659	 1.000000	 0.000000	 -0.000000	 0.000000	 -90.000000	 1.284959	 -0.007182	 1.284979	 -0.320231	 0.000000	 0.001821	 0.001821	 90.000000	 1.284959	 -0.007182	 1.284979	 -0.320231	 160525.388155	
2129.088353	 1.000000	 0.000000	 -0.000000	 0.000000	 -90.000000	 1.284998	 -0.007207	 1.285018	 -0.321353	 0.000000	 0.001864	 0.001864	 90.000000	 1.284998	 -0.007207	 1.285018	 -0.321353	 160526.820015	
2109.012048	 1.000000	 0.000000	 -0.000000	 0.000000	 -90.000000	 1.285054	 -0.007214	 1.285074	 -0.321632	 0.000000	 0.001844	 0.001844	 90.000000	 1.285054	 -0.007214	 1.285074	 -0.321632	 160528.275713	
2088.935743	 1.000000	 0.000000	 -0.000000	 0.000000	 -90.000000	 1.285098	 -0.007214	 1.285118	 -0.321627	 0.000000	 0.001864	 0.001864	 90.000000	 1.285098	 -0.007214	 1.285118	 -0.321627	 160529.684001	
2068.859438	 1.000000	 0.000000	 -0.000000	 0.000000	 -90.000000	 1.285139	 -0.007224	 1.285159	 -0.322061	 0.000000	 0.001832	 0.001832	 90.000000	 1.285139	 -0.007224	 1.285159	 -0.322061	 160531.134828	
2048.783133	 1.000000	 0.000000	 -0.000000	 0.000000	 -90.000000	 1.285249	 -0.007244	 1.285270	 -0.322948	 0.000000	 0.001818	 0.001818	 90.000000	 1.285249	 -0.007244	 1.285270	 -0.322948	 160532.581391	
2028.706827	 1.000000	 0.000000	 -0.000000	 0.000000	 -90.000000	 1.285256	 -0.007234	 1.285276	 -0.322464	 0.000000	 0.001852	 0.001852	 90.000000	 1.285256	 -0.007234	 1.285276	 -0.322464	 160534.022812	
2008.630522	 1.000000	 0.000000	 -0.000000	 0.000000	 -90.000000	 1.285305	 -0.007243	 1.285325	 -0.322864	 0.000000	 0.001805	 0.001805	 90.000000	 1.285305	 -0.007243	 1.285325	 -0.322864	 160535.449854	
1988.554217	 1.000000	 0.000000	 -0.000000	 0.000000	 -90.000000	 1.285395	 -0.007252	 1.285416	 -0.323238	 0.000000	 0.001841	 0.001841	 90.000000	 1.285395	 -0.007252	 1.285416	 -0.323238	 160536.885037	
1968.477912	 1.000000	 0.000000	 -0.000000	 0.000000	 -90.000000	 1.285491	 -0.007248	 1.285511	 -0.323032	 0.000000	 0.001820	 0.001820	 90.000000	 1.285491	 -0.007248	 1.285511	 -0.323032	 160538.325171	
1948.401606	 1.000000	 0.000000	 -0.000000	 0.000000	 -90.000000	 1.285603	 -0.007246	 1.285624	 -0.322942	 0.000000	 0.001813	 0.001813	 90.000000	 1.285603	 -0.007246	 1.285624	 -0.322942	 160539.742349	
1928.325301	 1.000000	 0.000000	 -0.000000	 0.000000	 -90.000000	 1.285557	 -0.007271	 1.285577	 -0.324052	 0.000000	 0.001777	 0.001777	 90.000000	 1.285557	 -0.007271	 1.285577	 -0.324052	 160541.145737	
1908.248996	 1.000000	 0.000000	 -0.000000	 0.000000	 -90.000000	 1.285624	 -0.007263	 1.285645	 -0.323667	 0.000000	 0.001784	 0.001784	 90.000000	 1.285624	 -0.007263	 1.285645	 -0.323667	 160542.587417	
1888.172691	 1.000000	 0.000000	 -0.000000	 0.000000	 -90.000000	 1.285714	 -0.007277	 1.285734	 -0.324277	 0.000000	 0.001792	 0.001792	 90.000000	 1.285714	 -0.007277	 1.285734	 -0.324277	 160544.030935	
1868.096386	 1.000000	 0.000000	 -0.000000	 0.000000	 -90.000000	 1.285779	 -0.007281	 1.285800	 -0.324457	 0.000000	 0.001776	 0.001776	 90.000000	 1.285779	 -0.007281	 1.285800	 -0.324457	 160545.469061	
1848.020080	 1.000000	 0.000000	 -0.000000	 0.000000	 -90.000000	 1.285786	 -0.007287	 1.285806	 -0.324695	 0.000000	 0.001762	 0.001762	 90.000000	 1.285785	 -0.007284	 1.285805	 -0.324591	 160546.935546	
1827.943775	 1.000000	 0.000000	 -0.000000	 0.000000	 -90.000000	 1.285858	 -0.007290	 1.285879	 -0.324818	 0.000000	 0.001787	 0.001787	 90.000000	 1.285858	 -0.007290	 1.285879	 -0.324818	 160548.374726	
1807.867470	 1.000000	 0.000000	 -0.000000	 0.000000	 -90.000000	 1.285976	 -0.007306	 1.285996	 -0.325531	 0.000000	 0.001769	 0.001769	 90.000000	 1.285976	 -0.007306	 1.285996	 -0.325531	 160549.860864	
1787.791165	 1.000000	 0.000000	 -0.000000	 0.000000	 -90.000000	 1.285958	 -0.007331	 1.285979	 -0.326650	 0.000000	 0.001791	 0.001791	 90.000000	 1.285958	 -0.007331	 1.285979	 -0.326650	 160551.318765	
1767.714859	 1.000000	 0.000000	 -0.000000	 0.000000	 -90.000000	 1.286070	 -0.007316	 1.286090	 -0.325948	 0.000000	 0.001788	 0.001788	 90.000000	 1.286070	 -0.007316	 1.286090	 -0.325948	 160552.743164	
1747.638554	 1.000000	 0.000000	 -0.000000	 0.000000	 -90.000000	 1.286129	 -0.007304	 1.286149	 -0.325373	 0.000000	 0.001781	 0.001781	 90.000000	 1.286129	 -0.007304	 1.286149	 -0.325373	 160554.167936	
1727.562249	 1.000000	 0.000000	 -0.000000	 0.000000	 -90.000000	 1.286223	 -0.007297	 1.286244	 -0.325056	 0.000000	 0.001811	 0.001811	 90.000000	 1.286223	 -0.007297	 1.286244	 -0.325056	 160555.599631	
1707.485944	 1.000000	 0.000000	 -0.000000	 0.000000	 -90.000000	 1.286271	 -0.007309	 1.286292	 -0.325579	 0.000000	 0.001731	 0.001731	 90.000000	 1.286269	 -0.007308	 1.286290	 -0.325537	 160557.040313	
1687.409639	 1.000000	 0.000000	 -0.000000	 0.000000	 -90.000000	 1.286367	 -0.007359	 1.286388	 -0.327762	 0.000000	 0.001726	 0.001726	 90.000000	 1.286367	 -0.007359	 1.286388	 -0.327762	 160558.451716	
1667.333333	 1.000000	 0.000000	 -0.000000	 0.000000	 -90.000000	 1.286412	 -0.007273	 1.286432	 -0.323934	 0.000000	 0.001741	 0.001741	 90.000000	 1.286412	 -0.007273	 1.286432	 -0.323934	 160559.914549	
1647.257028	 1.000000	 0.000000	 -0.000000	 0.000000	 -90.000000	 1.286451	 -0.007366	 1.286472	 -0.328046	 0.000000	 0.001755	 0.001755	 90.000000	 1.286451	 -0.007366	 1.286472	 -0.328046	 160561.345663	
1627.180723	 1.000000	 0.000000	 -0.000000	 0.000000	 -90.000000	 1.286631	 -0.007319	 1.286652	 -0.325936	 0.000000	 0.001755	 0.001755	 90.000000	 1.286631	 -0.007319	 1.286652	 -0.325936	 160562.768656	
1607.104418	 1.000000	 0.000000	 -0.000000	 0.000000	 -90.000000	 1.286680	 -0.007316	 1.286701	 -0.325779	 0.000000	 0.001758	 0.001758	 90.000000	 1.286677	 -0.007321	 1.286698	 -0.325981	 160564.227538	
1587.028112	 1.000000	 0.000000	 -0.000000	 0.000000	 -90.000000	 1.286707	 -0.007386	 1.286728	 -0.328908	 0.000000	 0.001701	 0.001701	 90.000000	 1.286707	 -0.007386	 1.286728	 -0.328908	 160565.662650	
1566.951807	 1.000000	 0.000000	 -0.000000	 0.000000	 -90.000000	 1.286839	 -0.007346	 1.286860	 -0.327075	 0.000000	 0.001747	 0.001747	 90.000000	 1.286839	 -0.007346	 1.286860	 -0.327075	 160567.120519	
1546.875502	 1.000000	 0.000000	 -0.000000	 0.000000	 -90.000000	 1.286839	 -0.007392	 1.286860	 -0.329135	 0.000000	 0.001771	 0.001771	 90.000000	 1.286839	 -0.007392	 1.286860	 -0.329135	 160568.599984	
1526.799197	 1.000000	 0.000000	 -0.000000	 0.000000	 -90.000000	 1.286921	 -0.007417	 1.286942	 -0.330206	 0.000000	 0.001734	 0.001734	 90.000000	 1.286921	 -0.007417	 1.286942	 -0.330206	 160570.054478	
1506.722892	 1.000000	 0.000000	 -0.000000	 0.000000	 -90.000000	 1.287109	 -0.007329	 1.287130	 -0.326266	 0.000000	 0.001733	 0.001733	 90.000000	 1.287104	 -0.007328	 1.287125	 -0.326219	 160571.465888	
1486.646586	 1.000000	 0.000000	 -0.000000	 0.000000	 -90.000000	 1.287172	 -0.007402	 1.287194	 -0.329493	 0.000000	 0.001722	 0.001722	 90.000000	 1.287172	 -0.007402	 1.287194	 -0.329493	 160572.916703	
1466.570281	 1.000000	 0.000000	 -0.000000	 0.000000	 -90.000000	 1.287330	 -0.007302	 1.287351	 -0.324974	 0.000000	 0.001762	 0.001762	 90.000000	 1.287330	 -0.007302	 1.287351	 -0.324974	 160574.386210	
1446.493976	 1.000000	 0.000000	 -0.000000	 0.000000	 -90.000000	 1.287380	 -0.007369	 1.287401	 -0.327954	 0.000000	 0.001735	 0.001735	 90.000000	 1.287380	 -0.007369	 1.287401	 -0.327954	 160575.825026	
1426.417671	 1.000000	 0.000000	 -0.000000	 0.000000	 -90.000000	 1.287429	 -0.007363	 1.287450	 -0.327664	 0.000000	 0.001723	 0.001723	 90.000000	 1.287429	 -0.007363	 1.287450	 -0.327664	 160577.244503	
1406.341365	 1.000000	 0.000000	 -0.000000	 0.000000	 -90.000000	 1.287595	 -0.007361	 1.287616	 -0.327547	 0.000000	 0.001789	 0.001789	 90.000000	 1.287595	 -0.007361	 1.287616	 -0.327547	 160578.678475	
1386.265060	 1.000000	 0.000000	 -0.000000	 0.000000	 -90.000000	 1.287766	 -0.007347	 1.287787	 -0.326900	 0.000000	 0.001724	 0.001724	 90.000000	 1.287766	 -0.007347	 1.287787	 -0.326900	 160580.112961	
1366.188755	 1.000000	 0.000000	 -0.000000	 0.000000	 -90.000000	 1.287854	 -0.007305	 1.287874	 -0.324975	 0.000000	 0.001757	 0.001757	 90.000000	 1.287854	 -0.007305	 1.287874	 -0.324975	 160581.553461	
1346.112450	 1.000000	 0.000000	 -0.000000	 0.000000	 -90.000000	 1.287969	 -0.007294	 1.287989	 -0.324495	 0.000000	 0.001764	 0.001764	 90.000000	 1.287970	 -0.007294	 1.287991	 -0.324461	 160582.995532	
1326.036145	 1.000000	 0.000000	 -0.000000	 0.000000	 -90.000000	 1.288088	 -0.007296	 1.288109	 -0.324520	 0.000000	 0.001707	 0.001707	 90.000000	 1.288088	 -0.007296	 1.288109	 -0.324520	 160584.441593	
1305.959839	 1.000000	 0.000000	 -0.000000	 0.000000	 -90.000000	 1.288185	 -0.007338	 1.288206	 -0.326371	 0.000000	 0.001672	 0.001672	 90.000000	 1.288185	 -0.007338	 1.288206	 -0.326371	 160585.896973	
1285.883534	 1.000000	 0.000000	 -0.000000	 0.000000	 -90.000000	 1.288294	 -0.007301	 1.288315	 -0.324715	 0.000000	 0.001722	 0.001722	 90.000000	 1.288294	 -0.007301	 1.288315	 -0.324715	 160587.341191	
1265.807229	 1.000000	 0.000000	 -0.000000	 0.000000	 -90.000000	 1.288460	 -0.007298	 1.288481	 -0.324538	 0.000000	 0.001703	 0.001703	 90.000000	 1.288460	 -0.007298	 1.288481	 -0.324538	 160588.794006	
1245.730924	 1.000000	 0.000000	 -0.000000	 0.000000	 -90.000000	 1.288629	 -0.007265	 1.288649	 -0.322998	 0.000000	 0.001755	 0.001755	 90.000000	 1.288629	 -0.007265	 1.288649	 -0.322998	 160590.227221	
1225.654618	 1.000000	 0.000000	 -0.000000	 0.000000	 -90.000000	 1.288734	 -0.007273	 1.288755	 -0.323357	 0.000000	 0.001730	 0.001730	 90.000000	 1.288735	 -0.007275	 1.288756	 -0.323418	 160591.660908	
1205.578313	 1.000000	 0.000000	 -0.000000	 0.000000	 -90.000000	 1.288824	 -0.007251	 1.288845	 -0.322341	 0.000000	 0.001767	 0.001767	 90.000000	 1.288824	 -0.007251	 1.288845	 -0.322341	 160593.109207	
1185.502008	 1.000000	 0.000000	 -0.000000	 0.000000	 -90.000000	 1.289018	 -0.007233	 1.289038	 -0.321505	 0.000000	 0.001747	 0.001747	 90.000000	 1.289018	 -0.007233	 1.289038	 -0.321505	 160594.555683	
1165.425703	 1.000000	 0.000000	 -0.000000	 0.000000	 -90.000000	 1.289136	 -0.007219	 1.289156	 -0.320838	 0.000000	 0.001754	 0.001754	 90.000000	 1.289136	 -0.007219	 1.289156	 -0.320838	 160595.999313	
1145.349398	 1.000000	 0.000000	 -0.000000	 0.000000	 -90.000000	 1.289224	 -0.007232	 1.289245	 -0.321413	 0.000000	 0.001724	 0.001724	 90.000000	 1.289224	 -0.007232	 1.289245	 -0.321413	 160597.444124	
1125.273092	 1.000000	 0.000000	 -0.000000	 0.000000	 -90.000000	 1.289403	 -0.007200	 1.289423	 -0.319922	 0.000000	 0.001757	 0.001757	 90.000000	 1.289403	 -0.007200	 1.289423	 -0.319922	 160598.895083	
1105.196787	 1.000000	 0.000000	 -0.000000	 0.000000	 -90.000000	 1.289580	 -0.007112	 1.289600	 -0.315964	 0.000000	 0.001702	 0.001702	 90.000000	 1.289580	 -0.007112	 1.289600	 -0.315964	 160600.353781	
1085.120482	 1.000000	 0.000000	 -0.000000	 0.000000	 -90.000000	 1.289786	 -0.007122	 1.289806	 -0.316390	 0.000000	 0.001703	 0.001703	 90.000000	 1.289786	 -0.007122	 1.289806	 -0.316390	 160601.772791	
1065.044177	 1.000000	 0.000000	 -0.000000	 0.000000	 -90.000000	 1.289956	 -0.007079	 1.289976	 -0.314445	 0.000000	 0.001741	 0.001741	 90.000000	 1.289957	 -0.007080	 1.289976	 -0.314449	 160603.205181	
1044.967871	 1.000000	 0.000000	 -0.000000	 0.000000	 -90.000000	 1.290124	 -0.007038	 1.290143	 -0.312562	 0.000000	 0.001720	 0.001720	 90.000000	 1.290124	 -0.007038	 1.290143	 -0.312562	 160604.635888	
1024.891566	 1.000000	 0.000000	 -0.000000	 0.000000	 -90.000000	 1.290255	 -0.007005	 1.290274	 -0.311062	 0.000000	 0.001731	 0.001731	 90.000000	 1.290255	 -0.007005	 1.290274	 -0.311062	 160606.078232	
1004.815261	 1.000000	 0.000000	 -0.000000	 0.000000	 -90.000000	 1.290415	 -0.006946	 1.290434	 -0.308395	 0.000000	 0.001726	 0.001726	 90.000000	 1.290415	 -0.006946	 1.290434	 -0.308395	 160607.493038	
984.738956	 1.000000	 0.000000	 -0.000000	 0.000000	 -90.000000	 1.290653	 -0.006918	 1.290671	 -0.307115	 0.000000	 0.001751	 0.001751	 90.000000	 1.290653	 -0.006918	 1.290671	 -0.307115	 160608.938656	
964.662651	 1.000000	 0.000000	 -0.000000	 0.000000	 -90.000000	 1.290833	 -0.006849	 1.290851	 -0.303992	 0.000000	 0.001780	 0.001780	 90.000000	 1.290833	 -0.006849	 1.290851	 -0.303992	 160610.376324	
944.586345	 1.000000	 0.000000	 -0.000000	 0.000000	 -90.000000	 1.291066	 -0.006797	 1.291083	 -0.301621	 0.000000	 0.001728	 0.001728	 90.000000	 1.291066	 -0.006797	 1.291083	 -0.301621	 160611.820474	
924.510040	 1.000000	 0.000000	 -0.000000	 0.000000	 -90.000000	 1.291250	 -0.006727	 1.291267	 -0.298473	 0.000000	 0.001716	 0.001716	 90.000000	 1.291251	 -0.006727	 1.291268	 -0.298497	 160613.251340	
904.433735	 1.000000	 0.000000	 -0.000000	 0.000000	 -90.000000	 1.291509	 -0.006664	 1.291526	 -0.295614	 0.000000	 0.001718	 0.001718	 90.000000	 1.291509	 -0.006664	 1.291526	 -0.295614	 160614.672428	
884.357430	 1.000000	 0.000000	 -0.000000	 0.000000	 -90.000000	 1.291679	 -0.006581	 1.291696	 -0.291917	 0.000000	 0.001679	 0.001679	 90.000000	 1.291679	 -0.006581	 1.291696	 -0.291917	 160616.118825	
864.281124	 1.000000	 0.000000	 -0.000000	 0.000000	 -90.000000	 1.291945	 -0.006477	 1.291961	 -0.287237	 0.000000	 0.001715	 0.001715	 90.000000	 1.291946	 -0.006477	 1.291962	 -0.287240	 160617.557120	
844.204819	 1.000000	 0.000000	 -0.000000	 0.000000	 -90.000000	 1.292190	 -0.006406	 1.292206	 -0.284038	 0.000000	 0.001717	 0.001717	 90.000000	 1.292190	 -0.006406	 1.292206	 -0.284038	 160618.985305	
824.128514	 1.000000	 0.000000	 -0.000000	 0.000000	 -90.000000	 1.292404	 -0.006255	 1.292419	 -0.277296	 0.000000	 0.001732	 0.001732	 90.000000	 1.292404	 -0.006255	 1.292419	 -0.277296	 160620.409551	
804.052209	 1.000000	 0.000000	 -0.000000	 0.000000	 -90.000000	 1.292597	 -0.006171	 1.292611	 -0.273517	 0.000000	 0.001681	 0.001681	 90.000000	 1.292597	 -0.006171	 1.292611	 -0.273517	 160621.839106	
783.975904	 1.000000	 0.000000	 -0.000000	 0.000000	 -90.000000	 1.292936	 -0.006030	 1.292950	 -0.267220	 0.000000	 0.001674	 0.001674	 90.000000	 1.292936	 -0.006030	 1.292950	 -0.267220	 160623.299707	
763.899598	 1.000000	 0.000000	 -0.000000	 0.000000	 -90.000000	 1.293233	 -0.005871	 1.293246	 -0.260105	 0.000000	 0.001686	 0.001686	 90.000000	 1.293234	 -0.005869	 1.293247	 -0.259999	 160624.744570	
743.823293	 1.000000	 0.000000	 -0.000000	 0.000000	 -90.000000	 1.293403	 -0.005682	 1.293416	 -0.251709	 0.000000	 0.001694	 0.001694	 90.000000	 1.293403	 -0.005682	 1.293416	 -0.251709	 160626.193190	
723.746988	 1.000000	 0.000000	 -0.000000	 0.000000	 -90.000000	 1.293806	 -0.005560	 1.293818	 -0.246220	 0.000000	 0.001620	 0.001620	 90.000000	 1.293806	 -0.005560	 1.293818	 -0.246220	 160627.635949	
703.670683	 1.000000	 0.000000	 -0.000000	 0.000000	 -90.000000	 1.294090	 -0.005436	 1.294101	 -0.240691	 0.000000	 0.001691	 0.001691	 90.000000	 1.294090	 -0.005436	 1.294101	 -0.240691	 160629.074781	
683.594378	 1.000000	 0.000000	 -0.000000	 0.000000	 -90.000000	 1.294433	 -0.005175	 1.294443	 -0.229044	 0.000000	 0.001670	 0.001670	 90.000000	 1.294433	 -0.005175	 1.294443	 -0.229044	 160630.519010	
663.518072	 1.000000	 0.000000	 -0.000000	 0.000000	 -90.000000	 1.294747	 -0.004954	 1.294756	 -0.219209	 0.000000	 0.001656	 0.001656	 90.000000	 1.294747	 -0.004954	 1.294756	 -0.219209	 160631.950975	
643.441767	 1.000000	 0.000000	 -0.000000	 0.000000	 -90.000000	 1.295076	 -0.004814	 1.295085	 -0.212983	 0.000000	 0.001686	 0.001686	 90.000000	 1.295076	 -0.004814	 1.295085	 -0.212983	 160633.396464	
623.365462	 1.000000	 0.000000	 -0.000000	 0.000000	 -90.000000	 1.295406	 -0.004439	 1.295414	 -0.196342	 0.000000	 0.001628	 0.001628	 90.000000	 1.295406	 -0.004439	 1.295414	 -0.196342	 160634.844642	
603.289157	 1.000000	 0.000000	 -0.000000	 0.000000	 -90.000000	 1.295680	 -0.004183	 1.295687	 -0.184973	 0.000000	 0.001634	 0.001634	 90.000000	 1.295680	 -0.004183	 1.295687	 -0.184973	 160636.269733	
583.212851	 1.000000	 0.000000	 -0.000000	 0.000000	 -90.000000	 1.296162	 -0.003805	 1.296168	 -0.168211	 0.000000	 0.001673	 0.001673	 90.000000	 1.296162	 -0.003805	 1.296168	 -0.168211	 160637.725440	
563.136546	 1.000000	 0.000000	 -0.000000	 0.000000	 -90.000000	 1.296513	 -0.003464	 1.296518	 -0.153071	 0.000000	 0.001655	 0.001655	 90.000000	 1.296514	 -0.003464	 1.296519	 -0.153071	 160639.175077	
543.060241	 1.000000	 0.000000	 -0.000000	 0.000000	 -90.000000	 1.296969	 -0.003114	 1.296973	 -0.137556	 0.000000	 0.001656	 0.001656	 90.000000	 1.296962	 -0.003119	 1.296966	 -0.137776	 160640.612424	
522.983936	 1.000000	 0.000000	 -0.000000	 0.000000	 -90.000000	 1.297412	 -0.002648	 1.297414	 -0.116920	 0.000000	 0.001663	 0.001663	 90.000000	 1.297412	 -0.002648	 1.297415	 -0.116932	 160642.022908	
502.907631	 1.000000	 0.000000	 -0.000000	 0.000000	 -90.000000	 1.297783	 -0.002258	 1.297785	 -0.099670	 0.000000	 0.001642	 0.001642	 90.000000	 1.297793	 -0.002257	 1.297795	 -0.099633	 160643.445936	
482.831325	 1.000000	 0.000000	 -0.000000	 0.000000	 -90.000000	 1.298192	 -0.001652	 1.298193	 -0.072919	 0.000000	 0.001705	 0.001705	 90.000000	 1.298192	 -0.001652	 1.298193	 -0.072928	 160644.876787	
462.755020	 1.000000	 0.000000	 -0.000000	 0.000000	 -90.000000	 1.298570	 -0.001052	 1.298571	 -0.046423	 0.000000	 0.001683	 0.001683	 90.000000	 1.298570	 -0.001052	 1.298571	 -0.046423	 160646.323525	
442.678715	 1.000000	 0.000000	 -0.000000	 0.000000	 -90.000000	 1.298893	 -0.000406	 1.298893	 -0.017892	 0.000000	 0.001680	 0.001680	 90.000000	 1.298893	 -0.000406	 1.298893	 -0.017892	 160647.735197	
422.602410	 1.000000	 0.000000	 -0.000000	 0.000000	 -90.000000	 1.299523	 0.000276	 1.299523	 0.012173	 0.000000	 0.001668	 0.001668	 90.000000	 1.299523	 0.000276	 1.299523	 0.012173	 160649.198430	
402.526104	 1.000000	 0.000000	 -0.000000	 0.000000	 -90.000000	 1.299985	 0.001044	 1.299986	 0.046013	 0.000000	 0.001700	 0.001700	 90.000000	 1.299985	 0.001044	 1.299986	 0.046013	 160650.634287	
382.449799	 1.000000	 0.000000	 -0.000000	 0.000000	 -90.000000	 1.300446	 0.001903	 1.300447	 0.083843	 0.000000	 0.001697	 0.001697	 90.000000	 1.300446	 0.001903	 1.300447	 0.083843	 160652.081430	
362.373494	 1.000000	 0.000000	 -0.000000	 0.000000	 -90.000000	 1.300961	 0.002903	 1.300964	 0.127870	 0.000000	 0.001665	 0.001665	 90.000000	 1.300961	 0.002903	 1.300964	 0.127870	 160653.531936	
342.297189	 1.000000	 0.000000	 -0.000000	 0.000000	 -90.000000	 1.301165	 0.003970	 1.301171	 0.174796	 0.000000	 0.001687	 0.001687	 90.000000	 1.301165	 0.003970	 1.301171	 0.174796	 160654.959439	
322.220884	 1.000000	 0.000000	 -0.000000	 0.000000	 -90.000000	 1.301891	 0.005172	 1.301901	 0.227619	 0.000000	 0.001703	 0.001703	 90.000000	 1.301891	 0.005172	 1.301901	 0.227619	 160656.409596	
302.144578	 1.000000	 0.000000	 -0.000000	 0.000000	 -90.000000	 1.302486	 0.006661	 1.302503	 0.293013	 0.000000	 0.001696	 0.001696	 90.000000	 1.302486	 0.006661	 1.302503	 0.293013	 160657.870204	
282.068273	 1.000000	 0.000000	 -0.000000	 0.000000	 -90.000000	 1.302812	 0.008084	 1.302837	 0.355502	 0.000000	 0.001722	 0.001722	 90.000000	 1.302812	 0.008084	 1.302837	 0.355502	 160659.398496	
261.991968	 1.000000	 0.000000	 -0.000000	 0.000000	 -90.000000	 1.303245	 0.009889	 1.303283	 0.434732	 0.000000	 0.001685	 0.001685	 90.000000	 1.303245	 0.009889	 1.303283	 0.434732	 160660.818983	
241.915663	 1.000000	 0.000000	 -0.000000	 0.000000	 -90.000000	 1.303989	 0.011877	 1.304043	 0.521845	 0.000000	 0.001703	 0.001703	 90.000000	 1.304031	 0.011805	 1.304084	 0.518689	 160662.250497	
221.839357	 1.000000	 0.000000	 -0.000000	 0.000000	 -90.000000	 1.304137	 0.014203	 1.304214	 0.623952	 0.000000	 0.001656	 0.001656	 90.000000	 1.304137	 0.014203	 1.304214	 0.623952	 160663.664476	
201.763052	 1.000000	 0.000000	 -0.000000	 0.000000	 -90.000000	 1.304693	 0.016833	 1.304801	 0.739198	 0.000000	 0.001673	 0.001673	 90.000000	 1.304699	 0.016837	 1.304808	 0.739345	 160665.114986	
181.686747	 1.000000	 0.000000	 -0.000000	 0.000000	 -90.000000	 1.304892	 0.020373	 1.305051	 0.894453	 0.000000	 0.001726	 0.001726	 90.000000	 1.304892	 0.020373	 1.305051	 0.894453	 160666.570092	
161.610442	 1.000000	 0.000000	 -0.000000	 0.000000	 -90.000000	 1.305093	 0.024455	 1.305323	 1.073493	 0.000000	 0.001684	 0.001684	 90.000000	 1.305093	 0.024455	 1.305323	 1.073493	 160667.999284	
141.534137	 1.000000	 0.000000	 -0.000000	 0.000000	 -90.000000	 1.305096	 0.029370	 1.305426	 1.289152	 0.000000	 0.001734	 0.001734	 90.000000	 1.305096	 0.029370	 1.305426	 1.289152	 160669.419347	
121.457831	 1.000000	 0.000000	 -0.000000	 0.000000	 -90.000000	 1.305183	 0.036144	 1.305683	 1.586284	 0.000000	 0.001686	 0.001686	 90.000000	 1.305183	 0.036144	 1.305683	 1.586284	 160670.853638	
101.381526	 1.000000	 0.000000	 -0.000000	 0.000000	 -90.000000	 1.304621	 0.045554	 1.305416	 1.999828	 0.000000	 0.001340	 0.001340	 90.000000	 1.304607	 0.045559	 1.305403	 2.000060	 160672.294900	
81.305221	 1.000000	 0.000000	 -0.000000	 0.000000	 -90.000000	 1.303444	 0.058224	 1.304744	 2.557652	 0.000000	 0.001650	 0.001650	 90.000000	 1.303444	 0.058224	 1.304744	 2.557652	 160673.723228	
61.228916	 1.000000	 0.000000	 -0.000000	 0.000000	 -90.000000	 1.295527	 0.080358	 1.298017	 3.549362	 0.000000	 0.001560	 0.001560	 90.000000	 1.295527	 0.080358	 1.298017	 3.549362	 160675.133005	
41.152610	 1.000000	 0.000000	 -0.000000	 0.000000	 -90.000000	 1.298462	 0.113167	 1.303384	 4.981001	 0.000000	 0.001718	 0.001718	 90.000000	 1.298462	 0.113167	 1.303384	 4.981001	 160676.562529	
21.076305	 1.000000	 0.000000	 -0.000000	 0.000000	 -90.000000	 1.248219	 0.215212	 1.266636	 9.782500	 0.000000	 0.002233	 0.002233	 90.000000	 1.248219	 0.215212	 1.266636	 9.782500	 160678.001250	
1.000000	 1.000000	 0.000000	 -0.000000	 0.000000	 -90.000000	 0.326105	 0.691783	 0.764793	 64.760901	 0.000000	 -0.792498	 0.792498	 -90.000000	 0.326105	 0.691783	 0.764793	 64.760901	 160679.418073	
