# Oscilator_frequency (Hz)	DemodAll_A (-)	Demod_1_X_A (A)	Demod_1_Y_A (A)	Demod_1__R_A (A)	Demod_1__Theta_A (deg)	Demod_2_X_A (A)	Demod_2_Y_A (A)	Demod_2__R_A (A)	Demod_2__Theta_A (deg)	Demod_3_X_A (V)	Demod_3_Y_A (V)	Demod_3__R_A (V)	Demod_3__Theta_A (deg)	Demod_4_X_A (V)	Demod_4_Y_A (V)	Demod_4__R_A (V)	Demod_4__Theta_A (deg)	Timer_GET (s)	
5000.000000	 1.000000	 0.000000	 -0.000000	 0.000000	 -90.000000	 0.401597	 -0.020401	 0.402115	 -2.908128	 0.000000	 -1.915388	 1.915388	 -90.000000	 0.401597	 -0.020401	 0.402115	 -2.908128	 360952.177079	
4950.000000	 1.000000	 0.000000	 -0.000000	 0.000000	 -90.000000	 0.401682	 -0.020245	 0.402192	 -2.885254	 0.000000	 -1.899278	 1.899278	 -90.000000	 0.401682	 -0.020245	 0.402192	 -2.885254	 360953.612460	
4900.000000	 1.000000	 0.000000	 -0.000000	 0.000000	 -90.000000	 0.401796	 -0.020420	 0.402315	 -2.909353	 0.000000	 -1.914965	 1.914965	 -90.000000	 0.401796	 -0.020420	 0.402315	 -2.909353	 360955.061408	
4850.000000	 1.000000	 0.000000	 -0.000000	 0.000000	 -90.000000	 0.401828	 -0.019732	 0.402312	 -2.811267	 0.000000	 -1.889756	 1.889756	 -90.000000	 0.401828	 -0.019732	 0.402312	 -2.811266	 360956.494694	
4800.000000	 1.000000	 0.000000	 -0.000000	 0.000000	 -90.000000	 0.401955	 -0.019952	 0.402450	 -2.841701	 0.000000	 -1.891617	 1.891617	 -90.000000	 0.401955	 -0.019952	 0.402450	 -2.841701	 360957.919445	
4750.000000	 1.000000	 0.000000	 -0.000000	 0.000000	 -90.000000	 0.402060	 -0.020089	 0.402562	 -2.860364	 0.000000	 -1.905087	 1.905087	 -90.000000	 0.402060	 -0.020089	 0.402562	 -2.860364	 360959.420731	
4700.000000	 1.000000	 0.000000	 -0.000000	 0.000000	 -90.000000	 0.402121	 -0.019699	 0.402604	 -2.804564	 0.000000	 -1.884308	 1.884308	 -90.000000	 0.402121	 -0.019699	 0.402604	 -2.804564	 360960.871750	
4650.000000	 1.000000	 0.000000	 -0.000000	 0.000000	 -90.000000	 0.402215	 -0.019988	 0.402712	 -2.844989	 0.000000	 -1.893649	 1.893649	 -90.000000	 0.402215	 -0.019988	 0.402712	 -2.844989	 360962.291114	
4600.000000	 1.000000	 0.000000	 -0.000000	 0.000000	 -90.000000	 0.402336	 -0.020705	 0.402868	 -2.945908	 0.000000	 -1.920549	 1.920549	 -90.000000	 0.402336	 -0.020705	 0.402868	 -2.945908	 360963.752657	
4550.000000	 1.000000	 0.000000	 -0.000000	 0.000000	 -90.000000	 0.402385	 -0.019766	 0.402870	 -2.812226	 0.000000	 -1.874986	 1.874986	 -90.000000	 0.402385	 -0.019766	 0.402870	 -2.812226	 360965.167636	
4500.000000	 1.000000	 0.000000	 -0.000000	 0.000000	 -90.000000	 0.402522	 -0.021066	 0.403073	 -2.995814	 0.000000	 -1.922257	 1.922257	 -90.000000	 0.402522	 -0.021066	 0.403073	 -2.995814	 360966.629494	
4450.000000	 1.000000	 0.000000	 -0.000000	 0.000000	 -90.000000	 0.402607	 -0.021186	 0.403164	 -3.012202	 0.000000	 -1.927706	 1.927706	 -90.000000	 0.402607	 -0.021186	 0.403164	 -3.012201	 360968.041876	
4400.000000	 1.000000	 0.000000	 -0.000000	 0.000000	 -90.000000	 0.402679	 -0.020917	 0.403222	 -2.973504	 0.000000	 -1.910754	 1.910754	 -90.000000	 0.402679	 -0.020908	 0.403221	 -2.972272	 360969.470965	
4350.000000	 1.000000	 0.000000	 -0.000000	 0.000000	 -90.000000	 0.402789	 -0.021104	 0.403342	 -2.999183	 0.000000	 -1.920668	 1.920668	 -90.000000	 0.402789	 -0.021104	 0.403342	 -2.999182	 360970.902795	
4300.000000	 1.000000	 0.000000	 -0.000000	 0.000000	 -90.000000	 0.402913	 -0.021655	 0.403494	 -3.076430	 0.000000	 -1.927350	 1.927350	 -90.000000	 0.402912	 -0.021642	 0.403493	 -3.074588	 360972.350124	
4250.000000	 1.000000	 0.000000	 -0.000000	 0.000000	 -90.000000	 0.402972	 -0.021460	 0.403543	 -3.048302	 0.000000	 -1.924461	 1.924461	 -90.000000	 0.402972	 -0.021460	 0.403543	 -3.048302	 360973.812098	
4200.000000	 1.000000	 0.000000	 -0.000000	 0.000000	 -90.000000	 0.403062	 -0.020904	 0.403604	 -2.968831	 0.000000	 -1.912400	 1.912400	 -90.000000	 0.403062	 -0.020904	 0.403604	 -2.968831	 360975.239833	
4150.000000	 1.000000	 0.000000	 -0.000000	 0.000000	 -90.000000	 0.403141	 -0.020615	 0.403668	 -2.927358	 0.000000	 -1.899861	 1.899861	 -90.000000	 0.403140	 -0.020611	 0.403667	 -2.926695	 360976.648756	
4100.000000	 1.000000	 0.000000	 -0.000000	 0.000000	 -90.000000	 0.403225	 -0.020113	 0.403727	 -2.855572	 0.000000	 -1.893093	 1.893093	 -90.000000	 0.403225	 -0.020113	 0.403727	 -2.855572	 360978.082607	
4050.000000	 1.000000	 0.000000	 -0.000000	 0.000000	 -90.000000	 0.403330	 -0.020483	 0.403849	 -2.907205	 0.000000	 -1.904300	 1.904300	 -90.000000	 0.403330	 -0.020483	 0.403849	 -2.907205	 360979.574463	
4000.000000	 1.000000	 0.000000	 -0.000000	 0.000000	 -90.000000	 0.403431	 -0.020482	 0.403950	 -2.906375	 0.000000	 -1.900988	 1.900988	 -90.000000	 0.403431	 -0.020483	 0.403951	 -2.906570	 360981.002006	
3950.000000	 1.000000	 0.000000	 -0.000000	 0.000000	 -90.000000	 0.403573	 -0.021019	 0.404120	 -2.981352	 0.000000	 -1.903007	 1.903007	 -90.000000	 0.403573	 -0.021019	 0.404120	 -2.981352	 360982.430668	
3900.000000	 1.000000	 0.000000	 -0.000000	 0.000000	 -90.000000	 0.403776	 -0.022007	 0.404375	 -3.119738	 0.000000	 -1.923002	 1.923002	 -90.000000	 0.403776	 -0.022007	 0.404375	 -3.119738	 360983.867980	
3850.000000	 1.000000	 0.000000	 -0.000000	 0.000000	 -90.000000	 0.403843	 -0.021310	 0.404405	 -3.020512	 0.000000	 -1.905240	 1.905240	 -90.000000	 0.403843	 -0.021310	 0.404405	 -3.020512	 360985.323370	
3800.000000	 1.000000	 0.000000	 -0.000000	 0.000000	 -90.000000	 0.403964	 -0.021366	 0.404529	 -3.027571	 0.000000	 -1.898350	 1.898350	 -90.000000	 0.403964	 -0.021366	 0.404529	 -3.027572	 360986.763095	
3750.000000	 1.000000	 0.000000	 -0.000000	 0.000000	 -90.000000	 0.404137	 -0.022209	 0.404746	 -3.145474	 0.000000	 -1.929114	 1.929114	 -90.000000	 0.404137	 -0.022209	 0.404746	 -3.145474	 360988.242268	
3700.000000	 1.000000	 0.000000	 -0.000000	 0.000000	 -90.000000	 0.404173	 -0.020793	 0.404707	 -2.945084	 0.000000	 -1.889356	 1.889356	 -90.000000	 0.404173	 -0.020793	 0.404707	 -2.945084	 360989.689677	
3650.000000	 1.000000	 0.000000	 -0.000000	 0.000000	 -90.000000	 0.404262	 -0.020543	 0.404784	 -2.909074	 0.000000	 -1.882851	 1.882851	 -90.000000	 0.404262	 -0.020543	 0.404784	 -2.909074	 360991.167298	
3600.000000	 1.000000	 0.000000	 -0.000000	 0.000000	 -90.000000	 0.404473	 -0.022010	 0.405072	 -3.114825	 0.000000	 -1.931833	 1.931833	 -90.000000	 0.404473	 -0.022010	 0.405072	 -3.114825	 360992.627862	
3550.000000	 1.000000	 0.000000	 -0.000000	 0.000000	 -90.000000	 0.404590	 -0.022103	 0.405193	 -3.126947	 0.000000	 -1.936062	 1.936062	 -90.000000	 0.404590	 -0.022103	 0.405193	 -3.126947	 360994.110106	
3500.000000	 1.000000	 0.000000	 -0.000000	 0.000000	 -90.000000	 0.404704	 -0.021716	 0.405286	 -3.071435	 0.000000	 -1.913504	 1.913504	 -90.000000	 0.404704	 -0.021723	 0.405287	 -3.072414	 360995.550235	
3450.000000	 1.000000	 0.000000	 -0.000000	 0.000000	 -90.000000	 0.404819	 -0.021649	 0.405398	 -3.061156	 0.000000	 -1.900117	 1.900117	 -90.000000	 0.404819	 -0.021649	 0.405398	 -3.061156	 360997.000206	
3400.000000	 1.000000	 0.000000	 -0.000000	 0.000000	 -90.000000	 0.404966	 -0.021981	 0.405562	 -3.106914	 0.000000	 -1.901570	 1.901570	 -90.000000	 0.404966	 -0.021981	 0.405562	 -3.106914	 360998.460530	
3350.000000	 1.000000	 0.000000	 -0.000000	 0.000000	 -90.000000	 0.405046	 -0.021499	 0.405616	 -3.038293	 0.000000	 -1.901546	 1.901546	 -90.000000	 0.405046	 -0.021499	 0.405616	 -3.038293	 360999.868578	
3300.000000	 1.000000	 0.000000	 -0.000000	 0.000000	 -90.000000	 0.405210	 -0.021865	 0.405800	 -3.088718	 0.000000	 -1.901068	 1.901068	 -90.000000	 0.405210	 -0.021860	 0.405799	 -3.087908	 361001.304085	
3250.000000	 1.000000	 0.000000	 -0.000000	 0.000000	 -90.000000	 0.405359	 -0.022031	 0.405957	 -3.110953	 0.000000	 -1.906377	 1.906377	 -90.000000	 0.405359	 -0.022031	 0.405957	 -3.110954	 361002.749130	
3200.000000	 1.000000	 0.000000	 -0.000000	 0.000000	 -90.000000	 0.405474	 -0.022056	 0.406074	 -3.113601	 0.000000	 -1.907623	 1.907623	 -90.000000	 0.405474	 -0.022056	 0.406074	 -3.113601	 361004.166693	
3150.000000	 1.000000	 0.000000	 -0.000000	 0.000000	 -90.000000	 0.405611	 -0.022265	 0.406222	 -3.142004	 0.000000	 -1.913702	 1.913702	 -90.000000	 0.405614	 -0.022299	 0.406226	 -3.146792	 361005.584419	
3100.000000	 1.000000	 0.000000	 -0.000000	 0.000000	 -90.000000	 0.405760	 -0.022495	 0.406383	 -3.173170	 0.000000	 -1.908499	 1.908499	 -90.000000	 0.405760	 -0.022495	 0.406383	 -3.173170	 361006.995955	
3050.000000	 1.000000	 0.000000	 -0.000000	 0.000000	 -90.000000	 0.405909	 -0.022768	 0.406547	 -3.210387	 0.000000	 -1.897331	 1.897331	 -90.000000	 0.405909	 -0.022768	 0.406547	 -3.210387	 361008.422743	
3000.000000	 1.000000	 0.000000	 -0.000000	 0.000000	 -90.000000	 0.406014	 -0.022407	 0.406631	 -3.158760	 0.000000	 -1.901790	 1.901790	 -90.000000	 0.406014	 -0.022407	 0.406631	 -3.158760	 361009.867653	
2950.000000	 1.000000	 0.000000	 -0.000000	 0.000000	 -90.000000	 0.406220	 -0.022931	 0.406866	 -3.230961	 0.000000	 -1.902966	 1.902966	 -90.000000	 0.406220	 -0.022931	 0.406866	 -3.230961	 361011.309247	
2900.000000	 1.000000	 0.000000	 -0.000000	 0.000000	 -90.000000	 0.406393	 -0.023208	 0.407055	 -3.268445	 0.000000	 -1.895698	 1.895698	 -90.000000	 0.406393	 -0.023208	 0.407055	 -3.268445	 361012.791494	
2850.000000	 1.000000	 0.000000	 -0.000000	 0.000000	 -90.000000	 0.406542	 -0.023319	 0.407211	 -3.282913	 0.000000	 -1.905861	 1.905861	 -90.000000	 0.406542	 -0.023319	 0.407211	 -3.282913	 361014.225406	
2800.000000	 1.000000	 0.000000	 -0.000000	 0.000000	 -90.000000	 0.406676	 -0.023208	 0.407337	 -3.266144	 0.000000	 -1.908076	 1.908076	 -90.000000	 0.406676	 -0.023208	 0.407337	 -3.266144	 361015.702794	
2750.000000	 1.000000	 0.000000	 -0.000000	 0.000000	 -90.000000	 0.406764	 -0.022413	 0.407381	 -3.153906	 0.000000	 -1.894355	 1.894355	 -90.000000	 0.406764	 -0.022413	 0.407381	 -3.153906	 361017.130110	
2700.000000	 1.000000	 0.000000	 -0.000000	 0.000000	 -90.000000	 0.406883	 -0.021840	 0.407468	 -3.072514	 0.000000	 -1.877023	 1.877023	 -90.000000	 0.406882	 -0.021827	 0.407467	 -3.070602	 361018.597232	
2650.000000	 1.000000	 0.000000	 -0.000000	 0.000000	 -90.000000	 0.407183	 -0.023843	 0.407880	 -3.351183	 0.000000	 -1.906222	 1.906222	 -90.000000	 0.407183	 -0.023843	 0.407880	 -3.351183	 361020.028819	
2600.000000	 1.000000	 0.000000	 -0.000000	 0.000000	 -90.000000	 0.407292	 -0.023684	 0.407980	 -3.328007	 0.000000	 -1.908626	 1.908626	 -90.000000	 0.407292	 -0.023684	 0.407980	 -3.328007	 361021.462567	
2550.000000	 1.000000	 0.000000	 -0.000000	 0.000000	 -90.000000	 0.407493	 -0.024247	 0.408214	 -3.405193	 0.000000	 -1.905153	 1.905153	 -90.000000	 0.407494	 -0.024260	 0.408215	 -3.407074	 361022.911034	
2500.000000	 1.000000	 0.000000	 -0.000000	 0.000000	 -90.000000	 0.407714	 -0.025236	 0.408494	 -3.541818	 0.000000	 -1.928291	 1.928291	 -90.000000	 0.407714	 -0.025236	 0.408494	 -3.541818	 361024.370073	
2450.000000	 1.000000	 0.000000	 -0.000000	 0.000000	 -90.000000	 0.407923	 -0.025875	 0.408743	 -3.629469	 0.000000	 -1.920527	 1.920527	 -90.000000	 0.407923	 -0.025875	 0.408743	 -3.629469	 361025.847536	
2400.000000	 1.000000	 0.000000	 -0.000000	 0.000000	 -90.000000	 0.408019	 -0.024807	 0.408773	 -3.479198	 0.000000	 -1.905160	 1.905160	 -90.000000	 0.408019	 -0.024807	 0.408773	 -3.479198	 361027.296262	
2350.000000	 1.000000	 0.000000	 -0.000000	 0.000000	 -90.000000	 0.408299	 -0.026031	 0.409128	 -3.647956	 0.000000	 -1.927515	 1.927515	 -90.000000	 0.408299	 -0.026031	 0.409128	 -3.647956	 361028.758674	
2300.000000	 1.000000	 0.000000	 -0.000000	 0.000000	 -90.000000	 0.408640	 -0.027735	 0.409581	 -3.882837	 0.000000	 -1.939292	 1.939292	 -90.000000	 0.408643	 -0.027759	 0.409584	 -3.886176	 361030.181177	
2250.000000	 1.000000	 0.000000	 -0.000000	 0.000000	 -90.000000	 0.408681	 -0.025706	 0.409489	 -3.599135	 0.000000	 -1.934607	 1.934607	 -90.000000	 0.408681	 -0.025706	 0.409489	 -3.599135	 361031.641065	
2200.000000	 1.000000	 0.000000	 -0.000000	 0.000000	 -90.000000	 0.408862	 -0.026001	 0.409688	 -3.638759	 0.000000	 -1.928855	 1.928855	 -90.000000	 0.408862	 -0.026001	 0.409688	 -3.638759	 361033.068238	
2150.000000	 1.000000	 0.000000	 -0.000000	 0.000000	 -90.000000	 0.408980	 -0.024845	 0.409734	 -3.476367	 0.000000	 -1.904247	 1.904247	 -90.000000	 0.408980	 -0.024845	 0.409734	 -3.476367	 361034.519370	
2100.000000	 1.000000	 0.000000	 -0.000000	 0.000000	 -90.000000	 0.409259	 -0.025806	 0.410072	 -3.608034	 0.000000	 -1.905437	 1.905437	 -90.000000	 0.409259	 -0.025806	 0.410072	 -3.608034	 361035.955122	
2050.000000	 1.000000	 0.000000	 -0.000000	 0.000000	 -90.000000	 0.409434	 -0.025641	 0.410236	 -3.583454	 0.000000	 -1.906165	 1.906165	 -90.000000	 0.409434	 -0.025641	 0.410236	 -3.583454	 361037.417317	
2000.000000	 1.000000	 0.000000	 -0.000000	 0.000000	 -90.000000	 0.409654	 -0.025549	 0.410450	 -3.568719	 0.000000	 -1.910121	 1.910121	 -90.000000	 0.409653	 -0.025547	 0.410449	 -3.568419	 361038.822158	
1950.000000	 1.000000	 0.000000	 -0.000000	 0.000000	 -90.000000	 0.409917	 -0.025880	 0.410733	 -3.612497	 0.000000	 -1.905661	 1.905661	 -90.000000	 0.409917	 -0.025880	 0.410733	 -3.612497	 361040.256725	
1900.000000	 1.000000	 0.000000	 -0.000000	 0.000000	 -90.000000	 0.410220	 -0.027128	 0.411116	 -3.783506	 0.000000	 -1.912849	 1.912849	 -90.000000	 0.410220	 -0.027128	 0.411116	 -3.783506	 361041.714432	
1850.000000	 1.000000	 0.000000	 -0.000000	 0.000000	 -90.000000	 0.410265	 -0.025083	 0.411032	 -3.498654	 0.000000	 -1.877361	 1.877361	 -90.000000	 0.410265	 -0.025083	 0.411032	 -3.498654	 361043.144888	
1800.000000	 1.000000	 0.000000	 -0.000000	 0.000000	 -90.000000	 0.410636	 -0.026111	 0.411465	 -3.638325	 0.000000	 -1.885315	 1.885315	 -90.000000	 0.410636	 -0.026111	 0.411465	 -3.638325	 361044.614315	
1750.000000	 1.000000	 0.000000	 -0.000000	 0.000000	 -90.000000	 0.410952	 -0.026877	 0.411829	 -3.741894	 0.000000	 -1.899419	 1.899419	 -90.000000	 0.410952	 -0.026877	 0.411829	 -3.741894	 361046.039718	
1700.000000	 1.000000	 0.000000	 -0.000000	 0.000000	 -90.000000	 0.411243	 -0.027269	 0.412147	 -3.793688	 0.000000	 -1.884643	 1.884643	 -90.000000	 0.411243	 -0.027269	 0.412147	 -3.793688	 361047.486772	
1650.000000	 1.000000	 0.000000	 -0.000000	 0.000000	 -90.000000	 0.411541	 -0.027589	 0.412465	 -3.835316	 0.000000	 -1.881149	 1.881149	 -90.000000	 0.411540	 -0.027604	 0.412464	 -3.837389	 361048.950946	
1600.000000	 1.000000	 0.000000	 -0.000000	 0.000000	 -90.000000	 0.411876	 -0.028444	 0.412856	 -3.950506	 0.000000	 -1.908406	 1.908406	 -90.000000	 0.411876	 -0.028444	 0.412856	 -3.950507	 361050.393029	
1550.000000	 1.000000	 0.000000	 -0.000000	 0.000000	 -90.000000	 0.412525	 -0.031387	 0.413717	 -4.350980	 0.000000	 -1.922016	 1.922016	 -90.000000	 0.412525	 -0.031387	 0.413717	 -4.350980	 361051.825465	
1500.000000	 1.000000	 0.000000	 -0.000000	 0.000000	 -90.000000	 0.412669	 -0.030350	 0.413784	 -4.206224	 0.000000	 -1.910798	 1.910798	 -90.000000	 0.412669	 -0.030350	 0.413784	 -4.206224	 361053.274076	
1450.000000	 1.000000	 0.000000	 -0.000000	 0.000000	 -90.000000	 0.413092	 -0.031894	 0.414322	 -4.414893	 0.000000	 -1.926866	 1.926866	 -90.000000	 0.413092	 -0.031894	 0.414322	 -4.414893	 361054.743733	
1400.000000	 1.000000	 0.000000	 -0.000000	 0.000000	 -90.000000	 0.413369	 -0.031067	 0.414535	 -4.298076	 0.000000	 -1.912621	 1.912621	 -90.000000	 0.413369	 -0.031067	 0.414535	 -4.298076	 361056.172132	
1350.000000	 1.000000	 0.000000	 -0.000000	 0.000000	 -90.000000	 0.413830	 -0.032170	 0.415078	 -4.445038	 0.000000	 -1.905923	 1.905923	 -90.000000	 0.413829	 -0.032170	 0.415078	 -4.445017	 361057.581558	
1300.000000	 1.000000	 0.000000	 -0.000000	 0.000000	 -90.000000	 0.414235	 -0.032427	 0.415502	 -4.476087	 0.000000	 -1.901469	 1.901469	 -90.000000	 0.414235	 -0.032427	 0.415502	 -4.476087	 361059.026605	
1250.000000	 1.000000	 0.000000	 -0.000000	 0.000000	 -90.000000	 0.414710	 -0.033652	 0.416073	 -4.639098	 0.000000	 -1.905366	 1.905366	 -90.000000	 0.414710	 -0.033652	 0.416073	 -4.639098	 361060.481053	
1200.000000	 1.000000	 0.000000	 -0.000000	 0.000000	 -90.000000	 0.415238	 -0.035085	 0.416718	 -4.829646	 0.000000	 -1.910140	 1.910140	 -90.000000	 0.415238	 -0.035085	 0.416718	 -4.829646	 361061.909624	
1150.000000	 1.000000	 0.000000	 -0.000000	 0.000000	 -90.000000	 0.415869	 -0.037019	 0.417514	 -5.086803	 0.000000	 -1.917092	 1.917092	 -90.000000	 0.415869	 -0.037019	 0.417514	 -5.086803	 361063.378772	
1100.000000	 1.000000	 0.000000	 -0.000000	 0.000000	 -90.000000	 0.416421	 -0.037539	 0.418110	 -5.151117	 0.000000	 -1.918785	 1.918785	 -90.000000	 0.416421	 -0.037539	 0.418110	 -5.151118	 361064.813539	
1050.000000	 1.000000	 0.000000	 -0.000000	 0.000000	 -90.000000	 0.416851	 -0.038382	 0.418614	 -5.260756	 0.000000	 -1.918273	 1.918273	 -90.000000	 0.416851	 -0.038382	 0.418614	 -5.260756	 361066.277784	
1000.000000	 1.000000	 0.000000	 -0.000000	 0.000000	 -90.000000	 0.417009	 -0.035201	 0.418492	 -4.825133	 0.000000	 -1.884005	 1.884005	 -90.000000	 0.417009	 -0.035201	 0.418492	 -4.825132	 361067.725339	
950.000000	 1.000000	 0.000000	 -0.000000	 0.000000	 -90.000000	 0.418028	 -0.038235	 0.419773	 -5.226019	 0.000000	 -1.902811	 1.902811	 -90.000000	 0.418028	 -0.038235	 0.419773	 -5.226019	 361069.162727	
900.000000	 1.000000	 0.000000	 -0.000000	 0.000000	 -90.000000	 0.419178	 -0.042504	 0.421327	 -5.789945	 0.000000	 -1.929102	 1.929102	 -90.000000	 0.419178	 -0.042504	 0.421327	 -5.789945	 361070.618179	
850.000000	 1.000000	 0.000000	 -0.000000	 0.000000	 -90.000000	 0.419084	 -0.038082	 0.420810	 -5.192205	 0.000000	 -1.884693	 1.884693	 -90.000000	 0.419084	 -0.038082	 0.420810	 -5.192205	 361072.063930	
800.000000	 1.000000	 0.000000	 -0.000000	 0.000000	 -90.000000	 0.419733	 -0.038120	 0.421460	 -5.189391	 0.000000	 -1.858619	 1.858619	 -90.000000	 0.419727	 -0.038089	 0.421452	 -5.185194	 361073.498407	
750.000000	 1.000000	 0.000000	 -0.000000	 0.000000	 -90.000000	 0.420978	 -0.042959	 0.423165	 -5.826664	 0.000000	 -1.886601	 1.886601	 -90.000000	 0.420978	 -0.042959	 0.423165	 -5.826664	 361074.961943	
700.000000	 1.000000	 0.000000	 -0.000000	 0.000000	 -90.000000	 0.422853	 -0.049258	 0.425712	 -6.644451	 0.000000	 -1.914055	 1.914055	 -90.000000	 0.422853	 -0.049258	 0.425712	 -6.644451	 361076.391077	
650.000000	 1.000000	 0.000000	 -0.000000	 0.000000	 -90.000000	 0.423130	 -0.045274	 0.425545	 -6.107342	 0.000000	 -1.874608	 1.874608	 -90.000000	 0.423130	 -0.045274	 0.425545	 -6.107342	 361077.819531	
600.000000	 1.000000	 0.000000	 -0.000000	 0.000000	 -90.000000	 0.425393	 -0.052926	 0.428673	 -7.092159	 0.000000	 -1.893716	 1.893716	 -90.000000	 0.425393	 -0.052926	 0.428673	 -7.092159	 361079.270249	
550.000000	 1.000000	 0.000000	 -0.000000	 0.000000	 -90.000000	 0.425425	 -0.048041	 0.428129	 -6.442782	 0.000000	 -1.853975	 1.853975	 -90.000000	 0.425425	 -0.048041	 0.428129	 -6.442782	 361080.696824	
500.000000	 1.000000	 0.000000	 -0.000000	 0.000000	 -90.000000	 0.426882	 -0.049196	 0.429707	 -6.574102	 0.000000	 -1.829698	 1.829698	 -90.000000	 0.426882	 -0.049196	 0.429707	 -6.574102	 361082.110081	
450.000000	 1.000000	 0.000000	 -0.000000	 0.000000	 -90.000000	 0.428657	 -0.053288	 0.431957	 -7.086281	 0.000000	 -1.841776	 1.841776	 -90.000000	 0.428657	 -0.053288	 0.431957	 -7.086281	 361083.564629	
400.000000	 1.000000	 0.000000	 -0.000000	 0.000000	 -90.000000	 0.434149	 -0.070547	 0.439844	 -9.229556	 0.000000	 -1.895867	 1.895867	 -90.000000	 0.434149	 -0.070547	 0.439844	 -9.229556	 361085.030149	
350.000000	 1.000000	 0.000000	 -0.000000	 0.000000	 -90.000000	 0.438546	 -0.082493	 0.446237	 -10.653211	 0.000000	 -1.887253	 1.887253	 -90.000000	 0.438546	 -0.082493	 0.446237	 -10.653211	 361086.435743	
300.000000	 1.000000	 0.000000	 -0.000000	 0.000000	 -90.000000	 0.441147	 -0.082396	 0.448776	 -10.579652	 0.000000	 -1.874858	 1.874858	 -90.000000	 0.441147	 -0.082396	 0.448776	 -10.579652	 361087.921406	
250.000000	 1.000000	 0.000000	 -0.000000	 0.000000	 -90.000000	 0.448643	 -0.092989	 0.458178	 -11.709703	 0.000000	 -1.864813	 1.864813	 -90.000000	 0.448643	 -0.092989	 0.458178	 -11.709703	 361089.359970	
200.000000	 1.000000	 0.000000	 -0.000000	 0.000000	 -90.000000	 0.457107	 -0.109232	 0.469977	 -13.439581	 0.000000	 -1.869516	 1.869516	 -90.000000	 0.457107	 -0.109232	 0.469977	 -13.439582	 361090.820881	
