# Oscilator_frequency (Hz)	DemodAll_A (-)	Demod_1_X_A (A)	Demod_1_Y_A (A)	Demod_1__R_A (A)	Demod_1__Theta_A (deg)	Demod_2_X_A (A)	Demod_2_Y_A (A)	Demod_2__R_A (A)	Demod_2__Theta_A (deg)	Demod_3_X_A (V)	Demod_3_Y_A (V)	Demod_3__R_A (V)	Demod_3__Theta_A (deg)	Demod_4_X_A (V)	Demod_4_Y_A (V)	Demod_4__R_A (V)	Demod_4__Theta_A (deg)	Timer_GET (s)	
200.000000	 1.000000	 0.000000	 -0.000000	 0.000000	 -90.000000	 -0.000000	 -0.000000	 0.000000	 -140.174910	 0.000000	 3.245745	 3.245745	 90.000000	 0.139780	 -0.034870	 0.144064	 -14.007340	 3806.851000	
199.000000	 1.000000	 0.000000	 -0.000000	 0.000000	 -90.000000	 -0.000000	 0.000000	 0.000000	 141.396884	 0.000000	 3.246257	 3.246257	 90.000000	 0.139851	 -0.035201	 0.144213	 -14.127946	 3808.285834	
198.000000	 1.000000	 0.000000	 -0.000000	 0.000000	 -90.000000	 -0.000000	 0.000000	 0.000000	 119.154591	 0.000000	 3.244869	 3.244869	 90.000000	 0.139959	 -0.035140	 0.144303	 -14.094132	 3809.835203	
197.000000	 1.000000	 0.000000	 -0.000000	 0.000000	 -90.000000	 -0.000000	 0.000000	 0.000000	 163.189570	 0.000000	 3.245043	 3.245043	 90.000000	 0.140008	 -0.035212	 0.144368	 -14.117129	 3811.262979	
196.000000	 1.000000	 0.000000	 -0.000000	 0.000000	 -90.000000	 0.000000	 -0.000000	 0.000000	 -52.032291	 0.000000	 3.246993	 3.246993	 90.000000	 0.140366	 -0.035879	 0.144879	 -14.338456	 3812.702540	
195.000000	 1.000000	 0.000000	 -0.000000	 0.000000	 -90.000000	 0.000000	 0.000000	 0.000000	 74.753499	 0.000000	 3.243212	 3.243212	 90.000000	 0.140136	 -0.035405	 0.144540	 -14.178853	 3814.114299	
194.000000	 1.000000	 0.000000	 -0.000000	 0.000000	 -90.000000	 0.000000	 -0.000000	 0.000000	 -14.214424	 0.000000	 3.243086	 3.243086	 90.000000	 0.140279	 -0.035598	 0.144725	 -14.238966	 3815.571785	
193.000000	 1.000000	 0.000000	 -0.000000	 0.000000	 -90.000000	 0.000000	 -0.000000	 0.000000	 -6.714242	 0.000000	 3.244650	 3.244650	 90.000000	 0.140597	 -0.036007	 0.145135	 -14.364562	 3817.045838	
192.000000	 1.000000	 0.000000	 -0.000000	 0.000000	 -90.000000	 0.000000	 -0.000000	 0.000000	 -29.004299	 0.000000	 3.245138	 3.245138	 90.000000	 0.140693	 -0.036087	 0.145248	 -14.385782	 3818.457005	
191.000000	 1.000000	 0.000000	 -0.000000	 0.000000	 -90.000000	 -0.000000	 -0.000000	 0.000000	 -179.521219	 0.000000	 3.243570	 3.243570	 90.000000	 0.140614	 -0.036001	 0.145150	 -14.360759	 3819.892695	
190.000000	 1.000000	 0.000000	 -0.000000	 0.000000	 -90.000000	 -0.000000	 0.000000	 0.000000	 155.077996	 0.000000	 3.244177	 3.244177	 90.000000	 0.140859	 -0.036267	 0.145453	 -14.438220	 3821.336057	
189.000000	 1.000000	 0.000000	 -0.000000	 0.000000	 -90.000000	 0.000000	 -0.000000	 0.000000	 -17.508450	 0.000000	 3.244984	 3.244984	 90.000000	 0.140918	 -0.036391	 0.145541	 -14.479648	 3822.754120	
188.000000	 1.000000	 0.000000	 -0.000000	 0.000000	 -90.000000	 -0.000000	 -0.000000	 0.000000	 -178.063118	 0.000000	 3.244022	 3.244022	 90.000000	 0.140979	 -0.036388	 0.145600	 -14.472804	 3824.253936	
187.000000	 1.000000	 0.000000	 -0.000000	 0.000000	 -90.000000	 0.000000	 0.000000	 0.000000	 12.701713	 0.000000	 3.243038	 3.243038	 90.000000	 0.141124	 -0.036532	 0.145776	 -14.513332	 3825.698827	
186.000000	 1.000000	 0.000000	 -0.000000	 0.000000	 -90.000000	 0.000000	 0.000000	 0.000000	 89.334924	 0.000000	 3.243794	 3.243794	 90.000000	 0.141283	 -0.036641	 0.145957	 -14.538889	 3827.168863	
185.000000	 1.000000	 0.000000	 -0.000000	 0.000000	 -90.000000	 0.000000	 0.000000	 0.000000	 62.645038	 0.000000	 3.244092	 3.244092	 90.000000	 0.141371	 -0.036819	 0.146087	 -14.598025	 3828.584715	
184.000000	 1.000000	 0.000000	 -0.000000	 0.000000	 -90.000000	 0.000000	 -0.000000	 0.000000	 -79.635258	 0.000000	 3.241480	 3.241480	 90.000000	 0.141392	 -0.036794	 0.146101	 -14.586504	 3830.042543	
183.000000	 1.000000	 0.000000	 -0.000000	 0.000000	 -90.000000	 -0.000000	 0.000000	 0.000000	 114.055897	 0.000000	 3.244106	 3.244106	 90.000000	 0.141659	 -0.037206	 0.146464	 -14.716051	 3831.467922	
182.000000	 1.000000	 0.000000	 -0.000000	 0.000000	 -90.000000	 0.000000	 0.000000	 0.000000	 7.984461	 0.000000	 3.242561	 3.242561	 90.000000	 0.141708	 -0.037340	 0.146545	 -14.761763	 3832.929130	
181.000000	 1.000000	 0.000000	 -0.000000	 0.000000	 -90.000000	 -0.000000	 0.000000	 0.000000	 90.451000	 0.000000	 3.244027	 3.244027	 90.000000	 0.141977	 -0.037609	 0.146873	 -14.836569	 3834.375717	
180.000000	 1.000000	 0.000000	 -0.000000	 0.000000	 -90.000000	 -0.000000	 0.000000	 0.000000	 169.061216	 0.000000	 3.244311	 3.244311	 90.000000	 0.142057	 -0.037738	 0.146984	 -14.877327	 3835.859027	
179.000000	 1.000000	 0.000000	 -0.000000	 0.000000	 -90.000000	 -0.000000	 -0.000000	 0.000000	 -146.007960	 0.000000	 3.242955	 3.242955	 90.000000	 0.142103	 -0.037619	 0.146998	 -14.827642	 3837.310793	
178.000000	 1.000000	 0.000000	 -0.000000	 0.000000	 -90.000000	 -0.000000	 0.000000	 0.000000	 100.865328	 0.000000	 3.243241	 3.243241	 90.000000	 0.142330	 -0.037908	 0.147291	 -14.913854	 3838.753921	
177.000000	 1.000000	 0.000000	 -0.000000	 0.000000	 -90.000000	 0.000000	 -0.000000	 0.000000	 -18.905334	 0.000000	 3.243743	 3.243743	 90.000000	 0.142432	 -0.038112	 0.147443	 -14.980412	 3840.204757	
176.000000	 1.000000	 0.000000	 -0.000000	 0.000000	 -90.000000	 -0.000000	 0.000000	 0.000000	 95.587803	 0.000000	 3.241281	 3.241281	 90.000000	 0.142165	 -0.037776	 0.147098	 -14.880761	 3841.640438	
175.000000	 1.000000	 0.000000	 -0.000000	 0.000000	 -90.000000	 -0.000000	 -0.000000	 0.000000	 -97.558977	 0.000000	 3.241075	 3.241075	 90.000000	 0.142499	 -0.038087	 0.147501	 -14.964134	 3843.107182	
174.000000	 1.000000	 0.000000	 -0.000000	 0.000000	 -90.000000	 -0.000000	 -0.000000	 0.000000	 -162.610841	 0.000000	 3.240821	 3.240821	 90.000000	 0.142571	 -0.038125	 0.147580	 -14.971262	 3844.535144	
173.000000	 1.000000	 0.000000	 -0.000000	 0.000000	 -90.000000	 0.000000	 -0.000000	 0.000000	 -22.293769	 0.000000	 3.239642	 3.239642	 90.000000	 0.142645	 -0.038181	 0.147667	 -14.984564	 3845.994578	
172.000000	 1.000000	 0.000000	 -0.000000	 0.000000	 -90.000000	 0.000000	 -0.000000	 0.000000	 -49.804255	 0.000000	 3.241654	 3.241654	 90.000000	 0.142749	 -0.038341	 0.147808	 -15.034229	 3847.463542	
171.000000	 1.000000	 0.000000	 -0.000000	 0.000000	 -90.000000	 0.000000	 -0.000000	 0.000000	 -59.695392	 0.000000	 3.237757	 3.237757	 90.000000	 0.142627	 -0.038036	 0.147611	 -14.932438	 3848.883912	
170.000000	 1.000000	 0.000000	 -0.000000	 0.000000	 -90.000000	 0.000000	 -0.000000	 0.000000	 -56.126704	 0.000000	 3.235271	 3.235271	 90.000000	 0.142634	 -0.037946	 0.147595	 -14.897759	 3850.321115	
169.000000	 1.000000	 0.000000	 -0.000000	 0.000000	 -90.000000	 0.000000	 0.000000	 0.000000	 20.605295	 0.000000	 3.237155	 3.237155	 90.000000	 0.142870	 -0.038303	 0.147916	 -15.007782	 3851.793823	
168.000000	 1.000000	 0.000000	 -0.000000	 0.000000	 -90.000000	 0.000000	 -0.000000	 0.000000	 -6.270344	 0.000000	 3.232411	 3.232411	 90.000000	 0.142481	 -0.037769	 0.147402	 -14.846467	 3853.228534	
167.000000	 1.000000	 0.000000	 -0.000000	 0.000000	 -90.000000	 -0.000000	 -0.000000	 0.000000	 -112.412717	 0.000000	 3.234991	 3.234991	 90.000000	 0.142939	 -0.038333	 0.147990	 -15.012109	 3854.640847	
166.000000	 1.000000	 0.000000	 -0.000000	 0.000000	 -90.000000	 0.000000	 -0.000000	 0.000000	 -50.902676	 0.000000	 3.235461	 3.235461	 90.000000	 0.143200	 -0.038580	 0.148306	 -15.078331	 3856.112800	
165.000000	 1.000000	 0.000000	 -0.000000	 0.000000	 -90.000000	 0.000000	 -0.000000	 0.000000	 -7.023716	 0.000000	 3.231522	 3.231522	 90.000000	 0.143166	 -0.038290	 0.148198	 -14.973548	 3857.555895	
164.000000	 1.000000	 0.000000	 -0.000000	 0.000000	 -90.000000	 -0.000000	 0.000000	 0.000000	 165.989003	 0.000000	 3.232240	 3.232240	 90.000000	 0.143179	 -0.038533	 0.148274	 -15.062855	 3858.995462	
163.000000	 1.000000	 0.000000	 -0.000000	 0.000000	 -90.000000	 -0.000000	 -0.000000	 0.000000	 -172.413062	 0.000000	 3.235665	 3.235665	 90.000000	 0.143475	 -0.039235	 0.148743	 -15.294263	 3860.420567	
162.000000	 1.000000	 0.000000	 -0.000000	 0.000000	 -90.000000	 0.000000	 -0.000000	 0.000000	 -0.740574	 0.000000	 3.235438	 3.235438	 90.000000	 0.143701	 -0.039298	 0.148977	 -15.294709	 3861.873610	
161.000000	 1.000000	 0.000000	 -0.000000	 0.000000	 -90.000000	 -0.000000	 0.000000	 0.000000	 152.214451	 0.000000	 3.234565	 3.234565	 90.000000	 0.143794	 -0.039406	 0.149096	 -15.325249	 3863.326483	
160.000000	 1.000000	 0.000000	 -0.000000	 0.000000	 -90.000000	 -0.000000	 -0.000000	 0.000000	 -136.980136	 0.000000	 3.234805	 3.234805	 90.000000	 0.143969	 -0.039511	 0.149292	 -15.346555	 3864.784765	
159.000000	 1.000000	 0.000000	 -0.000000	 0.000000	 -90.000000	 0.000000	 0.000000	 0.000000	 86.488992	 0.000000	 3.236735	 3.236735	 90.000000	 0.144372	 -0.039946	 0.149797	 -15.466223	 3866.218537	
158.000000	 1.000000	 0.000000	 -0.000000	 0.000000	 -90.000000	 -0.000000	 0.000000	 0.000000	 159.716771	 0.000000	 3.233802	 3.233802	 90.000000	 0.144356	 -0.039668	 0.149707	 -15.365304	 3867.650974	
157.000000	 1.000000	 0.000000	 -0.000000	 0.000000	 -90.000000	 0.000000	 -0.000000	 0.000000	 -68.094220	 0.000000	 3.235720	 3.235720	 90.000000	 0.144617	 -0.040015	 0.150051	 -15.466426	 3869.068958	
156.000000	 1.000000	 0.000000	 -0.000000	 0.000000	 -90.000000	 0.000000	 0.000000	 0.000000	 13.249671	 0.000000	 3.235666	 3.235666	 90.000000	 0.144757	 -0.040038	 0.150192	 -15.460657	 3870.513753	
155.000000	 1.000000	 0.000000	 -0.000000	 0.000000	 -90.000000	 0.000000	 0.000000	 0.000000	 51.300087	 0.000000	 3.235270	 3.235270	 90.000000	 0.144923	 -0.040738	 0.150540	 -15.700850	 3871.949593	
154.000000	 1.000000	 0.000000	 -0.000000	 0.000000	 -90.000000	 0.000000	 -0.000000	 0.000000	 -81.704452	 0.000000	 3.236735	 3.236735	 90.000000	 0.145435	 -0.041292	 0.151183	 -15.850506	 3873.392383	
153.000000	 1.000000	 0.000000	 -0.000000	 0.000000	 -90.000000	 0.000000	 -0.000000	 0.000000	 -74.248922	 0.000000	 3.234847	 3.234847	 90.000000	 0.145514	 -0.040039	 0.150922	 -15.384709	 3874.899187	
152.000000	 1.000000	 0.000000	 -0.000000	 0.000000	 -90.000000	 0.000000	 -0.000000	 0.000000	 -58.970753	 0.000000	 3.234236	 3.234236	 90.000000	 0.146091	 -0.040701	 0.151655	 -15.568022	 3876.314703	
151.000000	 1.000000	 0.000000	 -0.000000	 0.000000	 -90.000000	 0.000000	 0.000000	 0.000000	 52.540935	 0.000000	 3.233371	 3.233371	 90.000000	 0.145262	 -0.039806	 0.150617	 -15.324677	 3877.798904	
150.000000	 1.000000	 0.000000	 -0.000000	 0.000000	 -90.000000	 -0.000000	 0.000000	 0.000000	 116.013549	 0.000000	 3.231245	 3.231245	 90.000000	 0.146275	 -0.041230	 0.151975	 -15.741216	 3879.241152	
149.000000	 1.000000	 0.000000	 -0.000000	 0.000000	 -90.000000	 -0.000000	 -0.000000	 0.000000	 -157.817658	 0.000000	 3.234187	 3.234187	 90.000000	 0.146534	 -0.040863	 0.152125	 -15.581721	 3880.672763	
148.000000	 1.000000	 0.000000	 -0.000000	 0.000000	 -90.000000	 -0.000000	 0.000000	 0.000000	 162.571543	 0.000000	 3.236161	 3.236161	 90.000000	 0.145909	 -0.042580	 0.151995	 -16.268797	 3882.115701	
147.000000	 1.000000	 0.000000	 -0.000000	 0.000000	 -90.000000	 -0.000000	 -0.000000	 0.000000	 -126.273537	 0.000000	 3.233498	 3.233498	 90.000000	 0.145940	 -0.042304	 0.151948	 -16.165616	 3883.544547	
146.000000	 1.000000	 0.000000	 -0.000000	 0.000000	 -90.000000	 0.000000	 0.000000	 0.000000	 55.933117	 0.000000	 3.231384	 3.231384	 90.000000	 0.146055	 -0.040874	 0.151666	 -15.634367	 3885.001057	
145.000000	 1.000000	 0.000000	 -0.000000	 0.000000	 -90.000000	 -0.000000	 -0.000000	 0.000000	 -133.662996	 0.000000	 3.237013	 3.237013	 90.000000	 0.147148	 -0.042286	 0.153103	 -16.033040	 3886.449748	
144.000000	 1.000000	 0.000000	 -0.000000	 0.000000	 -90.000000	 0.000000	 -0.000000	 0.000000	 -49.047144	 0.000000	 3.237195	 3.237195	 90.000000	 0.146895	 -0.042734	 0.152985	 -16.220703	 3887.884277	
143.000000	 1.000000	 0.000000	 -0.000000	 0.000000	 -90.000000	 0.000000	 -0.000000	 0.000000	 -50.691325	 0.000000	 3.233598	 3.233598	 90.000000	 0.146962	 -0.042301	 0.152928	 -16.057688	 3889.305162	
142.000000	 1.000000	 0.000000	 -0.000000	 0.000000	 -90.000000	 -0.000000	 0.000000	 0.000000	 169.130266	 0.000000	 3.234213	 3.234213	 90.000000	 0.146973	 -0.042501	 0.152995	 -16.128497	 3890.748966	
141.000000	 1.000000	 0.000000	 -0.000000	 0.000000	 -90.000000	 0.000000	 0.000000	 0.000000	 75.391247	 0.000000	 3.238052	 3.238052	 90.000000	 0.147704	 -0.043412	 0.153951	 -16.378875	 3892.222109	
140.000000	 1.000000	 0.000000	 -0.000000	 0.000000	 -90.000000	 0.000000	 0.000000	 0.000000	 3.361061	 0.000000	 3.236699	 3.236699	 90.000000	 0.147800	 -0.043442	 0.154052	 -16.379214	 3893.680961	
139.000000	 1.000000	 0.000000	 -0.000000	 0.000000	 -90.000000	 0.000000	 0.000000	 0.000000	 66.922124	 0.000000	 3.233393	 3.233393	 90.000000	 0.147655	 -0.043066	 0.153808	 -16.260248	 3895.125269	
138.000000	 1.000000	 0.000000	 -0.000000	 0.000000	 -90.000000	 0.000000	 0.000000	 0.000000	 21.126013	 0.000000	 3.231947	 3.231947	 90.000000	 0.147889	 -0.043186	 0.154065	 -16.278784	 3896.569306	
137.000000	 1.000000	 0.000000	 -0.000000	 0.000000	 -90.000000	 -0.000000	 0.000000	 0.000000	 162.534336	 0.000000	 3.233311	 3.233311	 90.000000	 0.148208	 -0.043585	 0.154484	 -16.387732	 3898.034419	
136.000000	 1.000000	 0.000000	 -0.000000	 0.000000	 -90.000000	 0.000000	 -0.000000	 0.000000	 -21.038021	 0.000000	 3.232976	 3.232976	 90.000000	 0.148316	 -0.043811	 0.154652	 -16.456525	 3899.477346	
135.000000	 1.000000	 0.000000	 -0.000000	 0.000000	 -90.000000	 0.000000	 0.000000	 0.000000	 22.008823	 0.000000	 3.231636	 3.231636	 90.000000	 0.148493	 -0.043904	 0.154847	 -16.470979	 3900.909527	
134.000000	 1.000000	 0.000000	 -0.000000	 0.000000	 -90.000000	 0.000000	 0.000000	 0.000000	 50.224047	 0.000000	 3.225143	 3.225143	 90.000000	 0.148145	 -0.043205	 0.154317	 -16.258743	 3902.337029	
133.000000	 1.000000	 0.000000	 -0.000000	 0.000000	 -90.000000	 -0.000000	 0.000000	 0.000000	 93.146279	 0.000000	 3.222457	 3.222457	 90.000000	 0.148078	 -0.043139	 0.154234	 -16.242090	 3903.785914	
132.000000	 1.000000	 0.000000	 -0.000000	 0.000000	 -90.000000	 0.000000	 0.000000	 0.000000	 63.259014	 0.000000	 3.225043	 3.225043	 90.000000	 0.148456	 -0.043577	 0.154719	 -16.358833	 3905.226831	
131.000000	 1.000000	 0.000000	 -0.000000	 0.000000	 -90.000000	 0.000000	 0.000000	 0.000000	 50.325339	 0.000000	 3.229617	 3.229617	 90.000000	 0.149161	 -0.044299	 0.155600	 -16.540706	 3906.716781	
130.000000	 1.000000	 0.000000	 -0.000000	 0.000000	 -90.000000	 0.000000	 0.000000	 0.000000	 82.426198	 0.000000	 3.226022	 3.226022	 90.000000	 0.148947	 -0.044132	 0.155347	 -16.504082	 3908.163768	
129.000000	 1.000000	 0.000000	 -0.000000	 0.000000	 -90.000000	 0.000000	 0.000000	 0.000000	 84.967971	 0.000000	 3.225008	 3.225008	 90.000000	 0.149100	 -0.044197	 0.155513	 -16.511081	 3909.639987	
128.000000	 1.000000	 0.000000	 -0.000000	 0.000000	 -90.000000	 -0.000000	 -0.000000	 0.000000	 -132.498654	 0.000000	 3.229619	 3.229619	 90.000000	 0.150023	 -0.045023	 0.156633	 -16.704863	 3911.102351	
127.000000	 1.000000	 0.000000	 -0.000000	 0.000000	 -90.000000	 0.000000	 0.000000	 0.000000	 55.565443	 0.000000	 3.225422	 3.225422	 90.000000	 0.149797	 -0.044746	 0.156337	 -16.631553	 3912.566634	
126.000000	 1.000000	 0.000000	 -0.000000	 0.000000	 -90.000000	 0.000000	 0.000000	 0.000000	 16.809405	 0.000000	 3.226215	 3.226215	 90.000000	 0.150039	 -0.045035	 0.156652	 -16.707452	 3914.018790	
125.000000	 1.000000	 0.000000	 -0.000000	 0.000000	 -90.000000	 -0.000000	 -0.000000	 0.000000	 -123.911480	 0.000000	 3.223997	 3.223997	 90.000000	 0.150357	 -0.044930	 0.156926	 -16.637241	 3915.434735	
124.000000	 1.000000	 0.000000	 -0.000000	 0.000000	 -90.000000	 0.000000	 0.000000	 0.000000	 71.551396	 0.000000	 3.225012	 3.225012	 90.000000	 0.150618	 -0.045648	 0.157384	 -16.860610	 3916.900672	
123.000000	 1.000000	 0.000000	 -0.000000	 0.000000	 -90.000000	 -0.000000	 0.000000	 0.000000	 167.506061	 0.000000	 3.226392	 3.226392	 90.000000	 0.150864	 -0.045926	 0.157699	 -16.931317	 3918.351725	
122.000000	 1.000000	 0.000000	 -0.000000	 0.000000	 -90.000000	 0.000000	 0.000000	 0.000000	 27.708412	 0.000000	 3.223227	 3.223227	 90.000000	 0.150956	 -0.045615	 0.157697	 -16.813347	 3919.831182	
121.000000	 1.000000	 0.000000	 -0.000000	 0.000000	 -90.000000	 -0.000000	 -0.000000	 0.000000	 -146.450847	 0.000000	 3.227390	 3.227390	 90.000000	 0.151473	 -0.046101	 0.158333	 -16.927814	 3921.259366	
120.000000	 1.000000	 0.000000	 -0.000000	 0.000000	 -90.000000	 -0.000000	 -0.000000	 0.000000	 -177.584755	 0.000000	 3.228603	 3.228603	 90.000000	 0.151927	 -0.046679	 0.158936	 -17.079290	 3922.693301	
119.000000	 1.000000	 0.000000	 -0.000000	 0.000000	 -90.000000	 -0.000000	 0.000000	 0.000000	 164.906157	 0.000000	 3.220675	 3.220675	 90.000000	 0.151413	 -0.045962	 0.158235	 -16.885885	 3924.125450	
118.000000	 1.000000	 0.000000	 -0.000000	 0.000000	 -90.000000	 0.000000	 -0.000000	 0.000000	 -17.128841	 0.000000	 3.225872	 3.225872	 90.000000	 0.152149	 -0.046862	 0.159202	 -17.118693	 3925.604921	
117.000000	 1.000000	 0.000000	 -0.000000	 0.000000	 -90.000000	 0.000000	 0.000000	 0.000000	 71.448521	 0.000000	 3.221693	 3.221693	 90.000000	 0.151935	 -0.046630	 0.158929	 -17.061679	 3927.056758	
116.000000	 1.000000	 0.000000	 -0.000000	 0.000000	 -90.000000	 -0.000000	 -0.000000	 0.000000	 -164.219343	 0.000000	 3.221473	 3.221473	 90.000000	 0.152346	 -0.046980	 0.159426	 -17.138646	 3928.491044	
115.000000	 1.000000	 0.000000	 -0.000000	 0.000000	 -90.000000	 -0.000000	 -0.000000	 0.000000	 -154.254089	 0.000000	 3.225915	 3.225915	 90.000000	 0.153180	 -0.047519	 0.160382	 -17.234689	 3929.941344	
114.000000	 1.000000	 0.000000	 -0.000000	 0.000000	 -90.000000	 0.000000	 -0.000000	 0.000000	 -68.916423	 0.000000	 3.227403	 3.227403	 90.000000	 0.153637	 -0.047904	 0.160932	 -17.317340	 3931.381959	
113.000000	 1.000000	 0.000000	 -0.000000	 0.000000	 -90.000000	 0.000000	 0.000000	 0.000000	 19.585705	 0.000000	 3.226900	 3.226900	 90.000000	 0.153637	 -0.048046	 0.160975	 -17.365825	 3932.834307	
112.000000	 1.000000	 0.000000	 -0.000000	 0.000000	 -90.000000	 -0.000000	 0.000000	 0.000000	 171.679930	 0.000000	 3.224018	 3.224018	 90.000000	 0.153804	 -0.048230	 0.161189	 -17.410494	 3934.306218	
111.000000	 1.000000	 0.000000	 -0.000000	 0.000000	 -90.000000	 -0.000000	 0.000000	 0.000000	 136.561444	 0.000000	 3.224676	 3.224676	 90.000000	 0.154338	 -0.048469	 0.161770	 -17.434445	 3935.770930	
110.000000	 1.000000	 0.000000	 -0.000000	 0.000000	 -90.000000	 0.000000	 0.000000	 0.000000	 9.297300	 0.000000	 3.224673	 3.224673	 90.000000	 0.154509	 -0.048631	 0.161981	 -17.471023	 3937.176758	
109.000000	 1.000000	 0.000000	 -0.000000	 0.000000	 -90.000000	 0.000000	 -0.000000	 0.000000	 -57.479864	 0.000000	 3.224629	 3.224629	 90.000000	 0.154853	 -0.048712	 0.162334	 -17.462018	 3938.643356	
108.000000	 1.000000	 0.000000	 -0.000000	 0.000000	 -90.000000	 -0.000000	 0.000000	 0.000000	 176.160555	 0.000000	 3.224793	 3.224793	 90.000000	 0.155331	 -0.049060	 0.162895	 -17.528085	 3940.069709	
107.000000	 1.000000	 0.000000	 -0.000000	 0.000000	 -90.000000	 0.000000	 0.000000	 0.000000	 10.802100	 0.000000	 3.224044	 3.224044	 90.000000	 0.155659	 -0.049147	 0.163234	 -17.522688	 3941.497730	
106.000000	 1.000000	 0.000000	 -0.000000	 0.000000	 -90.000000	 0.000000	 0.000000	 0.000000	 43.741516	 0.000000	 3.228291	 3.228291	 90.000000	 0.156611	 -0.050002	 0.164399	 -17.707114	 3942.939306	
105.000000	 1.000000	 0.000000	 -0.000000	 0.000000	 -90.000000	 0.000000	 -0.000000	 0.000000	 -77.805587	 0.000000	 3.226584	 3.226584	 90.000000	 0.156343	 -0.050332	 0.164246	 -17.845152	 3944.386004	
104.000000	 1.000000	 0.000000	 -0.000000	 0.000000	 -90.000000	 0.000000	 0.000000	 0.000000	 10.621838	 0.000000	 3.229761	 3.229761	 90.000000	 0.157089	 -0.051249	 0.165238	 -18.068394	 3945.847337	
103.000000	 1.000000	 0.000000	 -0.000000	 0.000000	 -90.000000	 0.000000	 -0.000000	 0.000000	 -29.569343	 0.000000	 3.227462	 3.227462	 90.000000	 0.157390	 -0.050433	 0.165273	 -17.767300	 3947.289543	
102.000000	 1.000000	 0.000000	 -0.000000	 0.000000	 -90.000000	 0.000000	 -0.000000	 0.000000	 -41.893411	 0.000000	 3.230430	 3.230430	 90.000000	 0.158018	 -0.051159	 0.166093	 -17.939593	 3948.688356	
101.000000	 1.000000	 0.000000	 -0.000000	 0.000000	 -90.000000	 -0.000000	 0.000000	 0.000000	 119.459297	 0.000000	 3.228182	 3.228182	 90.000000	 0.159314	 -0.051105	 0.167310	 -17.785267	 3950.130603	
100.000000	 1.000000	 0.000000	 -0.000000	 0.000000	 -90.000000	 0.000000	 -0.000000	 0.000000	 -57.643697	 0.000000	 3.227941	 3.227941	 90.000000	 0.158527	 -0.051193	 0.166587	 -17.896777	 3951.589173	
99.000000	 1.000000	 0.000000	 -0.000000	 0.000000	 -90.000000	 -0.000000	 0.000000	 0.000000	 101.738179	 0.000000	 3.224986	 3.224986	 90.000000	 0.159529	 -0.050875	 0.167444	 -17.687793	 3953.007827	
98.000000	 1.000000	 0.000000	 -0.000000	 0.000000	 -90.000000	 -0.000000	 -0.000000	 0.000000	 -153.520512	 0.000000	 3.233670	 3.233670	 90.000000	 0.160143	 -0.053372	 0.168802	 -18.431975	 3954.448006	
97.000000	 1.000000	 0.000000	 -0.000000	 0.000000	 -90.000000	 -0.000000	 -0.000000	 0.000000	 -136.933285	 0.000000	 3.230289	 3.230289	 90.000000	 0.160457	 -0.052299	 0.168765	 -18.052659	 3955.949149	
96.000000	 1.000000	 0.000000	 -0.000000	 0.000000	 -90.000000	 -0.000000	 -0.000000	 0.000000	 -119.328441	 0.000000	 3.227727	 3.227727	 90.000000	 0.160490	 -0.053358	 0.169127	 -18.390554	 3957.423666	
95.000000	 1.000000	 0.000000	 -0.000000	 0.000000	 -90.000000	 -0.000000	 -0.000000	 0.000000	 -176.133014	 0.000000	 3.230948	 3.230948	 90.000000	 0.161256	 -0.053881	 0.170019	 -18.476034	 3958.879830	
94.000000	 1.000000	 0.000000	 -0.000000	 0.000000	 -90.000000	 -0.000000	 -0.000000	 0.000000	 -179.298604	 0.000000	 3.229958	 3.229958	 90.000000	 0.161780	 -0.053326	 0.170342	 -18.243359	 3960.332734	
93.000000	 1.000000	 0.000000	 -0.000000	 0.000000	 -90.000000	 -0.000000	 -0.000000	 0.000000	 -122.906085	 0.000000	 3.228678	 3.228678	 90.000000	 0.161671	 -0.053306	 0.170232	 -18.248230	 3961.779306	
92.000000	 1.000000	 0.000000	 -0.000000	 0.000000	 -90.000000	 -0.000000	 0.000000	 0.000000	 129.659772	 0.000000	 3.226528	 3.226528	 90.000000	 0.162124	 -0.053489	 0.170720	 -18.259154	 3963.186873	
91.000000	 1.000000	 0.000000	 -0.000000	 0.000000	 -90.000000	 -0.000000	 -0.000000	 0.000000	 -111.224652	 0.000000	 3.225019	 3.225019	 90.000000	 0.162663	 -0.053862	 0.171349	 -18.320988	 3964.631033	
90.000000	 1.000000	 0.000000	 -0.000000	 0.000000	 -90.000000	 0.000000	 0.000000	 0.000000	 30.383307	 0.000000	 3.227519	 3.227519	 90.000000	 0.163282	 -0.054440	 0.172118	 -18.439074	 3966.066817	
89.000000	 1.000000	 0.000000	 -0.000000	 0.000000	 -90.000000	 -0.000000	 0.000000	 0.000000	 97.615099	 0.000000	 3.228465	 3.228465	 90.000000	 0.163974	 -0.054925	 0.172929	 -18.518797	 3967.505946	
88.000000	 1.000000	 0.000000	 -0.000000	 0.000000	 -90.000000	 -0.000000	 -0.000000	 0.000000	 -176.851891	 0.000000	 3.225457	 3.225457	 90.000000	 0.164004	 -0.054659	 0.172873	 -18.432021	 3968.954089	
87.000000	 1.000000	 0.000000	 -0.000000	 0.000000	 -90.000000	 -0.000000	 -0.000000	 0.000000	 -156.600667	 0.000000	 3.223765	 3.223765	 90.000000	 0.164632	 -0.054867	 0.173534	 -18.431678	 3970.406707	
86.000000	 1.000000	 0.000000	 -0.000000	 0.000000	 -90.000000	 0.000000	 -0.000000	 0.000000	 -79.683146	 0.000000	 3.224618	 3.224618	 90.000000	 0.165165	 -0.055584	 0.174268	 -18.599999	 3971.852505	
85.000000	 1.000000	 0.000000	 -0.000000	 0.000000	 -90.000000	 0.000000	 0.000000	 0.000000	 22.156170	 0.000000	 3.226586	 3.226586	 90.000000	 0.165980	 -0.055874	 0.175132	 -18.604979	 3973.309349	
84.000000	 1.000000	 0.000000	 -0.000000	 0.000000	 -90.000000	 -0.000000	 0.000000	 0.000000	 158.647946	 0.000000	 3.225789	 3.225789	 90.000000	 0.166401	 -0.056202	 0.175636	 -18.662297	 3974.724856	
83.000000	 1.000000	 0.000000	 -0.000000	 0.000000	 -90.000000	 -0.000000	 0.000000	 0.000000	 145.927137	 0.000000	 3.227553	 3.227553	 90.000000	 0.167245	 -0.056627	 0.176572	 -18.705458	 3976.190652	
82.000000	 1.000000	 0.000000	 -0.000000	 0.000000	 -90.000000	 -0.000000	 0.000000	 0.000000	 118.541515	 0.000000	 3.223519	 3.223519	 90.000000	 0.166979	 -0.056572	 0.176302	 -18.716367	 3977.627088	
81.000000	 1.000000	 0.000000	 -0.000000	 0.000000	 -90.000000	 -0.000000	 -0.000000	 0.000000	 -128.637772	 0.000000	 3.222019	 3.222019	 90.000000	 0.167632	 -0.056786	 0.176989	 -18.714110	 3979.084037	
80.000000	 1.000000	 0.000000	 -0.000000	 0.000000	 -90.000000	 -0.000000	 -0.000000	 0.000000	 -111.632860	 0.000000	 3.222031	 3.222031	 90.000000	 0.168428	 -0.056778	 0.177741	 -18.629142	 3980.514793	
79.000000	 1.000000	 0.000000	 -0.000000	 0.000000	 -90.000000	 0.000000	 0.000000	 0.000000	 41.707413	 0.000000	 3.220351	 3.220351	 90.000000	 0.168547	 -0.057148	 0.177972	 -18.729878	 3981.936002	
78.000000	 1.000000	 0.000000	 -0.000000	 0.000000	 -90.000000	 0.000000	 -0.000000	 0.000000	 -81.687466	 0.000000	 3.223068	 3.223068	 90.000000	 0.169729	 -0.057695	 0.179267	 -18.774286	 3983.358388	
77.000000	 1.000000	 0.000000	 -0.000000	 0.000000	 -90.000000	 0.000000	 0.000000	 0.000000	 14.079755	 0.000000	 3.218465	 3.218465	 90.000000	 0.169618	 -0.057209	 0.179006	 -18.638345	 3984.803540	
76.000000	 1.000000	 0.000000	 -0.000000	 0.000000	 -90.000000	 0.000000	 0.000000	 0.000000	 49.672318	 0.000000	 3.219218	 3.219218	 90.000000	 0.170790	 -0.057753	 0.180291	 -18.683007	 3986.216135	
75.000000	 1.000000	 0.000000	 -0.000000	 0.000000	 -90.000000	 -0.000000	 -0.000000	 0.000000	 -96.729246	 0.000000	 3.222460	 3.222460	 90.000000	 0.171876	 -0.058814	 0.181661	 -18.890451	 3987.645336	
74.000000	 1.000000	 0.000000	 -0.000000	 0.000000	 -90.000000	 0.000000	 -0.000000	 0.000000	 -79.631000	 0.000000	 3.219172	 3.219172	 90.000000	 0.172070	 -0.058573	 0.181766	 -18.798720	 3989.130054	
73.000000	 1.000000	 0.000000	 -0.000000	 0.000000	 -90.000000	 0.000000	 0.000000	 0.000000	 0.410238	 0.000000	 3.220827	 3.220827	 90.000000	 0.172869	 -0.058804	 0.182597	 -18.786588	 3990.577302	
72.000000	 1.000000	 0.000000	 -0.000000	 0.000000	 -90.000000	 0.000000	 0.000000	 0.000000	 0.190476	 0.000000	 3.221062	 3.221062	 90.000000	 0.173989	 -0.059703	 0.183947	 -18.939371	 3992.075654	
71.000000	 1.000000	 0.000000	 -0.000000	 0.000000	 -90.000000	 0.000000	 -0.000000	 0.000000	 -30.277573	 0.000000	 3.225624	 3.225624	 90.000000	 0.175185	 -0.060035	 0.185186	 -18.916197	 3993.521238	
70.000000	 1.000000	 0.000000	 -0.000000	 0.000000	 -90.000000	 0.000000	 -0.000000	 0.000000	 -78.579981	 0.000000	 3.224848	 3.224848	 90.000000	 0.175970	 -0.060161	 0.185969	 -18.874622	 3994.984441	
69.000000	 1.000000	 0.000000	 -0.000000	 0.000000	 -90.000000	 0.000000	 -0.000000	 0.000000	 -56.674296	 0.000000	 3.220689	 3.220689	 90.000000	 0.176315	 -0.060359	 0.186360	 -18.897922	 3996.418829	
68.000000	 1.000000	 0.000000	 -0.000000	 0.000000	 -90.000000	 -0.000000	 0.000000	 0.000000	 120.346322	 0.000000	 3.219265	 3.219265	 90.000000	 0.176767	 -0.060441	 0.186814	 -18.876767	 3997.853457	
67.000000	 1.000000	 0.000000	 -0.000000	 0.000000	 -90.000000	 -0.000000	 0.000000	 0.000000	 141.254555	 0.000000	 3.216959	 3.216959	 90.000000	 0.177166	 -0.060121	 0.187089	 -18.744578	 3999.304087	
66.000000	 1.000000	 0.000000	 -0.000000	 0.000000	 -90.000000	 0.000000	 0.000000	 0.000000	 3.827245	 0.000000	 3.209034	 3.209034	 90.000000	 0.176758	 -0.059764	 0.186588	 -18.680996	 4000.739073	
65.000000	 1.000000	 0.000000	 -0.000000	 0.000000	 -90.000000	 -0.000000	 0.000000	 0.000000	 123.019317	 0.000000	 3.211766	 3.211766	 90.000000	 0.177996	 -0.060496	 0.187996	 -18.771561	 4002.179986	
64.000000	 1.000000	 0.000000	 -0.000000	 0.000000	 -90.000000	 -0.000000	 0.000000	 0.000000	 140.409110	 0.000000	 3.213156	 3.213156	 90.000000	 0.179005	 -0.060999	 0.189113	 -18.817391	 4003.579786	
63.000000	 1.000000	 0.000000	 -0.000000	 0.000000	 -90.000000	 0.000000	 0.000000	 0.000000	 83.990318	 0.000000	 3.211620	 3.211620	 90.000000	 0.180022	 -0.060909	 0.190047	 -18.692894	 4005.047250	
62.000000	 1.000000	 0.000000	 -0.000000	 0.000000	 -90.000000	 -0.000000	 -0.000000	 0.000000	 -134.137947	 0.000000	 3.211880	 3.211880	 90.000000	 0.180924	 -0.061047	 0.190945	 -18.645265	 4006.467256	
61.000000	 1.000000	 0.000000	 -0.000000	 0.000000	 -90.000000	 -0.000000	 -0.000000	 0.000000	 -139.681563	 0.000000	 3.204560	 3.204560	 90.000000	 0.180055	 -0.061582	 0.190295	 -18.881474	 4007.893207	
60.000000	 1.000000	 0.000000	 -0.000000	 0.000000	 -90.000000	 0.000000	 0.000000	 0.000000	 64.468545	 0.000000	 3.208780	 3.208780	 90.000000	 0.182326	 -0.059740	 0.191863	 -18.141539	 4009.309502	
59.000000	 1.000000	 0.000000	 -0.000000	 0.000000	 -90.000000	 -0.000000	 0.000000	 0.000000	 160.456690	 0.000000	 3.207507	 3.207507	 90.000000	 0.186553	 -0.060426	 0.196095	 -17.947505	 4010.756512	
58.000000	 1.000000	 0.000000	 -0.000000	 0.000000	 -90.000000	 -0.000000	 0.000000	 0.000000	 127.469641	 0.000000	 3.215556	 3.215556	 90.000000	 0.182405	 -0.059751	 0.191942	 -18.137309	 4012.179351	
57.000000	 1.000000	 0.000000	 -0.000000	 0.000000	 -90.000000	 -0.000000	 0.000000	 0.000000	 140.748291	 0.000000	 3.208836	 3.208836	 90.000000	 0.180193	 -0.056667	 0.188893	 -17.457428	 4013.597845	
56.000000	 1.000000	 0.000000	 -0.000000	 0.000000	 -90.000000	 0.000000	 0.000000	 0.000000	 79.682246	 0.000000	 3.217803	 3.217803	 90.000000	 0.174556	 -0.068125	 0.187379	 -21.319487	 4015.033279	
55.000000	 1.000000	 0.000000	 -0.000000	 0.000000	 -90.000000	 0.000000	 -0.000000	 0.000000	 -84.413029	 0.000000	 3.196852	 3.196852	 90.000000	 0.201845	 -0.067200	 0.212738	 -18.413999	 4016.491047	
54.000000	 1.000000	 0.000000	 -0.000000	 0.000000	 -90.000000	 0.000000	 0.000000	 0.000000	 71.600312	 0.000000	 3.191985	 3.191985	 90.000000	 0.211569	 -0.065678	 0.221529	 -17.246029	 4017.915756	
53.000000	 1.000000	 0.000000	 -0.000000	 0.000000	 -90.000000	 0.000000	 0.000000	 0.000000	 0.582312	 0.000000	 3.228719	 3.228719	 90.000000	 0.160768	 -0.064088	 0.173071	 -21.733938	 4019.331462	
52.000000	 1.000000	 0.000000	 -0.000000	 0.000000	 -90.000000	 0.000000	 -0.000000	 0.000000	 -8.791197	 0.000000	 3.224989	 3.224989	 90.000000	 0.157763	 -0.049191	 0.165254	 -17.317691	 4020.759936	
51.000000	 1.000000	 0.000000	 -0.000000	 0.000000	 -90.000000	 0.000000	 -0.000000	 0.000000	 -13.303071	 0.000000	 3.212656	 3.212656	 90.000000	 0.210180	 -0.100464	 0.232956	 -25.547374	 4022.172012	
50.000000	 1.000000	 0.000000	 -0.000000	 0.000000	 -90.000000	 -0.000000	 0.000000	 0.000000	 169.746342	 0.000000	 3.231631	 3.231631	 90.000000	 0.155235	 -0.084533	 0.176759	 -28.570380	 4023.616505	
49.000000	 1.000000	 0.000000	 -0.000000	 0.000000	 -90.000000	 -0.000000	 0.000000	 0.000000	 113.937264	 0.000000	 3.222115	 3.222115	 90.000000	 0.199869	 -0.104430	 0.225506	 -27.586797	 4025.062337	
48.000000	 1.000000	 0.000000	 -0.000000	 0.000000	 -90.000000	 -0.000000	 -0.000000	 0.000000	 -128.429198	 0.000000	 3.212018	 3.212018	 90.000000	 0.170171	 -0.038464	 0.174464	 -12.736483	 4026.470737	
47.000000	 1.000000	 0.000000	 -0.000000	 0.000000	 -90.000000	 0.000000	 0.000000	 0.000000	 77.669512	 0.000000	 3.214885	 3.214885	 90.000000	 0.167999	 -0.055966	 0.177076	 -18.424703	 4027.903376	
46.000000	 1.000000	 0.000000	 -0.000000	 0.000000	 -90.000000	 -0.000000	 0.000000	 0.000000	 160.995392	 0.000000	 3.198021	 3.198021	 90.000000	 0.222471	 -0.062595	 0.231109	 -15.714642	 4029.356039	
45.000000	 1.000000	 0.000000	 -0.000000	 0.000000	 -90.000000	 -0.000000	 -0.000000	 0.000000	 -143.978991	 0.000000	 3.194341	 3.194341	 90.000000	 0.215151	 -0.057998	 0.222831	 -15.086622	 4030.796752	
44.000000	 1.000000	 0.000000	 -0.000000	 0.000000	 -90.000000	 -0.000000	 0.000000	 0.000000	 119.402172	 0.000000	 3.207061	 3.207061	 90.000000	 0.203342	 -0.073512	 0.216222	 -19.875887	 4032.294060	
43.000000	 1.000000	 0.000000	 -0.000000	 0.000000	 -90.000000	 -0.000000	 0.000000	 0.000000	 163.928371	 0.000000	 3.210117	 3.210117	 90.000000	 0.201833	 -0.071340	 0.214070	 -19.466565	 4033.733318	
42.000000	 1.000000	 0.000000	 -0.000000	 0.000000	 -90.000000	 0.000000	 0.000000	 0.000000	 48.779700	 0.000000	 3.196847	 3.196847	 90.000000	 0.209620	 -0.062510	 0.218742	 -16.604995	 4035.188835	
41.000000	 1.000000	 0.000000	 -0.000000	 0.000000	 -90.000000	 -0.000000	 -0.000000	 0.000000	 -174.308954	 0.000000	 3.200786	 3.200786	 90.000000	 0.208560	 -0.062753	 0.217796	 -16.745893	 4036.640421	
40.000000	 1.000000	 0.000000	 -0.000000	 0.000000	 -90.000000	 -0.000000	 -0.000000	 0.000000	 -97.797142	 0.000000	 3.198063	 3.198063	 90.000000	 0.207425	 -0.062017	 0.216498	 -16.645970	 4038.077265	
39.000000	 1.000000	 0.000000	 -0.000000	 0.000000	 -90.000000	 0.000000	 -0.000000	 0.000000	 -63.083814	 0.000000	 3.198074	 3.198074	 90.000000	 0.208957	 -0.063721	 0.218457	 -16.958846	 4039.498537	
38.000000	 1.000000	 0.000000	 -0.000000	 0.000000	 -90.000000	 0.000000	 0.000000	 0.000000	 46.374776	 0.000000	 3.198259	 3.198259	 90.000000	 0.211085	 -0.064256	 0.220648	 -16.930578	 4040.936727	
37.000000	 1.000000	 0.000000	 -0.000000	 0.000000	 -90.000000	 0.000000	 -0.000000	 0.000000	 -42.214605	 0.000000	 3.195499	 3.195499	 90.000000	 0.211751	 -0.063273	 0.221002	 -16.636499	 4042.390084	
36.000000	 1.000000	 0.000000	 -0.000000	 0.000000	 -90.000000	 0.000000	 -0.000000	 0.000000	 -70.912211	 0.000000	 3.194080	 3.194080	 90.000000	 0.213408	 -0.062943	 0.222497	 -16.433021	 4043.831738	
35.000000	 1.000000	 0.000000	 -0.000000	 0.000000	 -90.000000	 -0.000000	 -0.000000	 0.000000	 -153.486251	 0.000000	 3.192262	 3.192262	 90.000000	 0.214635	 -0.062595	 0.223576	 -16.258480	 4045.290909	
34.000000	 1.000000	 0.000000	 -0.000000	 0.000000	 -90.000000	 -0.000000	 0.000000	 0.000000	 154.407709	 0.000000	 3.202276	 3.202276	 90.000000	 0.218850	 -0.062351	 0.227559	 -15.902293	 4046.735119	
33.000000	 1.000000	 0.000000	 -0.000000	 0.000000	 -90.000000	 0.000000	 -0.000000	 0.000000	 -17.297080	 0.000000	 3.199368	 3.199368	 90.000000	 0.219193	 -0.061809	 0.227741	 -15.747544	 4048.183704	
32.000000	 1.000000	 0.000000	 -0.000000	 0.000000	 -90.000000	 -0.000000	 -0.000000	 0.000000	 -166.710262	 0.000000	 3.200100	 3.200100	 90.000000	 0.222206	 -0.061540	 0.230571	 -15.480143	 4049.609063	
31.000000	 1.000000	 0.000000	 -0.000000	 0.000000	 -90.000000	 -0.000000	 0.000000	 0.000000	 128.371490	 0.000000	 3.195805	 3.195805	 90.000000	 0.223522	 -0.060808	 0.231646	 -15.218784	 4051.077350	
30.000000	 1.000000	 0.000000	 -0.000000	 0.000000	 -90.000000	 0.000000	 -0.000000	 0.000000	 -78.426961	 0.000000	 3.198070	 3.198070	 90.000000	 0.226039	 -0.060340	 0.233955	 -14.946314	 4052.521605	
29.000000	 1.000000	 0.000000	 -0.000000	 0.000000	 -90.000000	 0.000000	 0.000000	 0.000000	 38.255533	 0.000000	 3.198916	 3.198916	 90.000000	 0.228131	 -0.060023	 0.235895	 -14.740934	 4053.984005	
28.000000	 1.000000	 0.000000	 -0.000000	 0.000000	 -90.000000	 0.000000	 0.000000	 0.000000	 89.613153	 0.000000	 3.195435	 3.195435	 90.000000	 0.230765	 -0.060443	 0.238550	 -14.677429	 4055.413287	
27.000000	 1.000000	 0.000000	 -0.000000	 0.000000	 -90.000000	 0.000000	 0.000000	 0.000000	 22.132216	 0.000000	 3.193486	 3.193486	 90.000000	 0.228573	 -0.062272	 0.236904	 -15.239689	 4056.845680	
26.000000	 1.000000	 0.000000	 -0.000000	 0.000000	 -90.000000	 0.000000	 0.000000	 0.000000	 12.931700	 0.000000	 3.188996	 3.188996	 90.000000	 0.226194	 -0.051661	 0.232018	 -12.865261	 4058.258123	
25.000000	 1.000000	 0.000000	 -0.000000	 0.000000	 -90.000000	 -0.000000	 -0.000000	 0.000000	 -143.997917	 0.000000	 3.188773	 3.188773	 90.000000	 0.241913	 -0.060787	 0.249433	 -14.104960	 4059.698710	
24.000000	 1.000000	 0.000000	 -0.000000	 0.000000	 -90.000000	 0.000000	 -0.000000	 0.000000	 -65.707890	 0.000000	 3.190485	 3.190485	 90.000000	 0.234609	 -0.048274	 0.239524	 -11.627042	 4061.149749	
23.000000	 1.000000	 0.000000	 -0.000000	 0.000000	 -90.000000	 0.000000	 0.000000	 0.000000	 47.602040	 0.000000	 3.189970	 3.189970	 90.000000	 0.235864	 -0.055548	 0.242316	 -13.252157	 4062.568818	
22.000000	 1.000000	 0.000000	 -0.000000	 0.000000	 -90.000000	 -0.000000	 0.000000	 0.000000	 91.388354	 0.000000	 3.187308	 3.187308	 90.000000	 0.239631	 -0.053886	 0.245615	 -12.673335	 4064.002017	
21.000000	 1.000000	 0.000000	 -0.000000	 0.000000	 -90.000000	 -0.000000	 -0.000000	 0.000000	 -134.351815	 0.000000	 3.188936	 3.188936	 90.000000	 0.243307	 -0.050266	 0.248445	 -11.672784	 4065.424974	
20.000000	 1.000000	 0.000000	 -0.000000	 0.000000	 -90.000000	 -0.000000	 0.000000	 0.000000	 161.414701	 0.000000	 3.185514	 3.185514	 90.000000	 0.244981	 -0.048243	 0.249686	 -11.140525	 4066.904778	
19.000000	 1.000000	 0.000000	 -0.000000	 0.000000	 -90.000000	 0.000000	 -0.000000	 0.000000	 -40.358557	 0.000000	 3.188086	 3.188086	 90.000000	 0.247178	 -0.048943	 0.251977	 -11.200027	 4068.340011	
18.000000	 1.000000	 0.000000	 -0.000000	 0.000000	 -90.000000	 -0.000000	 -0.000000	 0.000000	 -131.172447	 0.000000	 3.182710	 3.182710	 90.000000	 0.250174	 -0.044111	 0.254033	 -9.999647	 4069.791491	
17.000000	 1.000000	 0.000000	 -0.000000	 0.000000	 -90.000000	 -0.000000	 -0.000000	 0.000000	 -179.896500	 0.000000	 3.179871	 3.179871	 90.000000	 0.253080	 -0.043582	 0.256805	 -9.770938	 4071.250397	
16.000000	 1.000000	 0.000000	 -0.000000	 0.000000	 -90.000000	 0.000000	 0.000000	 0.000000	 39.027315	 0.000000	 3.175820	 3.175820	 90.000000	 0.255242	 -0.040742	 0.258473	 -9.069202	 4072.696789	
15.000000	 1.000000	 0.000000	 -0.000000	 0.000000	 -90.000000	 -0.000000	 -0.000000	 0.000000	 -174.802568	 0.000000	 3.177291	 3.177291	 90.000000	 0.254986	 -0.040555	 0.258191	 -9.037137	 4074.143721	
14.000000	 1.000000	 0.000000	 -0.000000	 0.000000	 -90.000000	 -0.000000	 -0.000000	 0.000000	 -109.856513	 0.000000	 3.179083	 3.179083	 90.000000	 0.258044	 -0.038870	 0.260955	 -8.566281	 4075.624163	
13.000000	 1.000000	 0.000000	 -0.000000	 0.000000	 -90.000000	 -0.000000	 0.000000	 0.000000	 174.433571	 0.000000	 3.181382	 3.181382	 90.000000	 0.273322	 -0.022919	 0.274282	 -4.793135	 4077.030229	
12.000000	 1.000000	 0.000000	 -0.000000	 0.000000	 -90.000000	 0.000000	 -0.000000	 0.000000	 -86.073780	 0.000000	 3.172029	 3.172029	 90.000000	 0.248758	 -0.023605	 0.249876	 -5.420552	 4078.498836	
11.000000	 1.000000	 0.000000	 -0.000000	 0.000000	 -90.000000	 0.000000	 0.000000	 0.000000	 83.507062	 0.000000	 3.177392	 3.177392	 90.000000	 0.248406	 -0.042187	 0.251963	 -9.638571	 4079.919279	
10.000000	 1.000000	 0.000000	 -0.000000	 0.000000	 -90.000000	 -0.000000	 0.000000	 0.000000	 136.205411	 0.000000	 3.186483	 3.186483	 90.000000	 0.361321	 -0.093606	 0.373249	 -14.524103	 4081.364845	
9.000000	 1.000000	 0.000000	 -0.000000	 0.000000	 -90.000000	 -0.000000	 0.000000	 0.000000	 135.978508	 0.000000	 3.203782	 3.203782	 90.000000	 0.408162	 -0.133296	 0.429377	 -18.085784	 4082.798027	
8.000000	 1.000000	 0.000000	 -0.000000	 0.000000	 -90.000000	 0.000000	 -0.000000	 0.000000	 -40.009529	 0.000000	 3.123572	 3.123572	 90.000000	 -0.014422	 0.233115	 0.233561	 93.540179	 4084.223617	
7.000000	 1.000000	 0.000000	 -0.000000	 0.000000	 -90.000000	 -0.000000	 -0.000000	 0.000000	 -116.704596	 0.000000	 3.198915	 3.198915	 90.000000	 0.452804	 0.474658	 0.655997	 46.349810	 4085.650497	
6.000000	 1.000000	 0.000000	 -0.000000	 0.000000	 -90.000000	 -0.000000	 -0.000000	 0.000000	 -111.426938	 0.000000	 3.204187	 3.204187	 90.000000	 0.488939	 0.701485	 0.855069	 55.123277	 4087.097154	
5.000000	 1.000000	 0.000000	 -0.000000	 0.000000	 -90.000000	 0.000000	 0.000000	 0.000000	 62.456625	 0.000000	 3.093847	 3.093847	 90.000000	 -0.262091	 -1.067462	 1.099167	 -103.794796	 4088.563199	
4.000000	 1.000000	 0.000000	 -0.000000	 0.000000	 -90.000000	 0.000000	 0.000000	 0.000000	 86.332227	 0.000000	 3.172870	 3.172870	 90.000000	 0.185629	 -1.582159	 1.593012	 -83.308295	 4089.997623	
3.000000	 1.000000	 0.000000	 -0.000000	 0.000000	 -90.000000	 -0.000000	 -0.000000	 0.000000	 -90.147428	 0.000000	 3.159549	 3.159549	 90.000000	 0.186543	 2.312897	 2.320407	 85.388871	 4091.442608	
2.000000	 1.000000	 0.000000	 -0.000000	 0.000000	 -90.000000	 -0.000000	 -0.000000	 0.000000	 -161.907107	 0.000000	 3.586767	 3.586767	 90.000000	 2.864383	 1.049181	 3.050487	 20.117032	 4092.889433	
1.000000	 1.000000	 0.000000	 -0.000000	 0.000000	 -90.000000	 0.000000	 -0.000000	 0.000000	 -63.910087	 0.000000	 2.921682	 2.921682	 90.000000	 -1.285212	 2.490207	 2.802303	 117.298563	 4094.352671	
