# Oscilator_frequency (Hz)	DemodAll_A (-)	Demod_1_X_A (A)	Demod_1_Y_A (A)	Demod_1__R_A (A)	Demod_1__Theta_A (deg)	Demod_2_X_A (A)	Demod_2_Y_A (A)	Demod_2__R_A (A)	Demod_2__Theta_A (deg)	Demod_3_X_A (V)	Demod_3_Y_A (V)	Demod_3__R_A (V)	Demod_3__Theta_A (deg)	Demod_4_X_A (V)	Demod_4_Y_A (V)	Demod_4__R_A (V)	Demod_4__Theta_A (deg)	Timer_GET (s)	
200.000000	 1.000000	 0.000000	 -0.000000	 0.000000	 -90.000000	 0.165362	 -0.007773	 0.165544	 -2.691326	 0.000000	 0.022353	 0.022353	 90.000000	 0.165362	 -0.007773	 0.165544	 -2.691326	 259625.426717	
199.000000	 1.000000	 0.000000	 -0.000000	 0.000000	 -90.000000	 0.165217	 -0.007928	 0.165407	 -2.747186	 0.000000	 0.020189	 0.020189	 90.000000	 0.165217	 -0.007928	 0.165407	 -2.747187	 259626.861018	
198.000000	 1.000000	 0.000000	 -0.000000	 0.000000	 -90.000000	 0.165362	 -0.007883	 0.165550	 -2.729253	 0.000000	 0.019150	 0.019150	 90.000000	 0.165356	 -0.007890	 0.165544	 -2.731911	 259628.296739	
197.000000	 1.000000	 0.000000	 -0.000000	 0.000000	 -90.000000	 0.165202	 -0.007822	 0.165387	 -2.710658	 0.000000	 0.017900	 0.017900	 90.000000	 0.165202	 -0.007822	 0.165387	 -2.710658	 259629.751996	
196.000000	 1.000000	 0.000000	 -0.000000	 0.000000	 -90.000000	 0.165262	 -0.007857	 0.165449	 -2.721778	 0.000000	 0.016865	 0.016865	 90.000000	 0.165257	 -0.007850	 0.165443	 -2.719743	 259631.193057	
195.000000	 1.000000	 0.000000	 -0.000000	 0.000000	 -90.000000	 0.165403	 -0.007777	 0.165586	 -2.692097	 0.000000	 0.015691	 0.015691	 90.000000	 0.165403	 -0.007777	 0.165586	 -2.692097	 259632.634402	
194.000000	 1.000000	 0.000000	 -0.000000	 0.000000	 -90.000000	 0.165408	 -0.007781	 0.165591	 -2.693281	 0.000000	 0.015450	 0.015450	 90.000000	 0.165408	 -0.007781	 0.165591	 -2.693281	 259634.082258	
193.000000	 1.000000	 0.000000	 -0.000000	 0.000000	 -90.000000	 0.165380	 -0.007843	 0.165566	 -2.715057	 0.000000	 0.013965	 0.013965	 90.000000	 0.165380	 -0.007843	 0.165566	 -2.715057	 259635.531949	
192.000000	 1.000000	 0.000000	 -0.000000	 0.000000	 -90.000000	 0.165402	 -0.007828	 0.165587	 -2.709524	 0.000000	 0.013211	 0.013211	 90.000000	 0.165402	 -0.007828	 0.165587	 -2.709524	 259636.965944	
191.000000	 1.000000	 0.000000	 -0.000000	 0.000000	 -90.000000	 0.165440	 -0.007798	 0.165623	 -2.698654	 0.000000	 0.012554	 0.012554	 90.000000	 0.165440	 -0.007798	 0.165623	 -2.698654	 259638.453528	
190.000000	 1.000000	 0.000000	 -0.000000	 0.000000	 -90.000000	 0.165477	 -0.007839	 0.165663	 -2.712105	 0.000000	 0.011874	 0.011874	 90.000000	 0.165477	 -0.007839	 0.165663	 -2.712105	 259639.917279	
189.000000	 1.000000	 0.000000	 -0.000000	 0.000000	 -90.000000	 0.165519	 -0.007833	 0.165704	 -2.709577	 0.000000	 0.011298	 0.011298	 90.000000	 0.165519	 -0.007833	 0.165704	 -2.709577	 259641.393535	
188.000000	 1.000000	 0.000000	 -0.000000	 0.000000	 -90.000000	 0.165560	 -0.007820	 0.165745	 -2.704415	 0.000000	 0.010774	 0.010774	 90.000000	 0.165560	 -0.007820	 0.165745	 -2.704415	 259642.810272	
187.000000	 1.000000	 0.000000	 -0.000000	 0.000000	 -90.000000	 0.165559	 -0.007797	 0.165742	 -2.696257	 0.000000	 0.010257	 0.010257	 90.000000	 0.165559	 -0.007797	 0.165742	 -2.696257	 259644.271152	
186.000000	 1.000000	 0.000000	 -0.000000	 0.000000	 -90.000000	 0.165563	 -0.007821	 0.165747	 -2.704595	 0.000000	 0.009844	 0.009844	 90.000000	 0.165563	 -0.007821	 0.165747	 -2.704594	 259645.679607	
185.000000	 1.000000	 0.000000	 -0.000000	 0.000000	 -90.000000	 0.165600	 -0.007852	 0.165786	 -2.714644	 0.000000	 0.009457	 0.009457	 90.000000	 0.165602	 -0.007852	 0.165788	 -2.714544	 259647.116279	
184.000000	 1.000000	 0.000000	 -0.000000	 0.000000	 -90.000000	 0.165668	 -0.007801	 0.165852	 -2.695880	 0.000000	 0.009085	 0.009085	 90.000000	 0.165668	 -0.007801	 0.165852	 -2.695880	 259648.561528	
183.000000	 1.000000	 0.000000	 -0.000000	 0.000000	 -90.000000	 0.165670	 -0.007829	 0.165855	 -2.705675	 0.000000	 0.008730	 0.008730	 90.000000	 0.165670	 -0.007829	 0.165855	 -2.705675	 259649.966659	
182.000000	 1.000000	 0.000000	 -0.000000	 0.000000	 -90.000000	 0.165678	 -0.007802	 0.165861	 -2.696316	 0.000000	 0.008447	 0.008447	 90.000000	 0.165678	 -0.007805	 0.165862	 -2.697075	 259651.409302	
181.000000	 1.000000	 0.000000	 -0.000000	 0.000000	 -90.000000	 0.165714	 -0.007838	 0.165899	 -2.708129	 0.000000	 0.008162	 0.008162	 90.000000	 0.165714	 -0.007838	 0.165899	 -2.708129	 259652.862761	
180.000000	 1.000000	 0.000000	 -0.000000	 0.000000	 -90.000000	 0.165728	 -0.007806	 0.165911	 -2.696595	 0.000000	 0.007840	 0.007840	 90.000000	 0.165728	 -0.007806	 0.165911	 -2.696595	 259654.315124	
179.000000	 1.000000	 0.000000	 -0.000000	 0.000000	 -90.000000	 0.165817	 -0.007803	 0.166001	 -2.694215	 0.000000	 0.007635	 0.007635	 90.000000	 0.165817	 -0.007803	 0.166001	 -2.694215	 259655.742040	
178.000000	 1.000000	 0.000000	 -0.000000	 0.000000	 -90.000000	 0.165808	 -0.007783	 0.165990	 -2.687543	 0.000000	 0.007401	 0.007401	 90.000000	 0.165808	 -0.007783	 0.165990	 -2.687542	 259657.197482	
177.000000	 1.000000	 0.000000	 -0.000000	 0.000000	 -90.000000	 0.165886	 -0.007800	 0.166069	 -2.692038	 0.000000	 0.007143	 0.007143	 90.000000	 0.165886	 -0.007800	 0.166069	 -2.692037	 259658.631818	
176.000000	 1.000000	 0.000000	 -0.000000	 0.000000	 -90.000000	 0.165877	 -0.007813	 0.166061	 -2.696553	 0.000000	 0.006877	 0.006877	 90.000000	 0.165877	 -0.007813	 0.166061	 -2.696554	 259660.107704	
175.000000	 1.000000	 0.000000	 -0.000000	 0.000000	 -90.000000	 0.165903	 -0.007808	 0.166086	 -2.694621	 0.000000	 0.006619	 0.006619	 90.000000	 0.165903	 -0.007808	 0.166086	 -2.694621	 259661.551362	
174.000000	 1.000000	 0.000000	 -0.000000	 0.000000	 -90.000000	 0.165920	 -0.007803	 0.166103	 -2.692694	 0.000000	 0.006557	 0.006557	 90.000000	 0.165920	 -0.007803	 0.166103	 -2.692694	 259662.966324	
173.000000	 1.000000	 0.000000	 -0.000000	 0.000000	 -90.000000	 0.165934	 -0.007857	 0.166120	 -2.710844	 0.000000	 0.006368	 0.006368	 90.000000	 0.165934	 -0.007857	 0.166120	 -2.710844	 259664.411080	
172.000000	 1.000000	 0.000000	 -0.000000	 0.000000	 -90.000000	 0.165991	 -0.007776	 0.166173	 -2.682046	 0.000000	 0.006188	 0.006188	 90.000000	 0.165991	 -0.007776	 0.166173	 -2.682046	 259665.867840	
171.000000	 1.000000	 0.000000	 -0.000000	 0.000000	 -90.000000	 0.166043	 -0.007783	 0.166225	 -2.683595	 0.000000	 0.006025	 0.006025	 90.000000	 0.166043	 -0.007783	 0.166225	 -2.683824	 259667.303663	
170.000000	 1.000000	 0.000000	 -0.000000	 0.000000	 -90.000000	 0.165995	 -0.007787	 0.166178	 -2.685790	 0.000000	 0.005910	 0.005910	 90.000000	 0.165995	 -0.007787	 0.166178	 -2.685790	 259668.744310	
169.000000	 1.000000	 0.000000	 -0.000000	 0.000000	 -90.000000	 0.166121	 -0.007769	 0.166302	 -2.677752	 0.000000	 0.005822	 0.005822	 90.000000	 0.166121	 -0.007769	 0.166302	 -2.677752	 259670.185811	
168.000000	 1.000000	 0.000000	 -0.000000	 0.000000	 -90.000000	 0.166183	 -0.007737	 0.166363	 -2.665543	 0.000000	 0.005702	 0.005702	 90.000000	 0.166183	 -0.007737	 0.166363	 -2.665543	 259671.629310	
167.000000	 1.000000	 0.000000	 -0.000000	 0.000000	 -90.000000	 0.166169	 -0.007785	 0.166351	 -2.682379	 0.000000	 0.005536	 0.005536	 90.000000	 0.166169	 -0.007785	 0.166351	 -2.682379	 259673.086535	
166.000000	 1.000000	 0.000000	 -0.000000	 0.000000	 -90.000000	 0.166208	 -0.007801	 0.166391	 -2.687097	 0.000000	 0.005459	 0.005459	 90.000000	 0.166208	 -0.007802	 0.166391	 -2.687472	 259674.532512	
165.000000	 1.000000	 0.000000	 -0.000000	 0.000000	 -90.000000	 0.166249	 -0.007778	 0.166431	 -2.678731	 0.000000	 0.005282	 0.005282	 90.000000	 0.166249	 -0.007778	 0.166431	 -2.678731	 259675.991027	
164.000000	 1.000000	 0.000000	 -0.000000	 0.000000	 -90.000000	 0.166272	 -0.007786	 0.166454	 -2.681060	 0.000000	 0.005173	 0.005173	 90.000000	 0.166272	 -0.007786	 0.166454	 -2.681060	 259677.453183	
163.000000	 1.000000	 0.000000	 -0.000000	 0.000000	 -90.000000	 0.166300	 -0.007778	 0.166482	 -2.677732	 0.000000	 0.005074	 0.005074	 90.000000	 0.166300	 -0.007778	 0.166482	 -2.677732	 259678.902715	
162.000000	 1.000000	 0.000000	 -0.000000	 0.000000	 -90.000000	 0.166312	 -0.007764	 0.166493	 -2.672719	 0.000000	 0.005065	 0.005065	 90.000000	 0.166312	 -0.007764	 0.166493	 -2.672719	 259680.345845	
161.000000	 1.000000	 0.000000	 -0.000000	 0.000000	 -90.000000	 0.166366	 -0.007747	 0.166547	 -2.666055	 0.000000	 0.004930	 0.004930	 90.000000	 0.166366	 -0.007747	 0.166547	 -2.666055	 259681.803890	
160.000000	 1.000000	 0.000000	 -0.000000	 0.000000	 -90.000000	 0.166398	 -0.007738	 0.166578	 -2.662525	 0.000000	 0.004891	 0.004891	 90.000000	 0.166379	 -0.007726	 0.166558	 -2.658533	 259683.238016	
159.000000	 1.000000	 0.000000	 -0.000000	 0.000000	 -90.000000	 0.166492	 -0.007759	 0.166672	 -2.668242	 0.000000	 0.004760	 0.004760	 90.000000	 0.166492	 -0.007759	 0.166672	 -2.668242	 259684.658622	
158.000000	 1.000000	 0.000000	 -0.000000	 0.000000	 -90.000000	 0.166561	 -0.007837	 0.166746	 -2.694025	 0.000000	 0.004749	 0.004749	 90.000000	 0.166561	 -0.007837	 0.166746	 -2.694025	 259686.131120	
157.000000	 1.000000	 0.000000	 -0.000000	 0.000000	 -90.000000	 0.166337	 -0.007619	 0.166512	 -2.622430	 0.000000	 0.004669	 0.004669	 90.000000	 0.166337	 -0.007619	 0.166512	 -2.622430	 259687.560273	
156.000000	 1.000000	 0.000000	 -0.000000	 0.000000	 -90.000000	 0.166257	 -0.007619	 0.166431	 -2.623831	 0.000000	 0.004597	 0.004597	 90.000000	 0.166257	 -0.007619	 0.166431	 -2.623831	 259688.972276	
155.000000	 1.000000	 0.000000	 -0.000000	 0.000000	 -90.000000	 0.166649	 -0.008233	 0.166853	 -2.828389	 0.000000	 0.004542	 0.004542	 90.000000	 0.166649	 -0.008233	 0.166853	 -2.828389	 259690.411644	
154.000000	 1.000000	 0.000000	 -0.000000	 0.000000	 -90.000000	 0.166009	 -0.007481	 0.166177	 -2.580286	 0.000000	 0.004430	 0.004430	 90.000000	 0.166009	 -0.007481	 0.166177	 -2.580286	 259691.869748	
153.000000	 1.000000	 0.000000	 -0.000000	 0.000000	 -90.000000	 0.166096	 -0.008447	 0.166311	 -2.911472	 0.000000	 0.004385	 0.004385	 90.000000	 0.166096	 -0.008447	 0.166311	 -2.911472	 259693.295978	
152.000000	 1.000000	 0.000000	 -0.000000	 0.000000	 -90.000000	 0.166778	 -0.006674	 0.166911	 -2.291499	 0.000000	 0.004352	 0.004352	 90.000000	 0.166778	 -0.006674	 0.166911	 -2.291499	 259694.744875	
151.000000	 1.000000	 0.000000	 -0.000000	 0.000000	 -90.000000	 0.166718	 -0.006491	 0.166844	 -2.229776	 0.000000	 0.004349	 0.004349	 90.000000	 0.166674	 -0.006489	 0.166801	 -2.229404	 259696.186138	
150.000000	 1.000000	 0.000000	 -0.000000	 0.000000	 -90.000000	 0.166363	 -0.009017	 0.166607	 -3.102555	 0.000000	 0.004344	 0.004344	 90.000000	 0.166363	 -0.009017	 0.166607	 -3.102555	 259697.624839	
149.000000	 1.000000	 0.000000	 -0.000000	 0.000000	 -90.000000	 0.165785	 -0.008598	 0.166008	 -2.968934	 0.000000	 0.004259	 0.004259	 90.000000	 0.165785	 -0.008598	 0.166008	 -2.968933	 259699.069557	
148.000000	 1.000000	 0.000000	 -0.000000	 0.000000	 -90.000000	 0.167914	 -0.007915	 0.168101	 -2.698759	 0.000000	 0.004244	 0.004244	 90.000000	 0.167914	 -0.007915	 0.168101	 -2.698759	 259700.492023	
147.000000	 1.000000	 0.000000	 -0.000000	 0.000000	 -90.000000	 0.166825	 -0.008677	 0.167050	 -2.977571	 0.000000	 0.004178	 0.004178	 90.000000	 0.166747	 -0.008690	 0.166974	 -2.983217	 259701.907286	
146.000000	 1.000000	 0.000000	 -0.000000	 0.000000	 -90.000000	 0.167551	 -0.007844	 0.167734	 -2.680463	 0.000000	 0.004119	 0.004119	 90.000000	 0.167551	 -0.007844	 0.167734	 -2.680463	 259703.355968	
145.000000	 1.000000	 0.000000	 -0.000000	 0.000000	 -90.000000	 0.166412	 -0.007974	 0.166603	 -2.743318	 0.000000	 0.004140	 0.004140	 90.000000	 0.166412	 -0.007974	 0.166603	 -2.743318	 259704.772634	
144.000000	 1.000000	 0.000000	 -0.000000	 0.000000	 -90.000000	 0.166850	 -0.008056	 0.167044	 -2.764306	 0.000000	 0.004107	 0.004107	 90.000000	 0.166784	 -0.008062	 0.166979	 -2.767472	 259706.217039	
143.000000	 1.000000	 0.000000	 -0.000000	 0.000000	 -90.000000	 0.166767	 -0.007656	 0.166943	 -2.628394	 0.000000	 0.004030	 0.004030	 90.000000	 0.166767	 -0.007656	 0.166943	 -2.628394	 259707.686056	
142.000000	 1.000000	 0.000000	 -0.000000	 0.000000	 -90.000000	 0.166976	 -0.007581	 0.167148	 -2.599566	 0.000000	 0.004015	 0.004015	 90.000000	 0.166976	 -0.007581	 0.167148	 -2.599566	 259709.096559	
141.000000	 1.000000	 0.000000	 -0.000000	 0.000000	 -90.000000	 0.166990	 -0.007778	 0.167171	 -2.666609	 0.000000	 0.003916	 0.003916	 90.000000	 0.166990	 -0.007778	 0.167171	 -2.666608	 259710.545081	
140.000000	 1.000000	 0.000000	 -0.000000	 0.000000	 -90.000000	 0.167067	 -0.007743	 0.167247	 -2.653539	 0.000000	 0.003846	 0.003846	 90.000000	 0.167067	 -0.007743	 0.167247	 -2.653539	 259711.983616	
139.000000	 1.000000	 0.000000	 -0.000000	 0.000000	 -90.000000	 0.167154	 -0.007709	 0.167332	 -2.640507	 0.000000	 0.003869	 0.003869	 90.000000	 0.167154	 -0.007709	 0.167332	 -2.640507	 259713.427052	
138.000000	 1.000000	 0.000000	 -0.000000	 0.000000	 -90.000000	 0.167116	 -0.007707	 0.167294	 -2.640585	 0.000000	 0.004516	 0.004516	 90.000000	 0.167120	 -0.007703	 0.167297	 -2.639089	 259714.898543	
137.000000	 1.000000	 0.000000	 -0.000000	 0.000000	 -90.000000	 0.167171	 -0.007685	 0.167348	 -2.632011	 0.000000	 0.003814	 0.003814	 90.000000	 0.167171	 -0.007685	 0.167348	 -2.632011	 259716.336442	
136.000000	 1.000000	 0.000000	 -0.000000	 0.000000	 -90.000000	 0.167217	 -0.007711	 0.167395	 -2.640090	 0.000000	 0.003746	 0.003746	 90.000000	 0.167217	 -0.007711	 0.167395	 -2.640090	 259717.786246	
135.000000	 1.000000	 0.000000	 -0.000000	 0.000000	 -90.000000	 0.167218	 -0.007686	 0.167395	 -2.631723	 0.000000	 0.003779	 0.003779	 90.000000	 0.167218	 -0.007686	 0.167395	 -2.631723	 259719.210816	
134.000000	 1.000000	 0.000000	 -0.000000	 0.000000	 -90.000000	 0.167301	 -0.007699	 0.167479	 -2.634693	 0.000000	 0.003773	 0.003773	 90.000000	 0.167302	 -0.007699	 0.167480	 -2.634922	 259720.644355	
133.000000	 1.000000	 0.000000	 -0.000000	 0.000000	 -90.000000	 0.167354	 -0.007684	 0.167531	 -2.628764	 0.000000	 0.003722	 0.003722	 90.000000	 0.167353	 -0.007687	 0.167529	 -2.629872	 259722.088422	
132.000000	 1.000000	 0.000000	 -0.000000	 0.000000	 -90.000000	 0.167423	 -0.007704	 0.167600	 -2.634779	 0.000000	 0.003687	 0.003687	 90.000000	 0.167423	 -0.007704	 0.167600	 -2.634779	 259723.593136	
131.000000	 1.000000	 0.000000	 -0.000000	 0.000000	 -90.000000	 0.167402	 -0.007668	 0.167578	 -2.622529	 0.000000	 0.003693	 0.003693	 90.000000	 0.167402	 -0.007668	 0.167578	 -2.622529	 259725.006297	
130.000000	 1.000000	 0.000000	 -0.000000	 0.000000	 -90.000000	 0.167444	 -0.007648	 0.167618	 -2.615013	 0.000000	 0.003628	 0.003628	 90.000000	 0.167444	 -0.007648	 0.167618	 -2.615013	 259726.439451	
129.000000	 1.000000	 0.000000	 -0.000000	 0.000000	 -90.000000	 0.167517	 -0.007659	 0.167692	 -2.617790	 0.000000	 0.003677	 0.003677	 90.000000	 0.167517	 -0.007659	 0.167692	 -2.617790	 259727.888209	
128.000000	 1.000000	 0.000000	 -0.000000	 0.000000	 -90.000000	 0.167558	 -0.007649	 0.167732	 -2.613675	 0.000000	 0.003631	 0.003631	 90.000000	 0.167558	 -0.007649	 0.167732	 -2.613675	 259729.322513	
127.000000	 1.000000	 0.000000	 -0.000000	 0.000000	 -90.000000	 0.167619	 -0.007667	 0.167795	 -2.618979	 0.000000	 0.003962	 0.003962	 90.000000	 0.167619	 -0.007667	 0.167795	 -2.618979	 259730.770188	
126.000000	 1.000000	 0.000000	 -0.000000	 0.000000	 -90.000000	 0.167651	 -0.007661	 0.167826	 -2.616454	 0.000000	 0.003853	 0.003853	 90.000000	 0.167651	 -0.007661	 0.167826	 -2.616454	 259732.223696	
125.000000	 1.000000	 0.000000	 -0.000000	 0.000000	 -90.000000	 0.167657	 -0.007664	 0.167832	 -2.617405	 0.000000	 -0.000180	 0.000180	 -90.000000	 0.167657	 -0.007664	 0.167832	 -2.617405	 259733.651342	
124.000000	 1.000000	 0.000000	 -0.000000	 0.000000	 -90.000000	 0.167694	 -0.007662	 0.167869	 -2.616181	 0.000000	 0.001929	 0.001929	 90.000000	 0.167694	 -0.007662	 0.167869	 -2.616181	 259735.082245	
123.000000	 1.000000	 0.000000	 -0.000000	 0.000000	 -90.000000	 0.167842	 -0.007665	 0.168017	 -2.614829	 0.000000	 0.003471	 0.003471	 90.000000	 0.167842	 -0.007665	 0.168017	 -2.614829	 259736.520985	
122.000000	 1.000000	 0.000000	 -0.000000	 0.000000	 -90.000000	 0.167776	 -0.007665	 0.167951	 -2.615908	 0.000000	 -0.000219	 0.000219	 -90.000000	 0.167776	 -0.007665	 0.167951	 -2.615908	 259737.935057	
121.000000	 1.000000	 0.000000	 -0.000000	 0.000000	 -90.000000	 0.167865	 -0.007621	 0.168038	 -2.599557	 0.000000	 0.003240	 0.003240	 90.000000	 0.167865	 -0.007621	 0.168038	 -2.599557	 259739.364908	
120.000000	 1.000000	 0.000000	 -0.000000	 0.000000	 -90.000000	 0.167889	 -0.007606	 0.168061	 -2.593839	 0.000000	 0.003595	 0.003595	 90.000000	 0.167888	 -0.007605	 0.168060	 -2.593782	 259740.776473	
119.000000	 1.000000	 0.000000	 -0.000000	 0.000000	 -90.000000	 0.167951	 -0.007671	 0.168126	 -2.615000	 0.000000	 0.003630	 0.003630	 90.000000	 0.167951	 -0.007671	 0.168126	 -2.615000	 259742.251142	
118.000000	 1.000000	 0.000000	 -0.000000	 0.000000	 -90.000000	 0.167970	 -0.007609	 0.168142	 -2.593669	 0.000000	 0.003626	 0.003626	 90.000000	 0.167970	 -0.007609	 0.168142	 -2.593669	 259743.678965	
117.000000	 1.000000	 0.000000	 -0.000000	 0.000000	 -90.000000	 0.168041	 -0.007690	 0.168217	 -2.620114	 0.000000	 0.003512	 0.003512	 90.000000	 0.168040	 -0.007692	 0.168216	 -2.621010	 259745.153588	
116.000000	 1.000000	 0.000000	 -0.000000	 0.000000	 -90.000000	 0.168043	 -0.007658	 0.168217	 -2.609321	 0.000000	 0.003664	 0.003664	 90.000000	 0.168043	 -0.007658	 0.168217	 -2.609321	 259746.571049	
115.000000	 1.000000	 0.000000	 -0.000000	 0.000000	 -90.000000	 0.168115	 -0.007605	 0.168287	 -2.589979	 0.000000	 0.005037	 0.005037	 90.000000	 0.168115	 -0.007605	 0.168287	 -2.589979	 259748.021543	
114.000000	 1.000000	 0.000000	 -0.000000	 0.000000	 -90.000000	 0.168190	 -0.007608	 0.168362	 -2.590086	 0.000000	 0.005080	 0.005080	 90.000000	 0.168191	 -0.007609	 0.168363	 -2.590339	 259749.460737	
113.000000	 1.000000	 0.000000	 -0.000000	 0.000000	 -90.000000	 0.168216	 -0.007623	 0.168388	 -2.594706	 0.000000	 0.003816	 0.003816	 90.000000	 0.168216	 -0.007623	 0.168388	 -2.594706	 259750.903572	
112.000000	 1.000000	 0.000000	 -0.000000	 0.000000	 -90.000000	 0.168238	 -0.007581	 0.168408	 -2.580224	 0.000000	 0.003712	 0.003712	 90.000000	 0.168240	 -0.007583	 0.168410	 -2.580751	 259752.339287	
111.000000	 1.000000	 0.000000	 -0.000000	 0.000000	 -90.000000	 0.168291	 -0.007583	 0.168462	 -2.579941	 0.000000	 0.003511	 0.003511	 90.000000	 0.168292	 -0.007587	 0.168463	 -2.581263	 259753.771113	
110.000000	 1.000000	 0.000000	 -0.000000	 0.000000	 -90.000000	 0.168350	 -0.007589	 0.168521	 -2.580908	 0.000000	 0.003519	 0.003519	 90.000000	 0.168350	 -0.007589	 0.168521	 -2.580908	 259755.215090	
109.000000	 1.000000	 0.000000	 -0.000000	 0.000000	 -90.000000	 0.168388	 -0.007601	 0.168560	 -2.584608	 0.000000	 0.003549	 0.003549	 90.000000	 0.168388	 -0.007601	 0.168560	 -2.584608	 259756.654189	
108.000000	 1.000000	 0.000000	 -0.000000	 0.000000	 -90.000000	 0.168476	 -0.007544	 0.168644	 -2.563952	 0.000000	 0.003322	 0.003322	 90.000000	 0.168476	 -0.007544	 0.168644	 -2.563952	 259758.087931	
107.000000	 1.000000	 0.000000	 -0.000000	 0.000000	 -90.000000	 0.168486	 -0.007585	 0.168656	 -2.577758	 0.000000	 0.003595	 0.003595	 90.000000	 0.168486	 -0.007585	 0.168656	 -2.577758	 259759.504853	
106.000000	 1.000000	 0.000000	 -0.000000	 0.000000	 -90.000000	 0.168498	 -0.007575	 0.168668	 -2.574080	 0.000000	 0.003423	 0.003423	 90.000000	 0.168498	 -0.007575	 0.168668	 -2.574080	 259760.961591	
105.000000	 1.000000	 0.000000	 -0.000000	 0.000000	 -90.000000	 0.168660	 -0.007523	 0.168828	 -2.554021	 0.000000	 0.003520	 0.003520	 90.000000	 0.168660	 -0.007523	 0.168828	 -2.554021	 259762.424714	
104.000000	 1.000000	 0.000000	 -0.000000	 0.000000	 -90.000000	 0.168694	 -0.007639	 0.168867	 -2.592663	 0.000000	 0.003509	 0.003509	 90.000000	 0.168694	 -0.007639	 0.168867	 -2.592663	 259763.851626	
103.000000	 1.000000	 0.000000	 -0.000000	 0.000000	 -90.000000	 0.168797	 -0.007430	 0.168961	 -2.520399	 0.000000	 0.003312	 0.003312	 90.000000	 0.168797	 -0.007430	 0.168961	 -2.520399	 259765.297955	
102.000000	 1.000000	 0.000000	 -0.000000	 0.000000	 -90.000000	 0.168691	 -0.007722	 0.168868	 -2.620948	 0.000000	 0.003621	 0.003621	 90.000000	 0.168704	 -0.007727	 0.168881	 -2.622326	 259766.764456	
101.000000	 1.000000	 0.000000	 -0.000000	 0.000000	 -90.000000	 0.168984	 -0.007656	 0.169158	 -2.594119	 0.000000	 0.003627	 0.003627	 90.000000	 0.168984	 -0.007656	 0.169158	 -2.594119	 259768.186518	
100.000000	 1.000000	 0.000000	 -0.000000	 0.000000	 -90.000000	 0.168623	 -0.007541	 0.168791	 -2.560636	 0.000000	 0.003329	 0.003329	 90.000000	 0.168623	 -0.007541	 0.168791	 -2.560636	 259769.605461	
99.000000	 1.000000	 0.000000	 -0.000000	 0.000000	 -90.000000	 0.168673	 -0.007557	 0.168842	 -2.565451	 0.000000	 0.003335	 0.003335	 90.000000	 0.168670	 -0.007550	 0.168839	 -2.563126	 259771.038547	
98.000000	 1.000000	 0.000000	 -0.000000	 0.000000	 -90.000000	 0.169179	 -0.007511	 0.169345	 -2.542013	 0.000000	 0.003502	 0.003502	 90.000000	 0.169179	 -0.007511	 0.169345	 -2.542013	 259772.486364	
97.000000	 1.000000	 0.000000	 -0.000000	 0.000000	 -90.000000	 0.169115	 -0.007580	 0.169285	 -2.566246	 0.000000	 0.003529	 0.003529	 90.000000	 0.169115	 -0.007580	 0.169285	 -2.566246	 259773.936602	
96.000000	 1.000000	 0.000000	 -0.000000	 0.000000	 -90.000000	 0.169055	 -0.007357	 0.169215	 -2.491910	 0.000000	 0.003288	 0.003288	 90.000000	 0.169055	 -0.007357	 0.169215	 -2.491910	 259775.372289	
95.000000	 1.000000	 0.000000	 -0.000000	 0.000000	 -90.000000	 0.169216	 -0.007426	 0.169378	 -2.512818	 0.000000	 0.003410	 0.003410	 90.000000	 0.169216	 -0.007426	 0.169378	 -2.512818	 259776.807944	
94.000000	 1.000000	 0.000000	 -0.000000	 0.000000	 -90.000000	 0.169132	 -0.007467	 0.169297	 -2.527845	 0.000000	 0.003314	 0.003314	 90.000000	 0.169132	 -0.007467	 0.169297	 -2.527845	 259778.293923	
93.000000	 1.000000	 0.000000	 -0.000000	 0.000000	 -90.000000	 0.169222	 -0.007429	 0.169385	 -2.513619	 0.000000	 0.003317	 0.003317	 90.000000	 0.169222	 -0.007429	 0.169385	 -2.513619	 259779.743910	
92.000000	 1.000000	 0.000000	 -0.000000	 0.000000	 -90.000000	 0.169266	 -0.007457	 0.169430	 -2.522567	 0.000000	 0.003292	 0.003292	 90.000000	 0.169266	 -0.007457	 0.169430	 -2.522567	 259781.200982	
91.000000	 1.000000	 0.000000	 -0.000000	 0.000000	 -90.000000	 0.169358	 -0.007448	 0.169522	 -2.518180	 0.000000	 0.003314	 0.003314	 90.000000	 0.169358	 -0.007448	 0.169522	 -2.518180	 259782.637712	
90.000000	 1.000000	 0.000000	 -0.000000	 0.000000	 -90.000000	 0.169424	 -0.007427	 0.169587	 -2.510087	 0.000000	 0.003335	 0.003335	 90.000000	 0.169424	 -0.007427	 0.169587	 -2.510087	 259784.054937	
89.000000	 1.000000	 0.000000	 -0.000000	 0.000000	 -90.000000	 0.169462	 -0.007387	 0.169623	 -2.495971	 0.000000	 0.003263	 0.003263	 90.000000	 0.169462	 -0.007387	 0.169623	 -2.495971	 259785.502595	
88.000000	 1.000000	 0.000000	 -0.000000	 0.000000	 -90.000000	 0.169526	 -0.007420	 0.169688	 -2.506299	 0.000000	 0.003221	 0.003221	 90.000000	 0.169521	 -0.007416	 0.169683	 -2.504800	 259786.949788	
87.000000	 1.000000	 0.000000	 -0.000000	 0.000000	 -90.000000	 0.169624	 -0.007379	 0.169785	 -2.490902	 0.000000	 0.003334	 0.003334	 90.000000	 0.169627	 -0.007378	 0.169787	 -2.490404	 259788.361739	
86.000000	 1.000000	 0.000000	 -0.000000	 0.000000	 -90.000000	 0.169646	 -0.007398	 0.169807	 -2.497110	 0.000000	 0.001930	 0.001930	 90.000000	 0.169646	 -0.007398	 0.169807	 -2.497110	 259789.806519	
85.000000	 1.000000	 0.000000	 -0.000000	 0.000000	 -90.000000	 0.169769	 -0.007404	 0.169930	 -2.497149	 0.000000	 0.002389	 0.002389	 90.000000	 0.169769	 -0.007404	 0.169930	 -2.497149	 259791.256940	
84.000000	 1.000000	 0.000000	 -0.000000	 0.000000	 -90.000000	 0.169755	 -0.007371	 0.169915	 -2.486443	 0.000000	 0.007615	 0.007615	 90.000000	 0.169755	 -0.007371	 0.169915	 -2.486443	 259792.745616	
83.000000	 1.000000	 0.000000	 -0.000000	 0.000000	 -90.000000	 0.169871	 -0.007360	 0.170031	 -2.480958	 0.000000	 0.003546	 0.003546	 90.000000	 0.169871	 -0.007360	 0.170031	 -2.480958	 259794.189667	
82.000000	 1.000000	 0.000000	 -0.000000	 0.000000	 -90.000000	 0.170011	 -0.007337	 0.170169	 -2.470968	 0.000000	 0.003295	 0.003295	 90.000000	 0.170011	 -0.007337	 0.170169	 -2.470969	 259795.649025	
81.000000	 1.000000	 0.000000	 -0.000000	 0.000000	 -90.000000	 0.169941	 -0.007347	 0.170100	 -2.475581	 0.000000	 0.003369	 0.003369	 90.000000	 0.169941	 -0.007347	 0.170100	 -2.475581	 259797.085240	
80.000000	 1.000000	 0.000000	 -0.000000	 0.000000	 -90.000000	 0.169947	 -0.007410	 0.170108	 -2.496681	 0.000000	 0.003256	 0.003256	 90.000000	 0.169947	 -0.007410	 0.170108	 -2.496681	 259798.531057	
79.000000	 1.000000	 0.000000	 -0.000000	 0.000000	 -90.000000	 0.170178	 -0.007431	 0.170340	 -2.500353	 0.000000	 0.003247	 0.003247	 90.000000	 0.170178	 -0.007431	 0.170340	 -2.500353	 259799.959730	
78.000000	 1.000000	 0.000000	 -0.000000	 0.000000	 -90.000000	 0.170145	 -0.007342	 0.170304	 -2.470721	 0.000000	 0.002808	 0.002808	 90.000000	 0.170145	 -0.007342	 0.170304	 -2.470721	 259801.418609	
77.000000	 1.000000	 0.000000	 -0.000000	 0.000000	 -90.000000	 0.170323	 -0.007330	 0.170481	 -2.464258	 0.000000	 0.003671	 0.003671	 90.000000	 0.170323	 -0.007330	 0.170481	 -2.464258	 259802.898761	
76.000000	 1.000000	 0.000000	 -0.000000	 0.000000	 -90.000000	 0.170117	 -0.007349	 0.170275	 -2.473480	 0.000000	 0.005585	 0.005585	 90.000000	 0.170117	 -0.007349	 0.170275	 -2.473480	 259804.311595	
75.000000	 1.000000	 0.000000	 -0.000000	 0.000000	 -90.000000	 0.170496	 -0.007144	 0.170646	 -2.399202	 0.000000	 0.003291	 0.003291	 90.000000	 0.170496	 -0.007144	 0.170646	 -2.399202	 259805.758271	
74.000000	 1.000000	 0.000000	 -0.000000	 0.000000	 -90.000000	 0.170478	 -0.007215	 0.170631	 -2.423447	 0.000000	 0.003304	 0.003304	 90.000000	 0.170478	 -0.007215	 0.170631	 -2.423447	 259807.165425	
73.000000	 1.000000	 0.000000	 -0.000000	 0.000000	 -90.000000	 0.170621	 -0.007133	 0.170770	 -2.393856	 0.000000	 0.003187	 0.003187	 90.000000	 0.170621	 -0.007133	 0.170770	 -2.393856	 259808.617435	
72.000000	 1.000000	 0.000000	 -0.000000	 0.000000	 -90.000000	 0.170710	 -0.007131	 0.170859	 -2.392071	 0.000000	 0.002173	 0.002173	 90.000000	 0.170705	 -0.007119	 0.170853	 -2.388080	 259810.048200	
71.000000	 1.000000	 0.000000	 -0.000000	 0.000000	 -90.000000	 0.170880	 -0.007243	 0.171033	 -2.427104	 0.000000	 0.001554	 0.001554	 90.000000	 0.170880	 -0.007243	 0.171033	 -2.427104	 259811.487113	
70.000000	 1.000000	 0.000000	 -0.000000	 0.000000	 -90.000000	 0.170975	 -0.007067	 0.171121	 -2.366999	 0.000000	 0.007352	 0.007352	 90.000000	 0.170975	 -0.007067	 0.171121	 -2.366999	 259812.951975	
69.000000	 1.000000	 0.000000	 -0.000000	 0.000000	 -90.000000	 0.171010	 -0.007185	 0.171161	 -2.405944	 0.000000	 0.004112	 0.004112	 90.000000	 0.171010	 -0.007185	 0.171161	 -2.405944	 259814.376372	
68.000000	 1.000000	 0.000000	 -0.000000	 0.000000	 -90.000000	 0.170959	 -0.007149	 0.171108	 -2.394429	 0.000000	 0.003206	 0.003206	 90.000000	 0.170959	 -0.007149	 0.171108	 -2.394429	 259815.811108	
67.000000	 1.000000	 0.000000	 -0.000000	 0.000000	 -90.000000	 0.171121	 -0.007099	 0.171268	 -2.375576	 0.000000	 0.003235	 0.003235	 90.000000	 0.171121	 -0.007099	 0.171268	 -2.375576	 259817.259392	
66.000000	 1.000000	 0.000000	 -0.000000	 0.000000	 -90.000000	 0.171221	 -0.007110	 0.171368	 -2.378008	 0.000000	 0.003172	 0.003172	 90.000000	 0.171156	 -0.007066	 0.171301	 -2.364070	 259818.680891	
65.000000	 1.000000	 0.000000	 -0.000000	 0.000000	 -90.000000	 0.171201	 -0.006880	 0.171339	 -2.301392	 0.000000	 0.003153	 0.003153	 90.000000	 0.171201	 -0.006880	 0.171339	 -2.301392	 259820.206665	
64.000000	 1.000000	 0.000000	 -0.000000	 0.000000	 -90.000000	 0.171469	 -0.007037	 0.171613	 -2.350011	 0.000000	 0.003228	 0.003228	 90.000000	 0.171469	 -0.007037	 0.171613	 -2.350011	 259821.647005	
63.000000	 1.000000	 0.000000	 -0.000000	 0.000000	 -90.000000	 0.171215	 -0.007352	 0.171372	 -2.458902	 0.000000	 0.003171	 0.003171	 90.000000	 0.171215	 -0.007352	 0.171372	 -2.458902	 259823.107468	
62.000000	 1.000000	 0.000000	 -0.000000	 0.000000	 -90.000000	 0.171694	 -0.006716	 0.171825	 -2.239952	 0.000000	 0.003169	 0.003169	 90.000000	 0.171631	 -0.006293	 0.171746	 -2.099742	 259824.544985	
61.000000	 1.000000	 0.000000	 -0.000000	 0.000000	 -90.000000	 0.171895	 -0.006161	 0.172005	 -2.052651	 0.000000	 0.003015	 0.003015	 90.000000	 0.171895	 -0.006161	 0.172005	 -2.052651	 259825.992654	
60.000000	 1.000000	 0.000000	 -0.000000	 0.000000	 -90.000000	 0.169339	 -0.010871	 0.169688	 -3.673058	 0.000000	 0.001609	 0.001609	 90.000000	 0.169339	 -0.010871	 0.169688	 -3.673058	 259827.446599	
59.000000	 1.000000	 0.000000	 -0.000000	 0.000000	 -90.000000	 0.173180	 -0.004161	 0.173230	 -1.376286	 0.000000	 0.005537	 0.005537	 90.000000	 0.173180	 -0.004161	 0.173230	 -1.376286	 259828.892602	
58.000000	 1.000000	 0.000000	 -0.000000	 0.000000	 -90.000000	 0.171126	 -0.000042	 0.171126	 -0.013918	 0.000000	 0.000952	 0.000952	 90.000000	 0.171126	 -0.000042	 0.171126	 -0.013918	 259830.333790	
57.000000	 1.000000	 0.000000	 -0.000000	 0.000000	 -90.000000	 0.183500	 -0.007261	 0.183644	 -2.265959	 0.000000	 0.011695	 0.011695	 90.000000	 0.184724	 -0.004693	 0.184784	 -1.455437	 259831.759706	
56.000000	 1.000000	 0.000000	 -0.000000	 0.000000	 -90.000000	 0.187317	 0.006001	 0.187413	 1.834918	 0.000000	 -0.018542	 0.018542	 -90.000000	 0.187317	 0.006001	 0.187413	 1.834918	 259833.215623	
55.000000	 1.000000	 0.000000	 -0.000000	 0.000000	 -90.000000	 0.153602	 -0.029373	 0.156385	 -10.825879	 0.000000	 0.007075	 0.007075	 90.000000	 0.153602	 -0.029373	 0.156385	 -10.825879	 259834.642051	
54.000000	 1.000000	 0.000000	 -0.000000	 0.000000	 -90.000000	 0.137593	 -0.030600	 0.140955	 -12.538087	 0.000000	 0.000361	 0.000361	 90.000000	 0.137593	 -0.030600	 0.140955	 -12.538087	 259836.098146	
53.000000	 1.000000	 0.000000	 -0.000000	 0.000000	 -90.000000	 0.224864	 -0.019600	 0.225716	 -4.981416	 0.000000	 0.003145	 0.003145	 90.000000	 0.224864	 -0.019600	 0.225716	 -4.981415	 259837.527571	
52.000000	 1.000000	 0.000000	 -0.000000	 0.000000	 -90.000000	 0.186333	 -0.071338	 0.199522	 -20.949540	 0.000000	 -0.000445	 0.000445	 -90.000000	 0.186333	 -0.071338	 0.199522	 -20.949540	 259838.979059	
51.000000	 1.000000	 0.000000	 -0.000000	 0.000000	 -90.000000	 0.247158	 0.007043	 0.247258	 1.632326	 0.000000	 0.002835	 0.002835	 90.000000	 0.247158	 0.007043	 0.247258	 1.632326	 259840.434262	
50.000000	 1.000000	 0.000000	 -0.000000	 0.000000	 -90.000000	 0.161451	 -0.084966	 0.182444	 -27.756263	 0.000000	 0.002869	 0.002869	 90.000000	 0.161451	 -0.084966	 0.182444	 -27.756263	 259841.872986	
49.000000	 1.000000	 0.000000	 -0.000000	 0.000000	 -90.000000	 0.225607	 -0.061326	 0.233793	 -15.207202	 0.000000	 0.002707	 0.002707	 90.000000	 0.223543	 -0.063488	 0.232384	 -15.854871	 259843.314963	
48.000000	 1.000000	 0.000000	 -0.000000	 0.000000	 -90.000000	 0.109867	 0.014489	 0.110818	 7.512576	 0.000000	 0.003257	 0.003257	 90.000000	 0.109867	 0.014489	 0.110818	 7.512576	 259844.755369	
47.000000	 1.000000	 0.000000	 -0.000000	 0.000000	 -90.000000	 0.119933	 0.004319	 0.120011	 2.062546	 0.000000	 0.002992	 0.002992	 90.000000	 0.119933	 0.004319	 0.120011	 2.062546	 259846.193445	
46.000000	 1.000000	 0.000000	 -0.000000	 0.000000	 -90.000000	 0.214022	 -0.006464	 0.214119	 -1.729871	 0.000000	 0.003161	 0.003161	 90.000000	 0.215053	 -0.011256	 0.215348	 -2.996195	 259847.663167	
45.000000	 1.000000	 0.000000	 -0.000000	 0.000000	 -90.000000	 0.193448	 -0.027021	 0.195326	 -7.951768	 0.000000	 0.002372	 0.002372	 90.000000	 0.193448	 -0.027021	 0.195326	 -7.951768	 259849.071452	
44.000000	 1.000000	 0.000000	 -0.000000	 0.000000	 -90.000000	 0.182291	 0.009407	 0.182533	 2.954028	 0.000000	 0.002970	 0.002970	 90.000000	 0.182291	 0.009407	 0.182533	 2.954029	 259850.511773	
43.000000	 1.000000	 0.000000	 -0.000000	 0.000000	 -90.000000	 0.183943	 -0.012779	 0.184387	 -3.974126	 0.000000	 0.003118	 0.003118	 90.000000	 0.183943	 -0.012779	 0.184387	 -3.974126	 259851.945692	
42.000000	 1.000000	 0.000000	 -0.000000	 0.000000	 -90.000000	 0.178961	 -0.004768	 0.179025	 -1.526111	 0.000000	 0.002977	 0.002977	 90.000000	 0.178961	 -0.004768	 0.179025	 -1.526110	 259853.366642	
41.000000	 1.000000	 0.000000	 -0.000000	 0.000000	 -90.000000	 0.176974	 -0.010399	 0.177279	 -3.362845	 0.000000	 0.003046	 0.003046	 90.000000	 0.176974	 -0.010399	 0.177279	 -3.362845	 259854.819243	
40.000000	 1.000000	 0.000000	 -0.000000	 0.000000	 -90.000000	 0.174788	 -0.008711	 0.175005	 -2.852973	 0.000000	 0.003077	 0.003077	 90.000000	 0.174788	 -0.008711	 0.175005	 -2.852973	 259856.226260	
39.000000	 1.000000	 0.000000	 -0.000000	 0.000000	 -90.000000	 0.173421	 -0.004911	 0.173491	 -1.621964	 0.000000	 0.003047	 0.003047	 90.000000	 0.173421	 -0.004911	 0.173491	 -1.621964	 259857.670816	
38.000000	 1.000000	 0.000000	 -0.000000	 0.000000	 -90.000000	 0.175080	 -0.004868	 0.175147	 -1.592560	 0.000000	 0.003046	 0.003046	 90.000000	 0.175080	 -0.004868	 0.175147	 -1.592560	 259859.088699	
37.000000	 1.000000	 0.000000	 -0.000000	 0.000000	 -90.000000	 0.174500	 -0.006193	 0.174609	 -2.032579	 0.000000	 0.003102	 0.003102	 90.000000	 0.174500	 -0.006193	 0.174609	 -2.032579	 259860.522050	
36.000000	 1.000000	 0.000000	 -0.000000	 0.000000	 -90.000000	 0.174616	 -0.005544	 0.174704	 -1.818479	 0.000000	 0.003094	 0.003094	 90.000000	 0.174616	 -0.005544	 0.174704	 -1.818479	 259861.953715	
35.000000	 1.000000	 0.000000	 -0.000000	 0.000000	 -90.000000	 0.174990	 -0.005685	 0.175083	 -1.860695	 0.000000	 0.003076	 0.003076	 90.000000	 0.174990	 -0.005685	 0.175083	 -1.860694	 259863.392785	
34.000000	 1.000000	 0.000000	 -0.000000	 0.000000	 -90.000000	 0.175200	 -0.005528	 0.175287	 -1.807136	 0.000000	 0.002853	 0.002853	 90.000000	 0.175200	 -0.005528	 0.175287	 -1.807136	 259864.810871	
33.000000	 1.000000	 0.000000	 -0.000000	 0.000000	 -90.000000	 0.175359	 -0.005437	 0.175443	 -1.775731	 0.000000	 0.003374	 0.003374	 90.000000	 0.175359	 -0.005437	 0.175443	 -1.775731	 259866.259856	
32.000000	 1.000000	 0.000000	 -0.000000	 0.000000	 -90.000000	 0.175424	 -0.005285	 0.175503	 -1.725648	 0.000000	 0.002937	 0.002937	 90.000000	 0.175424	 -0.005285	 0.175503	 -1.725648	 259867.714372	
31.000000	 1.000000	 0.000000	 -0.000000	 0.000000	 -90.000000	 0.175540	 -0.005235	 0.175618	 -1.708052	 0.000000	 0.003045	 0.003045	 90.000000	 0.175556	 -0.005254	 0.175634	 -1.714086	 259869.142648	
30.000000	 1.000000	 0.000000	 -0.000000	 0.000000	 -90.000000	 0.175885	 -0.005273	 0.175964	 -1.717225	 0.000000	 0.003062	 0.003062	 90.000000	 0.175885	 -0.005273	 0.175964	 -1.717225	 259870.584455	
29.000000	 1.000000	 0.000000	 -0.000000	 0.000000	 -90.000000	 0.176054	 -0.004947	 0.176123	 -1.609637	 0.000000	 0.003032	 0.003032	 90.000000	 0.176062	 -0.004926	 0.176131	 -1.602761	 259872.024819	
28.000000	 1.000000	 0.000000	 -0.000000	 0.000000	 -90.000000	 0.176366	 -0.004800	 0.176431	 -1.559117	 0.000000	 0.003048	 0.003048	 90.000000	 0.176382	 -0.004807	 0.176447	 -1.561247	 259873.475623	
27.000000	 1.000000	 0.000000	 -0.000000	 0.000000	 -90.000000	 0.176643	 -0.004465	 0.176700	 -1.447840	 0.000000	 0.003128	 0.003128	 90.000000	 0.176643	 -0.004465	 0.176700	 -1.447840	 259874.930207	
26.000000	 1.000000	 0.000000	 -0.000000	 0.000000	 -90.000000	 0.176863	 -0.004439	 0.176919	 -1.437882	 0.000000	 0.002977	 0.002977	 90.000000	 0.176866	 -0.004436	 0.176922	 -1.436876	 259876.405697	
25.000000	 1.000000	 0.000000	 -0.000000	 0.000000	 -90.000000	 0.177121	 -0.004125	 0.177169	 -1.334157	 0.000000	 0.002860	 0.002860	 90.000000	 0.177121	 -0.004125	 0.177169	 -1.334157	 259877.846582	
24.000000	 1.000000	 0.000000	 -0.000000	 0.000000	 -90.000000	 0.177323	 -0.003842	 0.177365	 -1.241250	 0.000000	 0.002818	 0.002818	 90.000000	 0.177331	 -0.003839	 0.177373	 -1.240198	 259879.296726	
23.000000	 1.000000	 0.000000	 -0.000000	 0.000000	 -90.000000	 0.177598	 -0.003850	 0.177640	 -1.241792	 0.000000	 0.002761	 0.002761	 90.000000	 0.177598	 -0.003850	 0.177640	 -1.241792	 259880.725559	
22.000000	 1.000000	 0.000000	 -0.000000	 0.000000	 -90.000000	 0.177799	 -0.003300	 0.177829	 -1.063411	 0.000000	 0.003491	 0.003491	 90.000000	 0.177799	 -0.003300	 0.177829	 -1.063410	 259882.169172	
21.000000	 1.000000	 0.000000	 -0.000000	 0.000000	 -90.000000	 0.178126	 -0.003157	 0.178154	 -1.015227	 0.000000	 0.003128	 0.003128	 90.000000	 0.178126	 -0.003157	 0.178154	 -1.015227	 259883.589500	
20.000000	 1.000000	 0.000000	 -0.000000	 0.000000	 -90.000000	 0.178400	 -0.002798	 0.178422	 -0.898550	 0.000000	 0.003553	 0.003553	 90.000000	 0.178400	 -0.002798	 0.178422	 -0.898550	 259885.026302	
19.000000	 1.000000	 0.000000	 -0.000000	 0.000000	 -90.000000	 0.178715	 -0.002368	 0.178731	 -0.759009	 0.000000	 0.002562	 0.002562	 90.000000	 0.178715	 -0.002368	 0.178731	 -0.759009	 259886.447976	
18.000000	 1.000000	 0.000000	 -0.000000	 0.000000	 -90.000000	 0.179107	 -0.001957	 0.179118	 -0.626054	 0.000000	 0.002428	 0.002428	 90.000000	 0.179107	 -0.001957	 0.179118	 -0.626054	 259887.891446	
17.000000	 1.000000	 0.000000	 -0.000000	 0.000000	 -90.000000	 0.179374	 -0.001555	 0.179381	 -0.496787	 0.000000	 0.003215	 0.003215	 90.000000	 0.179374	 -0.001555	 0.179381	 -0.496787	 259889.344387	
16.000000	 1.000000	 0.000000	 -0.000000	 0.000000	 -90.000000	 0.179801	 -0.000988	 0.179804	 -0.314745	 0.000000	 0.002150	 0.002150	 90.000000	 0.179801	 -0.000988	 0.179804	 -0.314745	 259890.826979	
15.000000	 1.000000	 0.000000	 -0.000000	 0.000000	 -90.000000	 0.180100	 -0.000233	 0.180100	 -0.074151	 0.000000	 0.002366	 0.002366	 90.000000	 0.180108	 -0.000231	 0.180108	 -0.073519	 259892.251911	
14.000000	 1.000000	 0.000000	 -0.000000	 0.000000	 -90.000000	 0.180431	 0.000495	 0.180432	 0.157271	 0.000000	 0.001829	 0.001829	 90.000000	 0.180431	 0.000495	 0.180432	 0.157271	 259893.696639	
13.000000	 1.000000	 0.000000	 -0.000000	 0.000000	 -90.000000	 0.180800	 0.001318	 0.180805	 0.417779	 0.000000	 0.001425	 0.001425	 90.000000	 0.180800	 0.001318	 0.180805	 0.417779	 259895.137649	
12.000000	 1.000000	 0.000000	 -0.000000	 0.000000	 -90.000000	 0.181120	 0.002379	 0.181135	 0.752650	 0.000000	 0.004173	 0.004173	 90.000000	 0.181120	 0.002379	 0.181135	 0.752650	 259896.578881	
11.000000	 1.000000	 0.000000	 -0.000000	 0.000000	 -90.000000	 0.181342	 0.003522	 0.181377	 1.112592	 0.000000	 0.000143	 0.000143	 90.000000	 0.181342	 0.003522	 0.181377	 1.112592	 259898.011288	
10.000000	 1.000000	 0.000000	 -0.000000	 0.000000	 -90.000000	 0.181640	 0.004929	 0.181707	 1.554281	 0.000000	 -0.006253	 0.006253	 -90.000000	 0.181640	 0.004929	 0.181707	 1.554281	 259899.462172	
9.000000	 1.000000	 0.000000	 -0.000000	 0.000000	 -90.000000	 0.181895	 0.006738	 0.182020	 2.121570	 0.000000	 0.029188	 0.029188	 90.000000	 0.181895	 0.006738	 0.182020	 2.121570	 259900.871260	
8.000000	 1.000000	 0.000000	 -0.000000	 0.000000	 -90.000000	 0.182038	 0.008532	 0.182238	 2.683598	 0.000000	 0.028519	 0.028519	 90.000000	 0.182038	 0.008532	 0.182238	 2.683598	 259902.327890	
7.000000	 1.000000	 0.000000	 -0.000000	 0.000000	 -90.000000	 0.181197	 0.010977	 0.181529	 3.466779	 0.000000	 -0.035083	 0.035083	 -90.000000	 0.181197	 0.010977	 0.181529	 3.466779	 259903.766664	
6.000000	 1.000000	 0.000000	 -0.000000	 0.000000	 -90.000000	 0.179622	 0.013733	 0.180147	 4.372027	 0.000000	 0.068698	 0.068698	 90.000000	 0.179622	 0.013733	 0.180147	 4.372027	 259905.193058	
5.000000	 1.000000	 0.000000	 -0.000000	 0.000000	 -90.000000	 0.174860	 0.015469	 0.175543	 5.055681	 0.000000	 -0.095588	 0.095588	 -90.000000	 0.174860	 0.015469	 0.175543	 5.055681	 259906.638268	
4.000000	 1.000000	 0.000000	 -0.000000	 0.000000	 -90.000000	 0.186975	 0.011635	 0.187337	 3.560825	 0.000000	 -0.179145	 0.179145	 -90.000000	 0.186975	 0.011635	 0.187337	 3.560825	 259908.070482	
3.000000	 1.000000	 0.000000	 -0.000000	 0.000000	 -90.000000	 0.192930	 -0.003117	 0.192955	 -0.925501	 0.000000	 0.224171	 0.224171	 90.000000	 0.200179	 -0.001467	 0.200185	 -0.419797	 259909.502971	
2.000000	 1.000000	 0.000000	 -0.000000	 0.000000	 -90.000000	 0.139297	 -0.047039	 0.147025	 -18.659124	 0.000000	 0.157844	 0.157844	 90.000000	 0.139297	 -0.047039	 0.147025	 -18.659125	 259910.934008	
1.000000	 1.000000	 0.000000	 -0.000000	 0.000000	 -90.000000	 0.050124	 0.119953	 0.130005	 67.321807	 0.000000	 0.132210	 0.132210	 90.000000	 0.050124	 0.119953	 0.130005	 67.321807	 259912.379649	
