# Oscilator_frequency (Hz)	DemodAll_A (-)	Demod_1_X_A (A)	Demod_1_Y_A (A)	Demod_1__R_A (A)	Demod_1__Theta_A (deg)	Demod_2_X_A (A)	Demod_2_Y_A (A)	Demod_2__R_A (A)	Demod_2__Theta_A (deg)	Demod_3_X_A (V)	Demod_3_Y_A (V)	Demod_3__R_A (V)	Demod_3__Theta_A (deg)	Demod_4_X_A (V)	Demod_4_Y_A (V)	Demod_4__R_A (V)	Demod_4__Theta_A (deg)	Timer_GET (s)	
5000.000000	 1.000000	 0.000000	 -0.000000	 0.000000	 -90.000000	 -0.000000	 -0.000000	 0.000000	 -138.751764	 0.000000	 -1.581287	 1.581287	 -90.000000	 0.118887	 -0.007145	 0.119101	 -3.439400	 6158.930509	
4950.000000	 1.000000	 0.000000	 -0.000000	 0.000000	 -90.000000	 0.000000	 -0.000000	 0.000000	 -21.814960	 0.000000	 -1.589220	 1.589220	 -90.000000	 0.119002	 -0.007255	 0.119223	 -3.488801	 6160.364285	
4900.000000	 1.000000	 0.000000	 -0.000000	 0.000000	 -90.000000	 -0.000000	 0.000000	 0.000000	 93.697414	 0.000000	 -1.586747	 1.586747	 -90.000000	 0.119110	 -0.007344	 0.119336	 -3.528430	 6161.767068	
4850.000000	 1.000000	 0.000000	 -0.000000	 0.000000	 -90.000000	 0.000000	 0.000000	 0.000000	 61.457354	 0.000000	 -1.583779	 1.583779	 -90.000000	 0.119204	 -0.007424	 0.119435	 -3.563927	 6163.225113	
4800.000000	 1.000000	 0.000000	 -0.000000	 0.000000	 -90.000000	 0.000000	 0.000000	 0.000000	 15.317659	 0.000000	 -1.575936	 1.575936	 -90.000000	 0.119298	 -0.007504	 0.119534	 -3.599124	 6164.673027	
4750.000000	 1.000000	 0.000000	 -0.000000	 0.000000	 -90.000000	 0.000000	 0.000000	 0.000000	 68.340795	 0.000000	 -1.571286	 1.571286	 -90.000000	 0.119384	 -0.007570	 0.119624	 -3.628208	 6166.108543	
4700.000000	 1.000000	 0.000000	 -0.000000	 0.000000	 -90.000000	 0.000000	 -0.000000	 0.000000	 -4.262885	 0.000000	 -1.564128	 1.564128	 -90.000000	 0.119469	 -0.007632	 0.119713	 -3.655402	 6167.550110	
4650.000000	 1.000000	 0.000000	 -0.000000	 0.000000	 -90.000000	 -0.000000	 -0.000000	 0.000000	 -158.781247	 0.000000	 -1.557922	 1.557922	 -90.000000	 0.119552	 -0.007693	 0.119800	 -3.681803	 6168.988107	
4600.000000	 1.000000	 0.000000	 -0.000000	 0.000000	 -90.000000	 0.000000	 -0.000000	 0.000000	 -44.172383	 0.000000	 -1.552200	 1.552200	 -90.000000	 0.119634	 -0.007746	 0.119884	 -3.704646	 6170.427723	
4550.000000	 1.000000	 0.000000	 -0.000000	 0.000000	 -90.000000	 0.000000	 -0.000000	 0.000000	 -15.500925	 0.000000	 -1.546144	 1.546144	 -90.000000	 0.119715	 -0.007800	 0.119969	 -3.727649	 6171.922354	
4500.000000	 1.000000	 0.000000	 -0.000000	 0.000000	 -90.000000	 0.000000	 0.000000	 0.000000	 24.878023	 0.000000	 -1.540581	 1.540581	 -90.000000	 0.119794	 -0.007852	 0.120051	 -3.750126	 6173.345272	
4450.000000	 1.000000	 0.000000	 -0.000000	 0.000000	 -90.000000	 0.000000	 0.000000	 0.000000	 37.073176	 0.000000	 -1.535406	 1.535406	 -90.000000	 0.119876	 -0.007903	 0.120136	 -3.771728	 6174.793045	
4400.000000	 1.000000	 0.000000	 -0.000000	 0.000000	 -90.000000	 0.000000	 -0.000000	 0.000000	 -30.807089	 0.000000	 -1.530360	 1.530360	 -90.000000	 0.119953	 -0.007950	 0.120216	 -3.791751	 6176.250019	
4350.000000	 1.000000	 0.000000	 -0.000000	 0.000000	 -90.000000	 -0.000000	 0.000000	 0.000000	 175.360487	 0.000000	 -1.525467	 1.525467	 -90.000000	 0.120028	 -0.007995	 0.120294	 -3.810931	 6177.699637	
4300.000000	 1.000000	 0.000000	 -0.000000	 0.000000	 -90.000000	 0.000000	 0.000000	 0.000000	 59.008604	 0.000000	 -1.520910	 1.520910	 -90.000000	 0.120100	 -0.008042	 0.120369	 -3.830628	 6179.188063	
4250.000000	 1.000000	 0.000000	 -0.000000	 0.000000	 -90.000000	 0.000000	 0.000000	 0.000000	 67.961032	 0.000000	 -1.516801	 1.516801	 -90.000000	 0.120177	 -0.008089	 0.120449	 -3.850634	 6180.626595	
4200.000000	 1.000000	 0.000000	 -0.000000	 0.000000	 -90.000000	 0.000000	 0.000000	 0.000000	 69.824367	 0.000000	 -1.512638	 1.512638	 -90.000000	 0.120254	 -0.008129	 0.120529	 -3.867448	 6182.065146	
4150.000000	 1.000000	 0.000000	 -0.000000	 0.000000	 -90.000000	 -0.000000	 -0.000000	 0.000000	 -102.443550	 0.000000	 -1.508864	 1.508864	 -90.000000	 0.120333	 -0.008170	 0.120610	 -3.884174	 6183.517584	
4100.000000	 1.000000	 0.000000	 -0.000000	 0.000000	 -90.000000	 0.000000	 -0.000000	 0.000000	 -71.589333	 0.000000	 -1.505360	 1.505360	 -90.000000	 0.120404	 -0.008217	 0.120684	 -3.903967	 6184.944265	
4050.000000	 1.000000	 0.000000	 -0.000000	 0.000000	 -90.000000	 0.000000	 0.000000	 0.000000	 70.724928	 0.000000	 -1.501950	 1.501950	 -90.000000	 0.120483	 -0.008255	 0.120766	 -3.919666	 6186.373999	
4000.000000	 1.000000	 0.000000	 -0.000000	 0.000000	 -90.000000	 0.000000	 -0.000000	 0.000000	 -24.847391	 0.000000	 -1.498426	 1.498426	 -90.000000	 0.120557	 -0.008301	 0.120842	 -3.938862	 6187.818509	
3950.000000	 1.000000	 0.000000	 -0.000000	 0.000000	 -90.000000	 -0.000000	 -0.000000	 0.000000	 -147.762744	 0.000000	 -1.495102	 1.495102	 -90.000000	 0.120635	 -0.008339	 0.120923	 -3.954534	 6189.305455	
3900.000000	 1.000000	 0.000000	 -0.000000	 0.000000	 -90.000000	 -0.000000	 0.000000	 0.000000	 130.107516	 0.000000	 -1.492023	 1.492023	 -90.000000	 0.120720	 -0.008385	 0.121011	 -3.973213	 6190.775086	
3850.000000	 1.000000	 0.000000	 -0.000000	 0.000000	 -90.000000	 -0.000000	 0.000000	 0.000000	 106.176603	 0.000000	 -1.489371	 1.489371	 -90.000000	 0.120801	 -0.008424	 0.121094	 -3.988974	 6192.223496	
3800.000000	 1.000000	 0.000000	 -0.000000	 0.000000	 -90.000000	 0.000000	 0.000000	 0.000000	 78.618684	 0.000000	 -1.486326	 1.486326	 -90.000000	 0.120875	 -0.008467	 0.121171	 -4.006802	 6193.687152	
3750.000000	 1.000000	 0.000000	 -0.000000	 0.000000	 -90.000000	 -0.000000	 0.000000	 0.000000	 125.678506	 0.000000	 -1.483633	 1.483633	 -90.000000	 0.120957	 -0.008506	 0.121255	 -4.022456	 6195.100939	
3700.000000	 1.000000	 0.000000	 -0.000000	 0.000000	 -90.000000	 -0.000000	 0.000000	 0.000000	 155.095648	 0.000000	 -1.481121	 1.481121	 -90.000000	 0.121037	 -0.008553	 0.121339	 -4.041993	 6196.546821	
3650.000000	 1.000000	 0.000000	 -0.000000	 0.000000	 -90.000000	 0.000000	 -0.000000	 0.000000	 -5.808054	 0.000000	 -1.478259	 1.478259	 -90.000000	 0.121128	 -0.008587	 0.121432	 -4.054924	 6198.003198	
3600.000000	 1.000000	 0.000000	 -0.000000	 0.000000	 -90.000000	 -0.000000	 -0.000000	 0.000000	 -125.818470	 0.000000	 -1.475451	 1.475451	 -90.000000	 0.121203	 -0.008629	 0.121510	 -4.072068	 6199.440205	
3550.000000	 1.000000	 0.000000	 -0.000000	 0.000000	 -90.000000	 0.000000	 0.000000	 0.000000	 64.264164	 0.000000	 -1.472912	 1.472912	 -90.000000	 0.121299	 -0.008671	 0.121608	 -4.088970	 6200.899874	
3500.000000	 1.000000	 0.000000	 -0.000000	 0.000000	 -90.000000	 -0.000000	 0.000000	 0.000000	 92.194260	 0.000000	 -1.470660	 1.470660	 -90.000000	 0.121364	 -0.008708	 0.121676	 -4.103911	 6202.344625	
3450.000000	 1.000000	 0.000000	 -0.000000	 0.000000	 -90.000000	 -0.000000	 -0.000000	 0.000000	 -137.872091	 0.000000	 -1.468464	 1.468464	 -90.000000	 0.121459	 -0.008748	 0.121774	 -4.119729	 6203.803121	
3400.000000	 1.000000	 0.000000	 -0.000000	 0.000000	 -90.000000	 -0.000000	 0.000000	 0.000000	 162.984098	 0.000000	 -1.466004	 1.466004	 -90.000000	 0.121535	 -0.008789	 0.121853	 -4.136116	 6205.235786	
3350.000000	 1.000000	 0.000000	 -0.000000	 0.000000	 -90.000000	 0.000000	 0.000000	 0.000000	 71.604589	 0.000000	 -1.463696	 1.463696	 -90.000000	 0.121620	 -0.008834	 0.121941	 -4.154410	 6206.676188	
3300.000000	 1.000000	 0.000000	 -0.000000	 0.000000	 -90.000000	 0.000000	 0.000000	 0.000000	 22.902047	 0.000000	 -1.461555	 1.461555	 -90.000000	 0.121706	 -0.008878	 0.122029	 -4.172337	 6208.140595	
3250.000000	 1.000000	 0.000000	 -0.000000	 0.000000	 -90.000000	 0.000000	 0.000000	 0.000000	 31.546560	 0.000000	 -1.459605	 1.459605	 -90.000000	 0.121793	 -0.008919	 0.122119	 -4.188386	 6209.623584	
3200.000000	 1.000000	 0.000000	 -0.000000	 0.000000	 -90.000000	 -0.000000	 0.000000	 0.000000	 114.499373	 0.000000	 -1.456070	 1.456070	 -90.000000	 0.121886	 -0.008965	 0.122215	 -4.206471	 6211.071293	
3150.000000	 1.000000	 0.000000	 -0.000000	 0.000000	 -90.000000	 0.000000	 -0.000000	 0.000000	 -44.009854	 0.000000	 -1.455479	 1.455479	 -90.000000	 0.121979	 -0.009001	 0.122311	 -4.220302	 6212.505127	
3100.000000	 1.000000	 0.000000	 -0.000000	 0.000000	 -90.000000	 -0.000000	 -0.000000	 0.000000	 -137.781916	 0.000000	 -1.453297	 1.453297	 -90.000000	 0.122070	 -0.009054	 0.122405	 -4.242004	 6213.968276	
3050.000000	 1.000000	 0.000000	 -0.000000	 0.000000	 -90.000000	 0.000000	 -0.000000	 0.000000	 -33.535938	 0.000000	 -1.451400	 1.451400	 -90.000000	 0.122152	 -0.009100	 0.122491	 -4.260597	 6215.405983	
3000.000000	 1.000000	 0.000000	 -0.000000	 0.000000	 -90.000000	 0.000000	 0.000000	 0.000000	 70.979839	 0.000000	 -1.449713	 1.449713	 -90.000000	 0.122261	 -0.009146	 0.122603	 -4.278139	 6216.863235	
2950.000000	 1.000000	 0.000000	 -0.000000	 0.000000	 -90.000000	 0.000000	 0.000000	 0.000000	 7.252537	 0.000000	 -1.447729	 1.447729	 -90.000000	 0.122346	 -0.009186	 0.122691	 -4.293699	 6218.299577	
2900.000000	 1.000000	 0.000000	 -0.000000	 0.000000	 -90.000000	 0.000000	 0.000000	 0.000000	 25.262532	 0.000000	 -1.445964	 1.445964	 -90.000000	 0.122440	 -0.009238	 0.122788	 -4.314903	 6219.744942	
2850.000000	 1.000000	 0.000000	 -0.000000	 0.000000	 -90.000000	 0.000000	 0.000000	 0.000000	 3.061368	 0.000000	 -1.441386	 1.441386	 -90.000000	 0.122539	 -0.009285	 0.122890	 -4.332998	 6221.183881	
2800.000000	 1.000000	 0.000000	 -0.000000	 0.000000	 -90.000000	 0.000000	 0.000000	 0.000000	 2.889108	 0.000000	 -1.442412	 1.442412	 -90.000000	 0.122639	 -0.009329	 0.122994	 -4.349946	 6222.631295	
2750.000000	 1.000000	 0.000000	 -0.000000	 0.000000	 -90.000000	 0.000000	 0.000000	 0.000000	 70.394882	 0.000000	 -1.440780	 1.440780	 -90.000000	 0.122756	 -0.009384	 0.123114	 -4.371213	 6224.064599	
2700.000000	 1.000000	 0.000000	 -0.000000	 0.000000	 -90.000000	 0.000000	 -0.000000	 0.000000	 -10.248842	 0.000000	 -1.439273	 1.439273	 -90.000000	 0.122854	 -0.009429	 0.123215	 -4.388916	 6225.500078	
2650.000000	 1.000000	 0.000000	 -0.000000	 0.000000	 -90.000000	 -0.000000	 -0.000000	 0.000000	 -94.138287	 0.000000	 -1.437811	 1.437811	 -90.000000	 0.122954	 -0.009485	 0.123319	 -4.410995	 6226.942976	
2600.000000	 1.000000	 0.000000	 -0.000000	 0.000000	 -90.000000	 -0.000000	 -0.000000	 0.000000	 -171.782522	 0.000000	 -1.436588	 1.436588	 -90.000000	 0.123072	 -0.009537	 0.123441	 -4.430987	 6228.384189	
2550.000000	 1.000000	 0.000000	 -0.000000	 0.000000	 -90.000000	 0.000000	 -0.000000	 0.000000	 -51.829457	 0.000000	 -1.435360	 1.435360	 -90.000000	 0.123187	 -0.009594	 0.123560	 -4.453495	 6229.828201	
2500.000000	 1.000000	 0.000000	 -0.000000	 0.000000	 -90.000000	 -0.000000	 -0.000000	 0.000000	 -152.364620	 0.000000	 -1.433741	 1.433741	 -90.000000	 0.123299	 -0.009651	 0.123676	 -4.475577	 6231.291099	
2450.000000	 1.000000	 0.000000	 -0.000000	 0.000000	 -90.000000	 -0.000000	 -0.000000	 0.000000	 -157.111487	 0.000000	 -1.432201	 1.432201	 -90.000000	 0.123418	 -0.009708	 0.123799	 -4.497788	 6232.836227	
2400.000000	 1.000000	 0.000000	 -0.000000	 0.000000	 -90.000000	 0.000000	 0.000000	 0.000000	 75.910858	 0.000000	 -1.431051	 1.431051	 -90.000000	 0.123534	 -0.009771	 0.123920	 -4.522278	 6234.279460	
2350.000000	 1.000000	 0.000000	 -0.000000	 0.000000	 -90.000000	 0.000000	 -0.000000	 0.000000	 -65.151414	 0.000000	 -1.430040	 1.430040	 -90.000000	 0.123646	 -0.009839	 0.124037	 -4.549799	 6235.713211	
2300.000000	 1.000000	 0.000000	 -0.000000	 0.000000	 -90.000000	 -0.000000	 -0.000000	 0.000000	 -143.760333	 0.000000	 -1.428909	 1.428909	 -90.000000	 0.123777	 -0.009898	 0.124172	 -4.572125	 6237.217927	
2250.000000	 1.000000	 0.000000	 -0.000000	 0.000000	 -90.000000	 -0.000000	 -0.000000	 0.000000	 -133.554414	 0.000000	 -1.428141	 1.428141	 -90.000000	 0.123906	 -0.009980	 0.124308	 -4.605144	 6238.683846	
2200.000000	 1.000000	 0.000000	 -0.000000	 0.000000	 -90.000000	 0.000000	 -0.000000	 0.000000	 -34.713846	 0.000000	 -1.427370	 1.427370	 -90.000000	 0.124044	 -0.010034	 0.124449	 -4.624750	 6240.133043	
2150.000000	 1.000000	 0.000000	 -0.000000	 0.000000	 -90.000000	 0.000000	 0.000000	 0.000000	 39.940126	 0.000000	 -1.426456	 1.426456	 -90.000000	 0.124182	 -0.010119	 0.124594	 -4.658659	 6241.582040	
2100.000000	 1.000000	 0.000000	 -0.000000	 0.000000	 -90.000000	 0.000000	 -0.000000	 0.000000	 -72.251016	 0.000000	 -1.425688	 1.425688	 -90.000000	 0.124319	 -0.010186	 0.124735	 -4.683938	 6243.026618	
2050.000000	 1.000000	 0.000000	 -0.000000	 0.000000	 -90.000000	 0.000000	 0.000000	 0.000000	 58.227428	 0.000000	 -1.425203	 1.425203	 -90.000000	 0.124462	 -0.010256	 0.124883	 -4.710654	 6244.451592	
2000.000000	 1.000000	 0.000000	 -0.000000	 0.000000	 -90.000000	 0.000000	 -0.000000	 0.000000	 -26.412104	 0.000000	 -1.424358	 1.424358	 -90.000000	 0.124618	 -0.010349	 0.125047	 -4.747233	 6245.884752	
1950.000000	 1.000000	 0.000000	 -0.000000	 0.000000	 -90.000000	 -0.000000	 0.000000	 0.000000	 91.790606	 0.000000	 -1.423832	 1.423832	 -90.000000	 0.124758	 -0.010450	 0.125195	 -4.788026	 6247.353198	
1900.000000	 1.000000	 0.000000	 -0.000000	 0.000000	 -90.000000	 0.000000	 0.000000	 0.000000	 32.545161	 0.000000	 -1.423222	 1.423222	 -90.000000	 0.124914	 -0.010519	 0.125356	 -4.813508	 6248.794475	
1850.000000	 1.000000	 0.000000	 -0.000000	 0.000000	 -90.000000	 0.000000	 -0.000000	 0.000000	 -28.685980	 0.000000	 -1.422575	 1.422575	 -90.000000	 0.125075	 -0.010636	 0.125526	 -4.860759	 6250.276823	
1800.000000	 1.000000	 0.000000	 -0.000000	 0.000000	 -90.000000	 -0.000000	 0.000000	 0.000000	 179.920486	 0.000000	 -1.423530	 1.423530	 -90.000000	 0.125259	 -0.010733	 0.125718	 -4.897698	 6251.740271	
1750.000000	 1.000000	 0.000000	 -0.000000	 0.000000	 -90.000000	 -0.000000	 -0.000000	 0.000000	 -128.420672	 0.000000	 -1.424446	 1.424446	 -90.000000	 0.125429	 -0.010829	 0.125896	 -4.934348	 6253.191539	
1700.000000	 1.000000	 0.000000	 -0.000000	 0.000000	 -90.000000	 0.000000	 -0.000000	 0.000000	 -80.696985	 0.000000	 -1.424192	 1.424192	 -90.000000	 0.125603	 -0.010956	 0.126080	 -4.985289	 6254.629818	
1650.000000	 1.000000	 0.000000	 -0.000000	 0.000000	 -90.000000	 -0.000000	 0.000000	 0.000000	 98.484108	 0.000000	 -1.423900	 1.423900	 -90.000000	 0.125748	 -0.011036	 0.126232	 -5.015586	 6256.091573	
1600.000000	 1.000000	 0.000000	 -0.000000	 0.000000	 -90.000000	 0.000000	 0.000000	 0.000000	 74.320017	 0.000000	 -1.423703	 1.423703	 -90.000000	 0.125979	 -0.011163	 0.126472	 -5.063974	 6257.552323	
1550.000000	 1.000000	 0.000000	 -0.000000	 0.000000	 -90.000000	 0.000000	 -0.000000	 0.000000	 -87.394857	 0.000000	 -1.423785	 1.423785	 -90.000000	 0.126219	 -0.011301	 0.126724	 -5.116140	 6259.004096	
1500.000000	 1.000000	 0.000000	 -0.000000	 0.000000	 -90.000000	 -0.000000	 0.000000	 0.000000	 112.785324	 0.000000	 -1.423735	 1.423735	 -90.000000	 0.126354	 -0.011426	 0.126870	 -5.167240	 6260.448213	
1450.000000	 1.000000	 0.000000	 -0.000000	 0.000000	 -90.000000	 0.000000	 -0.000000	 0.000000	 -8.936698	 0.000000	 -1.423756	 1.423756	 -90.000000	 0.126606	 -0.011543	 0.127131	 -5.209329	 6261.928937	
1400.000000	 1.000000	 0.000000	 -0.000000	 0.000000	 -90.000000	 0.000000	 -0.000000	 0.000000	 -21.593589	 0.000000	 -1.423762	 1.423762	 -90.000000	 0.126816	 -0.011714	 0.127356	 -5.277545	 6263.375385	
1350.000000	 1.000000	 0.000000	 -0.000000	 0.000000	 -90.000000	 0.000000	 0.000000	 0.000000	 0.498718	 0.000000	 -1.424248	 1.424248	 -90.000000	 0.127057	 -0.011839	 0.127607	 -5.323571	 6264.821939	
1300.000000	 1.000000	 0.000000	 -0.000000	 0.000000	 -90.000000	 0.000000	 -0.000000	 0.000000	 -14.326536	 0.000000	 -1.423385	 1.423385	 -90.000000	 0.127308	 -0.012004	 0.127873	 -5.386588	 6266.293953	
1250.000000	 1.000000	 0.000000	 -0.000000	 0.000000	 -90.000000	 -0.000000	 -0.000000	 0.000000	 -101.047960	 0.000000	 -1.423405	 1.423405	 -90.000000	 0.127558	 -0.012214	 0.128141	 -5.469580	 6267.737500	
1200.000000	 1.000000	 0.000000	 -0.000000	 0.000000	 -90.000000	 0.000000	 0.000000	 0.000000	 58.449574	 0.000000	 -1.423570	 1.423570	 -90.000000	 0.127857	 -0.012350	 0.128452	 -5.517144	 6269.162746	
1150.000000	 1.000000	 0.000000	 -0.000000	 0.000000	 -90.000000	 -0.000000	 -0.000000	 0.000000	 -148.762892	 0.000000	 -1.423788	 1.423788	 -90.000000	 0.128137	 -0.012626	 0.128757	 -5.627396	 6270.622092	
1100.000000	 1.000000	 0.000000	 -0.000000	 0.000000	 -90.000000	 0.000000	 0.000000	 0.000000	 60.679692	 0.000000	 -1.423726	 1.423726	 -90.000000	 0.128447	 -0.012797	 0.129083	 -5.689395	 6272.056303	
1050.000000	 1.000000	 0.000000	 -0.000000	 0.000000	 -90.000000	 -0.000000	 0.000000	 0.000000	 102.653427	 0.000000	 -1.424002	 1.424002	 -90.000000	 0.128803	 -0.012959	 0.129453	 -5.745426	 6273.527228	
1000.000000	 1.000000	 0.000000	 -0.000000	 0.000000	 -90.000000	 -0.000000	 -0.000000	 0.000000	 -122.945749	 0.000000	 -1.424040	 1.424040	 -90.000000	 0.129176	 -0.013261	 0.129855	 -5.861344	 6275.003000	
950.000000	 1.000000	 0.000000	 -0.000000	 0.000000	 -90.000000	 0.000000	 0.000000	 0.000000	 29.032449	 0.000000	 -1.424166	 1.424166	 -90.000000	 0.129515	 -0.013485	 0.130215	 -5.944383	 6276.460406	
900.000000	 1.000000	 0.000000	 -0.000000	 0.000000	 -90.000000	 0.000000	 0.000000	 0.000000	 83.383078	 0.000000	 -1.424350	 1.424350	 -90.000000	 0.129946	 -0.013814	 0.130678	 -6.068113	 6277.906338	
850.000000	 1.000000	 0.000000	 -0.000000	 0.000000	 -90.000000	 -0.000000	 -0.000000	 0.000000	 -139.765387	 0.000000	 -1.424511	 1.424511	 -90.000000	 0.130408	 -0.014003	 0.131158	 -6.128976	 6279.330398	
800.000000	 1.000000	 0.000000	 -0.000000	 0.000000	 -90.000000	 -0.000000	 -0.000000	 0.000000	 -93.538573	 0.000000	 -1.424554	 1.424554	 -90.000000	 0.130836	 -0.014408	 0.131627	 -6.284308	 6280.774779	
750.000000	 1.000000	 0.000000	 -0.000000	 0.000000	 -90.000000	 0.000000	 -0.000000	 0.000000	 -36.510567	 0.000000	 -1.424443	 1.424443	 -90.000000	 0.131538	 -0.014841	 0.132372	 -6.437474	 6282.222538	
700.000000	 1.000000	 0.000000	 -0.000000	 0.000000	 -90.000000	 0.000000	 -0.000000	 0.000000	 -74.921835	 0.000000	 -1.425385	 1.425385	 -90.000000	 0.131964	 -0.015210	 0.132838	 -6.574963	 6283.681402	
650.000000	 1.000000	 0.000000	 -0.000000	 0.000000	 -90.000000	 0.000000	 0.000000	 0.000000	 35.523236	 0.000000	 -1.424766	 1.424766	 -90.000000	 0.132490	 -0.015522	 0.133396	 -6.682230	 6285.139032	
600.000000	 1.000000	 0.000000	 -0.000000	 0.000000	 -90.000000	 0.000000	 0.000000	 0.000000	 84.980506	 0.000000	 -1.425107	 1.425107	 -90.000000	 0.133268	 -0.016099	 0.134237	 -6.888075	 6286.596514	
550.000000	 1.000000	 0.000000	 -0.000000	 0.000000	 -90.000000	 -0.000000	 -0.000000	 0.000000	 -158.515280	 0.000000	 -1.424972	 1.424972	 -90.000000	 0.134037	 -0.016649	 0.135067	 -7.080692	 6288.043274	
500.000000	 1.000000	 0.000000	 -0.000000	 0.000000	 -90.000000	 -0.000000	 -0.000000	 0.000000	 -128.065796	 0.000000	 -1.425277	 1.425277	 -90.000000	 0.135043	 -0.017234	 0.136138	 -7.272716	 6289.495102	
450.000000	 1.000000	 0.000000	 -0.000000	 0.000000	 -90.000000	 0.000000	 0.000000	 0.000000	 62.591051	 0.000000	 -1.427370	 1.427370	 -90.000000	 0.136152	 -0.017613	 0.137286	 -7.371216	 6290.936657	
400.000000	 1.000000	 0.000000	 -0.000000	 0.000000	 -90.000000	 -0.000000	 0.000000	 0.000000	 171.158092	 0.000000	 -1.425856	 1.425856	 -90.000000	 0.137299	 -0.018843	 0.138585	 -7.814456	 6292.363007	
350.000000	 1.000000	 0.000000	 -0.000000	 0.000000	 -90.000000	 0.000000	 -0.000000	 0.000000	 -43.716963	 0.000000	 -1.426112	 1.426112	 -90.000000	 0.139298	 -0.019330	 0.140633	 -7.900224	 6293.791319	
300.000000	 1.000000	 0.000000	 -0.000000	 0.000000	 -90.000000	 0.000000	 -0.000000	 0.000000	 -23.113360	 0.000000	 -1.426679	 1.426679	 -90.000000	 0.140619	 -0.021050	 0.142186	 -8.513590	 6295.219236	
250.000000	 1.000000	 0.000000	 -0.000000	 0.000000	 -90.000000	 -0.000000	 0.000000	 0.000000	 140.435911	 0.000000	 -1.427431	 1.427431	 -90.000000	 0.142728	 -0.023715	 0.144685	 -9.433834	 6296.644025	
200.000000	 1.000000	 0.000000	 -0.000000	 0.000000	 -90.000000	 0.000000	 -0.000000	 0.000000	 -56.113630	 0.000000	 -1.428173	 1.428173	 -90.000000	 0.145904	 -0.024727	 0.147984	 -9.618705	 6298.116869	
