# Oscilator_frequency (Hz)	DemodAll_A (-)	Demod_1_X_A (A)	Demod_1_Y_A (A)	Demod_1__R_A (A)	Demod_1__Theta_A (deg)	Demod_2_X_A (A)	Demod_2_Y_A (A)	Demod_2__R_A (A)	Demod_2__Theta_A (deg)	Demod_3_X_A (V)	Demod_3_Y_A (V)	Demod_3__R_A (V)	Demod_3__Theta_A (deg)	Demod_4_X_A (V)	Demod_4_Y_A (V)	Demod_4__R_A (V)	Demod_4__Theta_A (deg)	Timer_GET (s)	
200.000000	 1.000000	 0.000000	 -0.000000	 0.000000	 -90.000000	 0.274498	 -0.022320	 0.275404	 -4.648677	 0.000000	 0.006031	 0.006031	 90.000000	 0.274498	 -0.022320	 0.275404	 -4.648677	 337880.991218	
199.000000	 1.000000	 0.000000	 -0.000000	 0.000000	 -90.000000	 0.274821	 -0.022521	 0.275742	 -4.684842	 0.000000	 0.005015	 0.005015	 90.000000	 0.274821	 -0.022521	 0.275742	 -4.684842	 337882.411289	
198.000000	 1.000000	 0.000000	 -0.000000	 0.000000	 -90.000000	 0.274824	 -0.022677	 0.275758	 -4.716951	 0.000000	 0.006669	 0.006669	 90.000000	 0.274824	 -0.022677	 0.275758	 -4.716951	 337883.855081	
197.000000	 1.000000	 0.000000	 -0.000000	 0.000000	 -90.000000	 0.275178	 -0.022780	 0.276119	 -4.732232	 0.000000	 0.005680	 0.005680	 90.000000	 0.275178	 -0.022780	 0.276119	 -4.732232	 337885.315627	
196.000000	 1.000000	 0.000000	 -0.000000	 0.000000	 -90.000000	 0.275182	 -0.022915	 0.276135	 -4.760228	 0.000000	 0.005354	 0.005354	 90.000000	 0.275182	 -0.022915	 0.276135	 -4.760228	 337886.795834	
195.000000	 1.000000	 0.000000	 -0.000000	 0.000000	 -90.000000	 0.275311	 -0.022892	 0.276261	 -4.753246	 0.000000	 0.005209	 0.005209	 90.000000	 0.275311	 -0.022892	 0.276261	 -4.753246	 337888.257284	
194.000000	 1.000000	 0.000000	 -0.000000	 0.000000	 -90.000000	 0.275386	 -0.023055	 0.276349	 -4.785489	 0.000000	 0.005086	 0.005086	 90.000000	 0.275386	 -0.023055	 0.276349	 -4.785489	 337889.714579	
193.000000	 1.000000	 0.000000	 -0.000000	 0.000000	 -90.000000	 0.275531	 -0.023137	 0.276501	 -4.800053	 0.000000	 0.004911	 0.004911	 90.000000	 0.275531	 -0.023137	 0.276501	 -4.800053	 337891.154724	
192.000000	 1.000000	 0.000000	 -0.000000	 0.000000	 -90.000000	 0.275583	 -0.023211	 0.276559	 -4.814424	 0.000000	 0.004778	 0.004778	 90.000000	 0.275583	 -0.023211	 0.276559	 -4.814424	 337892.611700	
191.000000	 1.000000	 0.000000	 -0.000000	 0.000000	 -90.000000	 0.275722	 -0.023254	 0.276701	 -4.820914	 0.000000	 0.004652	 0.004652	 90.000000	 0.275722	 -0.023254	 0.276701	 -4.820914	 337894.052904	
190.000000	 1.000000	 0.000000	 -0.000000	 0.000000	 -90.000000	 0.275825	 -0.023341	 0.276811	 -4.836999	 0.000000	 0.004530	 0.004530	 90.000000	 0.275825	 -0.023341	 0.276811	 -4.836999	 337895.476926	
189.000000	 1.000000	 0.000000	 -0.000000	 0.000000	 -90.000000	 0.275934	 -0.023396	 0.276924	 -4.846475	 0.000000	 0.004427	 0.004427	 90.000000	 0.275934	 -0.023396	 0.276924	 -4.846475	 337896.906861	
188.000000	 1.000000	 0.000000	 -0.000000	 0.000000	 -90.000000	 0.276049	 -0.023465	 0.277045	 -4.858682	 0.000000	 0.004291	 0.004291	 90.000000	 0.276049	 -0.023465	 0.277045	 -4.858682	 337898.325031	
187.000000	 1.000000	 0.000000	 -0.000000	 0.000000	 -90.000000	 0.276140	 -0.023558	 0.277143	 -4.876116	 0.000000	 0.004194	 0.004194	 90.000000	 0.276140	 -0.023558	 0.277143	 -4.876116	 337899.790843	
186.000000	 1.000000	 0.000000	 -0.000000	 0.000000	 -90.000000	 0.276247	 -0.023613	 0.277254	 -4.885661	 0.000000	 0.004135	 0.004135	 90.000000	 0.276247	 -0.023613	 0.277254	 -4.885661	 337901.216262	
185.000000	 1.000000	 0.000000	 -0.000000	 0.000000	 -90.000000	 0.276342	 -0.023648	 0.277352	 -4.891155	 0.000000	 0.004067	 0.004067	 90.000000	 0.276342	 -0.023648	 0.277352	 -4.891155	 337902.644845	
184.000000	 1.000000	 0.000000	 -0.000000	 0.000000	 -90.000000	 0.276480	 -0.023767	 0.277500	 -4.913266	 0.000000	 0.004013	 0.004013	 90.000000	 0.276480	 -0.023767	 0.277500	 -4.913266	 337904.078002	
183.000000	 1.000000	 0.000000	 -0.000000	 0.000000	 -90.000000	 0.276544	 -0.023808	 0.277567	 -4.920524	 0.000000	 0.003892	 0.003892	 90.000000	 0.276544	 -0.023808	 0.277567	 -4.920524	 337905.559649	
182.000000	 1.000000	 0.000000	 -0.000000	 0.000000	 -90.000000	 0.276613	 -0.023847	 0.277639	 -4.927398	 0.000000	 0.003888	 0.003888	 90.000000	 0.276611	 -0.023845	 0.277637	 -4.927033	 337906.994568	
181.000000	 1.000000	 0.000000	 -0.000000	 0.000000	 -90.000000	 0.276742	 -0.023906	 0.277773	 -4.937143	 0.000000	 0.003858	 0.003858	 90.000000	 0.276742	 -0.023906	 0.277773	 -4.937143	 337908.482527	
180.000000	 1.000000	 0.000000	 -0.000000	 0.000000	 -90.000000	 0.276794	 -0.023973	 0.277830	 -4.950108	 0.000000	 0.003754	 0.003754	 90.000000	 0.276793	 -0.023977	 0.277829	 -4.950894	 337909.897752	
179.000000	 1.000000	 0.000000	 -0.000000	 0.000000	 -90.000000	 0.276930	 -0.024000	 0.277968	 -4.953223	 0.000000	 0.003716	 0.003716	 90.000000	 0.276930	 -0.024000	 0.277968	 -4.953223	 337911.340548	
178.000000	 1.000000	 0.000000	 -0.000000	 0.000000	 -90.000000	 0.277012	 -0.024137	 0.278062	 -4.979760	 0.000000	 0.003662	 0.003662	 90.000000	 0.277016	 -0.024137	 0.278066	 -4.979713	 337912.763870	
177.000000	 1.000000	 0.000000	 -0.000000	 0.000000	 -90.000000	 0.277104	 -0.024080	 0.278148	 -4.966496	 0.000000	 0.003589	 0.003589	 90.000000	 0.277104	 -0.024080	 0.278148	 -4.966496	 337914.214442	
176.000000	 1.000000	 0.000000	 -0.000000	 0.000000	 -90.000000	 0.277200	 -0.024154	 0.278250	 -4.979880	 0.000000	 0.003514	 0.003514	 90.000000	 0.277200	 -0.024154	 0.278250	 -4.979880	 337915.640248	
175.000000	 1.000000	 0.000000	 -0.000000	 0.000000	 -90.000000	 0.277205	 -0.024264	 0.278265	 -5.002417	 0.000000	 0.003518	 0.003518	 90.000000	 0.277205	 -0.024264	 0.278265	 -5.002417	 337917.075756	
174.000000	 1.000000	 0.000000	 -0.000000	 0.000000	 -90.000000	 0.277386	 -0.024356	 0.278454	 -5.018070	 0.000000	 0.003489	 0.003489	 90.000000	 0.277386	 -0.024356	 0.278454	 -5.018070	 337918.502914	
173.000000	 1.000000	 0.000000	 -0.000000	 0.000000	 -90.000000	 0.277396	 -0.024391	 0.278467	 -5.025070	 0.000000	 0.003441	 0.003441	 90.000000	 0.277396	 -0.024391	 0.278467	 -5.025070	 337919.938255	
172.000000	 1.000000	 0.000000	 -0.000000	 0.000000	 -90.000000	 0.277502	 -0.024392	 0.278572	 -5.023409	 0.000000	 0.003457	 0.003457	 90.000000	 0.277502	 -0.024392	 0.278572	 -5.023354	 337921.382547	
171.000000	 1.000000	 0.000000	 -0.000000	 0.000000	 -90.000000	 0.277612	 -0.024456	 0.278688	 -5.034374	 0.000000	 0.003384	 0.003384	 90.000000	 0.277612	 -0.024456	 0.278688	 -5.034374	 337922.838290	
170.000000	 1.000000	 0.000000	 -0.000000	 0.000000	 -90.000000	 0.277771	 -0.024511	 0.278851	 -5.042762	 0.000000	 0.003322	 0.003322	 90.000000	 0.277771	 -0.024511	 0.278851	 -5.042762	 337924.280102	
169.000000	 1.000000	 0.000000	 -0.000000	 0.000000	 -90.000000	 0.277832	 -0.024583	 0.278918	 -5.056535	 0.000000	 0.003278	 0.003278	 90.000000	 0.277832	 -0.024583	 0.278918	 -5.056535	 337925.698924	
168.000000	 1.000000	 0.000000	 -0.000000	 0.000000	 -90.000000	 0.277923	 -0.024606	 0.279010	 -5.059602	 0.000000	 0.003288	 0.003288	 90.000000	 0.277923	 -0.024606	 0.279010	 -5.059603	 337927.124613	
167.000000	 1.000000	 0.000000	 -0.000000	 0.000000	 -90.000000	 0.278051	 -0.024634	 0.279140	 -5.062914	 0.000000	 0.003251	 0.003251	 90.000000	 0.278051	 -0.024634	 0.279140	 -5.062914	 337928.568709	
166.000000	 1.000000	 0.000000	 -0.000000	 0.000000	 -90.000000	 0.278177	 -0.024747	 0.279275	 -5.083653	 0.000000	 0.003283	 0.003283	 90.000000	 0.278177	 -0.024747	 0.279275	 -5.083653	 337930.041720	
165.000000	 1.000000	 0.000000	 -0.000000	 0.000000	 -90.000000	 0.278258	 -0.024770	 0.279359	 -5.087000	 0.000000	 0.003198	 0.003198	 90.000000	 0.278258	 -0.024770	 0.279359	 -5.087000	 337931.472817	
164.000000	 1.000000	 0.000000	 -0.000000	 0.000000	 -90.000000	 0.278366	 -0.024836	 0.279472	 -5.098539	 0.000000	 0.003181	 0.003181	 90.000000	 0.278366	 -0.024836	 0.279472	 -5.098539	 337932.943702	
163.000000	 1.000000	 0.000000	 -0.000000	 0.000000	 -90.000000	 0.278458	 -0.024856	 0.279565	 -5.100800	 0.000000	 0.003155	 0.003155	 90.000000	 0.278458	 -0.024856	 0.279565	 -5.100800	 337934.388091	
162.000000	 1.000000	 0.000000	 -0.000000	 0.000000	 -90.000000	 0.278621	 -0.024930	 0.279734	 -5.112901	 0.000000	 0.003203	 0.003203	 90.000000	 0.278631	 -0.024922	 0.279744	 -5.111130	 337935.817895	
161.000000	 1.000000	 0.000000	 -0.000000	 0.000000	 -90.000000	 0.278691	 -0.024948	 0.279806	 -5.115316	 0.000000	 0.003105	 0.003105	 90.000000	 0.278691	 -0.024948	 0.279806	 -5.115316	 337937.222190	
160.000000	 1.000000	 0.000000	 -0.000000	 0.000000	 -90.000000	 0.278846	 -0.025008	 0.279965	 -5.124712	 0.000000	 0.003059	 0.003059	 90.000000	 0.278868	 -0.024990	 0.279986	 -5.120734	 337938.650214	
159.000000	 1.000000	 0.000000	 -0.000000	 0.000000	 -90.000000	 0.278918	 -0.025117	 0.280046	 -5.145602	 0.000000	 0.003052	 0.003052	 90.000000	 0.278918	 -0.025117	 0.280046	 -5.145602	 337940.097826	
158.000000	 1.000000	 0.000000	 -0.000000	 0.000000	 -90.000000	 0.278952	 -0.024972	 0.280068	 -5.115443	 0.000000	 0.003070	 0.003070	 90.000000	 0.278952	 -0.024972	 0.280068	 -5.115443	 337941.524290	
157.000000	 1.000000	 0.000000	 -0.000000	 0.000000	 -90.000000	 0.279246	 -0.025370	 0.280397	 -5.191110	 0.000000	 0.003052	 0.003052	 90.000000	 0.279246	 -0.025370	 0.280397	 -5.191110	 337942.976212	
156.000000	 1.000000	 0.000000	 -0.000000	 0.000000	 -90.000000	 0.279524	 -0.025177	 0.280656	 -5.146717	 0.000000	 0.003012	 0.003012	 90.000000	 0.279546	 -0.025116	 0.280672	 -5.134030	 337944.425230	
155.000000	 1.000000	 0.000000	 -0.000000	 0.000000	 -90.000000	 0.278822	 -0.025509	 0.279986	 -5.227317	 0.000000	 0.002983	 0.002983	 90.000000	 0.278822	 -0.025509	 0.279986	 -5.227318	 337945.865680	
154.000000	 1.000000	 0.000000	 -0.000000	 0.000000	 -90.000000	 0.278901	 -0.025870	 0.280098	 -5.299448	 0.000000	 0.002983	 0.002983	 90.000000	 0.278901	 -0.025870	 0.280098	 -5.299448	 337947.290755	
153.000000	 1.000000	 0.000000	 -0.000000	 0.000000	 -90.000000	 0.280336	 -0.024679	 0.281420	 -5.030904	 0.000000	 0.002934	 0.002934	 90.000000	 0.280336	 -0.024679	 0.281420	 -5.030904	 337948.714676	
152.000000	 1.000000	 0.000000	 -0.000000	 0.000000	 -90.000000	 0.280849	 -0.024844	 0.281946	 -5.055169	 0.000000	 0.002911	 0.002911	 90.000000	 0.280824	 -0.024771	 0.281914	 -5.040869	 337950.118922	
151.000000	 1.000000	 0.000000	 -0.000000	 0.000000	 -90.000000	 0.278722	 -0.024355	 0.279784	 -4.993944	 0.000000	 0.002905	 0.002905	 90.000000	 0.278692	 -0.024385	 0.279757	 -5.000450	 337951.567356	
150.000000	 1.000000	 0.000000	 -0.000000	 0.000000	 -90.000000	 0.281137	 -0.024685	 0.282219	 -5.017930	 0.000000	 0.002889	 0.002889	 90.000000	 0.281137	 -0.024685	 0.282219	 -5.017930	 337952.981736	
149.000000	 1.000000	 0.000000	 -0.000000	 0.000000	 -90.000000	 0.279688	 -0.024059	 0.280721	 -4.916481	 0.000000	 0.002917	 0.002917	 90.000000	 0.279688	 -0.024059	 0.280721	 -4.916481	 337954.442764	
148.000000	 1.000000	 0.000000	 -0.000000	 0.000000	 -90.000000	 0.281066	 -0.026432	 0.282306	 -5.372481	 0.000000	 0.002871	 0.002871	 90.000000	 0.281066	 -0.026432	 0.282306	 -5.372481	 337955.874587	
147.000000	 1.000000	 0.000000	 -0.000000	 0.000000	 -90.000000	 0.281153	 -0.026135	 0.282365	 -5.310698	 0.000000	 0.002856	 0.002856	 90.000000	 0.281114	 -0.026221	 0.282334	 -5.328886	 337957.328497	
146.000000	 1.000000	 0.000000	 -0.000000	 0.000000	 -90.000000	 0.279543	 -0.025309	 0.280686	 -5.173288	 0.000000	 0.002875	 0.002875	 90.000000	 0.279543	 -0.025309	 0.280686	 -5.173289	 337958.759642	
145.000000	 1.000000	 0.000000	 -0.000000	 0.000000	 -90.000000	 0.280061	 -0.026072	 0.281272	 -5.318545	 0.000000	 0.002840	 0.002840	 90.000000	 0.279985	 -0.026034	 0.281193	 -5.312318	 337960.236479	
144.000000	 1.000000	 0.000000	 -0.000000	 0.000000	 -90.000000	 0.280899	 -0.025862	 0.282087	 -5.260226	 0.000000	 0.002825	 0.002825	 90.000000	 0.280899	 -0.025862	 0.282087	 -5.260226	 337961.661731	
143.000000	 1.000000	 0.000000	 -0.000000	 0.000000	 -90.000000	 0.280743	 -0.026032	 0.281947	 -5.297618	 0.000000	 0.002867	 0.002867	 90.000000	 0.280743	 -0.026032	 0.281947	 -5.297618	 337963.100182	
142.000000	 1.000000	 0.000000	 -0.000000	 0.000000	 -90.000000	 0.280891	 -0.025920	 0.282085	 -5.272284	 0.000000	 0.002846	 0.002846	 90.000000	 0.280891	 -0.025920	 0.282085	 -5.272284	 337964.504195	
141.000000	 1.000000	 0.000000	 -0.000000	 0.000000	 -90.000000	 0.280799	 -0.025950	 0.281996	 -5.279968	 0.000000	 0.002802	 0.002802	 90.000000	 0.280799	 -0.025950	 0.281996	 -5.279968	 337965.932220	
140.000000	 1.000000	 0.000000	 -0.000000	 0.000000	 -90.000000	 0.281000	 -0.025943	 0.282195	 -5.274898	 0.000000	 0.002796	 0.002796	 90.000000	 0.281000	 -0.025943	 0.282195	 -5.274898	 337967.377242	
139.000000	 1.000000	 0.000000	 -0.000000	 0.000000	 -90.000000	 0.281084	 -0.025982	 0.282282	 -5.281206	 0.000000	 0.002768	 0.002768	 90.000000	 0.281084	 -0.025982	 0.282282	 -5.281206	 337968.817199	
138.000000	 1.000000	 0.000000	 -0.000000	 0.000000	 -90.000000	 0.281240	 -0.026030	 0.282442	 -5.287914	 0.000000	 0.002817	 0.002817	 90.000000	 0.281240	 -0.026030	 0.282442	 -5.287914	 337970.255783	
137.000000	 1.000000	 0.000000	 -0.000000	 0.000000	 -90.000000	 0.281374	 -0.026100	 0.282582	 -5.299488	 0.000000	 0.002757	 0.002757	 90.000000	 0.281374	 -0.026100	 0.282582	 -5.299488	 337971.688104	
136.000000	 1.000000	 0.000000	 -0.000000	 0.000000	 -90.000000	 0.281514	 -0.026089	 0.282720	 -5.294787	 0.000000	 0.002785	 0.002785	 90.000000	 0.281514	 -0.026095	 0.282721	 -5.295910	 337973.119716	
135.000000	 1.000000	 0.000000	 -0.000000	 0.000000	 -90.000000	 0.281614	 -0.026161	 0.282827	 -5.307370	 0.000000	 0.002764	 0.002764	 90.000000	 0.281614	 -0.026161	 0.282827	 -5.307370	 337974.572591	
134.000000	 1.000000	 0.000000	 -0.000000	 0.000000	 -90.000000	 0.281794	 -0.026238	 0.283013	 -5.319474	 0.000000	 0.002716	 0.002716	 90.000000	 0.281794	 -0.026238	 0.283013	 -5.319474	 337976.008626	
133.000000	 1.000000	 0.000000	 -0.000000	 0.000000	 -90.000000	 0.281843	 -0.026217	 0.283060	 -5.314344	 0.000000	 0.002746	 0.002746	 90.000000	 0.281844	 -0.026217	 0.283061	 -5.314320	 337977.445853	
132.000000	 1.000000	 0.000000	 -0.000000	 0.000000	 -90.000000	 0.281945	 -0.026291	 0.283168	 -5.327285	 0.000000	 0.002709	 0.002709	 90.000000	 0.281945	 -0.026291	 0.283168	 -5.327285	 337978.899880	
131.000000	 1.000000	 0.000000	 -0.000000	 0.000000	 -90.000000	 0.282194	 -0.026358	 0.283423	 -5.336132	 0.000000	 0.002706	 0.002706	 90.000000	 0.282194	 -0.026358	 0.283423	 -5.336132	 337980.331593	
130.000000	 1.000000	 0.000000	 -0.000000	 0.000000	 -90.000000	 0.282307	 -0.026371	 0.283536	 -5.336718	 0.000000	 0.002690	 0.002690	 90.000000	 0.282307	 -0.026371	 0.283536	 -5.336718	 337981.773738	
129.000000	 1.000000	 0.000000	 -0.000000	 0.000000	 -90.000000	 0.282408	 -0.026457	 0.283645	 -5.351982	 0.000000	 0.002632	 0.002632	 90.000000	 0.282408	 -0.026457	 0.283645	 -5.351982	 337983.205024	
128.000000	 1.000000	 0.000000	 -0.000000	 0.000000	 -90.000000	 0.282526	 -0.026471	 0.283763	 -5.352662	 0.000000	 0.002649	 0.002649	 90.000000	 0.282526	 -0.026472	 0.283763	 -5.352909	 337984.634345	
127.000000	 1.000000	 0.000000	 -0.000000	 0.000000	 -90.000000	 0.282762	 -0.026544	 0.284005	 -5.362807	 0.000000	 0.002688	 0.002688	 90.000000	 0.282762	 -0.026544	 0.284005	 -5.362807	 337986.095226	
126.000000	 1.000000	 0.000000	 -0.000000	 0.000000	 -90.000000	 0.282846	 -0.026498	 0.284084	 -5.352033	 0.000000	 0.002641	 0.002641	 90.000000	 0.282846	 -0.026498	 0.284084	 -5.352033	 337987.555849	
125.000000	 1.000000	 0.000000	 -0.000000	 0.000000	 -90.000000	 0.283020	 -0.026633	 0.284270	 -5.375855	 0.000000	 0.002645	 0.002645	 90.000000	 0.283020	 -0.026633	 0.284270	 -5.375855	 337988.993757	
124.000000	 1.000000	 0.000000	 -0.000000	 0.000000	 -90.000000	 0.283074	 -0.026652	 0.284326	 -5.378747	 0.000000	 0.002546	 0.002546	 90.000000	 0.283074	 -0.026652	 0.284326	 -5.378747	 337990.438124	
123.000000	 1.000000	 0.000000	 -0.000000	 0.000000	 -90.000000	 0.283217	 -0.026606	 0.284464	 -5.366802	 0.000000	 0.002607	 0.002607	 90.000000	 0.283217	 -0.026606	 0.284464	 -5.366802	 337991.863454	
122.000000	 1.000000	 0.000000	 -0.000000	 0.000000	 -90.000000	 0.283373	 -0.026660	 0.284625	 -5.374535	 0.000000	 0.002664	 0.002664	 90.000000	 0.283373	 -0.026660	 0.284625	 -5.374535	 337993.301455	
121.000000	 1.000000	 0.000000	 -0.000000	 0.000000	 -90.000000	 0.283492	 -0.026775	 0.284754	 -5.395325	 0.000000	 0.002614	 0.002614	 90.000000	 0.283494	 -0.026775	 0.284756	 -5.395454	 337994.724061	
120.000000	 1.000000	 0.000000	 -0.000000	 0.000000	 -90.000000	 0.283693	 -0.026841	 0.284960	 -5.404761	 0.000000	 0.002585	 0.002585	 90.000000	 0.283693	 -0.026841	 0.284960	 -5.404761	 337996.164171	
119.000000	 1.000000	 0.000000	 -0.000000	 0.000000	 -90.000000	 0.283782	 -0.026786	 0.285044	 -5.392218	 0.000000	 0.002571	 0.002571	 90.000000	 0.283782	 -0.026786	 0.285044	 -5.392218	 337997.607401	
118.000000	 1.000000	 0.000000	 -0.000000	 0.000000	 -90.000000	 0.284002	 -0.026915	 0.285275	 -5.413708	 0.000000	 0.002489	 0.002489	 90.000000	 0.283999	 -0.026916	 0.285271	 -5.414102	 337999.023588	
117.000000	 1.000000	 0.000000	 -0.000000	 0.000000	 -90.000000	 0.284103	 -0.026910	 0.285375	 -5.410825	 0.000000	 0.002512	 0.002512	 90.000000	 0.284105	 -0.026910	 0.285377	 -5.410818	 338000.446708	
116.000000	 1.000000	 0.000000	 -0.000000	 0.000000	 -90.000000	 0.284305	 -0.026991	 0.285584	 -5.423194	 0.000000	 0.002486	 0.002486	 90.000000	 0.284305	 -0.026991	 0.285584	 -5.423194	 338001.925375	
115.000000	 1.000000	 0.000000	 -0.000000	 0.000000	 -90.000000	 0.284367	 -0.026959	 0.285642	 -5.415626	 0.000000	 0.002528	 0.002528	 90.000000	 0.284367	 -0.026958	 0.285642	 -5.415443	 338003.332075	
114.000000	 1.000000	 0.000000	 -0.000000	 0.000000	 -90.000000	 0.284487	 -0.027037	 0.285769	 -5.428990	 0.000000	 0.002481	 0.002481	 90.000000	 0.284487	 -0.027037	 0.285769	 -5.428990	 338004.778779	
113.000000	 1.000000	 0.000000	 -0.000000	 0.000000	 -90.000000	 0.284756	 -0.027097	 0.286043	 -5.435853	 0.000000	 0.002541	 0.002541	 90.000000	 0.284756	 -0.027097	 0.286043	 -5.435853	 338006.239866	
112.000000	 1.000000	 0.000000	 -0.000000	 0.000000	 -90.000000	 0.284855	 -0.027091	 0.286140	 -5.432788	 0.000000	 0.002495	 0.002495	 90.000000	 0.284855	 -0.027091	 0.286140	 -5.432788	 338007.694903	
111.000000	 1.000000	 0.000000	 -0.000000	 0.000000	 -90.000000	 0.284991	 -0.027207	 0.286287	 -5.453234	 0.000000	 0.002507	 0.002507	 90.000000	 0.284991	 -0.027207	 0.286287	 -5.453234	 338009.156809	
110.000000	 1.000000	 0.000000	 -0.000000	 0.000000	 -90.000000	 0.285197	 -0.027172	 0.286488	 -5.442452	 0.000000	 0.002521	 0.002521	 90.000000	 0.285197	 -0.027172	 0.286488	 -5.442452	 338010.602450	
109.000000	 1.000000	 0.000000	 -0.000000	 0.000000	 -90.000000	 0.285351	 -0.027232	 0.286647	 -5.451462	 0.000000	 0.002456	 0.002456	 90.000000	 0.285351	 -0.027232	 0.286647	 -5.451462	 338012.041609	
108.000000	 1.000000	 0.000000	 -0.000000	 0.000000	 -90.000000	 0.285540	 -0.027230	 0.286835	 -5.447337	 0.000000	 0.002427	 0.002427	 90.000000	 0.285533	 -0.027229	 0.286828	 -5.447318	 338013.485612	
107.000000	 1.000000	 0.000000	 -0.000000	 0.000000	 -90.000000	 0.285713	 -0.027273	 0.287012	 -5.452786	 0.000000	 0.002435	 0.002435	 90.000000	 0.285713	 -0.027273	 0.287012	 -5.452786	 338014.935706	
106.000000	 1.000000	 0.000000	 -0.000000	 0.000000	 -90.000000	 0.285884	 -0.027309	 0.287186	 -5.456516	 0.000000	 0.002356	 0.002356	 90.000000	 0.285884	 -0.027309	 0.287186	 -5.456516	 338016.376357	
105.000000	 1.000000	 0.000000	 -0.000000	 0.000000	 -90.000000	 0.286109	 -0.027422	 0.287420	 -5.474726	 0.000000	 0.002668	 0.002668	 90.000000	 0.286109	 -0.027422	 0.287420	 -5.474725	 338017.794830	
104.000000	 1.000000	 0.000000	 -0.000000	 0.000000	 -90.000000	 0.286266	 -0.027487	 0.287583	 -5.484665	 0.000000	 0.002779	 0.002779	 90.000000	 0.286266	 -0.027487	 0.287583	 -5.484665	 338019.229754	
103.000000	 1.000000	 0.000000	 -0.000000	 0.000000	 -90.000000	 0.286354	 -0.027343	 0.287656	 -5.454489	 0.000000	 0.001857	 0.001857	 90.000000	 0.286354	 -0.027343	 0.287656	 -5.454489	 338020.701853	
102.000000	 1.000000	 0.000000	 -0.000000	 0.000000	 -90.000000	 0.286715	 -0.027399	 0.288021	 -5.458643	 0.000000	 0.002197	 0.002197	 90.000000	 0.286715	 -0.027399	 0.288021	 -5.458644	 338022.157957	
101.000000	 1.000000	 0.000000	 -0.000000	 0.000000	 -90.000000	 0.286604	 -0.027485	 0.287918	 -5.477861	 0.000000	 0.001607	 0.001607	 90.000000	 0.286600	 -0.027487	 0.287915	 -5.478423	 338023.589611	
100.000000	 1.000000	 0.000000	 -0.000000	 0.000000	 -90.000000	 0.286966	 -0.027432	 0.288274	 -5.460505	 0.000000	 0.002355	 0.002355	 90.000000	 0.286966	 -0.027432	 0.288274	 -5.460505	 338025.021278	
99.000000	 1.000000	 0.000000	 -0.000000	 0.000000	 -90.000000	 0.286962	 -0.027527	 0.288280	 -5.479410	 0.000000	 0.001726	 0.001726	 90.000000	 0.286962	 -0.027527	 0.288280	 -5.479410	 338026.451597	
98.000000	 1.000000	 0.000000	 -0.000000	 0.000000	 -90.000000	 0.287346	 -0.027548	 0.288663	 -5.476289	 0.000000	 0.003035	 0.003035	 90.000000	 0.287346	 -0.027548	 0.288663	 -5.476289	 338027.891035	
97.000000	 1.000000	 0.000000	 -0.000000	 0.000000	 -90.000000	 0.287469	 -0.027537	 0.288785	 -5.471644	 0.000000	 0.002821	 0.002821	 90.000000	 0.287469	 -0.027537	 0.288785	 -5.471644	 338029.327381	
96.000000	 1.000000	 0.000000	 -0.000000	 0.000000	 -90.000000	 0.287540	 -0.027747	 0.288875	 -5.511851	 0.000000	 0.002117	 0.002117	 90.000000	 0.287540	 -0.027747	 0.288875	 -5.511851	 338030.761702	
95.000000	 1.000000	 0.000000	 -0.000000	 0.000000	 -90.000000	 0.287776	 -0.027727	 0.289109	 -5.503351	 0.000000	 0.002234	 0.002234	 90.000000	 0.287772	 -0.027714	 0.289103	 -5.500870	 338032.191857	
94.000000	 1.000000	 0.000000	 -0.000000	 0.000000	 -90.000000	 0.288070	 -0.027717	 0.289400	 -5.495898	 0.000000	 0.002614	 0.002614	 90.000000	 0.288070	 -0.027717	 0.289400	 -5.495898	 338033.672514	
93.000000	 1.000000	 0.000000	 -0.000000	 0.000000	 -90.000000	 0.288240	 -0.027782	 0.289576	 -5.505401	 0.000000	 0.002435	 0.002435	 90.000000	 0.288240	 -0.027782	 0.289576	 -5.505401	 338035.112459	
92.000000	 1.000000	 0.000000	 -0.000000	 0.000000	 -90.000000	 0.288438	 -0.027734	 0.289769	 -5.492329	 0.000000	 0.002389	 0.002389	 90.000000	 0.288438	 -0.027734	 0.289769	 -5.492329	 338036.559935	
91.000000	 1.000000	 0.000000	 -0.000000	 0.000000	 -90.000000	 0.288656	 -0.027865	 0.289997	 -5.513872	 0.000000	 0.002447	 0.002447	 90.000000	 0.288656	 -0.027865	 0.289997	 -5.513872	 338037.971403	
90.000000	 1.000000	 0.000000	 -0.000000	 0.000000	 -90.000000	 0.288755	 -0.027887	 0.290099	 -5.516416	 0.000000	 0.002453	 0.002453	 90.000000	 0.288755	 -0.027887	 0.290099	 -5.516416	 338039.422863	
89.000000	 1.000000	 0.000000	 -0.000000	 0.000000	 -90.000000	 0.289080	 -0.027830	 0.290417	 -5.499048	 0.000000	 0.002416	 0.002416	 90.000000	 0.289080	 -0.027830	 0.290417	 -5.499048	 338040.844531	
88.000000	 1.000000	 0.000000	 -0.000000	 0.000000	 -90.000000	 0.289215	 -0.027931	 0.290560	 -5.516314	 0.000000	 0.002469	 0.002469	 90.000000	 0.289215	 -0.027931	 0.290560	 -5.516314	 338042.276901	
87.000000	 1.000000	 0.000000	 -0.000000	 0.000000	 -90.000000	 0.289553	 -0.027993	 0.290903	 -5.521903	 0.000000	 0.002418	 0.002418	 90.000000	 0.289553	 -0.027993	 0.290903	 -5.521903	 338043.711626	
86.000000	 1.000000	 0.000000	 -0.000000	 0.000000	 -90.000000	 0.289705	 -0.027923	 0.291047	 -5.505433	 0.000000	 0.002364	 0.002364	 90.000000	 0.289705	 -0.027923	 0.291047	 -5.505433	 338045.151435	
85.000000	 1.000000	 0.000000	 -0.000000	 0.000000	 -90.000000	 0.290025	 -0.027969	 0.291371	 -5.508438	 0.000000	 0.002407	 0.002407	 90.000000	 0.290025	 -0.027969	 0.291371	 -5.508438	 338046.556268	
84.000000	 1.000000	 0.000000	 -0.000000	 0.000000	 -90.000000	 0.290298	 -0.028008	 0.291646	 -5.510936	 0.000000	 0.002368	 0.002368	 90.000000	 0.290295	 -0.028007	 0.291643	 -5.510653	 338048.000701	
83.000000	 1.000000	 0.000000	 -0.000000	 0.000000	 -90.000000	 0.290459	 -0.027982	 0.291804	 -5.502681	 0.000000	 0.002393	 0.002393	 90.000000	 0.290459	 -0.027982	 0.291804	 -5.502681	 338049.441916	
82.000000	 1.000000	 0.000000	 -0.000000	 0.000000	 -90.000000	 0.290760	 -0.028085	 0.292113	 -5.517244	 0.000000	 0.002410	 0.002410	 90.000000	 0.290760	 -0.028084	 0.292113	 -5.516982	 338050.882274	
81.000000	 1.000000	 0.000000	 -0.000000	 0.000000	 -90.000000	 0.290897	 -0.028186	 0.292259	 -5.534253	 0.000000	 0.002405	 0.002405	 90.000000	 0.290897	 -0.028186	 0.292259	 -5.534253	 338052.306635	
80.000000	 1.000000	 0.000000	 -0.000000	 0.000000	 -90.000000	 0.291150	 -0.028057	 0.292499	 -5.504306	 0.000000	 0.002346	 0.002346	 90.000000	 0.291150	 -0.028057	 0.292499	 -5.504306	 338053.743666	
79.000000	 1.000000	 0.000000	 -0.000000	 0.000000	 -90.000000	 0.291537	 -0.028170	 0.292895	 -5.519139	 0.000000	 0.002329	 0.002329	 90.000000	 0.291537	 -0.028170	 0.292895	 -5.519139	 338055.193765	
78.000000	 1.000000	 0.000000	 -0.000000	 0.000000	 -90.000000	 0.291690	 -0.028012	 0.293032	 -5.485542	 0.000000	 0.002331	 0.002331	 90.000000	 0.291690	 -0.028012	 0.293032	 -5.485542	 338056.628632	
77.000000	 1.000000	 0.000000	 -0.000000	 0.000000	 -90.000000	 0.292083	 -0.028076	 0.293429	 -5.490614	 0.000000	 0.002364	 0.002364	 90.000000	 0.292083	 -0.028076	 0.293429	 -5.490614	 338058.051930	
76.000000	 1.000000	 0.000000	 -0.000000	 0.000000	 -90.000000	 0.292308	 -0.028184	 0.293664	 -5.507323	 0.000000	 0.002371	 0.002371	 90.000000	 0.292308	 -0.028184	 0.293664	 -5.507323	 338059.477937	
75.000000	 1.000000	 0.000000	 -0.000000	 0.000000	 -90.000000	 0.292518	 -0.028214	 0.293875	 -5.509219	 0.000000	 0.002399	 0.002399	 90.000000	 0.292518	 -0.028214	 0.293875	 -5.509219	 338060.928229	
74.000000	 1.000000	 0.000000	 -0.000000	 0.000000	 -90.000000	 0.292923	 -0.028281	 0.294286	 -5.514670	 0.000000	 0.002350	 0.002350	 90.000000	 0.292923	 -0.028281	 0.294286	 -5.514669	 338062.364194	
73.000000	 1.000000	 0.000000	 -0.000000	 0.000000	 -90.000000	 0.292819	 -0.028102	 0.294165	 -5.481874	 0.000000	 0.002432	 0.002432	 90.000000	 0.292819	 -0.028102	 0.294165	 -5.481874	 338063.783695	
72.000000	 1.000000	 0.000000	 -0.000000	 0.000000	 -90.000000	 0.293396	 -0.028371	 0.294765	 -5.523286	 0.000000	 0.002410	 0.002410	 90.000000	 0.293396	 -0.028371	 0.294765	 -5.523286	 338065.252256	
71.000000	 1.000000	 0.000000	 -0.000000	 0.000000	 -90.000000	 0.293438	 -0.028261	 0.294796	 -5.501128	 0.000000	 0.002367	 0.002367	 90.000000	 0.293438	 -0.028261	 0.294796	 -5.501128	 338066.697442	
70.000000	 1.000000	 0.000000	 -0.000000	 0.000000	 -90.000000	 0.293899	 -0.028372	 0.295265	 -5.514126	 0.000000	 0.002350	 0.002350	 90.000000	 0.293899	 -0.028372	 0.295265	 -5.514126	 338068.153841	
69.000000	 1.000000	 0.000000	 -0.000000	 0.000000	 -90.000000	 0.294301	 -0.028146	 0.295644	 -5.462924	 0.000000	 0.002329	 0.002329	 90.000000	 0.294301	 -0.028146	 0.295644	 -5.462924	 338069.588291	
68.000000	 1.000000	 0.000000	 -0.000000	 0.000000	 -90.000000	 0.294492	 -0.028054	 0.295825	 -5.441688	 0.000000	 0.002338	 0.002338	 90.000000	 0.294467	 -0.027981	 0.295794	 -5.428138	 338071.035185	
67.000000	 1.000000	 0.000000	 -0.000000	 0.000000	 -90.000000	 0.294809	 -0.028154	 0.296150	 -5.455184	 0.000000	 0.002387	 0.002387	 90.000000	 0.294809	 -0.028154	 0.296150	 -5.455184	 338072.464676	
66.000000	 1.000000	 0.000000	 -0.000000	 0.000000	 -90.000000	 0.295208	 -0.027987	 0.296532	 -5.415753	 0.000000	 0.002336	 0.002336	 90.000000	 0.295208	 -0.027987	 0.296532	 -5.415753	 338073.889439	
65.000000	 1.000000	 0.000000	 -0.000000	 0.000000	 -90.000000	 0.295599	 -0.028160	 0.296937	 -5.441853	 0.000000	 0.002340	 0.002340	 90.000000	 0.295599	 -0.028160	 0.296937	 -5.441853	 338075.364552	
64.000000	 1.000000	 0.000000	 -0.000000	 0.000000	 -90.000000	 0.295882	 -0.028221	 0.297225	 -5.448402	 0.000000	 0.002360	 0.002360	 90.000000	 0.295735	 -0.028362	 0.297092	 -5.478030	 338076.791694	
63.000000	 1.000000	 0.000000	 -0.000000	 0.000000	 -90.000000	 0.296028	 -0.027670	 0.297318	 -5.339951	 0.000000	 0.002368	 0.002368	 90.000000	 0.296028	 -0.027670	 0.297318	 -5.339951	 338078.196941	
62.000000	 1.000000	 0.000000	 -0.000000	 0.000000	 -90.000000	 0.296946	 -0.029093	 0.298368	 -5.595573	 0.000000	 0.002311	 0.002311	 90.000000	 0.296946	 -0.029093	 0.298368	 -5.595573	 338079.635300	
61.000000	 1.000000	 0.000000	 -0.000000	 0.000000	 -90.000000	 0.297867	 -0.027329	 0.299118	 -5.242116	 0.000000	 0.002388	 0.002388	 90.000000	 0.298031	 -0.026551	 0.299211	 -5.090884	 338081.053193	
60.000000	 1.000000	 0.000000	 -0.000000	 0.000000	 -90.000000	 0.294549	 -0.029343	 0.296007	 -5.689054	 0.000000	 0.002431	 0.002431	 90.000000	 0.294549	 -0.029343	 0.296007	 -5.689054	 338082.487445	
59.000000	 1.000000	 0.000000	 -0.000000	 0.000000	 -90.000000	 0.292371	 -0.030351	 0.293942	 -5.926741	 0.000000	 0.002371	 0.002371	 90.000000	 0.292371	 -0.030351	 0.293942	 -5.926741	 338084.022820	
58.000000	 1.000000	 0.000000	 -0.000000	 0.000000	 -90.000000	 0.305824	 -0.032960	 0.307595	 -6.151304	 0.000000	 0.002035	 0.002035	 90.000000	 0.305824	 -0.032960	 0.307595	 -6.151304	 338085.473095	
57.000000	 1.000000	 0.000000	 -0.000000	 0.000000	 -90.000000	 0.294079	 -0.014994	 0.294461	 -2.918743	 0.000000	 0.002840	 0.002840	 90.000000	 0.294079	 -0.014994	 0.294461	 -2.918743	 338086.940456	
56.000000	 1.000000	 0.000000	 -0.000000	 0.000000	 -90.000000	 0.279157	 -0.016395	 0.279639	 -3.361166	 0.000000	 0.003254	 0.003254	 90.000000	 0.279157	 -0.016395	 0.279639	 -3.361166	 338088.395066	
55.000000	 1.000000	 0.000000	 -0.000000	 0.000000	 -90.000000	 0.319584	 -0.002407	 0.319593	 -0.431465	 0.000000	 0.002258	 0.002258	 90.000000	 0.319584	 -0.002407	 0.319593	 -0.431465	 338089.808652	
54.000000	 1.000000	 0.000000	 -0.000000	 0.000000	 -90.000000	 0.336393	 0.001231	 0.336395	 0.209730	 0.000000	 0.001330	 0.001330	 90.000000	 0.336393	 0.001231	 0.336395	 0.209730	 338091.247381	
53.000000	 1.000000	 0.000000	 -0.000000	 0.000000	 -90.000000	 0.248458	 -0.065493	 0.256945	 -14.767128	 0.000000	 0.004489	 0.004489	 90.000000	 0.248458	 -0.065493	 0.256945	 -14.767128	 338092.696474	
52.000000	 1.000000	 0.000000	 -0.000000	 0.000000	 -90.000000	 0.233202	 0.010691	 0.233447	 2.624767	 0.000000	 0.005445	 0.005445	 90.000000	 0.233202	 0.010691	 0.233447	 2.624767	 338094.153917	
51.000000	 1.000000	 0.000000	 -0.000000	 0.000000	 -90.000000	 0.279485	 -0.111221	 0.300802	 -21.700061	 0.000000	 0.005234	 0.005234	 90.000000	 0.279485	 -0.111221	 0.300802	 -21.700061	 338095.593872	
50.000000	 1.000000	 0.000000	 -0.000000	 0.000000	 -90.000000	 0.209636	 -0.010533	 0.209901	 -2.876447	 0.000000	 0.002345	 0.002345	 90.000000	 0.209636	 -0.010533	 0.209901	 -2.876447	 338097.032977	
49.000000	 1.000000	 0.000000	 -0.000000	 0.000000	 -90.000000	 0.257045	 -0.101316	 0.276292	 -21.512247	 0.000000	 0.002656	 0.002656	 90.000000	 0.257045	 -0.101316	 0.276292	 -21.512247	 338098.483879	
48.000000	 1.000000	 0.000000	 -0.000000	 0.000000	 -90.000000	 0.272923	 0.041224	 0.276019	 8.589402	 0.000000	 0.003736	 0.003736	 90.000000	 0.272923	 0.041224	 0.276019	 8.589402	 338099.929830	
47.000000	 1.000000	 0.000000	 -0.000000	 0.000000	 -90.000000	 0.251923	 0.006973	 0.252019	 1.585382	 0.000000	 0.004132	 0.004132	 90.000000	 0.251923	 0.006973	 0.252019	 1.585382	 338101.363216	
46.000000	 1.000000	 0.000000	 -0.000000	 0.000000	 -90.000000	 0.344125	 -0.046537	 0.347258	 -7.701481	 0.000000	 0.001259	 0.001259	 90.000000	 0.343560	 -0.049267	 0.347074	 -8.160727	 338102.804655	
45.000000	 1.000000	 0.000000	 -0.000000	 0.000000	 -90.000000	 0.322648	 -0.051251	 0.326693	 -9.025756	 0.000000	 0.002483	 0.002483	 90.000000	 0.322648	 -0.051251	 0.326693	 -9.025756	 338104.239306	
44.000000	 1.000000	 0.000000	 -0.000000	 0.000000	 -90.000000	 0.297517	 -0.006607	 0.297590	 -1.272229	 0.000000	 0.001943	 0.001943	 90.000000	 0.297517	 -0.006607	 0.297590	 -1.272229	 338105.689129	
43.000000	 1.000000	 0.000000	 -0.000000	 0.000000	 -90.000000	 0.303281	 -0.010076	 0.303449	 -1.902938	 0.000000	 0.001920	 0.001920	 90.000000	 0.303281	 -0.010076	 0.303449	 -1.902938	 338107.159492	
42.000000	 1.000000	 0.000000	 -0.000000	 0.000000	 -90.000000	 0.304499	 -0.035623	 0.306575	 -6.672598	 0.000000	 0.002676	 0.002676	 90.000000	 0.304499	 -0.035623	 0.306575	 -6.672598	 338108.609498	
41.000000	 1.000000	 0.000000	 -0.000000	 0.000000	 -90.000000	 0.300606	 -0.025037	 0.301647	 -4.761037	 0.000000	 0.002376	 0.002376	 90.000000	 0.300606	 -0.025037	 0.301647	 -4.761037	 338110.038671	
40.000000	 1.000000	 0.000000	 -0.000000	 0.000000	 -90.000000	 0.304528	 -0.028503	 0.305859	 -5.347098	 0.000000	 0.002470	 0.002470	 90.000000	 0.304528	 -0.028503	 0.305859	 -5.347098	 338111.487433	
39.000000	 1.000000	 0.000000	 -0.000000	 0.000000	 -90.000000	 0.306136	 -0.024839	 0.307142	 -4.638615	 0.000000	 0.002320	 0.002320	 90.000000	 0.306136	 -0.024839	 0.307142	 -4.638615	 338112.916707	
38.000000	 1.000000	 0.000000	 -0.000000	 0.000000	 -90.000000	 0.307253	 -0.025328	 0.308295	 -4.712408	 0.000000	 0.002344	 0.002344	 90.000000	 0.307253	 -0.025328	 0.308295	 -4.712408	 338114.344041	
37.000000	 1.000000	 0.000000	 -0.000000	 0.000000	 -90.000000	 0.307284	 -0.026248	 0.308403	 -4.882392	 0.000000	 0.002444	 0.002444	 90.000000	 0.307062	 -0.026481	 0.308201	 -4.928985	 338115.779368	
36.000000	 1.000000	 0.000000	 -0.000000	 0.000000	 -90.000000	 0.307951	 -0.025617	 0.309015	 -4.755253	 0.000000	 0.002363	 0.002363	 90.000000	 0.307736	 -0.025527	 0.308793	 -4.741912	 338117.197826	
35.000000	 1.000000	 0.000000	 -0.000000	 0.000000	 -90.000000	 0.308755	 -0.025615	 0.309816	 -4.742600	 0.000000	 0.002324	 0.002324	 90.000000	 0.308755	 -0.025615	 0.309816	 -4.742600	 338118.651132	
34.000000	 1.000000	 0.000000	 -0.000000	 0.000000	 -90.000000	 0.309126	 -0.025267	 0.310157	 -4.672702	 0.000000	 0.002523	 0.002523	 90.000000	 0.309126	 -0.025267	 0.310157	 -4.672702	 338120.081429	
33.000000	 1.000000	 0.000000	 -0.000000	 0.000000	 -90.000000	 0.310237	 -0.025058	 0.311248	 -4.617860	 0.000000	 0.002483	 0.002483	 90.000000	 0.310246	 -0.024961	 0.311249	 -4.599929	 338121.541866	
32.000000	 1.000000	 0.000000	 -0.000000	 0.000000	 -90.000000	 0.310938	 -0.024626	 0.311912	 -4.528290	 0.000000	 0.002427	 0.002427	 90.000000	 0.310938	 -0.024626	 0.311912	 -4.528290	 338122.985883	
31.000000	 1.000000	 0.000000	 -0.000000	 0.000000	 -90.000000	 0.311627	 -0.024537	 0.312591	 -4.502055	 0.000000	 0.002487	 0.002487	 90.000000	 0.311627	 -0.024537	 0.312591	 -4.502055	 338124.420028	
30.000000	 1.000000	 0.000000	 -0.000000	 0.000000	 -90.000000	 0.312355	 -0.023874	 0.313266	 -4.370740	 0.000000	 0.002364	 0.002364	 90.000000	 0.312355	 -0.023874	 0.313266	 -4.370740	 338125.879822	
29.000000	 1.000000	 0.000000	 -0.000000	 0.000000	 -90.000000	 0.313309	 -0.023630	 0.314199	 -4.313187	 0.000000	 0.002172	 0.002172	 90.000000	 0.313288	 -0.023606	 0.314176	 -4.308954	 338127.313901	
28.000000	 1.000000	 0.000000	 -0.000000	 0.000000	 -90.000000	 0.314064	 -0.023370	 0.314932	 -4.255656	 0.000000	 0.001648	 0.001648	 90.000000	 0.314064	 -0.023370	 0.314932	 -4.255656	 338128.765998	
27.000000	 1.000000	 0.000000	 -0.000000	 0.000000	 -90.000000	 0.314193	 -0.023191	 0.315048	 -4.221396	 0.000000	 0.004097	 0.004097	 90.000000	 0.314193	 -0.023191	 0.315048	 -4.221396	 338130.221865	
26.000000	 1.000000	 0.000000	 -0.000000	 0.000000	 -90.000000	 0.315289	 -0.021389	 0.316014	 -3.881040	 0.000000	 0.000865	 0.000865	 90.000000	 0.315161	 -0.021365	 0.315884	 -3.878164	 338131.654937	
25.000000	 1.000000	 0.000000	 -0.000000	 0.000000	 -90.000000	 0.316028	 -0.022260	 0.316811	 -4.029005	 0.000000	 0.002742	 0.002742	 90.000000	 0.316028	 -0.022260	 0.316811	 -4.029005	 338133.124120	
24.000000	 1.000000	 0.000000	 -0.000000	 0.000000	 -90.000000	 0.318008	 -0.020621	 0.318676	 -3.710059	 0.000000	 -0.000615	 0.000615	 -90.000000	 0.318008	 -0.020621	 0.318676	 -3.710059	 338134.590006	
23.000000	 1.000000	 0.000000	 -0.000000	 0.000000	 -90.000000	 0.317803	 -0.020731	 0.318479	 -3.732316	 0.000000	 0.003211	 0.003211	 90.000000	 0.317801	 -0.020710	 0.318475	 -3.728556	 338136.027470	
22.000000	 1.000000	 0.000000	 -0.000000	 0.000000	 -90.000000	 0.319130	 -0.019861	 0.319748	 -3.561206	 0.000000	 0.003160	 0.003160	 90.000000	 0.319130	 -0.019861	 0.319748	 -3.561206	 338137.495882	
21.000000	 1.000000	 0.000000	 -0.000000	 0.000000	 -90.000000	 0.320367	 -0.019108	 0.320937	 -3.413235	 0.000000	 0.002815	 0.002815	 90.000000	 0.320367	 -0.019108	 0.320937	 -3.413235	 338138.913352	
20.000000	 1.000000	 0.000000	 -0.000000	 0.000000	 -90.000000	 0.321416	 -0.018150	 0.321928	 -3.232079	 0.000000	 0.002369	 0.002369	 90.000000	 0.321416	 -0.018150	 0.321928	 -3.232079	 338140.335884	
19.000000	 1.000000	 0.000000	 -0.000000	 0.000000	 -90.000000	 0.322519	 -0.017292	 0.322983	 -3.069086	 0.000000	 0.002714	 0.002714	 90.000000	 0.322519	 -0.017292	 0.322983	 -3.069086	 338141.784192	
18.000000	 1.000000	 0.000000	 -0.000000	 0.000000	 -90.000000	 0.323450	 -0.015799	 0.323836	 -2.796448	 0.000000	 0.002832	 0.002832	 90.000000	 0.323450	 -0.015799	 0.323836	 -2.796448	 338143.202787	
17.000000	 1.000000	 0.000000	 -0.000000	 0.000000	 -90.000000	 0.325465	 -0.014287	 0.325779	 -2.513496	 0.000000	 0.001567	 0.001567	 90.000000	 0.325465	 -0.014287	 0.325779	 -2.513496	 338144.644065	
16.000000	 1.000000	 0.000000	 -0.000000	 0.000000	 -90.000000	 0.326232	 -0.013145	 0.326497	 -2.307338	 0.000000	 0.002470	 0.002470	 90.000000	 0.326264	 -0.013123	 0.326527	 -2.303235	 338146.053022	
15.000000	 1.000000	 0.000000	 -0.000000	 0.000000	 -90.000000	 0.327704	 -0.012118	 0.327928	 -2.117681	 0.000000	 0.002397	 0.002397	 90.000000	 0.327704	 -0.012118	 0.327928	 -2.117681	 338147.468544	
14.000000	 1.000000	 0.000000	 -0.000000	 0.000000	 -90.000000	 0.329193	 -0.010133	 0.329348	 -1.763123	 0.000000	 0.002144	 0.002144	 90.000000	 0.329193	 -0.010133	 0.329348	 -1.763124	 338148.887436	
13.000000	 1.000000	 0.000000	 -0.000000	 0.000000	 -90.000000	 0.330941	 -0.007974	 0.331037	 -1.380196	 0.000000	 0.004185	 0.004185	 90.000000	 0.330941	 -0.007974	 0.331037	 -1.380197	 338150.391120	
12.000000	 1.000000	 0.000000	 -0.000000	 0.000000	 -90.000000	 0.332311	 -0.005545	 0.332357	 -0.955950	 0.000000	 0.004358	 0.004358	 90.000000	 0.332311	 -0.005545	 0.332357	 -0.955950	 338151.822009	
11.000000	 1.000000	 0.000000	 -0.000000	 0.000000	 -90.000000	 0.333897	 -0.002755	 0.333908	 -0.472769	 0.000000	 -0.000284	 0.000284	 -90.000000	 0.333897	 -0.002755	 0.333908	 -0.472769	 338153.269905	
10.000000	 1.000000	 0.000000	 -0.000000	 0.000000	 -90.000000	 0.335574	 0.000714	 0.335575	 0.121913	 0.000000	 0.018197	 0.018197	 90.000000	 0.335574	 0.000714	 0.335575	 0.121914	 338154.721172	
9.000000	 1.000000	 0.000000	 -0.000000	 0.000000	 -90.000000	 0.336905	 0.004591	 0.336936	 0.780739	 0.000000	 0.044276	 0.044276	 90.000000	 0.337062	 0.005236	 0.337103	 0.889939	 338156.179094	
8.000000	 1.000000	 0.000000	 -0.000000	 0.000000	 -90.000000	 0.338332	 0.009470	 0.338464	 1.603292	 0.000000	 0.011857	 0.011857	 90.000000	 0.338332	 0.009470	 0.338464	 1.603292	 338157.647571	
7.000000	 1.000000	 0.000000	 -0.000000	 0.000000	 -90.000000	 0.339644	 0.014540	 0.339955	 2.451253	 0.000000	 -0.103195	 0.103195	 -90.000000	 0.339644	 0.014540	 0.339955	 2.451253	 338159.073093	
6.000000	 1.000000	 0.000000	 -0.000000	 0.000000	 -90.000000	 0.338262	 0.026524	 0.339300	 4.483579	 0.000000	 0.020888	 0.020888	 90.000000	 0.338262	 0.026524	 0.339300	 4.483579	 338160.510911	
5.000000	 1.000000	 0.000000	 -0.000000	 0.000000	 -90.000000	 0.330572	 0.028214	 0.331774	 4.878292	 0.000000	 -0.159432	 0.159432	 -90.000000	 0.330572	 0.028214	 0.331774	 4.878292	 338161.942999	
4.000000	 1.000000	 0.000000	 -0.000000	 0.000000	 -90.000000	 0.309960	 0.025033	 0.310970	 4.617368	 0.000000	 -0.185550	 0.185550	 -90.000000	 0.309960	 0.025033	 0.310970	 4.617368	 338163.397709	
3.000000	 1.000000	 0.000000	 -0.000000	 0.000000	 -90.000000	 0.239408	 0.072070	 0.250021	 16.753565	 0.000000	 0.003297	 0.003297	 90.000000	 0.239408	 0.072070	 0.250021	 16.753566	 338164.871422	
2.000000	 1.000000	 0.000000	 -0.000000	 0.000000	 -90.000000	 0.252248	 0.226354	 0.338917	 41.903137	 0.000000	 -0.340087	 0.340087	 -90.000000	 0.234033	 0.225679	 0.325119	 43.958908	 338166.284276	
1.000000	 1.000000	 0.000000	 -0.000000	 0.000000	 -90.000000	 0.460319	 0.156625	 0.486236	 18.791051	 0.000000	 0.506646	 0.506646	 90.000000	 0.460319	 0.156625	 0.486236	 18.791051	 338167.706015	
