# Oscilator_frequency (Hz)	DemodAll_A (-)	Demod_1_X_A (A)	Demod_1_Y_A (A)	Demod_1__R_A (A)	Demod_1__Theta_A (deg)	Demod_2_X_A (A)	Demod_2_Y_A (A)	Demod_2__R_A (A)	Demod_2__Theta_A (deg)	Demod_3_X_A (V)	Demod_3_Y_A (V)	Demod_3__R_A (V)	Demod_3__Theta_A (deg)	Demod_4_X_A (V)	Demod_4_Y_A (V)	Demod_4__R_A (V)	Demod_4__Theta_A (deg)	Timer_GET (s)
1.0	1.0	0.0	0.0	0.0	-90.0	0.185094	0.384552	0.426779	64.297368	0.0	-0.434963	0.434963	-90.0	0.185094	0.384552	0.426779	64.297368	261786.860781
2.0	1.0	0.0	0.0	0.0	-90.0	0.360726	-0.128557	0.382949	-19.615272	0.0	-0.393699	0.393699	-90.0	0.360726	-0.128557	0.382949	-19.615272	261785.442418
3.0	1.0	0.0	0.0	0.0	-90.0	0.555164	-0.035949	0.556327	-3.704991	0.0	-0.606348	0.606348	-90.0	0.555164	-0.035949	0.556327	-3.704991	261784.007339
4.0	1.0	0.0	0.0	0.0	-90.0	0.557849	0.016765	0.558101	1.721374	0.0	0.538913	0.538913	90.0	0.557849	0.016765	0.558101	1.721374	261782.571983
5.0	1.0	0.0	0.0	0.0	-90.0	0.517743	0.051609	0.520309	5.692462	0.0	0.187429	0.187429	90.0	0.517743	0.051609	0.520309	5.692462	261781.165564
6.0	1.0	0.0	0.0	0.0	-90.0	0.542805	0.042832	0.544492	4.511788	0.0	-0.055015	0.055015	-90.0	0.542805	0.042832	0.544492	4.511788	261779.720318
7.0	1.0	0.0	0.0	0.0	-90.0	0.546335	0.032091	0.547277	3.361615	0.0	-0.030887	0.030887	-90.0	0.546335	0.032091	0.547277	3.361615	261778.265089
8.0	1.0	0.0	0.0	0.0	-90.0	0.54669	0.023312	0.547187	2.441694	0.0	-0.079747	0.079747	-90.0	0.54669	0.023312	0.547187	2.441694	261776.808859
9.0	1.0	0.0	0.0	0.0	-90.0	0.546809	0.016944	0.547072	1.774862	0.0	-0.052526	0.052526	-90.0	0.546809	0.016944	0.547072	1.774862	261775.348442
10.0	1.0	0.0	0.0	0.0	-90.0	0.546246	0.012339	0.546385	1.294014	0.0	-0.014338	0.014338	-90.0	0.546246	0.012339	0.546385	1.294014	261773.914237
11.0	1.0	0.0	0.0	0.0	-90.0	0.54538	0.007913	0.545437	0.831276	0.0	-0.010339	0.010339	-90.0	0.54538	0.007913	0.545437	0.831276	261772.446234
12.0	1.0	0.0	0.0	0.0	-90.0	0.544322	0.004539	0.544341	0.477759	0.0	-0.00387	0.00387	-90.0	0.544351	0.004507	0.544369	0.47436	261771.000445
13.0	1.0	0.0	0.0	0.0	-90.0	0.543314	0.001757	0.543317	0.185301	0.0	0.003597	0.003597	90.0	0.543314	0.001757	0.543317	0.185301	261769.606787
14.0	1.0	0.0	0.0	0.0	-90.0	0.542243	-0.000702	0.542243	-0.074201	0.0	0.002514	0.002514	90.0	0.542243	-0.000702	0.542243	-0.074201	261768.135529
15.0	1.0	0.0	0.0	0.0	-90.0	0.541214	-0.002722	0.541221	-0.288134	0.0	0.00252	0.00252	90.0	0.541214	-0.002722	0.541221	-0.288134	261766.678297
16.0	1.0	0.0	0.0	0.0	-90.0	0.539946	-0.005131	0.53997	-0.544432	0.0	0.003519	0.003519	90.0	0.539946	-0.005131	0.53997	-0.544432	261765.273172
17.0	1.0	0.0	0.0	0.0	-90.0	0.538747	-0.006446	0.538785	-0.685537	0.0	0.002457	0.002457	90.0	0.538747	-0.006446	0.538785	-0.685537	261763.82017
18.0	1.0	0.0	0.0	0.0	-90.0	0.537912	-0.007908	0.53797	-0.842311	0.0	0.002522	0.002522	90.0	0.537912	-0.007908	0.53797	-0.842311	261762.402225
19.0	1.0	0.0	0.0	0.0	-90.0	0.537269	-0.009168	0.537348	-0.977588	0.0	0.002842	0.002842	90.0	0.537269	-0.009168	0.537348	-0.977588	261760.960071
20.0	1.0	0.0	0.0	0.0	-90.0	0.536158	-0.01025	0.536256	-1.095243	0.0	0.003232	0.003232	90.0	0.536158	-0.01025	0.536256	-1.095243	261759.511951
21.0	1.0	0.0	0.0	0.0	-90.0	0.535309	-0.011205	0.535426	-1.19908	0.0	0.003318	0.003318	90.0	0.535309	-0.011205	0.535426	-1.19908	261758.085201
22.0	1.0	0.0	0.0	0.0	-90.0	0.53442	-0.01213	0.534557	-1.300249	0.0	0.003534	0.003534	90.0	0.53442	-0.01213	0.534557	-1.300249	261756.650313
23.0	1.0	0.0	0.0	0.0	-90.0	0.533568	-0.012893	0.533724	-1.38422	0.0	0.002396	0.002396	90.0	0.533568	-0.012893	0.533724	-1.38422	261755.233043
24.0	1.0	0.0	0.0	0.0	-90.0	0.532812	-0.013672	0.532988	-1.469849	0.0	0.002869	0.002869	90.0	0.532812	-0.013672	0.532988	-1.469849	261753.790993
25.0	1.0	0.0	0.0	0.0	-90.0	0.531979	-0.014305	0.532172	-1.540273	0.0	0.003331	0.003331	90.0	0.531979	-0.014305	0.532172	-1.540273	261752.389849
26.0	1.0	0.0	0.0	0.0	-90.0	0.531233	-0.01499	0.531445	-1.616297	0.0	0.003078	0.003078	90.0	0.531233	-0.01499	0.531445	-1.616297	261750.970315
27.0	1.0	0.0	0.0	0.0	-90.0	0.53042	-0.015479	0.530646	-1.671586	0.0	0.003101	0.003101	90.0	0.53042	-0.015479	0.530646	-1.671586	261749.546371
28.0	1.0	0.0	0.0	0.0	-90.0	0.529765	-0.015976	0.530006	-1.727347	0.0	0.00322	0.00322	90.0	0.529765	-0.015976	0.530006	-1.727347	261748.091119
29.0	1.0	0.0	0.0	0.0	-90.0	0.529104	-0.01658	0.529363	-1.794818	0.0	0.003819	0.003819	90.0	0.529104	-0.01658	0.529363	-1.794818	261746.648779
30.0	1.0	0.0	0.0	0.0	-90.0	0.528413	-0.0169	0.528683	-1.831836	0.0	0.000976	0.000976	90.0	0.528413	-0.0169	0.528683	-1.831836	261745.231867
31.0	1.0	0.0	0.0	0.0	-90.0	0.527789	-0.017361	0.528074	-1.884044	0.0	0.003429	0.003429	90.0	0.527789	-0.017361	0.528074	-1.884044	261743.792011
32.0	1.0	0.0	0.0	0.0	-90.0	0.52725	-0.017592	0.527543	-1.911051	0.0	0.000864	0.000864	90.0	0.52724	-0.017648	0.527535	-1.917143	261742.381607
33.0	1.0	0.0	0.0	0.0	-90.0	0.526611	-0.017946	0.526916	-1.951744	0.0	0.001024	0.001024	90.0	0.52664	-0.017993	0.526947	-1.956746	261740.915191
34.0	1.0	0.0	0.0	0.0	-90.0	0.526144	-0.018217	0.526459	-1.982962	0.0	0.00299	0.00299	90.0	0.526066	-0.01825	0.526382	-1.986914	261739.481179
35.0	1.0	0.0	0.0	0.0	-90.0	0.525508	-0.018223	0.525824	-1.986033	0.0	0.002944	0.002944	90.0	0.525508	-0.018223	0.525824	-1.986033	261738.035517
36.0	1.0	0.0	0.0	0.0	-90.0	0.525025	-0.018892	0.525365	-2.060808	0.0	0.002926	0.002926	90.0	0.525025	-0.018892	0.525365	-2.060808	261736.599029
37.0	1.0	0.0	0.0	0.0	-90.0	0.524526	-0.018975	0.524869	-2.071777	0.0	0.002926	0.002926	90.0	0.524901	-0.01911	0.525249	-2.085039	261735.158044
38.0	1.0	0.0	0.0	0.0	-90.0	0.523193	-0.019543	0.523558	-2.139227	0.0	0.002951	0.002951	90.0	0.523193	-0.019543	0.523558	-2.139227	261733.732741
39.0	1.0	0.0	0.0	0.0	-90.0	0.522271	-0.019642	0.522641	-2.153835	0.0	0.003111	0.003111	90.0	0.522271	-0.019642	0.522641	-2.153835	261732.297389
40.0	1.0	0.0	0.0	0.0	-90.0	0.520524	-0.019633	0.520894	-2.15999	0.0	0.002953	0.002953	90.0	0.520524	-0.019633	0.520894	-2.15999	261730.857081
41.0	1.0	0.0	0.0	0.0	-90.0	0.519035	-0.01705	0.519315	-1.881411	0.0	0.003037	0.003037	90.0	0.519035	-0.01705	0.519315	-1.881411	261729.401077
42.0	1.0	0.0	0.0	0.0	-90.0	0.513771	-0.024949	0.514376	-2.780078	0.0	0.00294	0.00294	90.0	0.513771	-0.024949	0.514376	-2.780078	261727.973716
43.0	1.0	0.0	0.0	0.0	-90.0	0.51288	-0.013179	0.513049	-1.471904	0.0	0.002539	0.002539	90.0	0.513626	-0.010507	0.513733	-1.171925	261726.542256
44.0	1.0	0.0	0.0	0.0	-90.0	0.502863	-0.01598	0.503117	-1.820179	0.0	0.004356	0.004356	90.0	0.502863	-0.01598	0.503117	-1.820179	261725.109193
45.0	1.0	0.0	0.0	0.0	-90.0	0.546026	-0.024856	0.546591	-2.606365	0.0	0.00187	0.00187	90.0	0.546026	-0.024856	0.546591	-2.606365	261723.660695
46.0	1.0	0.0	0.0	0.0	-90.0	0.536	-0.057297	0.539053	-6.101642	0.0	0.000893	0.000893	90.0	0.536	-0.057297	0.539053	-6.101642	261722.191516
47.0	1.0	0.0	0.0	0.0	-90.0	0.537451	0.029044	0.538235	3.093279	0.0	0.004358	0.004358	90.0	0.537451	0.029044	0.538235	3.093279	261720.731544
48.0	1.0	0.0	0.0	0.0	-90.0	0.582868	-0.006035	0.582899	-0.593256	0.0	0.007224	0.007224	90.0	0.582868	-0.006035	0.582899	-0.593256	261719.273645
49.0	1.0	0.0	0.0	0.0	-90.0	0.465312	0.029632	0.466254	3.643776	0.0	-1.8e-05	1.8e-05	-90.0	0.465312	0.029632	0.466254	3.643776	261717.830335
50.0	1.0	0.0	0.0	0.0	-90.0	0.554697	0.04775	0.556748	4.920029	0.0	0.000387	0.000387	90.0	0.554697	0.04775	0.556748	4.920029	261716.41297
51.0	1.0	0.0	0.0	0.0	-90.0	0.470663	0.035106	0.47197	4.265753	0.0	0.001868	0.001868	90.0	0.470663	0.035106	0.47197	4.265753	261715.00376
52.0	1.0	0.0	0.0	0.0	-90.0	0.582745	-0.023823	0.583231	-2.340982	0.0	0.002924	0.002924	90.0	0.582745	-0.023823	0.583231	-2.340982	261713.599234
53.0	1.0	0.0	0.0	0.0	-90.0	0.561765	0.008031	0.561822	0.819054	0.0	0.00296	0.00296	90.0	0.561765	0.008031	0.561822	0.819054	261712.141516
54.0	1.0	0.0	0.0	0.0	-90.0	0.485763	-0.046243	0.487959	-5.438012	0.0	0.002804	0.002804	90.0	0.485763	-0.046243	0.487959	-5.438012	261710.710068
55.0	1.0	0.0	0.0	0.0	-90.0	0.490548	-0.014781	0.490771	-1.725849	0.0	0.00303	0.00303	90.0	0.490548	-0.014781	0.490771	-1.725849	261709.294479
56.0	1.0	0.0	0.0	0.0	-90.0	0.529125	-0.030516	0.530004	-3.300787	0.0	0.00329	0.00329	90.0	0.535466	-0.025369	0.536067	-2.71248	261707.85117
57.0	1.0	0.0	0.0	0.0	-90.0	0.528544	-0.023687	0.529075	-2.565972	0.0	0.002333	0.002333	90.0	0.528544	-0.023687	0.529075	-2.565972	261706.370602
58.0	1.0	0.0	0.0	0.0	-90.0	0.512851	-0.014825	0.513066	-1.655801	0.0	0.002777	0.002777	90.0	0.512851	-0.014825	0.513066	-1.655801	261704.930039
59.0	1.0	0.0	0.0	0.0	-90.0	0.515181	-0.017524	0.515479	-1.948191	0.0	0.003172	0.003172	90.0	0.515181	-0.017524	0.515479	-1.948191	261703.447148
60.0	1.0	0.0	0.0	0.0	-90.0	0.514453	-0.020781	0.514872	-2.313149	0.0	0.002343	0.002343	90.0	0.513586	-0.020676	0.514003	-2.305381	261702.012663
61.0	1.0	0.0	0.0	0.0	-90.0	0.515796	-0.023014	0.516309	-2.554764	0.0	0.003283	0.003283	90.0	0.516107	-0.023119	0.516625	-2.564888	261700.577659
62.0	1.0	0.0	0.0	0.0	-90.0	0.514887	-0.021666	0.515343	-2.409584	0.0	0.005276	0.005276	90.0	0.514887	-0.021666	0.515343	-2.409584	261699.101905
63.0	1.0	0.0	0.0	0.0	-90.0	0.514637	-0.022331	0.515122	-2.484564	0.0	0.003676	0.003676	90.0	0.514637	-0.022331	0.515122	-2.484564	261697.65352
64.0	1.0	0.0	0.0	0.0	-90.0	0.514294	-0.022418	0.514782	-2.495887	0.0	0.007607	0.007607	90.0	0.514294	-0.022418	0.514782	-2.495887	261696.206899
65.0	1.0	0.0	0.0	0.0	-90.0	0.513984	-0.022385	0.514471	-2.493793	0.0	0.008898	0.008898	90.0	0.513984	-0.022385	0.514471	-2.493793	261694.749905
66.0	1.0	0.0	0.0	0.0	-90.0	0.513636	-0.022581	0.514132	-2.517244	0.0	0.000305	0.000305	90.0	0.513636	-0.022581	0.514132	-2.517244	261693.316086
67.0	1.0	0.0	0.0	0.0	-90.0	0.513424	-0.022528	0.513918	-2.512422	0.0	-0.000299	0.000299	-90.0	0.513424	-0.022528	0.513918	-2.512422	261691.88311
68.0	1.0	0.0	0.0	0.0	-90.0	0.513141	-0.02243	0.513631	-2.502863	0.0	0.003144	0.003144	90.0	0.513141	-0.02243	0.513631	-2.502863	261690.43498
69.0	1.0	0.0	0.0	0.0	-90.0	0.512933	-0.022617	0.513432	-2.524704	0.0	0.003021	0.003021	90.0	0.512912	-0.022592	0.513409	-2.52201	261689.012062
70.0	1.0	0.0	0.0	0.0	-90.0	0.51284	-0.022791	0.513346	-2.544553	0.0	0.003118	0.003118	90.0	0.51284	-0.022791	0.513346	-2.544553	261687.578549
71.0	1.0	0.0	0.0	0.0	-90.0	0.512535	-0.022769	0.51304	-2.543613	0.0	0.00313	0.00313	90.0	0.51254	-0.022795	0.513046	-2.546513	261686.137149
72.0	1.0	0.0	0.0	0.0	-90.0	0.512269	-0.022665	0.51277	-2.533328	0.0	0.003417	0.003417	90.0	0.512269	-0.022665	0.51277	-2.533328	261684.682002
73.0	1.0	0.0	0.0	0.0	-90.0	0.512025	-0.022629	0.512525	-2.530536	0.0	0.003901	0.003901	90.0	0.512025	-0.022629	0.512525	-2.530536	261683.23304
74.0	1.0	0.0	0.0	0.0	-90.0	0.511604	-0.022839	0.512113	-2.556106	0.0	0.003337	0.003337	90.0	0.511604	-0.022839	0.512113	-2.556106	261681.838837
75.0	1.0	0.0	0.0	0.0	-90.0	0.511369	-0.022665	0.511871	-2.537869	0.0	0.002673	0.002673	90.0	0.511369	-0.022665	0.511871	-2.537869	261680.366273
76.0	1.0	0.0	0.0	0.0	-90.0	0.511146	-0.0229	0.511659	-2.565174	0.0	0.003624	0.003624	90.0	0.511146	-0.0229	0.511659	-2.565174	261678.955697
77.0	1.0	0.0	0.0	0.0	-90.0	0.511083	-0.022766	0.51159	-2.550565	0.0	0.003137	0.003137	90.0	0.511083	-0.022766	0.51159	-2.550565	261677.532378
78.0	1.0	0.0	0.0	0.0	-90.0	0.510815	-0.022845	0.511325	-2.560735	0.0	0.003407	0.003407	90.0	0.510815	-0.022845	0.511325	-2.560735	261676.115417
79.0	1.0	0.0	0.0	0.0	-90.0	0.510552	-0.022908	0.511066	-2.569126	0.0	0.003111	0.003111	90.0	0.510552	-0.022908	0.511066	-2.569126	261674.693989
80.0	1.0	0.0	0.0	0.0	-90.0	0.510432	-0.022949	0.510948	-2.574259	0.0	0.007016	0.007016	90.0	0.510432	-0.022949	0.510948	-2.574259	261673.266879
81.0	1.0	0.0	0.0	0.0	-90.0	0.510196	-0.023035	0.510715	-2.585133	0.0	-0.000493	0.000493	-90.0	0.510197	-0.023036	0.510717	-2.585172	261671.815779
82.0	1.0	0.0	0.0	0.0	-90.0	0.509964	-0.023115	0.510488	-2.595279	0.0	0.002735	0.002735	90.0	0.509964	-0.023115	0.510488	-2.595279	261670.400396
83.0	1.0	0.0	0.0	0.0	-90.0	0.509775	-0.023136	0.5103	-2.598623	0.0	0.003121	0.003121	90.0	0.509775	-0.023136	0.5103	-2.598623	261668.918188
84.0	1.0	0.0	0.0	0.0	-90.0	0.509531	-0.023239	0.510061	-2.611317	0.0	0.003143	0.003143	90.0	0.509531	-0.023239	0.510061	-2.611317	261667.476499
85.0	1.0	0.0	0.0	0.0	-90.0	0.509346	-0.023193	0.509874	-2.607133	0.0	0.003238	0.003238	90.0	0.50935	-0.023192	0.509877	-2.607029	261666.026327
86.0	1.0	0.0	0.0	0.0	-90.0	0.509127	-0.023207	0.509655	-2.609852	0.0	0.003441	0.003441	90.0	0.509127	-0.023207	0.509655	-2.609852	261664.605231
87.0	1.0	0.0	0.0	0.0	-90.0	0.508967	-0.023269	0.509499	-2.617634	0.0	0.004018	0.004018	90.0	0.508967	-0.023269	0.509499	-2.617634	261663.128234
88.0	1.0	0.0	0.0	0.0	-90.0	0.508666	-0.023221	0.509196	-2.613819	0.0	0.00879	0.00879	90.0	0.508666	-0.023213	0.509195	-2.612937	261661.658123
89.0	1.0	0.0	0.0	0.0	-90.0	0.508515	-0.023334	0.50905	-2.627249	0.0	-0.005695	0.005695	-90.0	0.508515	-0.023334	0.50905	-2.627248	261660.212947
90.0	1.0	0.0	0.0	0.0	-90.0	0.508456	-0.023315	0.50899	-2.625486	0.0	0.004435	0.004435	90.0	0.508456	-0.023317	0.508991	-2.625652	261658.762044
91.0	1.0	0.0	0.0	0.0	-90.0	0.508201	-0.023379	0.508739	-2.633892	0.0	0.000885	0.000885	90.0	0.508201	-0.023379	0.508739	-2.633892	261657.323591
92.0	1.0	0.0	0.0	0.0	-90.0	0.508104	-0.023352	0.50864	-2.631445	0.0	0.002587	0.002587	90.0	0.508104	-0.023352	0.50864	-2.631444	261655.874424
93.0	1.0	0.0	0.0	0.0	-90.0	0.507853	-0.023438	0.508394	-2.642442	0.0	0.006528	0.006528	90.0	0.507853	-0.023438	0.508394	-2.642442	261654.446093
94.0	1.0	0.0	0.0	0.0	-90.0	0.507632	-0.023376	0.50817	-2.636509	0.0	-0.002544	0.002544	-90.0	0.507632	-0.023376	0.50817	-2.636509	261652.946508
95.0	1.0	0.0	0.0	0.0	-90.0	0.507566	-0.023332	0.508102	-2.631942	0.0	0.001925	0.001925	90.0	0.507566	-0.023332	0.508102	-2.631943	261651.517179
96.0	1.0	0.0	0.0	0.0	-90.0	0.507334	-0.023286	0.507868	-2.627973	0.0	0.002913	0.002913	90.0	0.507334	-0.023286	0.507868	-2.627973	261650.061749
97.0	1.0	0.0	0.0	0.0	-90.0	0.507169	-0.023611	0.507719	-2.66549	0.0	0.003782	0.003782	90.0	0.507169	-0.023611	0.507719	-2.66549	261648.631675
98.0	1.0	0.0	0.0	0.0	-90.0	0.506928	-0.023679	0.50748	-2.674333	0.0	0.003588	0.003588	90.0	0.506928	-0.023679	0.50748	-2.674333	261647.184408
99.0	1.0	0.0	0.0	0.0	-90.0	0.506897	-0.023262	0.507431	-2.627557	0.0	0.002901	0.002901	90.0	0.506897	-0.023262	0.507431	-2.627557	261645.776836
100.0	1.0	0.0	0.0	0.0	-90.0	0.506846	-0.023435	0.507387	-2.647345	0.0	0.005659	0.005659	90.0	0.506846	-0.023435	0.507387	-2.647345	261644.342786
101.0	1.0	0.0	0.0	0.0	-90.0	0.506331	-0.023322	0.506868	-2.637183	0.0	0.002497	0.002497	90.0	0.506325	-0.023325	0.506862	-2.637568	261642.917192
102.0	1.0	0.0	0.0	0.0	-90.0	0.506405	-0.023391	0.506945	-2.644606	0.0	-0.00019	0.00019	-90.0	0.506405	-0.023391	0.506945	-2.644606	261641.432041
103.0	1.0	0.0	0.0	0.0	-90.0	0.506037	-0.023407	0.506578	-2.648381	0.0	0.002636	0.002636	90.0	0.506037	-0.023407	0.506578	-2.648381	261639.987803
104.0	1.0	0.0	0.0	0.0	-90.0	0.50599	-0.023646	0.506542	-2.675607	0.0	0.00333	0.00333	90.0	0.506012	-0.023635	0.506564	-2.674248	261638.539168
105.0	1.0	0.0	0.0	0.0	-90.0	0.505805	-0.023641	0.506357	-2.676073	0.0	0.003299	0.003299	90.0	0.505805	-0.023641	0.506357	-2.676073	261637.109273
106.0	1.0	0.0	0.0	0.0	-90.0	0.505576	-0.023626	0.506127	-2.675541	0.0	0.003404	0.003404	90.0	0.505576	-0.023626	0.506127	-2.675541	261635.654959
107.0	1.0	0.0	0.0	0.0	-90.0	0.50544	-0.023638	0.505993	-2.677592	0.0	0.003404	0.003404	90.0	0.505445	-0.023643	0.505998	-2.678179	261634.168363
108.0	1.0	0.0	0.0	0.0	-90.0	0.505304	-0.023627	0.505856	-2.677058	0.0	0.005619	0.005619	90.0	0.505304	-0.023627	0.505856	-2.677058	261632.724977
109.0	1.0	0.0	0.0	0.0	-90.0	0.505199	-0.023601	0.50575	-2.674658	0.0	0.005367	0.005367	90.0	0.505199	-0.023601	0.50575	-2.674658	261631.24597
110.0	1.0	0.0	0.0	0.0	-90.0	0.504998	-0.023605	0.505549	-2.676195	0.0	0.000897	0.000897	90.0	0.504998	-0.023605	0.505549	-2.676195	261629.800323
111.0	1.0	0.0	0.0	0.0	-90.0	0.504809	-0.023661	0.505363	-2.683615	0.0	0.002426	0.002426	90.0	0.504809	-0.023661	0.505363	-2.683615	261628.362309
112.0	1.0	0.0	0.0	0.0	-90.0	0.504763	-0.023689	0.505319	-2.686993	0.0	0.003337	0.003337	90.0	0.504763	-0.023689	0.505319	-2.686993	261626.926803
113.0	1.0	0.0	0.0	0.0	-90.0	0.504618	-0.023712	0.505175	-2.69035	0.0	0.003916	0.003916	90.0	0.504618	-0.023712	0.505175	-2.69035	261625.48999
114.0	1.0	0.0	0.0	0.0	-90.0	0.504447	-0.023704	0.505004	-2.690403	0.0	0.004862	0.004862	90.0	0.504447	-0.023704	0.505004	-2.690403	261624.043107
115.0	1.0	0.0	0.0	0.0	-90.0	0.504314	-0.023737	0.504872	-2.694798	0.0	0.004848	0.004848	90.0	0.504314	-0.023737	0.504872	-2.694798	261622.610993
116.0	1.0	0.0	0.0	0.0	-90.0	0.504194	-0.023709	0.504752	-2.692293	0.0	0.001374	0.001374	90.0	0.504194	-0.023709	0.504752	-2.692293	261621.171304
117.0	1.0	0.0	0.0	0.0	-90.0	0.504094	-0.023717	0.504652	-2.69374	0.0	0.002563	0.002563	90.0	0.504094	-0.023717	0.504652	-2.69374	261619.729968
118.0	1.0	0.0	0.0	0.0	-90.0	0.503914	-0.023729	0.504473	-2.696042	0.0	0.003162	0.003162	90.0	0.503914	-0.023729	0.504473	-2.696042	261618.267637
119.0	1.0	0.0	0.0	0.0	-90.0	0.503775	-0.023774	0.504336	-2.701935	0.0	0.003408	0.003408	90.0	0.503775	-0.023774	0.504336	-2.701935	261616.807139
120.0	1.0	0.0	0.0	0.0	-90.0	0.503603	-0.023793	0.504165	-2.704987	0.0	0.003466	0.003466	90.0	0.503603	-0.023793	0.504165	-2.704987	261615.274548
121.0	1.0	0.0	0.0	0.0	-90.0	0.503458	-0.023766	0.504019	-2.702618	0.0	0.003439	0.003439	90.0	0.503458	-0.023766	0.504019	-2.702618	261613.831443
122.0	1.0	0.0	0.0	0.0	-90.0	0.503334	-0.023771	0.503895	-2.703953	0.0	0.004609	0.004609	90.0	0.503334	-0.023771	0.503895	-2.703953	261612.34984
123.0	1.0	0.0	0.0	0.0	-90.0	0.503217	-0.023826	0.503781	-2.71078	0.0	0.00289	0.00289	90.0	0.503217	-0.023826	0.503781	-2.71078	261610.914165
124.0	1.0	0.0	0.0	0.0	-90.0	0.503109	-0.023802	0.503671	-2.708677	0.0	0.000918	0.000918	90.0	0.503109	-0.023802	0.503671	-2.708677	261609.469357
125.0	1.0	0.0	0.0	0.0	-90.0	0.502978	-0.023831	0.503542	-2.71263	0.0	0.003041	0.003041	90.0	0.502978	-0.023831	0.503542	-2.71263	261608.046863
126.0	1.0	0.0	0.0	0.0	-90.0	0.502816	-0.02386	0.503382	-2.716767	0.0	0.00362	0.00362	90.0	0.502816	-0.02386	0.503382	-2.716767	261606.610933
127.0	1.0	0.0	0.0	0.0	-90.0	0.502695	-0.02385	0.50326	-2.716279	0.0	0.004036	0.004036	90.0	0.502693	-0.023851	0.503259	-2.716391	261605.14749
128.0	1.0	0.0	0.0	0.0	-90.0	0.50259	-0.023864	0.503156	-2.718482	0.0	0.004461	0.004461	90.0	0.50259	-0.023864	0.503156	-2.718482	261603.699942
129.0	1.0	0.0	0.0	0.0	-90.0	0.50243	-0.023856	0.502996	-2.718472	0.0	0.004459	0.004459	90.0	0.50243	-0.023856	0.502996	-2.718472	261602.210059
130.0	1.0	0.0	0.0	0.0	-90.0	0.502334	-0.023855	0.5029	-2.718855	0.0	0.004317	0.004317	90.0	0.502333	-0.023856	0.502899	-2.718902	261600.756069
131.0	1.0	0.0	0.0	0.0	-90.0	0.502199	-0.023884	0.502766	-2.72286	0.0	0.002156	0.002156	90.0	0.502199	-0.023884	0.502766	-2.722859	261599.325194
132.0	1.0	0.0	0.0	0.0	-90.0	0.502064	-0.023892	0.502632	-2.724534	0.0	0.003888	0.003888	90.0	0.502064	-0.023892	0.502632	-2.724534	261597.902728
133.0	1.0	0.0	0.0	0.0	-90.0	0.501928	-0.023892	0.502496	-2.725228	0.0	0.00348	0.00348	90.0	0.501928	-0.023894	0.502496	-2.725488	261596.474904
134.0	1.0	0.0	0.0	0.0	-90.0	0.501813	-0.023926	0.502383	-2.729761	0.0	0.003615	0.003615	90.0	0.501813	-0.023926	0.502383	-2.729761	261595.031234
135.0	1.0	0.0	0.0	0.0	-90.0	0.501701	-0.023905	0.50227	-2.727908	0.0	0.003593	0.003593	90.0	0.501701	-0.023905	0.50227	-2.727908	261593.594849
136.0	1.0	0.0	0.0	0.0	-90.0	0.501576	-0.023904	0.502145	-2.728518	0.0	0.003762	0.003762	90.0	0.501575	-0.023906	0.502145	-2.728718	261592.161888
137.0	1.0	0.0	0.0	0.0	-90.0	0.501452	-0.023915	0.502022	-2.7304	0.0	0.004398	0.004398	90.0	0.501452	-0.023915	0.502022	-2.730399	261590.725008
138.0	1.0	0.0	0.0	0.0	-90.0	0.501276	-0.023911	0.501846	-2.730921	0.0	0.003538	0.003538	90.0	0.501276	-0.023911	0.501846	-2.730921	261589.300447
139.0	1.0	0.0	0.0	0.0	-90.0	0.501187	-0.023896	0.501756	-2.729674	0.0	0.000363	0.000363	90.0	0.501187	-0.023896	0.501756	-2.729674	261587.841125
140.0	1.0	0.0	0.0	0.0	-90.0	0.50105	-0.023951	0.501622	-2.736789	0.0	0.00259	0.00259	90.0	0.501038	-0.023962	0.501611	-2.73809	261586.405067
141.0	1.0	0.0	0.0	0.0	-90.0	0.500857	-0.023879	0.501426	-2.729631	0.0	0.003496	0.003496	90.0	0.500857	-0.023879	0.501426	-2.729631	261584.961064
142.0	1.0	0.0	0.0	0.0	-90.0	0.500753	-0.023884	0.501322	-2.730737	0.0	0.003745	0.003745	90.0	0.500753	-0.023884	0.501322	-2.730737	261583.489593
143.0	1.0	0.0	0.0	0.0	-90.0	0.500932	-0.023967	0.501505	-2.739199	0.0	0.003818	0.003818	90.0	0.500932	-0.023967	0.501505	-2.739199	261582.025013
144.0	1.0	0.0	0.0	0.0	-90.0	0.500884	-0.024176	0.501467	-2.763374	0.0	0.003969	0.003969	90.0	0.500884	-0.024176	0.501467	-2.763374	261580.534493
145.0	1.0	0.0	0.0	0.0	-90.0	0.500028	-0.023978	0.500602	-2.745428	0.0	0.004718	0.004718	90.0	0.500028	-0.023978	0.500602	-2.745428	261579.092405
146.0	1.0	0.0	0.0	0.0	-90.0	0.499941	-0.02442	0.500537	-2.796469	0.0	0.004581	0.004581	90.0	0.499941	-0.02442	0.500537	-2.796469	261577.660908
147.0	1.0	0.0	0.0	0.0	-90.0	0.501247	-0.023751	0.50181	-2.71281	0.0	0.002056	0.002056	90.0	0.501247	-0.023751	0.50181	-2.71281	261576.185988
148.0	1.0	0.0	0.0	0.0	-90.0	0.501386	-0.024095	0.501964	-2.751357	0.0	0.002722	0.002722	90.0	0.501386	-0.024095	0.501964	-2.751357	261574.765109
149.0	1.0	0.0	0.0	0.0	-90.0	0.499063	-0.023395	0.499611	-2.683896	0.0	0.003886	0.003886	90.0	0.499063	-0.023395	0.499611	-2.683896	261573.300675
150.0	1.0	0.0	0.0	0.0	-90.0	0.4996	-0.022771	0.500119	-2.609686	0.0	0.004023	0.004023	90.0	0.4996	-0.022771	0.500119	-2.609686	261571.875005
151.0	1.0	0.0	0.0	0.0	-90.0	0.499178	-0.02499	0.499803	-2.86602	0.0	0.004059	0.004059	90.0	0.499178	-0.02499	0.499803	-2.86602	261570.381644
152.0	1.0	0.0	0.0	0.0	-90.0	0.498824	-0.023479	0.499377	-2.694801	0.0	0.004168	0.004168	90.0	0.498824	-0.023479	0.499377	-2.694801	261568.954072
153.0	1.0	0.0	0.0	0.0	-90.0	0.498857	-0.024313	0.499449	-2.790259	0.0	0.004417	0.004417	90.0	0.498874	-0.024391	0.49947	-2.799052	261567.520083
154.0	1.0	0.0	0.0	0.0	-90.0	0.499622	-0.023244	0.500162	-2.663678	0.0	0.005276	0.005276	90.0	0.499622	-0.023244	0.500162	-2.663678	261566.102378
155.0	1.0	0.0	0.0	0.0	-90.0	0.499347	-0.023541	0.499902	-2.699122	0.0	0.004454	0.004454	90.0	0.499347	-0.023541	0.499902	-2.699122	261564.62425
156.0	1.0	0.0	0.0	0.0	-90.0	0.49951	-0.024304	0.500101	-2.785521	0.0	0.004305	0.004305	90.0	0.49951	-0.024304	0.500101	-2.785521	261563.181767
157.0	1.0	0.0	0.0	0.0	-90.0	0.499174	-0.024094	0.499755	-2.763406	0.0	-0.00022	0.00022	-90.0	0.499174	-0.024094	0.499755	-2.763407	261561.749697
158.0	1.0	0.0	0.0	0.0	-90.0	0.49921	-0.023794	0.499777	-2.728826	0.0	0.001941	0.001941	90.0	0.49921	-0.023794	0.499777	-2.728826	261560.299945
159.0	1.0	0.0	0.0	0.0	-90.0	0.499111	-0.023948	0.499685	-2.746976	0.0	0.003506	0.003506	90.0	0.499111	-0.023948	0.499685	-2.746976	261558.854106
160.0	1.0	0.0	0.0	0.0	-90.0	0.498966	-0.02396	0.499541	-2.74914	0.0	0.004014	0.004014	90.0	0.498966	-0.02396	0.499541	-2.74914	261557.411445
161.0	1.0	0.0	0.0	0.0	-90.0	0.498882	-0.023989	0.499459	-2.752933	0.0	0.003965	0.003965	90.0	0.498887	-0.023997	0.499463	-2.753861	261555.975602
162.0	1.0	0.0	0.0	0.0	-90.0	0.498814	-0.023963	0.499389	-2.750368	0.0	0.004202	0.004202	90.0	0.498814	-0.023963	0.499389	-2.750368	261554.517205
163.0	1.0	0.0	0.0	0.0	-90.0	0.498698	-0.024009	0.499275	-2.756239	0.0	0.00404	0.00404	90.0	0.498698	-0.024009	0.499275	-2.756239	261553.087023
164.0	1.0	0.0	0.0	0.0	-90.0	0.498641	-0.023969	0.499217	-2.75205	0.0	0.003379	0.003379	90.0	0.498641	-0.023969	0.499217	-2.75205	261551.650213
165.0	1.0	0.0	0.0	0.0	-90.0	0.498517	-0.023882	0.499089	-2.742693	0.0	0.00395	0.00395	90.0	0.498517	-0.023882	0.499089	-2.742693	261550.211598
166.0	1.0	0.0	0.0	0.0	-90.0	0.498424	-0.023913	0.498998	-2.746805	0.0	0.004392	0.004392	90.0	0.498424	-0.023914	0.498997	-2.746923	261548.769552
167.0	1.0	0.0	0.0	0.0	-90.0	0.498381	-0.024059	0.498962	-2.763746	0.0	0.010065	0.010065	90.0	0.498381	-0.024059	0.498962	-2.763746	261547.358692
168.0	1.0	0.0	0.0	0.0	-90.0	0.498288	-0.024083	0.49887	-2.766986	0.0	0.005313	0.005313	90.0	0.498288	-0.024083	0.49887	-2.766986	261545.910449
169.0	1.0	0.0	0.0	0.0	-90.0	0.498193	-0.023986	0.49877	-2.756435	0.0	0.001079	0.001079	90.0	0.498193	-0.023986	0.49877	-2.756435	261544.450041
170.0	1.0	0.0	0.0	0.0	-90.0	0.498022	-0.023942	0.498597	-2.752291	0.0	0.004543	0.004543	90.0	0.498022	-0.023942	0.498597	-2.752291	261542.941654
171.0	1.0	0.0	0.0	0.0	-90.0	0.497927	-0.023938	0.498502	-2.752387	0.0	0.004507	0.004507	90.0	0.497927	-0.023938	0.498502	-2.752387	261541.510638
172.0	1.0	0.0	0.0	0.0	-90.0	0.497832	-0.02395	0.498407	-2.754274	0.0	0.004809	0.004809	90.0	0.497832	-0.02395	0.498407	-2.754274	261540.048161
173.0	1.0	0.0	0.0	0.0	-90.0	0.497755	-0.023926	0.49833	-2.752014	0.0	0.004907	0.004907	90.0	0.497755	-0.023926	0.49833	-2.752014	261538.604856
174.0	1.0	0.0	0.0	0.0	-90.0	0.497665	-0.02393	0.49824	-2.752962	0.0	0.004968	0.004968	90.0	0.497665	-0.02393	0.49824	-2.752962	261537.160685
175.0	1.0	0.0	0.0	0.0	-90.0	0.497583	-0.023945	0.498159	-2.755054	0.0	0.005168	0.005168	90.0	0.497583	-0.023945	0.498159	-2.755054	261535.719457
176.0	1.0	0.0	0.0	0.0	-90.0	0.497476	-0.023974	0.498053	-2.758985	0.0	0.005339	0.005339	90.0	0.497476	-0.023974	0.498053	-2.758985	261534.302409
177.0	1.0	0.0	0.0	0.0	-90.0	0.497369	-0.023969	0.497946	-2.759087	0.0	0.005558	0.005558	90.0	0.497369	-0.023969	0.497946	-2.759087	261532.82206
178.0	1.0	0.0	0.0	0.0	-90.0	0.497303	-0.023988	0.497881	-2.761624	0.0	0.005584	0.005584	90.0	0.497303	-0.023988	0.497881	-2.761624	261531.383333
179.0	1.0	0.0	0.0	0.0	-90.0	0.497167	-0.023957	0.497744	-2.758746	0.0	0.00599	0.00599	90.0	0.497167	-0.023956	0.497744	-2.75867	261529.903453
180.0	1.0	0.0	0.0	0.0	-90.0	0.497113	-0.023997	0.497692	-2.763662	0.0	0.006191	0.006191	90.0	0.497114	-0.023997	0.497692	-2.763658	261528.429443
181.0	1.0	0.0	0.0	0.0	-90.0	0.496987	-0.023995	0.497566	-2.764202	0.0	0.00628	0.00628	90.0	0.496987	-0.023995	0.497566	-2.764202	261527.013389
182.0	1.0	0.0	0.0	0.0	-90.0	0.496935	-0.024003	0.497515	-2.765369	0.0	0.006682	0.006682	90.0	0.496935	-0.024003	0.497515	-2.765369	261525.549258
183.0	1.0	0.0	0.0	0.0	-90.0	0.496842	-0.023998	0.497421	-2.765243	0.0	0.006938	0.006938	90.0	0.496842	-0.023998	0.497421	-2.765243	261524.113868
184.0	1.0	0.0	0.0	0.0	-90.0	0.496744	-0.024004	0.497324	-2.766503	0.0	0.007216	0.007216	90.0	0.496744	-0.024004	0.497324	-2.766503	261522.669739
185.0	1.0	0.0	0.0	0.0	-90.0	0.496626	-0.024006	0.497206	-2.767466	0.0	0.007485	0.007485	90.0	0.496626	-0.024006	0.497206	-2.767466	261521.247524
186.0	1.0	0.0	0.0	0.0	-90.0	0.496562	-0.024027	0.497143	-2.770235	0.0	0.007897	0.007897	90.0	0.496557	-0.024028	0.497138	-2.770313	261519.808416
187.0	1.0	0.0	0.0	0.0	-90.0	0.496462	-0.023999	0.497042	-2.767546	0.0	0.008264	0.008264	90.0	0.496462	-0.023999	0.497042	-2.767546	261518.360705
188.0	1.0	0.0	0.0	0.0	-90.0	0.496397	-0.024014	0.496978	-2.769623	0.0	0.008667	0.008667	90.0	0.496399	-0.02401	0.496979	-2.769092	261516.837496
189.0	1.0	0.0	0.0	0.0	-90.0	0.496281	-0.024018	0.496862	-2.770759	0.0	0.009114	0.009114	90.0	0.496281	-0.024018	0.496862	-2.770759	261515.398785
190.0	1.0	0.0	0.0	0.0	-90.0	0.496176	-0.024023	0.496758	-2.771828	0.0	0.009599	0.009599	90.0	0.496178	-0.024023	0.496759	-2.771827	261513.973009
191.0	1.0	0.0	0.0	0.0	-90.0	0.496069	-0.024024	0.49665	-2.772625	0.0	0.010032	0.010032	90.0	0.496069	-0.024024	0.49665	-2.772625	261512.533197
192.0	1.0	0.0	0.0	0.0	-90.0	0.495963	-0.024042	0.496545	-2.775275	0.0	0.010627	0.010627	90.0	0.495963	-0.024042	0.496545	-2.775275	261511.121133
193.0	1.0	0.0	0.0	0.0	-90.0	0.495853	-0.02401	0.496434	-2.772206	0.0	0.011437	0.011437	90.0	0.495853	-0.02401	0.496434	-2.772206	261509.67305
194.0	1.0	0.0	0.0	0.0	-90.0	0.495783	-0.024086	0.496367	-2.781393	0.0	0.012001	0.012001	90.0	0.495783	-0.024086	0.496367	-2.781393	261508.237835
195.0	1.0	0.0	0.0	0.0	-90.0	0.49563	-0.024003	0.496211	-2.772598	0.0	0.012824	0.012824	90.0	0.49563	-0.024003	0.496211	-2.772598	261506.806101
196.0	1.0	0.0	0.0	0.0	-90.0	0.495545	-0.024091	0.496131	-2.783201	0.0	0.013259	0.013259	90.0	0.495545	-0.024091	0.496131	-2.783201	261505.358952
197.0	1.0	0.0	0.0	0.0	-90.0	0.49558	-0.023976	0.49616	-2.769785	0.0	0.014236	0.014236	90.0	0.49558	-0.023976	0.49616	-2.769785	261503.889236
198.0	1.0	0.0	0.0	0.0	-90.0	0.495535	-0.024007	0.496116	-2.773656	0.0	0.015319	0.015319	90.0	0.495535	-0.024007	0.496116	-2.773655	261502.414107
199.0	1.0	0.0	0.0	0.0	-90.0	0.49518	-0.024051	0.495764	-2.780645	0.0	0.016425	0.016425	90.0	0.49518	-0.024047	0.495764	-2.780237	261500.98212
200.0	1.0	0.0	0.0	0.0	-90.0	0.49574	-0.0240415	0.4963225	-2.776432	0.0	0.010278500000000001	0.010278500000000001	90.0	0.49574	-0.0240415	0.4963225	-2.776432	259619.455407
250.0	1.0	0.0	0.0	0.0	-90.0	0.491587	-0.02483	0.492214	-2.891486	0.0	0.001908	0.001908	90.0	0.491587	-0.02483	0.492214	-2.891486	257737.899323
300.0	1.0	0.0	0.0	0.0	-90.0	0.489941	-0.024655	0.490561	-2.880858	0.0	0.000618	0.000618	90.0	0.489941	-0.024655	0.490561	-2.880858	257736.444378
350.0	1.0	0.0	0.0	0.0	-90.0	0.48737	-0.025589	0.488041	-3.005485	0.0	0.001668	0.001668	90.0	0.48737	-0.025589	0.488041	-3.005485	257734.999098
400.0	1.0	0.0	0.0	0.0	-90.0	0.485235	-0.024762	0.485867	-2.921331	0.0	0.001957	0.001957	90.0	0.485235	-0.024762	0.485867	-2.921358	257733.566433
450.0	1.0	0.0	0.0	0.0	-90.0	0.482951	-0.025105	0.483603	-2.975754	0.0	0.002476	0.002476	90.0	0.482954	-0.025108	0.483606	-2.975981	257732.143926
500.0	1.0	0.0	0.0	0.0	-90.0	0.481553	-0.024844	0.482193	-2.953303	0.0	0.00243	0.00243	90.0	0.481553	-0.024844	0.482193	-2.953303	257730.723153
550.0	1.0	0.0	0.0	0.0	-90.0	0.479942	-0.024673	0.480576	-2.942936	0.0	0.002026	0.002026	90.0	0.479942	-0.024673	0.480576	-2.942936	257729.263103
600.0	1.0	0.0	0.0	0.0	-90.0	0.478602	-0.024727	0.47924	-2.957583	0.0	0.00519	0.00519	90.0	0.478602	-0.024727	0.47924	-2.957583	257727.822882
650.0	1.0	0.0	0.0	0.0	-90.0	0.477385	-0.024655	0.478022	-2.956494	0.0	0.00661	0.00661	90.0	0.477385	-0.024654	0.478021	-2.956349	257726.397528
700.0	1.0	0.0	0.0	0.0	-90.0	0.475977	-0.024709	0.476618	-2.971741	0.0	-0.008354	0.008354	-90.0	0.475977	-0.024709	0.476618	-2.971741	257724.96598
750.0	1.0	0.0	0.0	0.0	-90.0	0.474726	-0.024544	0.475361	-2.959675	0.0	0.002704	0.002704	90.0	0.474726	-0.024544	0.475361	-2.959675	257723.525995
800.0	1.0	0.0	0.0	0.0	-90.0	0.473913	-0.024546	0.474548	-2.964904	0.0	0.003167	0.003167	90.0	0.473913	-0.024546	0.474548	-2.964904	257722.092672
850.0	1.0	0.0	0.0	0.0	-90.0	0.47302	-0.024525	0.473655	-2.967954	0.0	0.00316	0.00316	90.0	0.47302	-0.024525	0.473655	-2.967954	257720.657865
900.0	1.0	0.0	0.0	0.0	-90.0	0.472065	-0.024488	0.472699	-2.969498	0.0	0.003147	0.003147	90.0	0.472065	-0.024488	0.4727	-2.969494	257719.21053
950.0	1.0	0.0	0.0	0.0	-90.0	0.47121	-0.024384	0.471841	-2.962326	0.0	0.003224	0.003224	90.0	0.471211	-0.024385	0.471841	-2.962425	257717.778401
1000.0	1.0	0.0	0.0	0.0	-90.0	0.470402	-0.024299	0.471029	-2.956977	0.0	0.003167	0.003167	90.0	0.470402	-0.024299	0.471029	-2.956977	257716.341598
1050.0	1.0	0.0	0.0	0.0	-90.0	0.469694	-0.024304	0.470322	-2.962037	0.0	0.003237	0.003237	90.0	0.469694	-0.024304	0.470322	-2.962038	257714.923647
1100.0	1.0	0.0	0.0	0.0	-90.0	0.469025	-0.02419	0.469649	-2.95246	0.0	0.003249	0.003249	90.0	0.469025	-0.02419	0.469649	-2.95246	257713.478451
1150.0	1.0	0.0	0.0	0.0	-90.0	0.46829	-0.024191	0.468914	-2.957122	0.0	0.003249	0.003249	90.0	0.46829	-0.024191	0.468914	-2.957122	257712.050996
1200.0	1.0	0.0	0.0	0.0	-90.0	0.46774	-0.02408	0.468359	-2.947093	0.0	0.003273	0.003273	90.0	0.46774	-0.02408	0.468359	-2.947093	257710.619303
1250.0	1.0	0.0	0.0	0.0	-90.0	0.467061	-0.024009	0.467677	-2.942705	0.0	0.003283	0.003283	90.0	0.467061	-0.024009	0.467677	-2.942705	257709.181411
1300.0	1.0	0.0	0.0	0.0	-90.0	0.466503	-0.024027	0.467121	-2.948445	0.0	0.003247	0.003247	90.0	0.466503	-0.024027	0.467121	-2.948445	257707.742629
1350.0	1.0	0.0	0.0	0.0	-90.0	0.465885	-0.023954	0.466501	-2.943309	0.0	0.003269	0.003269	90.0	0.465885	-0.023954	0.466501	-2.943309	257706.30886
1400.0	1.0	0.0	0.0	0.0	-90.0	0.465419	-0.023917	0.466034	-2.941788	0.0	0.003306	0.003306	90.0	0.465419	-0.023917	0.466034	-2.941788	257704.875079
1450.0	1.0	0.0	0.0	0.0	-90.0	0.464885	-0.023876	0.465497	-2.940066	0.0	0.003284	0.003284	90.0	0.464885	-0.023876	0.465497	-2.940066	257703.426798
1500.0	1.0	0.0	0.0	0.0	-90.0	0.464437	-0.023865	0.465049	-2.941491	0.0	0.003291	0.003291	90.0	0.464437	-0.023865	0.465049	-2.941491	257701.990475
1550.0	1.0	0.0	0.0	0.0	-90.0	0.463985	-0.023867	0.464599	-2.944624	0.0	0.00334	0.00334	90.0	0.463985	-0.023867	0.464599	-2.944624	257700.537238
1600.0	1.0	0.0	0.0	0.0	-90.0	0.463543	-0.023794	0.464153	-2.938491	0.0	0.003364	0.003364	90.0	0.463543	-0.023794	0.464153	-2.938491	257699.071063
1650.0	1.0	0.0	0.0	0.0	-90.0	0.463119	-0.023779	0.46373	-2.93931	0.0	0.002677	0.002677	90.0	0.463119	-0.023779	0.46373	-2.93931	257697.622137
1700.0	1.0	0.0	0.0	0.0	-90.0	0.462656	-0.023736	0.463264	-2.936876	0.0	0.001733	0.001733	90.0	0.462656	-0.023736	0.463264	-2.936876	257696.188669
1750.0	1.0	0.0	0.0	0.0	-90.0	0.462235	-0.023718	0.462844	-2.937313	0.0	0.005747	0.005747	90.0	0.462235	-0.023718	0.462844	-2.937313	257694.77342
1800.0	1.0	0.0	0.0	0.0	-90.0	0.461841	-0.023706	0.462449	-2.938348	0.0	0.003392	0.003392	90.0	0.46184	-0.023706	0.462448	-2.9384	257693.334393
1850.0	1.0	0.0	0.0	0.0	-90.0	0.461426	-0.023697	0.462034	-2.939955	0.0	0.003347	0.003347	90.0	0.461426	-0.023697	0.462034	-2.939955	257691.895333
1900.0	1.0	0.0	0.0	0.0	-90.0	0.4611	-0.023663	0.461707	-2.937721	0.0	0.003381	0.003381	90.0	0.4611	-0.023663	0.461707	-2.937729	257690.473231
1950.0	1.0	0.0	0.0	0.0	-90.0	0.460765	-0.02366	0.461372	-2.939574	0.0	0.003536	0.003536	90.0	0.460765	-0.02366	0.461372	-2.939574	257689.042903
2000.0	1.0	0.0	0.0	0.0	-90.0	0.460444	-0.023642	0.461051	-2.939363	0.0	0.004309	0.004309	90.0	0.460444	-0.023642	0.461051	-2.939363	257687.59873
2050.0	1.0	0.0	0.0	0.0	-90.0	0.460065	-0.023641	0.460672	-2.941669	0.0	0.003704	0.003704	90.0	0.460065	-0.023641	0.460672	-2.941669	257686.185219
2100.0	1.0	0.0	0.0	0.0	-90.0	0.459743	-0.023615	0.460349	-2.940513	0.0	0.006121	0.006121	90.0	0.459743	-0.023615	0.460349	-2.940513	257684.756969
2150.0	1.0	0.0	0.0	0.0	-90.0	0.459429	-0.023597	0.460035	-2.940261	0.0	0.000812	0.000812	90.0	0.459429	-0.023597	0.460035	-2.940261	257683.295408
2200.0	1.0	0.0	0.0	0.0	-90.0	0.459116	-0.023602	0.459722	-2.942806	0.0	0.013746	0.013746	90.0	0.459116	-0.023602	0.459722	-2.942806	257681.844562
2250.0	1.0	0.0	0.0	0.0	-90.0	0.458805	-0.023618	0.459413	-2.946775	0.0	-0.004638	0.004638	-90.0	0.458805	-0.023618	0.459413	-2.946775	257680.410475
2300.0	1.0	0.0	0.0	0.0	-90.0	0.458498	-0.023605	0.459105	-2.94714	0.0	0.003381	0.003381	90.0	0.458498	-0.023605	0.459105	-2.94714	257678.902424
2350.0	1.0	0.0	0.0	0.0	-90.0	0.458217	-0.023595	0.458824	-2.947763	0.0	0.003584	0.003584	90.0	0.458217	-0.023595	0.458824	-2.947763	257677.439316
2400.0	1.0	0.0	0.0	0.0	-90.0	0.457904	-0.023606	0.458512	-2.951175	0.0	0.003532	0.003532	90.0	0.457904	-0.023606	0.458512	-2.951175	257676.003869
2450.0	1.0	0.0	0.0	0.0	-90.0	0.457588	-0.023601	0.458197	-2.95254	0.0	0.003627	0.003627	90.0	0.457588	-0.023601	0.458197	-2.95254	257674.552202
2500.0	1.0	0.0	0.0	0.0	-90.0	0.457305	-0.023604	0.457914	-2.954669	0.0	0.003572	0.003572	90.0	0.457305	-0.023604	0.457914	-2.954669	257673.127164
2550.0	1.0	0.0	0.0	0.0	-90.0	0.457022	-0.023605	0.457631	-2.95672	0.0	0.003637	0.003637	90.0	0.457022	-0.023605	0.457631	-2.95672	257671.713297
2600.0	1.0	0.0	0.0	0.0	-90.0	0.456779	-0.023615	0.457389	-2.959443	0.0	0.003699	0.003699	90.0	0.456779	-0.023615	0.457389	-2.959453	257670.276789
2650.0	1.0	0.0	0.0	0.0	-90.0	0.456508	-0.023606	0.457118	-2.960152	0.0	0.003783	0.003783	90.0	0.456508	-0.023606	0.457118	-2.960152	257668.829885
2700.0	1.0	0.0	0.0	0.0	-90.0	0.456249	-0.023617	0.45686	-2.963196	0.0	0.003775	0.003775	90.0	0.456249	-0.023617	0.45686	-2.963196	257667.389432
2750.0	1.0	0.0	0.0	0.0	-90.0	0.455961	-0.02362	0.456572	-2.965366	0.0	0.003818	0.003818	90.0	0.455961	-0.02362	0.456572	-2.965366	257665.912317
2800.0	1.0	0.0	0.0	0.0	-90.0	0.455724	-0.023627	0.456336	-2.967904	0.0	0.00382	0.00382	90.0	0.455724	-0.023627	0.456336	-2.967904	257664.472869
2850.0	1.0	0.0	0.0	0.0	-90.0	0.455472	-0.023631	0.456084	-2.970017	0.0	0.003896	0.003896	90.0	0.455472	-0.023631	0.456084	-2.970017	257663.016888
2900.0	1.0	0.0	0.0	0.0	-90.0	0.455257	-0.023641	0.455871	-2.972682	0.0	0.003939	0.003939	90.0	0.455257	-0.023641	0.455871	-2.972682	257661.549124
2950.0	1.0	0.0	0.0	0.0	-90.0	0.455028	-0.02365	0.455642	-2.975232	0.0	0.003977	0.003977	90.0	0.455028	-0.02365	0.455642	-2.975232	257660.095134
3000.0	1.0	0.0	0.0	0.0	-90.0	0.454812	-0.023662	0.455427	-2.978215	0.0	0.004021	0.004021	90.0	0.454812	-0.023662	0.455427	-2.978215	257658.66176
3050.0	1.0	0.0	0.0	0.0	-90.0	0.454624	-0.023675	0.45524	-2.981104	0.0	0.004092	0.004092	90.0	0.454624	-0.023676	0.45524	-2.981141	257657.214372
3100.0	1.0	0.0	0.0	0.0	-90.0	0.45442	-0.023682	0.455037	-2.983199	0.0	0.004099	0.004099	90.0	0.45442	-0.023682	0.455037	-2.9832	257655.765737
3150.0	1.0	0.0	0.0	0.0	-90.0	0.454209	-0.023686	0.454826	-2.985129	0.0	0.004145	0.004145	90.0	0.454209	-0.023686	0.454826	-2.985128	257654.298222
3200.0	1.0	0.0	0.0	0.0	-90.0	0.454026	-0.023703	0.454644	-2.988434	0.0	0.004252	0.004252	90.0	0.454026	-0.023703	0.454644	-2.988435	257652.896427
3250.0	1.0	0.0	0.0	0.0	-90.0	0.453836	-0.023714	0.454456	-2.991123	0.0	0.004347	0.004347	90.0	0.453836	-0.023714	0.454456	-2.991123	257651.480431
3300.0	1.0	0.0	0.0	0.0	-90.0	0.453661	-0.023728	0.454281	-2.99409	0.0	0.004408	0.004408	90.0	0.45366	-0.023728	0.45428	-2.994068	257650.005365
3350.0	1.0	0.0	0.0	0.0	-90.0	0.453452	-0.02374	0.454073	-2.9969	0.0	0.005741	0.005741	90.0	0.453452	-0.02374	0.454073	-2.9969	257648.569408
3400.0	1.0	0.0	0.0	0.0	-90.0	0.453251	-0.023751	0.453873	-2.999619	0.0	0.005858	0.005858	90.0	0.453251	-0.023751	0.453873	-2.999619	257647.135813
3450.0	1.0	0.0	0.0	0.0	-90.0	0.453065	-0.023767	0.453687	-3.002931	0.0	0.002348	0.002348	90.0	0.453065	-0.023767	0.453687	-3.002931	257645.66555
3500.0	1.0	0.0	0.0	0.0	-90.0	0.452866	-0.023773	0.45349	-3.004977	0.0	0.004663	0.004663	90.0	0.452866	-0.023773	0.45349	-3.004977	257644.194262
3550.0	1.0	0.0	0.0	0.0	-90.0	0.45267	-0.023782	0.453295	-3.007422	0.0	0.004719	0.004719	90.0	0.45267	-0.023782	0.453295	-3.007422	257642.751
3600.0	1.0	0.0	0.0	0.0	-90.0	0.452451	-0.023804	0.453077	-3.011591	0.0	0.004776	0.004776	90.0	0.452451	-0.023804	0.453077	-3.011591	257641.319106
3650.0	1.0	0.0	0.0	0.0	-90.0	0.452264	-0.023819	0.452891	-3.014822	0.0	0.005155	0.005155	90.0	0.452264	-0.023819	0.452891	-3.014822	257639.895696
3700.0	1.0	0.0	0.0	0.0	-90.0	0.452082	-0.023837	0.45271	-3.018267	0.0	0.004823	0.004823	90.0	0.452082	-0.023837	0.45271	-3.018267	257638.472504
3750.0	1.0	0.0	0.0	0.0	-90.0	0.451918	-0.02385	0.452547	-3.021009	0.0	0.005153	0.005153	90.0	0.451918	-0.02385	0.452547	-3.021009	257636.966627
3800.0	1.0	0.0	0.0	0.0	-90.0	0.451748	-0.023868	0.452378	-3.024407	0.0	0.005337	0.005337	90.0	0.451748	-0.023868	0.452378	-3.024407	257635.523339
3850.0	1.0	0.0	0.0	0.0	-90.0	0.451549	-0.023885	0.45218	-3.027817	0.0	0.005368	0.005368	90.0	0.451549	-0.023885	0.45218	-3.027817	257634.073344
3900.0	1.0	0.0	0.0	0.0	-90.0	0.451384	-0.023898	0.452016	-3.030619	0.0	0.005583	0.005583	90.0	0.451384	-0.023898	0.452016	-3.030619	257632.621937
3950.0	1.0	0.0	0.0	0.0	-90.0	0.451237	-0.023918	0.451871	-3.034139	0.0	0.005709	0.005709	90.0	0.451237	-0.023918	0.451871	-3.034139	257631.149326
4000.0	1.0	0.0	0.0	0.0	-90.0	0.451093	-0.023933	0.451728	-3.036974	0.0	0.006009	0.006009	90.0	0.451094	-0.023933	0.451728	-3.036958	257629.706543
4050.0	1.0	0.0	0.0	0.0	-90.0	0.450924	-0.023948	0.45156	-3.040001	0.0	0.006176	0.006176	90.0	0.450924	-0.023948	0.45156	-3.040001	257628.261468
4100.0	1.0	0.0	0.0	0.0	-90.0	0.450751	-0.023965	0.451388	-3.043367	0.0	0.00635	0.00635	90.0	0.450752	-0.023965	0.451388	-3.043377	257626.820527
4150.0	1.0	0.0	0.0	0.0	-90.0	0.450589	-0.02398	0.451226	-3.046332	0.0	0.006563	0.006563	90.0	0.450589	-0.02398	0.451226	-3.046332	257625.346969
4200.0	1.0	0.0	0.0	0.0	-90.0	0.450411	-0.024002	0.45105	-3.050381	0.0	0.0068	0.0068	90.0	0.450411	-0.024002	0.45105	-3.050381	257623.904645
4250.0	1.0	0.0	0.0	0.0	-90.0	0.450262	-0.024018	0.450902	-3.053444	0.0	0.007143	0.007143	90.0	0.450262	-0.024018	0.450902	-3.053444	257622.471951
4300.0	1.0	0.0	0.0	0.0	-90.0	0.450096	-0.024038	0.450738	-3.057084	0.0	0.007404	0.007404	90.0	0.450096	-0.024038	0.450738	-3.057084	257621.037054
4350.0	1.0	0.0	0.0	0.0	-90.0	0.449925	-0.024056	0.450568	-3.060472	0.0	0.007721	0.007721	90.0	0.449925	-0.024056	0.450568	-3.060472	257619.599867
4400.0	1.0	0.0	0.0	0.0	-90.0	0.449768	-0.024073	0.450412	-3.063789	0.0	0.007988	0.007988	90.0	0.449768	-0.024073	0.450412	-3.063789	257618.157331
4450.0	1.0	0.0	0.0	0.0	-90.0	0.449612	-0.02409	0.450257	-3.066946	0.0	0.008351	0.008351	90.0	0.449612	-0.02409	0.450257	-3.066946	257616.743792
4500.0	1.0	0.0	0.0	0.0	-90.0	0.449451	-0.024109	0.450097	-3.070485	0.0	0.008843	0.008843	90.0	0.449451	-0.024109	0.450097	-3.070485	257615.299554
4550.0	1.0	0.0	0.0	0.0	-90.0	0.449294	-0.024127	0.449941	-3.073862	0.0	0.00923	0.00923	90.0	0.449294	-0.024127	0.449942	-3.07385	257613.840477
4600.0	1.0	0.0	0.0	0.0	-90.0	0.449119	-0.024142	0.449768	-3.07693	0.0	0.009705	0.009705	90.0	0.449119	-0.024142	0.449768	-3.07693	257612.382783
4650.0	1.0	0.0	0.0	0.0	-90.0	0.448963	-0.024163	0.449613	-3.080624	0.0	0.010243	0.010243	90.0	0.448963	-0.024163	0.449613	-3.080624	257610.939809
4700.0	1.0	0.0	0.0	0.0	-90.0	0.448818	-0.02418	0.449469	-3.08384	0.0	0.010852	0.010852	90.0	0.448818	-0.02418	0.449469	-3.08384	257609.529296
4750.0	1.0	0.0	0.0	0.0	-90.0	0.448694	-0.024201	0.449346	-3.087318	0.0	0.011538	0.011538	90.0	0.448694	-0.024201	0.449346	-3.087318	257608.07693
4800.0	1.0	0.0	0.0	0.0	-90.0	0.44855	-0.02422	0.449204	-3.090786	0.0	0.012274	0.012274	90.0	0.44855	-0.02422	0.449203	-3.090782	257606.654148
4850.0	1.0	0.0	0.0	0.0	-90.0	0.448382	-0.024238	0.449037	-3.094182	0.0	0.013211	0.013211	90.0	0.448382	-0.024238	0.449037	-3.094182	257605.202855
4900.0	1.0	0.0	0.0	0.0	-90.0	0.448249	-0.024255	0.448904	-3.097315	0.0	0.013914	0.013914	90.0	0.448248	-0.024255	0.448904	-3.097311	257603.726631
4950.0	1.0	0.0	0.0	0.0	-90.0	0.448123	-0.024274	0.44878	-3.100627	0.0	0.01523	0.01523	90.0	0.448123	-0.024274	0.44878	-3.100627	257602.218436
5000.0	1.0	0.0	0.0	0.0	-90.0	0.4480075	-0.0242975	0.4486655	-3.104335	0.0	0.0100505	0.0100505	90.0	0.4480075	-0.0242975	0.4486655	-3.104335	254522.9326455
10000.0	1.0	0.0	0.0	0.0	-90.0	0.438276	-0.026545	0.439079	-3.465944	0.0	0.003263	0.003263	90.0	0.438276	-0.026545	0.439079	-3.465944	251443.617902
15000.0	1.0	0.0	0.0	0.0	-90.0	0.432251	-0.028725	0.433204	-3.802008	0.0	0.004314	0.004314	90.0	0.432251	-0.028725	0.433204	-3.802008	251442.209314
20000.0	1.0	0.0	0.0	0.0	-90.0	0.427728	-0.030758	0.428833	-4.113058	0.0	0.003169	0.003169	90.0	0.427728	-0.030758	0.428833	-4.113058	251440.762099
25000.0	1.0	0.0	0.0	0.0	-90.0	0.424075	-0.032657	0.425331	-4.403556	0.0	0.00381	0.00381	90.0	0.424075	-0.032657	0.425331	-4.403556	251439.352015
30000.0	1.0	0.0	0.0	0.0	-90.0	0.421052	-0.034469	0.422461	-4.680081	0.0	0.003311	0.003311	90.0	0.421052	-0.034469	0.422461	-4.680081	251437.920009
35000.0	1.0	0.0	0.0	0.0	-90.0	0.418378	-0.036212	0.419943	-4.946851	0.0	0.003895	0.003895	90.0	0.418378	-0.036212	0.419943	-4.946845	251436.50241
40000.0	1.0	0.0	0.0	0.0	-90.0	0.416022	-0.0379	0.417745	-5.205341	0.0	0.002912	0.002912	90.0	0.416022	-0.0379	0.417745	-5.205341	251435.064677
45000.0	1.0	0.0	0.0	0.0	-90.0	0.413895	-0.039545	0.415779	-5.457733	0.0	0.004649	0.004649	90.0	0.413895	-0.039545	0.415779	-5.457733	251433.615613
50000.0	1.0	0.0	0.0	0.0	-90.0	0.411952	-0.041151	0.414002	-5.704543	0.0	0.002805	0.002805	90.0	0.411952	-0.041151	0.414002	-5.704543	251432.184681
55000.0	1.0	0.0	0.0	0.0	-90.0	0.41019	-0.042736	0.41241	-5.947906	0.0	0.003044	0.003044	90.0	0.410191	-0.042736	0.412411	-5.947889	251430.759982
60000.0	1.0	0.0	0.0	0.0	-90.0	0.408556	-0.044298	0.41095	-6.188143	0.0	0.003186	0.003186	90.0	0.408556	-0.044298	0.41095	-6.188144	251429.300038
65000.0	1.0	0.0	0.0	0.0	-90.0	0.406997	-0.045832	0.40957	-6.425045	0.0	0.004351	0.004351	90.0	0.406997	-0.045832	0.40957	-6.425044	251427.837602
70000.0	1.0	0.0	0.0	0.0	-90.0	0.405515	-0.04735	0.40827	-6.659944	0.0	0.003036	0.003036	90.0	0.405515	-0.04735	0.40827	-6.659944	251426.402678
75000.0	1.0	0.0	0.0	0.0	-90.0	0.404106	-0.048848	0.407047	-6.892433	0.0	0.003494	0.003494	90.0	0.404106	-0.048848	0.407047	-6.892433	251424.967681
80000.0	1.0	0.0	0.0	0.0	-90.0	0.402761	-0.050335	0.405894	-7.123665	0.0	0.001565	0.001565	90.0	0.402761	-0.050335	0.405894	-7.123665	251423.546254
85000.0	1.0	0.0	0.0	0.0	-90.0	0.401495	-0.051812	0.404824	-7.353234	0.0	0.003525	0.003525	90.0	0.401495	-0.051812	0.404824	-7.353236	251422.114348
90000.0	1.0	0.0	0.0	0.0	-90.0	0.400286	-0.053277	0.403816	-7.58135	0.0	0.002045	0.002045	90.0	0.400286	-0.053277	0.403816	-7.58135	251420.698604
95000.0	1.0	0.0	0.0	0.0	-90.0	0.399107	-0.054727	0.402842	-7.807921	0.0	0.004931	0.004931	90.0	0.399107	-0.054727	0.402842	-7.807921	251419.226554
100000.0	1.0	0.0	0.0	0.0	-90.0	0.397977	-0.056171	0.401922	-8.033726	0.0	0.002952	0.002952	90.0	0.397977	-0.056171	0.401922	-8.033726	251417.791919
105000.0	1.0	0.0	0.0	0.0	-90.0	0.396854	-0.057598	0.401012	-8.257992	0.0	-0.000848	0.000848	-90.0	0.396854	-0.057598	0.401012	-8.257996	251416.353078
110000.0	1.0	0.0	0.0	0.0	-90.0	0.39578	-0.059018	0.400156	-8.481396	0.0	0.003227	0.003227	90.0	0.39578	-0.059018	0.400156	-8.481396	251414.909312
115000.0	1.0	0.0	0.0	0.0	-90.0	0.394735	-0.060431	0.399334	-8.704001	0.0	0.004647	0.004647	90.0	0.394735	-0.060431	0.399334	-8.704	251413.510678
120000.0	1.0	0.0	0.0	0.0	-90.0	0.393686	-0.061837	0.398513	-8.926681	0.0	0.008109	0.008109	90.0	0.393686	-0.061837	0.398513	-8.926681	251412.078572
125000.0	1.0	0.0	0.0	0.0	-90.0	0.392665	-0.063228	0.397723	-9.147354	0.0	0.007357	0.007357	90.0	0.392665	-0.063228	0.397723	-9.147354	251410.558083
130000.0	1.0	0.0	0.0	0.0	-90.0	0.391704	-0.064623	0.396999	-9.368248	0.0	0.008662	0.008662	90.0	0.391704	-0.064623	0.396999	-9.368248	251409.102627
135000.0	1.0	0.0	0.0	0.0	-90.0	0.390775	-0.066013	0.396311	-9.588367	0.0	0.002456	0.002456	90.0	0.390775	-0.066013	0.396311	-9.588367	251407.660453
140000.0	1.0	0.0	0.0	0.0	-90.0	0.389891	-0.067404	0.395675	-9.808282	0.0	0.001531	0.001531	90.0	0.389891	-0.067404	0.395675	-9.808282	251406.229298
145000.0	1.0	0.0	0.0	0.0	-90.0	0.389025	-0.068787	0.395059	-10.027347	0.0	0.002699	0.002699	90.0	0.389025	-0.068787	0.395059	-10.027347	251404.750785
150000.0	1.0	0.0	0.0	0.0	-90.0	0.388135	-0.070158	0.394425	-10.245896	0.0	0.00374	0.00374	90.0	0.388135	-0.070158	0.394425	-10.245899	251403.32237
155000.0	1.0	0.0	0.0	0.0	-90.0	0.387304	-0.071534	0.393855	-10.464399	0.0	0.004138	0.004138	90.0	0.387304	-0.071534	0.393855	-10.464399	251401.863071
160000.0	1.0	0.0	0.0	0.0	-90.0	0.386474	-0.0729	0.39329	-10.682161	0.0	0.004875	0.004875	90.0	0.386474	-0.0729	0.39329	-10.682164	251400.429035
165000.0	1.0	0.0	0.0	0.0	-90.0	0.385629	-0.074258	0.392713	-10.899625	0.0	0.00261	0.00261	90.0	0.385629	-0.074258	0.392713	-10.899625	251398.993144
170000.0	1.0	0.0	0.0	0.0	-90.0	0.384811	-0.075612	0.392169	-11.116566	0.0	0.002458	0.002458	90.0	0.384811	-0.075612	0.392169	-11.116566	251397.558274
175000.0	1.0	0.0	0.0	0.0	-90.0	0.384014	-0.076965	0.391651	-11.333179	0.0	0.004814	0.004814	90.0	0.384014	-0.076965	0.391651	-11.333178	251396.150967
180000.0	1.0	0.0	0.0	0.0	-90.0	0.383212	-0.078309	0.391132	-11.549321	0.0	0.002197	0.002197	90.0	0.383212	-0.078309	0.391132	-11.549321	251394.716291
185000.0	1.0	0.0	0.0	0.0	-90.0	0.382389	-0.079643	0.390595	-11.765283	0.0	0.003534	0.003534	90.0	0.382389	-0.079643	0.390595	-11.765283	251393.276103
190000.0	1.0	0.0	0.0	0.0	-90.0	0.381581	-0.080976	0.390078	-11.981062	0.0	0.003669	0.003669	90.0	0.381581	-0.080976	0.390078	-11.981062	251391.824648
195000.0	1.0	0.0	0.0	0.0	-90.0	0.380764	-0.082298	0.389557	-12.196208	0.0	0.003853	0.003853	90.0	0.380764	-0.082298	0.389557	-12.196208	251390.381789
200000.0	1.0	0.0	0.0	0.0	-90.0	0.379944	-0.083618	0.389036	-12.411776	0.0	0.004037	0.004037	90.0	0.379944	-0.083618	0.389036	-12.411776	251388.943524
205000.0	1.0	0.0	0.0	0.0	-90.0	0.379141	-0.084932	0.388538	-12.626452	0.0	0.003576	0.003576	90.0	0.379141	-0.084932	0.388538	-12.626451	251387.495362
210000.0	1.0	0.0	0.0	0.0	-90.0	0.378359	-0.086247	0.388064	-12.841132	0.0	0.002843	0.002843	90.0	0.378359	-0.086247	0.388064	-12.841132	251386.055037
215000.0	1.0	0.0	0.0	0.0	-90.0	0.37759	-0.087559	0.387609	-13.05547	0.0	0.006369	0.006369	90.0	0.37759	-0.087559	0.387609	-13.05547	251384.628344
220000.0	1.0	0.0	0.0	0.0	-90.0	0.376825	-0.088865	0.387161	-13.269438	0.0	0.002918	0.002918	90.0	0.376825	-0.088865	0.387162	-13.269438	251383.177609
225000.0	1.0	0.0	0.0	0.0	-90.0	0.376047	-0.090168	0.386706	-13.48372	0.0	0.0003	0.0003	90.0	0.376047	-0.090168	0.386706	-13.48372	251381.753742
230000.0	1.0	0.0	0.0	0.0	-90.0	0.375278	-0.091463	0.386263	-13.697139	0.0	0.008234	0.008234	90.0	0.375278	-0.091463	0.386263	-13.697139	251380.312633
235000.0	1.0	0.0	0.0	0.0	-90.0	0.374517	-0.092758	0.385833	-13.910797	0.0	0.001106	0.001106	90.0	0.374517	-0.092758	0.385833	-13.910797	251378.858515
240000.0	1.0	0.0	0.0	0.0	-90.0	0.373752	-0.094045	0.385403	-14.123719	0.0	0.002555	0.002555	90.0	0.373752	-0.094045	0.385403	-14.123719	251377.420431
245000.0	1.0	0.0	0.0	0.0	-90.0	0.373014	-0.095338	0.385004	-14.337167	0.0	0.000856	0.000856	90.0	0.373014	-0.095338	0.385004	-14.337167	251375.978382
250000.0	1.0	0.0	0.0	0.0	-90.0	0.372271	-0.096621	0.384605	-14.549858	0.0	0.00342	0.00342	90.0	0.372271	-0.096621	0.384605	-14.549858	251374.545617
255000.0	1.0	0.0	0.0	0.0	-90.0	0.371507	-0.097898	0.38419	-14.762714	0.0	0.003491	0.003491	90.0	0.371507	-0.097898	0.38419	-14.762714	251373.113079
260000.0	1.0	0.0	0.0	0.0	-90.0	0.370745	-0.099171	0.383779	-14.975549	0.0	0.004986	0.004986	90.0	0.370745	-0.099171	0.383779	-14.975549	251371.681239
265000.0	1.0	0.0	0.0	0.0	-90.0	0.37	-0.100443	0.383391	-15.187969	0.0	0.002622	0.002622	90.0	0.37	-0.100443	0.383391	-15.187969	251370.215041
270000.0	1.0	0.0	0.0	0.0	-90.0	0.369282	-0.101716	0.383035	-15.399791	0.0	0.008211	0.008211	90.0	0.369282	-0.101716	0.383035	-15.399791	251368.796124
275000.0	1.0	0.0	0.0	0.0	-90.0	0.368549	-0.102983	0.382667	-15.611899	0.0	0.006854	0.006854	90.0	0.368549	-0.102983	0.382667	-15.611899	251367.355462
280000.0	1.0	0.0	0.0	0.0	-90.0	0.367797	-0.104242	0.382284	-15.823931	0.0	-0.006997	0.006997	-90.0	0.367797	-0.104242	0.382284	-15.823931	251365.916166
285000.0	1.0	0.0	0.0	0.0	-90.0	0.367025	-0.105496	0.381886	-16.036466	0.0	0.002938	0.002938	90.0	0.367025	-0.105496	0.381886	-16.036466	251364.465723
290000.0	1.0	0.0	0.0	0.0	-90.0	0.366261	-0.106744	0.381499	-16.248435	0.0	0.00415	0.00415	90.0	0.366261	-0.106744	0.381499	-16.248435	251363.037016
295000.0	1.0	0.0	0.0	0.0	-90.0	0.365517	-0.107996	0.381137	-16.460312	0.0	0.004463	0.004463	90.0	0.365517	-0.107996	0.381137	-16.460312	251361.552181
300000.0	1.0	0.0	0.0	0.0	-90.0	0.364777	-0.109238	0.380782	-16.671138	0.0	0.004522	0.004522	90.0	0.364777	-0.109238	0.380782	-16.671138	251360.125983
305000.0	1.0	0.0	0.0	0.0	-90.0	0.36407	-0.110497	0.380469	-16.883349	0.0	0.004524	0.004524	90.0	0.36407	-0.110497	0.380469	-16.883349	251358.673096
310000.0	1.0	0.0	0.0	0.0	-90.0	0.363371	-0.111752	0.380167	-17.094954	0.0	0.004681	0.004681	90.0	0.363371	-0.111752	0.380167	-17.094954	251357.224
315000.0	1.0	0.0	0.0	0.0	-90.0	0.362664	-0.112999	0.37986	-17.306042	0.0	0.005054	0.005054	90.0	0.362664	-0.112999	0.37986	-17.306042	251355.75501
320000.0	1.0	0.0	0.0	0.0	-90.0	0.361941	-0.114241	0.379543	-17.517534	0.0	0.006129	0.006129	90.0	0.361941	-0.114241	0.379543	-17.517534	251354.325041
325000.0	1.0	0.0	0.0	0.0	-90.0	0.361182	-0.115469	0.379191	-17.728941	0.0	0.00633	0.00633	90.0	0.361182	-0.115469	0.379191	-17.728941	251352.87818
330000.0	1.0	0.0	0.0	0.0	-90.0	0.360424	-0.116696	0.378845	-17.940548	0.0	0.001341	0.001341	90.0	0.360424	-0.116696	0.378845	-17.940548	251351.433155
335000.0	1.0	0.0	0.0	0.0	-90.0	0.359665	-0.117917	0.378502	-18.151821	0.0	0.004651	0.004651	90.0	0.359665	-0.117917	0.378502	-18.151821	251349.955942
340000.0	1.0	0.0	0.0	0.0	-90.0	0.358946	-0.119146	0.378204	-18.362734	0.0	0.005101	0.005101	90.0	0.358946	-0.119146	0.378203	-18.362735	251348.508889
345000.0	1.0	0.0	0.0	0.0	-90.0	0.358203	-0.120369	0.377886	-18.574144	0.0	0.005359	0.005359	90.0	0.358202	-0.120369	0.377886	-18.574145	251347.035828
350000.0	1.0	0.0	0.0	0.0	-90.0	0.357446	-0.121582	0.377558	-18.785225	0.0	0.006443	0.006443	90.0	0.357446	-0.121582	0.377558	-18.785225	251345.592029
355000.0	1.0	0.0	0.0	0.0	-90.0	0.356697	-0.122795	0.377242	-18.996309	0.0	0.002615	0.002615	90.0	0.356697	-0.122795	0.377242	-18.996309	251344.160568
360000.0	1.0	0.0	0.0	0.0	-90.0	0.355938	-0.124005	0.37692	-19.207734	0.0	0.00415	0.00415	90.0	0.355938	-0.124005	0.37692	-19.207734	251342.713471
365000.0	1.0	0.0	0.0	0.0	-90.0	0.355172	-0.125209	0.376595	-19.419063	0.0	0.005324	0.005324	90.0	0.355172	-0.125209	0.376595	-19.419063	251341.289221
370000.0	1.0	0.0	0.0	0.0	-90.0	0.354388	-0.126403	0.376256	-19.630234	0.0	0.005869	0.005869	90.0	0.354388	-0.126403	0.376256	-19.630234	251339.800644
375000.0	1.0	0.0	0.0	0.0	-90.0	0.353634	-0.127605	0.375952	-19.841366	0.0	0.005962	0.005962	90.0	0.353634	-0.127605	0.375952	-19.841366	251338.349656
380000.0	1.0	0.0	0.0	0.0	-90.0	0.352873	-0.128801	0.375645	-20.052403	0.0	0.006076	0.006076	90.0	0.352873	-0.128801	0.375645	-20.052403	251336.897659
385000.0	1.0	0.0	0.0	0.0	-90.0	0.352096	-0.129987	0.375324	-20.263232	0.0	0.006302	0.006302	90.0	0.352096	-0.129987	0.375324	-20.263232	251335.467557
390000.0	1.0	0.0	0.0	0.0	-90.0	0.351358	-0.131185	0.37505	-20.473956	0.0	0.006581	0.006581	90.0	0.351358	-0.131185	0.37505	-20.473956	251334.031496
395000.0	1.0	0.0	0.0	0.0	-90.0	0.350591	-0.13237	0.374748	-20.684686	0.0	0.00736	0.00736	90.0	0.350591	-0.13237	0.374748	-20.684684	251332.575736
400000.0	1.0	0.0	0.0	0.0	-90.0	0.349812	-0.133551	0.374438	-20.895886	0.0	0.009362	0.009362	90.0	0.349812	-0.133551	0.374438	-20.895885	251331.139253
405000.0	1.0	0.0	0.0	0.0	-90.0	0.349018	-0.134731	0.374121	-21.107967	0.0	-0.002413	0.002413	-90.0	0.349018	-0.134731	0.374121	-21.107967	251329.70493
410000.0	1.0	0.0	0.0	0.0	-90.0	0.348228	-0.135904	0.373808	-21.319415	0.0	0.006952	0.006952	90.0	0.348228	-0.135904	0.373808	-21.319415	251328.267284
415000.0	1.0	0.0	0.0	0.0	-90.0	0.347488	-0.13709	0.373553	-21.530098	0.0	0.007602	0.007602	90.0	0.347488	-0.13709	0.373553	-21.530099	251326.826956
420000.0	1.0	0.0	0.0	0.0	-90.0	0.346733	-0.13827	0.373285	-21.741061	0.0	0.007966	0.007966	90.0	0.346733	-0.13827	0.373285	-21.741061	251325.389448
425000.0	1.0	0.0	0.0	0.0	-90.0	0.345971	-0.139444	0.373015	-21.951987	0.0	0.009074	0.009074	90.0	0.345971	-0.139444	0.373015	-21.951987	251323.952232
430000.0	1.0	0.0	0.0	0.0	-90.0	0.345211	-0.14062	0.372753	-22.163234	0.0	0.013602	0.013602	90.0	0.345211	-0.14062	0.372753	-22.163234	251322.522955
435000.0	1.0	0.0	0.0	0.0	-90.0	0.344494	-0.141806	0.372538	-22.373791	0.0	0.008168	0.008168	90.0	0.344494	-0.141806	0.372538	-22.373791	251321.060532
440000.0	1.0	0.0	0.0	0.0	-90.0	0.343776	-0.142992	0.372329	-22.584557	0.0	0.009114	0.009114	90.0	0.343776	-0.142992	0.372329	-22.584557	251319.639643
445000.0	1.0	0.0	0.0	0.0	-90.0	0.343005	-0.144154	0.372065	-22.795442	0.0	0.009565	0.009565	90.0	0.343005	-0.144154	0.372065	-22.795442	251318.156191
450000.0	1.0	0.0	0.0	0.0	-90.0	0.34223	-0.145312	0.371802	-23.006194	0.0	0.010191	0.010191	90.0	0.34223	-0.145312	0.371802	-23.006194	251316.707601
455000.0	1.0	0.0	0.0	0.0	-90.0	0.341428	-0.146467	0.371518	-23.218501	0.0	0.010681	0.010681	90.0	0.341428	-0.146467	0.371518	-23.218501	251315.261077
460000.0	1.0	0.0	0.0	0.0	-90.0	0.340632	-0.147617	0.371242	-23.430136	0.0	0.011272	0.011272	90.0	0.340632	-0.147617	0.371242	-23.430136	251313.802185
465000.0	1.0	0.0	0.0	0.0	-90.0	0.339845	-0.148761	0.370978	-23.640449	0.0	0.011907	0.011907	90.0	0.339845	-0.148761	0.370978	-23.64045	251312.342029
470000.0	1.0	0.0	0.0	0.0	-90.0	0.339051	-0.149902	0.37071	-23.851334	0.0	0.012694	0.012694	90.0	0.339051	-0.149902	0.37071	-23.851334	251310.863913
475000.0	1.0	0.0	0.0	0.0	-90.0	0.338267	-0.151051	0.370461	-24.062864	0.0	0.013614	0.013614	90.0	0.338267	-0.151051	0.370461	-24.062864	251309.424826
480000.0	1.0	0.0	0.0	0.0	-90.0	0.337485	-0.15219	0.370213	-24.273144	0.0	0.015044	0.015044	90.0	0.337485	-0.15219	0.370213	-24.273144	251307.960145
485000.0	1.0	0.0	0.0	0.0	-90.0	0.336682	-0.153327	0.369952	-24.484798	0.0	0.017736	0.017736	90.0	0.336682	-0.153327	0.369952	-24.484797	251306.527081
490000.0	1.0	0.0	0.0	0.0	-90.0	0.335888	-0.154459	0.3697	-24.69553	0.0	0.010053	0.010053	90.0	0.335888	-0.154459	0.3697	-24.69553	251305.051696
495000.0	1.0	0.0	0.0	0.0	-90.0	0.335067	-0.155583	0.369426	-24.907006	0.0	0.018966	0.018966	90.0	0.335066	-0.155582	0.369426	-24.907006	251303.569517
500000.0	1.0	0.0	0.0	0.0	-90.0	0.334236	-0.156687	0.36914	-25.116773	0.0	0.018567	0.018567	90.0	0.334236	-0.156687	0.36914	-25.116773	251302.143991
