# Oscilator_frequency (Hz)	DemodAll_A (-)	Demod_1_X_A (A)	Demod_1_Y_A (A)	Demod_1__R_A (A)	Demod_1__Theta_A (deg)	Demod_2_X_A (A)	Demod_2_Y_A (A)	Demod_2__R_A (A)	Demod_2__Theta_A (deg)	Demod_3_X_A (V)	Demod_3_Y_A (V)	Demod_3__R_A (V)	Demod_3__Theta_A (deg)	Demod_4_X_A (V)	Demod_4_Y_A (V)	Demod_4__R_A (V)	Demod_4__Theta_A (deg)	Timer_GET (s)	
200.000000	 1.000000	 0.000000	 -0.000000	 0.000000	 -90.000000	 0.375532	 -0.020385	 0.376085	 -3.107086	 0.000000	 0.342531	 0.342531	 90.000000	 0.375532	 -0.020385	 0.376085	 -3.107086	 352203.530174	
199.000000	 1.000000	 0.000000	 -0.000000	 0.000000	 -90.000000	 0.375488	 -0.020007	 0.376021	 -3.050000	 0.000000	 0.316141	 0.316141	 90.000000	 0.375488	 -0.020007	 0.376021	 -3.050000	 352204.980160	
198.000000	 1.000000	 0.000000	 -0.000000	 0.000000	 -90.000000	 0.375272	 -0.019500	 0.375779	 -2.974483	 0.000000	 0.298749	 0.298749	 90.000000	 0.375272	 -0.019500	 0.375779	 -2.974483	 352206.373520	
197.000000	 1.000000	 0.000000	 -0.000000	 0.000000	 -90.000000	 0.375236	 -0.019367	 0.375735	 -2.954624	 0.000000	 0.283833	 0.283833	 90.000000	 0.375236	 -0.019367	 0.375735	 -2.954624	 352207.818771	
196.000000	 1.000000	 0.000000	 -0.000000	 0.000000	 -90.000000	 0.375374	 -0.019335	 0.375871	 -2.948681	 0.000000	 0.270245	 0.270245	 90.000000	 0.375374	 -0.019335	 0.375871	 -2.948681	 352209.308178	
195.000000	 1.000000	 0.000000	 -0.000000	 0.000000	 -90.000000	 0.375294	 -0.019270	 0.375789	 -2.939328	 0.000000	 0.258553	 0.258553	 90.000000	 0.375294	 -0.019270	 0.375789	 -2.939328	 352210.709276	
194.000000	 1.000000	 0.000000	 -0.000000	 0.000000	 -90.000000	 0.375330	 -0.019047	 0.375813	 -2.905132	 0.000000	 0.247849	 0.247849	 90.000000	 0.375330	 -0.019047	 0.375813	 -2.905132	 352212.195286	
193.000000	 1.000000	 0.000000	 -0.000000	 0.000000	 -90.000000	 0.375380	 -0.019015	 0.375861	 -2.899830	 0.000000	 0.238788	 0.238788	 90.000000	 0.375380	 -0.019015	 0.375861	 -2.899830	 352213.633587	
192.000000	 1.000000	 0.000000	 -0.000000	 0.000000	 -90.000000	 0.375389	 -0.018913	 0.375865	 -2.884321	 0.000000	 0.230872	 0.230872	 90.000000	 0.375389	 -0.018913	 0.375865	 -2.884321	 352215.077472	
191.000000	 1.000000	 0.000000	 -0.000000	 0.000000	 -90.000000	 0.375404	 -0.018858	 0.375877	 -2.875753	 0.000000	 0.223772	 0.223772	 90.000000	 0.375404	 -0.018858	 0.375877	 -2.875753	 352216.530692	
190.000000	 1.000000	 0.000000	 -0.000000	 0.000000	 -90.000000	 0.375402	 -0.018771	 0.375871	 -2.862484	 0.000000	 0.217132	 0.217132	 90.000000	 0.375402	 -0.018771	 0.375871	 -2.862484	 352217.982331	
189.000000	 1.000000	 0.000000	 -0.000000	 0.000000	 -90.000000	 0.375474	 -0.018726	 0.375940	 -2.855133	 0.000000	 0.211278	 0.211278	 90.000000	 0.375474	 -0.018726	 0.375940	 -2.855133	 352219.438409	
188.000000	 1.000000	 0.000000	 -0.000000	 0.000000	 -90.000000	 0.375516	 -0.018662	 0.375980	 -2.845020	 0.000000	 0.205878	 0.205878	 90.000000	 0.375516	 -0.018662	 0.375980	 -2.845020	 352220.908214	
187.000000	 1.000000	 0.000000	 -0.000000	 0.000000	 -90.000000	 0.375567	 -0.018633	 0.376029	 -2.840212	 0.000000	 0.201114	 0.201114	 90.000000	 0.375567	 -0.018633	 0.376029	 -2.840212	 352222.384038	
186.000000	 1.000000	 0.000000	 -0.000000	 0.000000	 -90.000000	 0.375632	 -0.018594	 0.376092	 -2.833837	 0.000000	 0.196845	 0.196845	 90.000000	 0.375632	 -0.018594	 0.376092	 -2.833837	 352223.840431	
185.000000	 1.000000	 0.000000	 -0.000000	 0.000000	 -90.000000	 0.375648	 -0.018544	 0.376105	 -2.826095	 0.000000	 0.189575	 0.189575	 90.000000	 0.375648	 -0.018544	 0.376105	 -2.826095	 352225.318266	
184.000000	 1.000000	 0.000000	 -0.000000	 0.000000	 -90.000000	 0.375733	 -0.018529	 0.376190	 -2.823198	 0.000000	 0.190134	 0.190134	 90.000000	 0.375733	 -0.018529	 0.376190	 -2.823198	 352226.780347	
183.000000	 1.000000	 0.000000	 -0.000000	 0.000000	 -90.000000	 0.375800	 -0.018533	 0.376256	 -2.823270	 0.000000	 0.187131	 0.187131	 90.000000	 0.375800	 -0.018533	 0.376256	 -2.823270	 352228.217195	
182.000000	 1.000000	 0.000000	 -0.000000	 0.000000	 -90.000000	 0.375846	 -0.018489	 0.376301	 -2.816227	 0.000000	 0.184595	 0.184595	 90.000000	 0.375846	 -0.018489	 0.376301	 -2.816227	 352229.657776	
181.000000	 1.000000	 0.000000	 -0.000000	 0.000000	 -90.000000	 0.375859	 -0.018504	 0.376314	 -2.818437	 0.000000	 0.182831	 0.182831	 90.000000	 0.375858	 -0.018504	 0.376314	 -2.818510	 352231.076086	
180.000000	 1.000000	 0.000000	 -0.000000	 0.000000	 -90.000000	 0.375867	 -0.018528	 0.376323	 -2.822019	 0.000000	 0.181460	 0.181460	 90.000000	 0.375868	 -0.018531	 0.376324	 -2.822495	 352232.508443	
179.000000	 1.000000	 0.000000	 -0.000000	 0.000000	 -90.000000	 0.375966	 -0.018493	 0.376421	 -2.816020	 0.000000	 0.180848	 0.180848	 90.000000	 0.375965	 -0.018493	 0.376420	 -2.816006	 352233.932538	
178.000000	 1.000000	 0.000000	 -0.000000	 0.000000	 -90.000000	 0.375990	 -0.018488	 0.376444	 -2.815092	 0.000000	 0.176438	 0.176438	 90.000000	 0.375990	 -0.018488	 0.376444	 -2.815092	 352235.391992	
177.000000	 1.000000	 0.000000	 -0.000000	 0.000000	 -90.000000	 0.376168	 -0.018540	 0.376625	 -2.821639	 0.000000	 0.185425	 0.185425	 90.000000	 0.376168	 -0.018540	 0.376625	 -2.821639	 352236.828112	
176.000000	 1.000000	 0.000000	 -0.000000	 0.000000	 -90.000000	 0.376154	 -0.018497	 0.376608	 -2.815192	 0.000000	 0.181423	 0.181423	 90.000000	 0.376154	 -0.018497	 0.376608	 -2.815192	 352238.305947	
175.000000	 1.000000	 0.000000	 -0.000000	 0.000000	 -90.000000	 0.376219	 -0.018588	 0.376678	 -2.828463	 0.000000	 0.184411	 0.184411	 90.000000	 0.376219	 -0.018588	 0.376678	 -2.828463	 352239.739655	
174.000000	 1.000000	 0.000000	 -0.000000	 0.000000	 -90.000000	 0.376306	 -0.018592	 0.376765	 -2.828550	 0.000000	 0.185913	 0.185913	 90.000000	 0.376306	 -0.018592	 0.376765	 -2.828550	 352241.161017	
173.000000	 1.000000	 0.000000	 -0.000000	 0.000000	 -90.000000	 0.376441	 -0.018672	 0.376903	 -2.839606	 0.000000	 0.189554	 0.189554	 90.000000	 0.376442	 -0.018672	 0.376904	 -2.839597	 352242.624267	
172.000000	 1.000000	 0.000000	 -0.000000	 0.000000	 -90.000000	 0.376630	 -0.018719	 0.377095	 -2.845389	 0.000000	 0.193254	 0.193254	 90.000000	 0.376630	 -0.018717	 0.377095	 -2.845083	 352244.071372	
171.000000	 1.000000	 0.000000	 -0.000000	 0.000000	 -90.000000	 0.376803	 -0.018783	 0.377271	 -2.853717	 0.000000	 0.199026	 0.199026	 90.000000	 0.376803	 -0.018783	 0.377271	 -2.853717	 352245.527148	
170.000000	 1.000000	 0.000000	 -0.000000	 0.000000	 -90.000000	 0.376861	 -0.018825	 0.377331	 -2.859727	 0.000000	 0.203095	 0.203095	 90.000000	 0.376861	 -0.018825	 0.377331	 -2.859727	 352246.956995	
169.000000	 1.000000	 0.000000	 -0.000000	 0.000000	 -90.000000	 0.377013	 -0.018948	 0.377489	 -2.877186	 0.000000	 0.207827	 0.207827	 90.000000	 0.377013	 -0.018948	 0.377489	 -2.877186	 352248.406842	
168.000000	 1.000000	 0.000000	 -0.000000	 0.000000	 -90.000000	 0.377161	 -0.019023	 0.377640	 -2.887330	 0.000000	 0.213994	 0.213994	 90.000000	 0.377161	 -0.019023	 0.377640	 -2.887330	 352249.863059	
167.000000	 1.000000	 0.000000	 -0.000000	 0.000000	 -90.000000	 0.377310	 -0.019108	 0.377793	 -2.899211	 0.000000	 0.220862	 0.220862	 90.000000	 0.377310	 -0.019108	 0.377793	 -2.899211	 352251.297382	
166.000000	 1.000000	 0.000000	 -0.000000	 0.000000	 -90.000000	 0.377447	 -0.019209	 0.377936	 -2.913396	 0.000000	 0.228227	 0.228227	 90.000000	 0.377447	 -0.019209	 0.377936	 -2.913396	 352252.715276	
165.000000	 1.000000	 0.000000	 -0.000000	 0.000000	 -90.000000	 0.377588	 -0.019315	 0.378081	 -2.928312	 0.000000	 0.236111	 0.236111	 90.000000	 0.377588	 -0.019317	 0.378082	 -2.928659	 352254.148766	
164.000000	 1.000000	 0.000000	 -0.000000	 0.000000	 -90.000000	 0.377737	 -0.019467	 0.378238	 -2.950245	 0.000000	 0.244375	 0.244375	 90.000000	 0.377737	 -0.019467	 0.378238	 -2.950245	 352255.570496	
163.000000	 1.000000	 0.000000	 -0.000000	 0.000000	 -90.000000	 0.377924	 -0.019555	 0.378430	 -2.962070	 0.000000	 0.253057	 0.253057	 90.000000	 0.377924	 -0.019555	 0.378430	 -2.962070	 352257.051537	
162.000000	 1.000000	 0.000000	 -0.000000	 0.000000	 -90.000000	 0.378070	 -0.019671	 0.378582	 -2.978391	 0.000000	 0.261929	 0.261929	 90.000000	 0.378070	 -0.019671	 0.378582	 -2.978391	 352258.460885	
161.000000	 1.000000	 0.000000	 -0.000000	 0.000000	 -90.000000	 0.378182	 -0.019824	 0.378701	 -3.000581	 0.000000	 0.271126	 0.271126	 90.000000	 0.378182	 -0.019824	 0.378701	 -3.000581	 352259.917083	
160.000000	 1.000000	 0.000000	 -0.000000	 0.000000	 -90.000000	 0.378415	 -0.019974	 0.378942	 -3.021503	 0.000000	 0.280435	 0.280435	 90.000000	 0.378415	 -0.019974	 0.378942	 -3.021503	 352261.350828	
159.000000	 1.000000	 0.000000	 -0.000000	 0.000000	 -90.000000	 0.378463	 -0.020136	 0.378999	 -3.045596	 0.000000	 0.289824	 0.289824	 90.000000	 0.378463	 -0.020136	 0.378999	 -3.045596	 352262.804251	
158.000000	 1.000000	 0.000000	 -0.000000	 0.000000	 -90.000000	 0.378795	 -0.020343	 0.379341	 -3.074073	 0.000000	 0.299332	 0.299332	 90.000000	 0.378795	 -0.020343	 0.379341	 -3.074073	 352264.246826	
157.000000	 1.000000	 0.000000	 -0.000000	 0.000000	 -90.000000	 0.378965	 -0.020576	 0.379523	 -3.107838	 0.000000	 0.308507	 0.308507	 90.000000	 0.378965	 -0.020576	 0.379523	 -3.107838	 352265.658990	
156.000000	 1.000000	 0.000000	 -0.000000	 0.000000	 -90.000000	 0.379158	 -0.020233	 0.379697	 -3.054590	 0.000000	 0.317796	 0.317796	 90.000000	 0.379158	 -0.020233	 0.379697	 -3.054590	 352267.077026	
155.000000	 1.000000	 0.000000	 -0.000000	 0.000000	 -90.000000	 0.379122	 -0.021236	 0.379717	 -3.205957	 0.000000	 0.327201	 0.327201	 90.000000	 0.379122	 -0.021236	 0.379717	 -3.205957	 352268.526017	
154.000000	 1.000000	 0.000000	 -0.000000	 0.000000	 -90.000000	 0.378984	 -0.021660	 0.379602	 -3.271068	 0.000000	 0.336367	 0.336367	 90.000000	 0.378984	 -0.021660	 0.379602	 -3.271068	 352269.988261	
153.000000	 1.000000	 0.000000	 -0.000000	 0.000000	 -90.000000	 0.380235	 -0.020503	 0.380787	 -3.086446	 0.000000	 0.345586	 0.345586	 90.000000	 0.380235	 -0.020503	 0.380787	 -3.086446	 352271.414364	
152.000000	 1.000000	 0.000000	 -0.000000	 0.000000	 -90.000000	 0.380824	 -0.021463	 0.381428	 -3.225707	 0.000000	 0.354326	 0.354326	 90.000000	 0.380824	 -0.021463	 0.381428	 -3.225707	 352272.873066	
151.000000	 1.000000	 0.000000	 -0.000000	 0.000000	 -90.000000	 0.380034	 -0.020037	 0.380562	 -3.018097	 0.000000	 0.363063	 0.363063	 90.000000	 0.380034	 -0.020037	 0.380562	 -3.018096	 352274.307452	
150.000000	 1.000000	 0.000000	 -0.000000	 0.000000	 -90.000000	 0.381455	 -0.021549	 0.382063	 -3.233325	 0.000000	 0.371316	 0.371316	 90.000000	 0.381455	 -0.021549	 0.382063	 -3.233325	 352275.754672	
149.000000	 1.000000	 0.000000	 -0.000000	 0.000000	 -90.000000	 0.380829	 -0.020549	 0.381383	 -3.088607	 0.000000	 0.379546	 0.379546	 90.000000	 0.380864	 -0.020565	 0.381419	 -3.090764	 352277.167685	
148.000000	 1.000000	 0.000000	 -0.000000	 0.000000	 -90.000000	 0.380339	 -0.023175	 0.381044	 -3.486798	 0.000000	 0.387322	 0.387322	 90.000000	 0.380339	 -0.023175	 0.381044	 -3.486798	 352278.604685	
147.000000	 1.000000	 0.000000	 -0.000000	 0.000000	 -90.000000	 0.380959	 -0.023000	 0.381652	 -3.454934	 0.000000	 0.395148	 0.395148	 90.000000	 0.380638	 -0.023145	 0.381341	 -3.479592	 352280.040622	
146.000000	 1.000000	 0.000000	 -0.000000	 0.000000	 -90.000000	 0.380359	 -0.021570	 0.380971	 -3.245791	 0.000000	 0.402602	 0.402602	 90.000000	 0.380359	 -0.021570	 0.380971	 -3.245791	 352281.490554	
145.000000	 1.000000	 0.000000	 -0.000000	 0.000000	 -90.000000	 0.380904	 -0.021956	 0.381536	 -3.298951	 0.000000	 0.409803	 0.409803	 90.000000	 0.380904	 -0.021956	 0.381536	 -3.298951	 352282.932856	
144.000000	 1.000000	 0.000000	 -0.000000	 0.000000	 -90.000000	 0.380886	 -0.022905	 0.381574	 -3.441442	 0.000000	 0.416766	 0.416766	 90.000000	 0.380886	 -0.022905	 0.381574	 -3.441442	 352284.365776	
143.000000	 1.000000	 0.000000	 -0.000000	 0.000000	 -90.000000	 0.381129	 -0.022621	 0.381799	 -3.396731	 0.000000	 0.423624	 0.423624	 90.000000	 0.381129	 -0.022621	 0.381799	 -3.396731	 352285.789770	
142.000000	 1.000000	 0.000000	 -0.000000	 0.000000	 -90.000000	 0.381332	 -0.022911	 0.382019	 -3.438273	 0.000000	 0.429524	 0.429524	 90.000000	 0.381332	 -0.022911	 0.382019	 -3.438273	 352287.192468	
141.000000	 1.000000	 0.000000	 -0.000000	 0.000000	 -90.000000	 0.381694	 -0.023045	 0.382389	 -3.455035	 0.000000	 0.436791	 0.436791	 90.000000	 0.381694	 -0.023045	 0.382389	 -3.455036	 352288.639233	
140.000000	 1.000000	 0.000000	 -0.000000	 0.000000	 -90.000000	 0.381723	 -0.023251	 0.382431	 -3.485614	 0.000000	 0.446630	 0.446630	 90.000000	 0.381723	 -0.023251	 0.382431	 -3.485614	 352290.107359	
139.000000	 1.000000	 0.000000	 -0.000000	 0.000000	 -90.000000	 0.381876	 -0.023399	 0.382592	 -3.506376	 0.000000	 0.443774	 0.443774	 90.000000	 0.381876	 -0.023399	 0.382592	 -3.506376	 352291.581356	
138.000000	 1.000000	 0.000000	 -0.000000	 0.000000	 -90.000000	 0.382125	 -0.023647	 0.382856	 -3.541106	 0.000000	 0.456107	 0.456107	 90.000000	 0.382125	 -0.023647	 0.382856	 -3.541106	 352292.990110	
137.000000	 1.000000	 0.000000	 -0.000000	 0.000000	 -90.000000	 0.382280	 -0.023767	 0.383018	 -3.557554	 0.000000	 0.459249	 0.459249	 90.000000	 0.382280	 -0.023767	 0.383018	 -3.557554	 352294.430666	
136.000000	 1.000000	 0.000000	 -0.000000	 0.000000	 -90.000000	 0.382470	 -0.023915	 0.383217	 -3.577991	 0.000000	 0.464532	 0.464532	 90.000000	 0.382470	 -0.023915	 0.383217	 -3.577991	 352295.880931	
135.000000	 1.000000	 0.000000	 -0.000000	 0.000000	 -90.000000	 0.382685	 -0.024108	 0.383444	 -3.604685	 0.000000	 0.469474	 0.469474	 90.000000	 0.382685	 -0.024108	 0.383444	 -3.604685	 352297.343611	
134.000000	 1.000000	 0.000000	 -0.000000	 0.000000	 -90.000000	 0.382869	 -0.024260	 0.383637	 -3.625584	 0.000000	 0.474455	 0.474455	 90.000000	 0.382869	 -0.024260	 0.383637	 -3.625584	 352298.761994	
133.000000	 1.000000	 0.000000	 -0.000000	 0.000000	 -90.000000	 0.383043	 -0.024407	 0.383820	 -3.645894	 0.000000	 0.479243	 0.479243	 90.000000	 0.383043	 -0.024407	 0.383820	 -3.645894	 352300.216913	
132.000000	 1.000000	 0.000000	 -0.000000	 0.000000	 -90.000000	 0.383283	 -0.024559	 0.384069	 -3.666299	 0.000000	 0.484062	 0.484062	 90.000000	 0.383283	 -0.024559	 0.384069	 -3.666299	 352301.654427	
131.000000	 1.000000	 0.000000	 -0.000000	 0.000000	 -90.000000	 0.383403	 -0.024733	 0.384200	 -3.691000	 0.000000	 0.488483	 0.488483	 90.000000	 0.383403	 -0.024733	 0.384200	 -3.691000	 352303.092852	
130.000000	 1.000000	 0.000000	 -0.000000	 0.000000	 -90.000000	 0.383623	 -0.024858	 0.384428	 -3.707411	 0.000000	 0.492518	 0.492518	 90.000000	 0.383623	 -0.024858	 0.384428	 -3.707411	 352304.517014	
129.000000	 1.000000	 0.000000	 -0.000000	 0.000000	 -90.000000	 0.383827	 -0.025066	 0.384644	 -3.736444	 0.000000	 0.496591	 0.496591	 90.000000	 0.383827	 -0.025066	 0.384644	 -3.736444	 352305.932350	
128.000000	 1.000000	 0.000000	 -0.000000	 0.000000	 -90.000000	 0.384011	 -0.025188	 0.384836	 -3.752695	 0.000000	 0.500568	 0.500568	 90.000000	 0.384011	 -0.025188	 0.384836	 -3.752695	 352307.375988	
127.000000	 1.000000	 0.000000	 -0.000000	 0.000000	 -90.000000	 0.384174	 -0.025408	 0.385014	 -3.783881	 0.000000	 0.504433	 0.504433	 90.000000	 0.384174	 -0.025408	 0.385014	 -3.783881	 352308.843697	
126.000000	 1.000000	 0.000000	 -0.000000	 0.000000	 -90.000000	 0.384477	 -0.025452	 0.385319	 -3.787382	 0.000000	 0.508020	 0.508020	 90.000000	 0.384477	 -0.025452	 0.385319	 -3.787382	 352310.286104	
125.000000	 1.000000	 0.000000	 -0.000000	 0.000000	 -90.000000	 0.384594	 -0.025665	 0.385450	 -3.817851	 0.000000	 0.511851	 0.511851	 90.000000	 0.384594	 -0.025665	 0.385450	 -3.817851	 352311.717732	
124.000000	 1.000000	 0.000000	 -0.000000	 0.000000	 -90.000000	 0.384696	 -0.025840	 0.385563	 -3.842815	 0.000000	 0.515169	 0.515169	 90.000000	 0.384694	 -0.025839	 0.385561	 -3.842683	 352313.145800	
123.000000	 1.000000	 0.000000	 -0.000000	 0.000000	 -90.000000	 0.384964	 -0.025991	 0.385841	 -3.862435	 0.000000	 0.518458	 0.518458	 90.000000	 0.384964	 -0.025991	 0.385841	 -3.862435	 352314.595613	
122.000000	 1.000000	 0.000000	 -0.000000	 0.000000	 -90.000000	 0.385184	 -0.026108	 0.386068	 -3.877613	 0.000000	 0.519715	 0.519715	 90.000000	 0.385184	 -0.026108	 0.386068	 -3.877613	 352316.015387	
121.000000	 1.000000	 0.000000	 -0.000000	 0.000000	 -90.000000	 0.385409	 -0.026237	 0.386301	 -3.894514	 0.000000	 0.525072	 0.525072	 90.000000	 0.385409	 -0.026237	 0.386301	 -3.894514	 352317.468339	
120.000000	 1.000000	 0.000000	 -0.000000	 0.000000	 -90.000000	 0.385604	 -0.026479	 0.386512	 -3.928223	 0.000000	 0.534021	 0.534021	 90.000000	 0.385604	 -0.026479	 0.386512	 -3.928223	 352318.888990	
119.000000	 1.000000	 0.000000	 -0.000000	 0.000000	 -90.000000	 0.385750	 -0.026584	 0.386665	 -3.942283	 0.000000	 0.533205	 0.533205	 90.000000	 0.385750	 -0.026584	 0.386665	 -3.942283	 352320.315107	
118.000000	 1.000000	 0.000000	 -0.000000	 0.000000	 -90.000000	 0.386014	 -0.026655	 0.386934	 -3.950178	 0.000000	 0.539661	 0.539661	 90.000000	 0.386014	 -0.026655	 0.386934	 -3.950178	 352321.763633	
117.000000	 1.000000	 0.000000	 -0.000000	 0.000000	 -90.000000	 0.386182	 -0.026739	 0.387107	 -3.960843	 0.000000	 0.536354	 0.536354	 90.000000	 0.386182	 -0.026739	 0.387107	 -3.960843	 352323.188140	
116.000000	 1.000000	 0.000000	 -0.000000	 0.000000	 -90.000000	 0.386297	 -0.026819	 0.387227	 -3.971448	 0.000000	 0.540121	 0.540121	 90.000000	 0.386297	 -0.026819	 0.387227	 -3.971448	 352324.621397	
115.000000	 1.000000	 0.000000	 -0.000000	 0.000000	 -90.000000	 0.386511	 -0.027019	 0.387454	 -3.998780	 0.000000	 0.538797	 0.538797	 90.000000	 0.386511	 -0.027019	 0.387454	 -3.998780	 352326.061198	
114.000000	 1.000000	 0.000000	 -0.000000	 0.000000	 -90.000000	 0.386871	 -0.027301	 0.387834	 -4.036663	 0.000000	 0.557016	 0.557016	 90.000000	 0.386871	 -0.027301	 0.387834	 -4.036663	 352327.516214	
113.000000	 1.000000	 0.000000	 -0.000000	 0.000000	 -90.000000	 0.386962	 -0.027321	 0.387925	 -4.038636	 0.000000	 0.547728	 0.547728	 90.000000	 0.386962	 -0.027321	 0.387925	 -4.038636	 352328.956255	
112.000000	 1.000000	 0.000000	 -0.000000	 0.000000	 -90.000000	 0.387203	 -0.027535	 0.388181	 -4.067538	 0.000000	 0.550287	 0.550287	 90.000000	 0.387204	 -0.027534	 0.388182	 -4.067459	 352330.378174	
111.000000	 1.000000	 0.000000	 -0.000000	 0.000000	 -90.000000	 0.387442	 -0.027666	 0.388429	 -4.084344	 0.000000	 0.552003	 0.552003	 90.000000	 0.387444	 -0.027668	 0.388430	 -4.084597	 352331.826345	
110.000000	 1.000000	 0.000000	 -0.000000	 0.000000	 -90.000000	 0.387634	 -0.027763	 0.388627	 -4.096683	 0.000000	 0.554316	 0.554316	 90.000000	 0.387634	 -0.027763	 0.388627	 -4.096683	 352333.257499	
109.000000	 1.000000	 0.000000	 -0.000000	 0.000000	 -90.000000	 0.387858	 -0.027955	 0.388864	 -4.122417	 0.000000	 0.556344	 0.556344	 90.000000	 0.387846	 -0.027940	 0.388851	 -4.120455	 352334.699121	
108.000000	 1.000000	 0.000000	 -0.000000	 0.000000	 -90.000000	 0.388068	 -0.028107	 0.389085	 -4.142634	 0.000000	 0.558851	 0.558851	 90.000000	 0.388068	 -0.028107	 0.389085	 -4.142634	 352336.128541	
107.000000	 1.000000	 0.000000	 -0.000000	 0.000000	 -90.000000	 0.388371	 -0.028305	 0.389401	 -4.168461	 0.000000	 0.561096	 0.561096	 90.000000	 0.388371	 -0.028305	 0.389401	 -4.168461	 352337.637197	
106.000000	 1.000000	 0.000000	 -0.000000	 0.000000	 -90.000000	 0.388594	 -0.028448	 0.389634	 -4.186954	 0.000000	 0.563048	 0.563048	 90.000000	 0.388594	 -0.028448	 0.389634	 -4.186954	 352339.052473	
105.000000	 1.000000	 0.000000	 -0.000000	 0.000000	 -90.000000	 0.388724	 -0.028524	 0.389769	 -4.196731	 0.000000	 0.565061	 0.565061	 90.000000	 0.388724	 -0.028524	 0.389769	 -4.196731	 352340.499954	
104.000000	 1.000000	 0.000000	 -0.000000	 0.000000	 -90.000000	 0.388925	 -0.028686	 0.389982	 -4.218365	 0.000000	 0.567224	 0.567224	 90.000000	 0.388925	 -0.028686	 0.389982	 -4.218365	 352341.930136	
103.000000	 1.000000	 0.000000	 -0.000000	 0.000000	 -90.000000	 0.389481	 -0.028902	 0.390552	 -4.244004	 0.000000	 0.569081	 0.569081	 90.000000	 0.389481	 -0.028902	 0.390552	 -4.244004	 352343.355973	
102.000000	 1.000000	 0.000000	 -0.000000	 0.000000	 -90.000000	 0.389660	 -0.029193	 0.390752	 -4.284565	 0.000000	 0.571127	 0.571127	 90.000000	 0.389660	 -0.029193	 0.390752	 -4.284565	 352344.779160	
101.000000	 1.000000	 0.000000	 -0.000000	 0.000000	 -90.000000	 0.389978	 -0.028969	 0.391053	 -4.248308	 0.000000	 0.572455	 0.572455	 90.000000	 0.389978	 -0.028969	 0.391053	 -4.248308	 352346.204594	
100.000000	 1.000000	 0.000000	 -0.000000	 0.000000	 -90.000000	 0.390245	 -0.029539	 0.391361	 -4.328620	 0.000000	 0.574901	 0.574901	 90.000000	 0.390245	 -0.029539	 0.391361	 -4.328620	 352347.601342	
99.000000	 1.000000	 0.000000	 -0.000000	 0.000000	 -90.000000	 0.390552	 -0.029468	 0.391663	 -4.314890	 0.000000	 0.576464	 0.576464	 90.000000	 0.390552	 -0.029468	 0.391663	 -4.314890	 352349.025802	
98.000000	 1.000000	 0.000000	 -0.000000	 0.000000	 -90.000000	 0.390388	 -0.029645	 0.391512	 -4.342606	 0.000000	 0.577769	 0.577769	 90.000000	 0.390388	 -0.029645	 0.391512	 -4.342606	 352350.493157	
97.000000	 1.000000	 0.000000	 -0.000000	 0.000000	 -90.000000	 0.390736	 -0.029808	 0.391872	 -4.362429	 0.000000	 0.579631	 0.579631	 90.000000	 0.390736	 -0.029808	 0.391872	 -4.362429	 352351.930312	
96.000000	 1.000000	 0.000000	 -0.000000	 0.000000	 -90.000000	 0.391199	 -0.029849	 0.392336	 -4.363339	 0.000000	 0.581491	 0.581491	 90.000000	 0.391199	 -0.029849	 0.392336	 -4.363340	 352353.379149	
95.000000	 1.000000	 0.000000	 -0.000000	 0.000000	 -90.000000	 0.391440	 -0.030027	 0.392590	 -4.386473	 0.000000	 0.583020	 0.583020	 90.000000	 0.391440	 -0.030027	 0.392590	 -4.386473	 352354.817175	
94.000000	 1.000000	 0.000000	 -0.000000	 0.000000	 -90.000000	 0.391605	 -0.030103	 0.392760	 -4.395771	 0.000000	 0.584467	 0.584467	 90.000000	 0.391605	 -0.030103	 0.392760	 -4.395771	 352356.251535	
93.000000	 1.000000	 0.000000	 -0.000000	 0.000000	 -90.000000	 0.391963	 -0.030356	 0.393137	 -4.428502	 0.000000	 0.586090	 0.586090	 90.000000	 0.391963	 -0.030356	 0.393137	 -4.428502	 352357.698983	
92.000000	 1.000000	 0.000000	 -0.000000	 0.000000	 -90.000000	 0.392220	 -0.030475	 0.393402	 -4.442909	 0.000000	 0.587512	 0.587512	 90.000000	 0.392221	 -0.030465	 0.393402	 -4.441393	 352359.126977	
91.000000	 1.000000	 0.000000	 -0.000000	 0.000000	 -90.000000	 0.392523	 -0.030653	 0.393718	 -4.465314	 0.000000	 0.589057	 0.589057	 90.000000	 0.392523	 -0.030653	 0.393718	 -4.465314	 352360.570951	
90.000000	 1.000000	 0.000000	 -0.000000	 0.000000	 -90.000000	 0.392723	 -0.030782	 0.393927	 -4.481747	 0.000000	 0.590506	 0.590506	 90.000000	 0.392723	 -0.030782	 0.393927	 -4.481747	 352362.024688	
89.000000	 1.000000	 0.000000	 -0.000000	 0.000000	 -90.000000	 0.393043	 -0.030844	 0.394251	 -4.487069	 0.000000	 0.591761	 0.591761	 90.000000	 0.393043	 -0.030844	 0.394251	 -4.487069	 352363.483606	
88.000000	 1.000000	 0.000000	 -0.000000	 0.000000	 -90.000000	 0.393328	 -0.031022	 0.394550	 -4.509631	 0.000000	 0.592550	 0.592550	 90.000000	 0.393328	 -0.031022	 0.394550	 -4.509631	 352364.905728	
87.000000	 1.000000	 0.000000	 -0.000000	 0.000000	 -90.000000	 0.393584	 -0.031182	 0.394817	 -4.529832	 0.000000	 0.592532	 0.592532	 90.000000	 0.393584	 -0.031182	 0.394817	 -4.529832	 352366.351144	
86.000000	 1.000000	 0.000000	 -0.000000	 0.000000	 -90.000000	 0.393918	 -0.031282	 0.395158	 -4.540470	 0.000000	 0.592430	 0.592430	 90.000000	 0.393918	 -0.031282	 0.395158	 -4.540470	 352367.775874	
85.000000	 1.000000	 0.000000	 -0.000000	 0.000000	 -90.000000	 0.394264	 -0.031553	 0.395524	 -4.575674	 0.000000	 0.599556	 0.599556	 90.000000	 0.394264	 -0.031553	 0.395524	 -4.575674	 352369.239120	
84.000000	 1.000000	 0.000000	 -0.000000	 0.000000	 -90.000000	 0.394588	 -0.031605	 0.395852	 -4.579368	 0.000000	 0.597343	 0.597343	 90.000000	 0.394588	 -0.031605	 0.395852	 -4.579368	 352370.687534	
83.000000	 1.000000	 0.000000	 -0.000000	 0.000000	 -90.000000	 0.394862	 -0.031737	 0.396135	 -4.595294	 0.000000	 0.597748	 0.597748	 90.000000	 0.394862	 -0.031737	 0.396135	 -4.595294	 352372.133137	
82.000000	 1.000000	 0.000000	 -0.000000	 0.000000	 -90.000000	 0.395151	 -0.031914	 0.396437	 -4.617364	 0.000000	 0.597634	 0.597634	 90.000000	 0.395151	 -0.031914	 0.396437	 -4.617364	 352373.575354	
81.000000	 1.000000	 0.000000	 -0.000000	 0.000000	 -90.000000	 0.395647	 -0.032135	 0.396949	 -4.643415	 0.000000	 0.604942	 0.604942	 90.000000	 0.395640	 -0.032133	 0.396943	 -4.643287	 352375.002661	
80.000000	 1.000000	 0.000000	 -0.000000	 0.000000	 -90.000000	 0.395949	 -0.032288	 0.397263	 -4.661981	 0.000000	 0.603924	 0.603924	 90.000000	 0.395949	 -0.032288	 0.397263	 -4.661981	 352376.427213	
79.000000	 1.000000	 0.000000	 -0.000000	 0.000000	 -90.000000	 0.396256	 -0.032418	 0.397580	 -4.676943	 0.000000	 0.603903	 0.603903	 90.000000	 0.396256	 -0.032418	 0.397580	 -4.676943	 352377.846512	
78.000000	 1.000000	 0.000000	 -0.000000	 0.000000	 -90.000000	 0.396669	 -0.032644	 0.398010	 -4.704608	 0.000000	 0.605005	 0.605005	 90.000000	 0.396669	 -0.032644	 0.398010	 -4.704607	 352379.299194	
77.000000	 1.000000	 0.000000	 -0.000000	 0.000000	 -90.000000	 0.396944	 -0.032718	 0.398290	 -4.711892	 0.000000	 0.606150	 0.606150	 90.000000	 0.396944	 -0.032718	 0.398290	 -4.711892	 352380.776534	
76.000000	 1.000000	 0.000000	 -0.000000	 0.000000	 -90.000000	 0.397382	 -0.033022	 0.398751	 -4.750297	 0.000000	 0.607310	 0.607310	 90.000000	 0.397382	 -0.033022	 0.398751	 -4.750297	 352382.196107	
75.000000	 1.000000	 0.000000	 -0.000000	 0.000000	 -90.000000	 0.397775	 -0.033049	 0.399146	 -4.749559	 0.000000	 0.608359	 0.608359	 90.000000	 0.397775	 -0.033049	 0.399146	 -4.749559	 352383.624889	
74.000000	 1.000000	 0.000000	 -0.000000	 0.000000	 -90.000000	 0.398044	 -0.033262	 0.399431	 -4.776802	 0.000000	 0.608750	 0.608750	 90.000000	 0.398044	 -0.033262	 0.399431	 -4.776802	 352385.091360	
73.000000	 1.000000	 0.000000	 -0.000000	 0.000000	 -90.000000	 0.398473	 -0.033247	 0.399858	 -4.769422	 0.000000	 0.609473	 0.609473	 90.000000	 0.398473	 -0.033247	 0.399858	 -4.769422	 352386.540199	
72.000000	 1.000000	 0.000000	 -0.000000	 0.000000	 -90.000000	 0.398895	 -0.033520	 0.400301	 -4.803396	 0.000000	 0.609569	 0.609569	 90.000000	 0.398895	 -0.033520	 0.400301	 -4.803396	 352387.990211	
71.000000	 1.000000	 0.000000	 -0.000000	 0.000000	 -90.000000	 0.399327	 -0.033545	 0.400734	 -4.801757	 0.000000	 0.611131	 0.611131	 90.000000	 0.399327	 -0.033545	 0.400734	 -4.801757	 352389.430992	
70.000000	 1.000000	 0.000000	 -0.000000	 0.000000	 -90.000000	 0.399662	 -0.033865	 0.401094	 -4.843341	 0.000000	 0.613682	 0.613682	 90.000000	 0.399662	 -0.033865	 0.401094	 -4.843341	 352390.866071	
69.000000	 1.000000	 0.000000	 -0.000000	 0.000000	 -90.000000	 0.400223	 -0.033954	 0.401661	 -4.849172	 0.000000	 0.614791	 0.614791	 90.000000	 0.400223	 -0.033954	 0.401661	 -4.849172	 352392.297265	
68.000000	 1.000000	 0.000000	 -0.000000	 0.000000	 -90.000000	 0.400468	 -0.033848	 0.401896	 -4.831289	 0.000000	 0.612457	 0.612457	 90.000000	 0.400468	 -0.033848	 0.401896	 -4.831289	 352393.770443	
67.000000	 1.000000	 0.000000	 -0.000000	 0.000000	 -90.000000	 0.400622	 -0.033714	 0.402038	 -4.810316	 0.000000	 0.598121	 0.598121	 90.000000	 0.400622	 -0.033714	 0.402038	 -4.810316	 352395.211699	
66.000000	 1.000000	 0.000000	 -0.000000	 0.000000	 -90.000000	 0.401544	 -0.034143	 0.402993	 -4.860114	 0.000000	 0.615948	 0.615948	 90.000000	 0.401544	 -0.034143	 0.402993	 -4.860114	 352396.662149	
65.000000	 1.000000	 0.000000	 -0.000000	 0.000000	 -90.000000	 0.401831	 -0.034242	 0.403287	 -4.870681	 0.000000	 0.617502	 0.617502	 90.000000	 0.401831	 -0.034242	 0.403287	 -4.870681	 352398.109333	
64.000000	 1.000000	 0.000000	 -0.000000	 0.000000	 -90.000000	 0.401866	 -0.034278	 0.403325	 -4.875322	 0.000000	 0.618563	 0.618563	 90.000000	 0.401766	 -0.034309	 0.403228	 -4.881003	 352399.543720	
63.000000	 1.000000	 0.000000	 -0.000000	 0.000000	 -90.000000	 0.402495	 -0.034602	 0.403979	 -4.913588	 0.000000	 0.618147	 0.618147	 90.000000	 0.402283	 -0.034924	 0.403796	 -4.961662	 352400.980877	
62.000000	 1.000000	 0.000000	 -0.000000	 0.000000	 -90.000000	 0.402410	 -0.034276	 0.403867	 -4.868460	 0.000000	 0.618660	 0.618660	 90.000000	 0.402410	 -0.034276	 0.403867	 -4.868460	 352402.406630	
61.000000	 1.000000	 0.000000	 -0.000000	 0.000000	 -90.000000	 0.404327	 -0.036459	 0.405967	 -5.152480	 0.000000	 0.619121	 0.619121	 90.000000	 0.404327	 -0.036459	 0.405967	 -5.152480	 352403.897675	
60.000000	 1.000000	 0.000000	 -0.000000	 0.000000	 -90.000000	 0.402538	 -0.032409	 0.403841	 -4.603056	 0.000000	 0.619785	 0.619785	 90.000000	 0.402538	 -0.032409	 0.403841	 -4.603056	 352405.321720	
59.000000	 1.000000	 0.000000	 -0.000000	 0.000000	 -90.000000	 0.408766	 -0.032367	 0.410045	 -4.527413	 0.000000	 0.620504	 0.620504	 90.000000	 0.408766	 -0.032367	 0.410045	 -4.527413	 352406.752962	
58.000000	 1.000000	 0.000000	 -0.000000	 0.000000	 -90.000000	 0.406329	 -0.027257	 0.407242	 -3.837753	 0.000000	 0.620817	 0.620817	 90.000000	 0.406329	 -0.027257	 0.407242	 -3.837753	 352408.212918	
57.000000	 1.000000	 0.000000	 -0.000000	 0.000000	 -90.000000	 0.416775	 -0.041427	 0.418829	 -5.676465	 0.000000	 0.621756	 0.621756	 90.000000	 0.416775	 -0.041427	 0.418829	 -5.676466	 352409.646340	
56.000000	 1.000000	 0.000000	 -0.000000	 0.000000	 -90.000000	 0.419864	 -0.022075	 0.420444	 -3.009671	 0.000000	 0.621085	 0.621085	 90.000000	 0.418339	 -0.018561	 0.418750	 -2.540470	 352411.066065	
55.000000	 1.000000	 0.000000	 -0.000000	 0.000000	 -90.000000	 0.378347	 -0.047750	 0.381348	 -7.193096	 0.000000	 0.623084	 0.623084	 90.000000	 0.378347	 -0.047750	 0.381348	 -7.193096	 352412.526723	
54.000000	 1.000000	 0.000000	 -0.000000	 0.000000	 -90.000000	 0.368696	 -0.055723	 0.372883	 -8.594419	 0.000000	 0.623083	 0.623083	 90.000000	 0.368696	 -0.055723	 0.372883	 -8.594419	 352413.962004	
53.000000	 1.000000	 0.000000	 -0.000000	 0.000000	 -90.000000	 0.442361	 -0.079971	 0.449531	 -10.247376	 0.000000	 0.623777	 0.623777	 90.000000	 0.442361	 -0.079971	 0.449531	 -10.247376	 352415.417013	
52.000000	 1.000000	 0.000000	 -0.000000	 0.000000	 -90.000000	 0.375066	 -0.097339	 0.387491	 -14.548646	 0.000000	 0.623998	 0.623998	 90.000000	 0.375066	 -0.097339	 0.387491	 -14.548646	 352416.870384	
51.000000	 1.000000	 0.000000	 -0.000000	 0.000000	 -90.000000	 0.463060	 -0.093950	 0.472494	 -11.469034	 0.000000	 0.624631	 0.624631	 90.000000	 0.463060	 -0.093950	 0.472494	 -11.469034	 352418.341785	
50.000000	 1.000000	 0.000000	 -0.000000	 0.000000	 -90.000000	 0.328989	 -0.058539	 0.334156	 -10.089398	 0.000000	 0.626601	 0.626601	 90.000000	 0.329111	 -0.058969	 0.334352	 -10.158205	 352419.799057	
49.000000	 1.000000	 0.000000	 -0.000000	 0.000000	 -90.000000	 0.379161	 -0.110316	 0.394884	 -16.222269	 0.000000	 0.627312	 0.627312	 90.000000	 0.379161	 -0.110316	 0.394884	 -16.222269	 352421.247544	
48.000000	 1.000000	 0.000000	 -0.000000	 0.000000	 -90.000000	 0.401269	 0.033638	 0.402677	 4.791787	 0.000000	 0.626227	 0.626227	 90.000000	 0.401269	 0.033638	 0.402677	 4.791787	 352422.693862	
47.000000	 1.000000	 0.000000	 -0.000000	 0.000000	 -90.000000	 0.382413	 0.012400	 0.382614	 1.857260	 0.000000	 0.626968	 0.626968	 90.000000	 0.388366	 0.017141	 0.388744	 2.527221	 352424.132191	
46.000000	 1.000000	 0.000000	 -0.000000	 0.000000	 -90.000000	 0.427635	 -0.077261	 0.434558	 -10.241151	 0.000000	 0.628914	 0.628914	 90.000000	 0.427635	 -0.077261	 0.434558	 -10.241151	 352425.593591	
45.000000	 1.000000	 0.000000	 -0.000000	 0.000000	 -90.000000	 0.415135	 -0.068085	 0.420681	 -9.313979	 0.000000	 0.629237	 0.629237	 90.000000	 0.415135	 -0.068085	 0.420681	 -9.313979	 352427.026055	
44.000000	 1.000000	 0.000000	 -0.000000	 0.000000	 -90.000000	 0.420154	 -0.016842	 0.420492	 -2.295433	 0.000000	 0.628558	 0.628558	 90.000000	 0.420154	 -0.016842	 0.420492	 -2.295433	 352428.467549	
43.000000	 1.000000	 0.000000	 -0.000000	 0.000000	 -90.000000	 0.422960	 -0.029386	 0.423980	 -3.974321	 0.000000	 0.633960	 0.633960	 90.000000	 0.422960	 -0.029386	 0.423980	 -3.974321	 352429.932129	
42.000000	 1.000000	 0.000000	 -0.000000	 0.000000	 -90.000000	 0.409822	 -0.029770	 0.410902	 -4.154753	 0.000000	 0.634196	 0.634196	 90.000000	 0.409822	 -0.029770	 0.410902	 -4.154753	 352431.385105	
41.000000	 1.000000	 0.000000	 -0.000000	 0.000000	 -90.000000	 0.418733	 -0.033083	 0.420038	 -4.517411	 0.000000	 0.633106	 0.633106	 90.000000	 0.418733	 -0.033083	 0.420038	 -4.517411	 352432.815612	
40.000000	 1.000000	 0.000000	 -0.000000	 0.000000	 -90.000000	 0.418341	 -0.035602	 0.419853	 -4.864339	 0.000000	 0.633236	 0.633236	 90.000000	 0.418341	 -0.035602	 0.419853	 -4.864339	 352434.242738	
39.000000	 1.000000	 0.000000	 -0.000000	 0.000000	 -90.000000	 0.419536	 -0.039359	 0.421378	 -5.359609	 0.000000	 0.633824	 0.633824	 90.000000	 0.419311	 -0.039759	 0.421192	 -5.416630	 352435.680303	
38.000000	 1.000000	 0.000000	 -0.000000	 0.000000	 -90.000000	 0.420368	 -0.037945	 0.422077	 -5.157918	 0.000000	 0.634492	 0.634492	 90.000000	 0.420368	 -0.037945	 0.422077	 -5.157918	 352437.121951	
37.000000	 1.000000	 0.000000	 -0.000000	 0.000000	 -90.000000	 0.420202	 -0.037425	 0.421866	 -5.089597	 0.000000	 0.634695	 0.634695	 90.000000	 0.420202	 -0.037425	 0.421866	 -5.089597	 352438.570824	
36.000000	 1.000000	 0.000000	 -0.000000	 0.000000	 -90.000000	 0.421865	 -0.037912	 0.423565	 -5.135264	 0.000000	 0.631120	 0.631120	 90.000000	 0.421865	 -0.037912	 0.423565	 -5.135264	 352440.027897	
35.000000	 1.000000	 0.000000	 -0.000000	 0.000000	 -90.000000	 0.423668	 -0.038129	 0.425381	 -5.142576	 0.000000	 0.641181	 0.641181	 90.000000	 0.423668	 -0.038129	 0.425381	 -5.142576	 352441.457057	
34.000000	 1.000000	 0.000000	 -0.000000	 0.000000	 -90.000000	 0.424139	 -0.037711	 0.425813	 -5.080945	 0.000000	 0.637990	 0.637990	 90.000000	 0.424139	 -0.037711	 0.425813	 -5.080945	 352442.892621	
33.000000	 1.000000	 0.000000	 -0.000000	 0.000000	 -90.000000	 0.425683	 -0.037841	 0.427361	 -5.079975	 0.000000	 0.638135	 0.638135	 90.000000	 0.425661	 -0.037892	 0.427344	 -5.087069	 352444.313045	
32.000000	 1.000000	 0.000000	 -0.000000	 0.000000	 -90.000000	 0.426862	 -0.037880	 0.428539	 -5.071179	 0.000000	 0.637610	 0.637610	 90.000000	 0.426862	 -0.037880	 0.428539	 -5.071179	 352445.774828	
31.000000	 1.000000	 0.000000	 -0.000000	 0.000000	 -90.000000	 0.428165	 -0.037867	 0.429836	 -5.054045	 0.000000	 0.638241	 0.638241	 90.000000	 0.428165	 -0.037867	 0.429836	 -5.054045	 352447.230990	
30.000000	 1.000000	 0.000000	 -0.000000	 0.000000	 -90.000000	 0.429400	 -0.037867	 0.431066	 -5.039697	 0.000000	 0.638144	 0.638144	 90.000000	 0.429400	 -0.037867	 0.431066	 -5.039697	 352448.684485	
29.000000	 1.000000	 0.000000	 -0.000000	 0.000000	 -90.000000	 0.430938	 -0.037725	 0.432587	 -5.003055	 0.000000	 0.637700	 0.637700	 90.000000	 0.430938	 -0.037725	 0.432587	 -5.003055	 352450.134008	
28.000000	 1.000000	 0.000000	 -0.000000	 0.000000	 -90.000000	 0.432535	 -0.037702	 0.434175	 -4.981552	 0.000000	 0.637279	 0.637279	 90.000000	 0.432535	 -0.037702	 0.434175	 -4.981551	 352451.537254	
27.000000	 1.000000	 0.000000	 -0.000000	 0.000000	 -90.000000	 0.433861	 -0.037969	 0.435519	 -5.001455	 0.000000	 0.641608	 0.641608	 90.000000	 0.433861	 -0.037969	 0.435519	 -5.001455	 352452.990029	
26.000000	 1.000000	 0.000000	 -0.000000	 0.000000	 -90.000000	 0.436355	 -0.037156	 0.437934	 -4.867081	 0.000000	 0.639984	 0.639984	 90.000000	 0.436355	 -0.037156	 0.437934	 -4.867080	 352454.480463	
25.000000	 1.000000	 0.000000	 -0.000000	 0.000000	 -90.000000	 0.437517	 -0.035952	 0.438992	 -4.697628	 0.000000	 0.640675	 0.640675	 90.000000	 0.437519	 -0.035908	 0.438990	 -4.691809	 352455.931535	
24.000000	 1.000000	 0.000000	 -0.000000	 0.000000	 -90.000000	 0.439634	 -0.037564	 0.441236	 -4.883735	 0.000000	 0.641200	 0.641200	 90.000000	 0.439634	 -0.037564	 0.441236	 -4.883736	 352457.387107	
23.000000	 1.000000	 0.000000	 -0.000000	 0.000000	 -90.000000	 0.442124	 -0.035344	 0.443534	 -4.570635	 0.000000	 0.640879	 0.640879	 90.000000	 0.442124	 -0.035344	 0.443534	 -4.570635	 352458.854448	
22.000000	 1.000000	 0.000000	 -0.000000	 0.000000	 -90.000000	 0.443654	 -0.035140	 0.445043	 -4.528687	 0.000000	 0.641389	 0.641389	 90.000000	 0.443654	 -0.035140	 0.445043	 -4.528687	 352460.341727	
21.000000	 1.000000	 0.000000	 -0.000000	 0.000000	 -90.000000	 0.445863	 -0.034731	 0.447214	 -4.454069	 0.000000	 0.641670	 0.641670	 90.000000	 0.445863	 -0.034731	 0.447214	 -4.454069	 352461.817577	
20.000000	 1.000000	 0.000000	 -0.000000	 0.000000	 -90.000000	 0.448406	 -0.033863	 0.449683	 -4.318667	 0.000000	 0.641990	 0.641990	 90.000000	 0.448406	 -0.033863	 0.449683	 -4.318667	 352463.255792	
19.000000	 1.000000	 0.000000	 -0.000000	 0.000000	 -90.000000	 0.450821	 -0.033065	 0.452032	 -4.194828	 0.000000	 0.642418	 0.642418	 90.000000	 0.450821	 -0.033065	 0.452032	 -4.194828	 352464.695532	
18.000000	 1.000000	 0.000000	 -0.000000	 0.000000	 -90.000000	 0.453175	 -0.032563	 0.454344	 -4.109912	 0.000000	 0.642075	 0.642075	 90.000000	 0.453175	 -0.032563	 0.454344	 -4.109912	 352466.132110	
17.000000	 1.000000	 0.000000	 -0.000000	 0.000000	 -90.000000	 0.455664	 -0.030690	 0.456696	 -3.853126	 0.000000	 0.642255	 0.642255	 90.000000	 0.455664	 -0.030690	 0.456696	 -3.853126	 352467.550871	
16.000000	 1.000000	 0.000000	 -0.000000	 0.000000	 -90.000000	 0.459020	 -0.029400	 0.459961	 -3.664721	 0.000000	 0.642323	 0.642323	 90.000000	 0.459020	 -0.029400	 0.459961	 -3.664721	 352469.003793	
15.000000	 1.000000	 0.000000	 -0.000000	 0.000000	 -90.000000	 0.462100	 -0.026724	 0.462873	 -3.309838	 0.000000	 0.643351	 0.643351	 90.000000	 0.462593	 -0.027480	 0.463408	 -3.399677	 352470.437458	
14.000000	 1.000000	 0.000000	 -0.000000	 0.000000	 -90.000000	 0.462773	 -0.025996	 0.463502	 -3.215208	 0.000000	 0.639021	 0.639021	 90.000000	 0.462773	 -0.025996	 0.463502	 -3.215208	 352471.877684	
13.000000	 1.000000	 0.000000	 -0.000000	 0.000000	 -90.000000	 0.467023	 -0.024874	 0.467685	 -3.048676	 0.000000	 0.640376	 0.640376	 90.000000	 0.467023	 -0.024874	 0.467685	 -3.048676	 352473.315471	
12.000000	 1.000000	 0.000000	 -0.000000	 0.000000	 -90.000000	 0.474109	 -0.013399	 0.474298	 -1.618822	 0.000000	 0.644355	 0.644355	 90.000000	 0.474109	 -0.013399	 0.474298	 -1.618822	 352474.753108	
11.000000	 1.000000	 0.000000	 -0.000000	 0.000000	 -90.000000	 0.476694	 -0.009831	 0.476795	 -1.181429	 0.000000	 0.642643	 0.642643	 90.000000	 0.476694	 -0.009831	 0.476795	 -1.181429	 352476.199726	
10.000000	 1.000000	 0.000000	 -0.000000	 0.000000	 -90.000000	 0.457823	 -0.018645	 0.458203	 -2.332073	 0.000000	 0.608314	 0.608314	 90.000000	 0.457823	 -0.018645	 0.458203	 -2.332073	 352477.647155	
9.000000	 1.000000	 0.000000	 -0.000000	 0.000000	 -90.000000	 0.444387	 0.011082	 0.444525	 1.428494	 0.000000	 0.580131	 0.580131	 90.000000	 0.444387	 0.011082	 0.444525	 1.428494	 352479.108448	
8.000000	 1.000000	 0.000000	 -0.000000	 0.000000	 -90.000000	 0.460203	 -0.054177	 0.463381	 -6.714254	 0.000000	 0.600710	 0.600710	 90.000000	 0.460203	 -0.054177	 0.463381	 -6.714254	 352480.532337	
7.000000	 1.000000	 0.000000	 -0.000000	 0.000000	 -90.000000	 0.584326	 0.032824	 0.585248	 3.215177	 0.000000	 0.785427	 0.785427	 90.000000	 0.584326	 0.032824	 0.585248	 3.215177	 352482.012270	
6.000000	 1.000000	 0.000000	 -0.000000	 0.000000	 -90.000000	 0.622682	 0.139971	 0.638220	 12.668808	 0.000000	 0.835323	 0.835323	 90.000000	 0.622682	 0.139971	 0.638220	 12.668808	 352483.486364	
5.000000	 1.000000	 0.000000	 -0.000000	 0.000000	 -90.000000	 0.392382	 -0.165863	 0.425998	 -22.914187	 0.000000	 0.453005	 0.453005	 90.000000	 0.392382	 -0.165863	 0.425998	 -22.914187	 352484.905249	
4.000000	 1.000000	 0.000000	 -0.000000	 0.000000	 -90.000000	 0.473867	 -0.255721	 0.538464	 -28.353431	 0.000000	 0.644290	 0.644290	 90.000000	 0.473867	 -0.255721	 0.538464	 -28.353431	 352486.334414	
3.000000	 1.000000	 0.000000	 -0.000000	 0.000000	 -90.000000	 0.267745	 0.493294	 0.561272	 61.508173	 0.000000	 0.502503	 0.502503	 90.000000	 0.225411	 0.464859	 0.516627	 64.131202	 352487.753585	
2.000000	 1.000000	 0.000000	 -0.000000	 0.000000	 -90.000000	 0.511580	 0.853653	 0.995207	 59.066479	 0.000000	 1.090329	 1.090329	 90.000000	 0.511580	 0.853653	 0.995207	 59.066479	 352489.188789	
1.000000	 1.000000	 0.000000	 -0.000000	 0.000000	 -90.000000	 0.224107	 0.030982	 0.226238	 7.871107	 0.000000	 -0.230513	 0.230513	 -90.000000	 0.224107	 0.030982	 0.226238	 7.871107	 352490.627771	
