# Oscilator_frequency (Hz)	DemodAll_A (-)	Demod_1_X_A (A)	Demod_1_Y_A (A)	Demod_1__R_A (A)	Demod_1__Theta_A (deg)	Demod_2_X_A (A)	Demod_2_Y_A (A)	Demod_2__R_A (A)	Demod_2__Theta_A (deg)	Demod_3_X_A (V)	Demod_3_Y_A (V)	Demod_3__R_A (V)	Demod_3__Theta_A (deg)	Demod_4_X_A (V)	Demod_4_Y_A (V)	Demod_4__R_A (V)	Demod_4__Theta_A (deg)	Timer_GET (s)	
200.000000	 1.000000	 0.000000	 -0.000000	 0.000000	 -90.000000	 0.312999	 -0.009137	 0.313132	 -1.672044	 0.000000	 0.003957	 0.003957	 90.000000	 0.312999	 -0.009137	 0.313132	 -1.672044	 328229.244312	
199.000000	 1.000000	 0.000000	 -0.000000	 0.000000	 -90.000000	 0.312857	 -0.009292	 0.312995	 -1.701202	 0.000000	 0.005861	 0.005861	 90.000000	 0.312857	 -0.009292	 0.312995	 -1.701202	 328230.653820	
198.000000	 1.000000	 0.000000	 -0.000000	 0.000000	 -90.000000	 0.313059	 -0.009208	 0.313195	 -1.684719	 0.000000	 0.004829	 0.004829	 90.000000	 0.313059	 -0.009208	 0.313195	 -1.684719	 328232.106689	
197.000000	 1.000000	 0.000000	 -0.000000	 0.000000	 -90.000000	 0.312989	 -0.009325	 0.313128	 -1.706488	 0.000000	 0.004775	 0.004775	 90.000000	 0.312989	 -0.009325	 0.313128	 -1.706488	 328233.589336	
196.000000	 1.000000	 0.000000	 -0.000000	 0.000000	 -90.000000	 0.313191	 -0.009316	 0.313330	 -1.703761	 0.000000	 0.004709	 0.004709	 90.000000	 0.313191	 -0.009316	 0.313330	 -1.703761	 328235.021335	
195.000000	 1.000000	 0.000000	 -0.000000	 0.000000	 -90.000000	 0.313173	 -0.009283	 0.313310	 -1.697879	 0.000000	 0.004601	 0.004601	 90.000000	 0.313189	 -0.009286	 0.313327	 -1.698357	 328236.467907	
194.000000	 1.000000	 0.000000	 -0.000000	 0.000000	 -90.000000	 0.313201	 -0.009353	 0.313340	 -1.710500	 0.000000	 0.004469	 0.004469	 90.000000	 0.313201	 -0.009353	 0.313340	 -1.710500	 328237.945067	
193.000000	 1.000000	 0.000000	 -0.000000	 0.000000	 -90.000000	 0.313234	 -0.009333	 0.313373	 -1.706660	 0.000000	 0.004395	 0.004395	 90.000000	 0.313234	 -0.009333	 0.313373	 -1.706660	 328239.371033	
192.000000	 1.000000	 0.000000	 -0.000000	 0.000000	 -90.000000	 0.313288	 -0.009328	 0.313427	 -1.705380	 0.000000	 0.004302	 0.004302	 90.000000	 0.313288	 -0.009328	 0.313427	 -1.705380	 328240.774374	
191.000000	 1.000000	 0.000000	 -0.000000	 0.000000	 -90.000000	 0.313326	 -0.009315	 0.313464	 -1.702843	 0.000000	 0.004260	 0.004260	 90.000000	 0.313326	 -0.009315	 0.313464	 -1.702843	 328242.205453	
190.000000	 1.000000	 0.000000	 -0.000000	 0.000000	 -90.000000	 0.313349	 -0.009305	 0.313487	 -1.700877	 0.000000	 0.004177	 0.004177	 90.000000	 0.313349	 -0.009305	 0.313487	 -1.700877	 328243.629581	
189.000000	 1.000000	 0.000000	 -0.000000	 0.000000	 -90.000000	 0.313408	 -0.009295	 0.313546	 -1.698776	 0.000000	 0.004141	 0.004141	 90.000000	 0.313408	 -0.009295	 0.313546	 -1.698776	 328245.062280	
188.000000	 1.000000	 0.000000	 -0.000000	 0.000000	 -90.000000	 0.313454	 -0.009300	 0.313592	 -1.699370	 0.000000	 0.004101	 0.004101	 90.000000	 0.313454	 -0.009300	 0.313592	 -1.699370	 328246.463302	
187.000000	 1.000000	 0.000000	 -0.000000	 0.000000	 -90.000000	 0.313485	 -0.009276	 0.313622	 -1.694870	 0.000000	 0.004041	 0.004041	 90.000000	 0.313485	 -0.009276	 0.313622	 -1.694870	 328247.899264	
186.000000	 1.000000	 0.000000	 -0.000000	 0.000000	 -90.000000	 0.313512	 -0.009257	 0.313649	 -1.691201	 0.000000	 0.004008	 0.004008	 90.000000	 0.313512	 -0.009257	 0.313649	 -1.691201	 328249.302886	
185.000000	 1.000000	 0.000000	 -0.000000	 0.000000	 -90.000000	 0.313539	 -0.009248	 0.313676	 -1.689433	 0.000000	 0.003910	 0.003910	 90.000000	 0.313538	 -0.009247	 0.313675	 -1.689326	 328250.754716	
184.000000	 1.000000	 0.000000	 -0.000000	 0.000000	 -90.000000	 0.313615	 -0.009260	 0.313752	 -1.691301	 0.000000	 0.003969	 0.003969	 90.000000	 0.313615	 -0.009260	 0.313752	 -1.691301	 328252.208052	
183.000000	 1.000000	 0.000000	 -0.000000	 0.000000	 -90.000000	 0.313648	 -0.009223	 0.313783	 -1.684252	 0.000000	 0.003896	 0.003896	 90.000000	 0.313648	 -0.009223	 0.313783	 -1.684252	 328253.636526	
182.000000	 1.000000	 0.000000	 -0.000000	 0.000000	 -90.000000	 0.313633	 -0.009244	 0.313769	 -1.688235	 0.000000	 0.003864	 0.003864	 90.000000	 0.313633	 -0.009244	 0.313769	 -1.688235	 328255.085757	
181.000000	 1.000000	 0.000000	 -0.000000	 0.000000	 -90.000000	 0.313703	 -0.009192	 0.313837	 -1.678323	 0.000000	 0.003850	 0.003850	 90.000000	 0.313703	 -0.009192	 0.313837	 -1.678323	 328256.542190	
180.000000	 1.000000	 0.000000	 -0.000000	 0.000000	 -90.000000	 0.313737	 -0.009218	 0.313872	 -1.682908	 0.000000	 0.003731	 0.003731	 90.000000	 0.313737	 -0.009218	 0.313872	 -1.682908	 328257.959340	
179.000000	 1.000000	 0.000000	 -0.000000	 0.000000	 -90.000000	 0.313771	 -0.009205	 0.313906	 -1.680436	 0.000000	 0.003683	 0.003683	 90.000000	 0.313771	 -0.009205	 0.313906	 -1.680436	 328259.364992	
178.000000	 1.000000	 0.000000	 -0.000000	 0.000000	 -90.000000	 0.313813	 -0.009197	 0.313947	 -1.678637	 0.000000	 0.003634	 0.003634	 90.000000	 0.313812	 -0.009198	 0.313947	 -1.678847	 328260.811000	
177.000000	 1.000000	 0.000000	 -0.000000	 0.000000	 -90.000000	 0.313859	 -0.009131	 0.313991	 -1.666459	 0.000000	 0.003702	 0.003702	 90.000000	 0.313859	 -0.009131	 0.313991	 -1.666459	 328262.261274	
176.000000	 1.000000	 0.000000	 -0.000000	 0.000000	 -90.000000	 0.313943	 -0.009146	 0.314077	 -1.668675	 0.000000	 0.003676	 0.003676	 90.000000	 0.313943	 -0.009146	 0.314077	 -1.668675	 328263.684664	
175.000000	 1.000000	 0.000000	 -0.000000	 0.000000	 -90.000000	 0.313964	 -0.009155	 0.314097	 -1.670278	 0.000000	 0.003620	 0.003620	 90.000000	 0.313964	 -0.009155	 0.314097	 -1.670278	 328265.122419	
174.000000	 1.000000	 0.000000	 -0.000000	 0.000000	 -90.000000	 0.314013	 -0.009112	 0.314145	 -1.662085	 0.000000	 0.003591	 0.003591	 90.000000	 0.314013	 -0.009112	 0.314145	 -1.662085	 328266.548807	
173.000000	 1.000000	 0.000000	 -0.000000	 0.000000	 -90.000000	 0.314002	 -0.009139	 0.314135	 -1.667099	 0.000000	 0.003603	 0.003603	 90.000000	 0.314002	 -0.009139	 0.314135	 -1.667099	 328267.982899	
172.000000	 1.000000	 0.000000	 -0.000000	 0.000000	 -90.000000	 0.314084	 -0.009073	 0.314215	 -1.654644	 0.000000	 0.003543	 0.003543	 90.000000	 0.314083	 -0.009075	 0.314214	 -1.654950	 328269.437863	
171.000000	 1.000000	 0.000000	 -0.000000	 0.000000	 -90.000000	 0.314071	 -0.009123	 0.314204	 -1.663922	 0.000000	 0.003464	 0.003464	 90.000000	 0.314071	 -0.009123	 0.314204	 -1.663922	 328270.908274	
170.000000	 1.000000	 0.000000	 -0.000000	 0.000000	 -90.000000	 0.314137	 -0.009049	 0.314267	 -1.650086	 0.000000	 0.003482	 0.003482	 90.000000	 0.314137	 -0.009049	 0.314267	 -1.650086	 328272.364376	
169.000000	 1.000000	 0.000000	 -0.000000	 0.000000	 -90.000000	 0.314167	 -0.009083	 0.314299	 -1.656050	 0.000000	 0.003458	 0.003458	 90.000000	 0.314167	 -0.009083	 0.314299	 -1.656050	 328273.809808	
168.000000	 1.000000	 0.000000	 -0.000000	 0.000000	 -90.000000	 0.314218	 -0.009021	 0.314347	 -1.644505	 0.000000	 0.003391	 0.003391	 90.000000	 0.314218	 -0.009021	 0.314347	 -1.644505	 328275.256706	
167.000000	 1.000000	 0.000000	 -0.000000	 0.000000	 -90.000000	 0.314267	 -0.009023	 0.314397	 -1.644512	 0.000000	 0.003300	 0.003300	 90.000000	 0.314267	 -0.009023	 0.314397	 -1.644512	 328276.669653	
166.000000	 1.000000	 0.000000	 -0.000000	 0.000000	 -90.000000	 0.314302	 -0.009048	 0.314433	 -1.648874	 0.000000	 0.003233	 0.003233	 90.000000	 0.314302	 -0.009048	 0.314433	 -1.648874	 328278.100510	
165.000000	 1.000000	 0.000000	 -0.000000	 0.000000	 -90.000000	 0.314359	 -0.009024	 0.314489	 -1.644357	 0.000000	 0.003309	 0.003309	 90.000000	 0.314359	 -0.009025	 0.314489	 -1.644412	 328279.561699	
164.000000	 1.000000	 0.000000	 -0.000000	 0.000000	 -90.000000	 0.314441	 -0.008993	 0.314569	 -1.638128	 0.000000	 0.003395	 0.003395	 90.000000	 0.314441	 -0.008993	 0.314569	 -1.638128	 328281.011940	
163.000000	 1.000000	 0.000000	 -0.000000	 0.000000	 -90.000000	 0.314437	 -0.008984	 0.314565	 -1.636590	 0.000000	 0.003355	 0.003355	 90.000000	 0.314437	 -0.008984	 0.314565	 -1.636590	 328282.433148	
162.000000	 1.000000	 0.000000	 -0.000000	 0.000000	 -90.000000	 0.314546	 -0.008921	 0.314673	 -1.624488	 0.000000	 0.003347	 0.003347	 90.000000	 0.314546	 -0.008921	 0.314673	 -1.624488	 328283.883577	
161.000000	 1.000000	 0.000000	 -0.000000	 0.000000	 -90.000000	 0.314593	 -0.008941	 0.314720	 -1.627915	 0.000000	 0.003333	 0.003333	 90.000000	 0.314593	 -0.008941	 0.314720	 -1.627915	 328285.312384	
160.000000	 1.000000	 0.000000	 -0.000000	 0.000000	 -90.000000	 0.314583	 -0.008873	 0.314708	 -1.615718	 0.000000	 0.003291	 0.003291	 90.000000	 0.314566	 -0.008878	 0.314692	 -1.616625	 328286.753066	
159.000000	 1.000000	 0.000000	 -0.000000	 0.000000	 -90.000000	 0.314692	 -0.008864	 0.314816	 -1.613502	 0.000000	 0.003264	 0.003264	 90.000000	 0.314691	 -0.008857	 0.314816	 -1.612141	 328288.205914	
158.000000	 1.000000	 0.000000	 -0.000000	 0.000000	 -90.000000	 0.314566	 -0.008813	 0.314690	 -1.604771	 0.000000	 0.003229	 0.003229	 90.000000	 0.314566	 -0.008813	 0.314690	 -1.604771	 328289.641710	
157.000000	 1.000000	 0.000000	 -0.000000	 0.000000	 -90.000000	 0.314932	 -0.008897	 0.315058	 -1.618243	 0.000000	 0.003229	 0.003229	 90.000000	 0.314932	 -0.008897	 0.315058	 -1.618243	 328291.109425	
156.000000	 1.000000	 0.000000	 -0.000000	 0.000000	 -90.000000	 0.315087	 -0.008719	 0.315208	 -1.585143	 0.000000	 0.003192	 0.003192	 90.000000	 0.315087	 -0.008719	 0.315208	 -1.585143	 328292.541217	
155.000000	 1.000000	 0.000000	 -0.000000	 0.000000	 -90.000000	 0.314321	 -0.009013	 0.314450	 -1.642389	 0.000000	 0.003162	 0.003162	 90.000000	 0.314321	 -0.009013	 0.314450	 -1.642389	 328293.990976	
154.000000	 1.000000	 0.000000	 -0.000000	 0.000000	 -90.000000	 0.314288	 -0.009107	 0.314420	 -1.659812	 0.000000	 0.003202	 0.003202	 90.000000	 0.314288	 -0.009107	 0.314420	 -1.659812	 328295.421050	
153.000000	 1.000000	 0.000000	 -0.000000	 0.000000	 -90.000000	 0.315778	 -0.008905	 0.315904	 -1.615249	 0.000000	 0.003215	 0.003215	 90.000000	 0.315778	 -0.008905	 0.315904	 -1.615249	 328296.872280	
152.000000	 1.000000	 0.000000	 -0.000000	 0.000000	 -90.000000	 0.314809	 -0.009805	 0.314962	 -1.783944	 0.000000	 0.003182	 0.003182	 90.000000	 0.314870	 -0.009823	 0.315023	 -1.786951	 328298.326584	
151.000000	 1.000000	 0.000000	 -0.000000	 0.000000	 -90.000000	 0.316268	 -0.008715	 0.316388	 -1.578415	 0.000000	 0.003120	 0.003120	 90.000000	 0.316268	 -0.008715	 0.316388	 -1.578415	 328299.767161	
150.000000	 1.000000	 0.000000	 -0.000000	 0.000000	 -90.000000	 0.315018	 -0.010055	 0.315179	 -1.828263	 0.000000	 0.002928	 0.002928	 90.000000	 0.315018	 -0.010055	 0.315179	 -1.828263	 328301.207345	
149.000000	 1.000000	 0.000000	 -0.000000	 0.000000	 -90.000000	 0.316096	 -0.009470	 0.316238	 -1.716030	 0.000000	 0.002806	 0.002806	 90.000000	 0.316068	 -0.009514	 0.316211	 -1.724138	 328302.643846	
148.000000	 1.000000	 0.000000	 -0.000000	 0.000000	 -90.000000	 0.314061	 -0.008724	 0.314182	 -1.591105	 0.000000	 -0.001167	 0.001167	 -90.000000	 0.314045	 -0.008629	 0.314163	 -1.573906	 328304.089430	
147.000000	 1.000000	 0.000000	 -0.000000	 0.000000	 -90.000000	 0.314352	 -0.008919	 0.314479	 -1.625169	 0.000000	 -0.007099	 0.007099	 -90.000000	 0.314352	 -0.008919	 0.314479	 -1.625169	 328305.520505	
146.000000	 1.000000	 0.000000	 -0.000000	 0.000000	 -90.000000	 0.315657	 -0.008044	 0.315760	 -1.459747	 0.000000	 0.000676	 0.000676	 90.000000	 0.315755	 -0.008104	 0.315859	 -1.470138	 328306.978404	
145.000000	 1.000000	 0.000000	 -0.000000	 0.000000	 -90.000000	 0.315479	 -0.008112	 0.315583	 -1.472897	 0.000000	 0.000973	 0.000973	 90.000000	 0.315479	 -0.008112	 0.315583	 -1.472897	 328308.447254	
144.000000	 1.000000	 0.000000	 -0.000000	 0.000000	 -90.000000	 0.315198	 -0.008744	 0.315319	 -1.589035	 0.000000	 0.003444	 0.003444	 90.000000	 0.315198	 -0.008744	 0.315319	 -1.589035	 328309.930261	
143.000000	 1.000000	 0.000000	 -0.000000	 0.000000	 -90.000000	 0.315240	 -0.008634	 0.315358	 -1.568936	 0.000000	 -0.000578	 0.000578	 -90.000000	 0.315240	 -0.008634	 0.315358	 -1.568936	 328311.371260	
142.000000	 1.000000	 0.000000	 -0.000000	 0.000000	 -90.000000	 0.315581	 -0.008469	 0.315695	 -1.537248	 0.000000	 0.003703	 0.003703	 90.000000	 0.315581	 -0.008469	 0.315695	 -1.537248	 328312.831285	
141.000000	 1.000000	 0.000000	 -0.000000	 0.000000	 -90.000000	 0.315424	 -0.008590	 0.315541	 -1.560036	 0.000000	 0.003103	 0.003103	 90.000000	 0.315424	 -0.008590	 0.315541	 -1.560036	 328314.269219	
140.000000	 1.000000	 0.000000	 -0.000000	 0.000000	 -90.000000	 0.315594	 -0.008506	 0.315709	 -1.543913	 0.000000	 0.002995	 0.002995	 90.000000	 0.315598	 -0.008524	 0.315713	 -1.547179	 328315.718878	
139.000000	 1.000000	 0.000000	 -0.000000	 0.000000	 -90.000000	 0.315592	 -0.008488	 0.315706	 -1.540685	 0.000000	 0.002996	 0.002996	 90.000000	 0.315592	 -0.008488	 0.315706	 -1.540685	 328317.187433	
138.000000	 1.000000	 0.000000	 -0.000000	 0.000000	 -90.000000	 0.315656	 -0.008422	 0.315768	 -1.528272	 0.000000	 0.002910	 0.002910	 90.000000	 0.315656	 -0.008422	 0.315768	 -1.528272	 328318.606794	
137.000000	 1.000000	 0.000000	 -0.000000	 0.000000	 -90.000000	 0.315717	 -0.008449	 0.315830	 -1.532922	 0.000000	 0.002903	 0.002903	 90.000000	 0.315717	 -0.008449	 0.315830	 -1.532922	 328320.054046	
136.000000	 1.000000	 0.000000	 -0.000000	 0.000000	 -90.000000	 0.315772	 -0.008424	 0.315884	 -1.528207	 0.000000	 0.002935	 0.002935	 90.000000	 0.315772	 -0.008424	 0.315884	 -1.528207	 328321.479193	
135.000000	 1.000000	 0.000000	 -0.000000	 0.000000	 -90.000000	 0.315769	 -0.008399	 0.315881	 -1.523598	 0.000000	 0.002893	 0.002893	 90.000000	 0.315769	 -0.008399	 0.315881	 -1.523598	 328322.915062	
134.000000	 1.000000	 0.000000	 -0.000000	 0.000000	 -90.000000	 0.315856	 -0.008368	 0.315967	 -1.517656	 0.000000	 0.002926	 0.002926	 90.000000	 0.315856	 -0.008368	 0.315967	 -1.517656	 328324.382908	
133.000000	 1.000000	 0.000000	 -0.000000	 0.000000	 -90.000000	 0.315893	 -0.008320	 0.316003	 -1.508769	 0.000000	 0.002926	 0.002926	 90.000000	 0.315893	 -0.008320	 0.316003	 -1.508769	 328325.828732	
132.000000	 1.000000	 0.000000	 -0.000000	 0.000000	 -90.000000	 0.315962	 -0.008317	 0.316072	 -1.507891	 0.000000	 0.002922	 0.002922	 90.000000	 0.315962	 -0.008317	 0.316072	 -1.507891	 328327.276371	
131.000000	 1.000000	 0.000000	 -0.000000	 0.000000	 -90.000000	 0.316002	 -0.008295	 0.316111	 -1.503635	 0.000000	 0.002906	 0.002906	 90.000000	 0.316002	 -0.008295	 0.316111	 -1.503635	 328328.730931	
130.000000	 1.000000	 0.000000	 -0.000000	 0.000000	 -90.000000	 0.316038	 -0.008243	 0.316145	 -1.494147	 0.000000	 0.002896	 0.002896	 90.000000	 0.316038	 -0.008243	 0.316145	 -1.493983	 328330.147371	
129.000000	 1.000000	 0.000000	 -0.000000	 0.000000	 -90.000000	 0.316112	 -0.008220	 0.316219	 -1.489623	 0.000000	 0.002890	 0.002890	 90.000000	 0.316112	 -0.008220	 0.316219	 -1.489623	 328331.622320	
128.000000	 1.000000	 0.000000	 -0.000000	 0.000000	 -90.000000	 0.316191	 -0.008201	 0.316297	 -1.485758	 0.000000	 0.002861	 0.002861	 90.000000	 0.316191	 -0.008201	 0.316297	 -1.485759	 328333.039164	
127.000000	 1.000000	 0.000000	 -0.000000	 0.000000	 -90.000000	 0.316273	 -0.008211	 0.316380	 -1.487220	 0.000000	 0.002904	 0.002904	 90.000000	 0.316273	 -0.008211	 0.316380	 -1.487220	 328334.502029	
126.000000	 1.000000	 0.000000	 -0.000000	 0.000000	 -90.000000	 0.316309	 -0.008135	 0.316414	 -1.473193	 0.000000	 0.002841	 0.002841	 90.000000	 0.316309	 -0.008135	 0.316413	 -1.473247	 328335.953490	
125.000000	 1.000000	 0.000000	 -0.000000	 0.000000	 -90.000000	 0.316373	 -0.008150	 0.316478	 -1.475612	 0.000000	 0.002864	 0.002864	 90.000000	 0.316373	 -0.008150	 0.316478	 -1.475611	 328337.420913	
124.000000	 1.000000	 0.000000	 -0.000000	 0.000000	 -90.000000	 0.316408	 -0.008083	 0.316511	 -1.463411	 0.000000	 0.002821	 0.002821	 90.000000	 0.316408	 -0.008083	 0.316511	 -1.463410	 328338.843844	
123.000000	 1.000000	 0.000000	 -0.000000	 0.000000	 -90.000000	 0.316466	 -0.008063	 0.316568	 -1.459437	 0.000000	 0.002743	 0.002743	 90.000000	 0.316466	 -0.008063	 0.316568	 -1.459437	 328340.261864	
122.000000	 1.000000	 0.000000	 -0.000000	 0.000000	 -90.000000	 0.316554	 -0.008066	 0.316656	 -1.459542	 0.000000	 0.002813	 0.002813	 90.000000	 0.316555	 -0.008066	 0.316658	 -1.459576	 328341.697269	
121.000000	 1.000000	 0.000000	 -0.000000	 0.000000	 -90.000000	 0.316602	 -0.007995	 0.316703	 -1.446565	 0.000000	 0.002833	 0.002833	 90.000000	 0.316603	 -0.007994	 0.316704	 -1.446312	 328343.131539	
120.000000	 1.000000	 0.000000	 -0.000000	 0.000000	 -90.000000	 0.316662	 -0.007999	 0.316763	 -1.447080	 0.000000	 0.002829	 0.002829	 90.000000	 0.316664	 -0.007998	 0.316765	 -1.446731	 328344.590488	
119.000000	 1.000000	 0.000000	 -0.000000	 0.000000	 -90.000000	 0.316733	 -0.007958	 0.316833	 -1.439190	 0.000000	 0.002805	 0.002805	 90.000000	 0.316733	 -0.007958	 0.316833	 -1.439190	 328346.041905	
118.000000	 1.000000	 0.000000	 -0.000000	 0.000000	 -90.000000	 0.316771	 -0.007940	 0.316870	 -1.435839	 0.000000	 0.002775	 0.002775	 90.000000	 0.316771	 -0.007940	 0.316870	 -1.435839	 328347.488143	
117.000000	 1.000000	 0.000000	 -0.000000	 0.000000	 -90.000000	 0.316856	 -0.007886	 0.316955	 -1.425636	 0.000000	 0.002773	 0.002773	 90.000000	 0.316856	 -0.007886	 0.316955	 -1.425636	 328348.926431	
116.000000	 1.000000	 0.000000	 -0.000000	 0.000000	 -90.000000	 0.316886	 -0.007840	 0.316983	 -1.417177	 0.000000	 0.002726	 0.002726	 90.000000	 0.316886	 -0.007840	 0.316983	 -1.417177	 328350.377273	
115.000000	 1.000000	 0.000000	 -0.000000	 0.000000	 -90.000000	 0.316959	 -0.007850	 0.317056	 -1.418814	 0.000000	 0.002764	 0.002764	 90.000000	 0.316959	 -0.007852	 0.317056	 -1.419131	 328351.813277	
114.000000	 1.000000	 0.000000	 -0.000000	 0.000000	 -90.000000	 0.317022	 -0.007807	 0.317118	 -1.410619	 0.000000	 0.002752	 0.002752	 90.000000	 0.317022	 -0.007807	 0.317118	 -1.410619	 328353.263175	
113.000000	 1.000000	 0.000000	 -0.000000	 0.000000	 -90.000000	 0.317101	 -0.007740	 0.317195	 -1.398192	 0.000000	 0.002706	 0.002706	 90.000000	 0.317101	 -0.007740	 0.317195	 -1.398192	 328354.719559	
112.000000	 1.000000	 0.000000	 -0.000000	 0.000000	 -90.000000	 0.317158	 -0.007750	 0.317252	 -1.399763	 0.000000	 0.002725	 0.002725	 90.000000	 0.317158	 -0.007750	 0.317252	 -1.399763	 328356.178863	
111.000000	 1.000000	 0.000000	 -0.000000	 0.000000	 -90.000000	 0.317210	 -0.007684	 0.317303	 -1.387626	 0.000000	 0.002691	 0.002691	 90.000000	 0.317210	 -0.007684	 0.317303	 -1.387626	 328357.614049	
110.000000	 1.000000	 0.000000	 -0.000000	 0.000000	 -90.000000	 0.317259	 -0.007664	 0.317352	 -1.383787	 0.000000	 0.002636	 0.002636	 90.000000	 0.317262	 -0.007662	 0.317354	 -1.383515	 328359.019786	
109.000000	 1.000000	 0.000000	 -0.000000	 0.000000	 -90.000000	 0.317330	 -0.007615	 0.317421	 -1.374751	 0.000000	 0.003593	 0.003593	 90.000000	 0.317330	 -0.007615	 0.317421	 -1.374751	 328360.444734	
108.000000	 1.000000	 0.000000	 -0.000000	 0.000000	 -90.000000	 0.317418	 -0.007590	 0.317509	 -1.369713	 0.000000	 0.003866	 0.003866	 90.000000	 0.317418	 -0.007590	 0.317509	 -1.369713	 328361.917568	
107.000000	 1.000000	 0.000000	 -0.000000	 0.000000	 -90.000000	 0.317446	 -0.007496	 0.317535	 -1.352779	 0.000000	 0.002673	 0.002673	 90.000000	 0.317438	 -0.007495	 0.317526	 -1.352604	 328363.357978	
106.000000	 1.000000	 0.000000	 -0.000000	 0.000000	 -90.000000	 0.317515	 -0.007535	 0.317605	 -1.359352	 0.000000	 0.002729	 0.002729	 90.000000	 0.317515	 -0.007535	 0.317605	 -1.359352	 328364.778091	
105.000000	 1.000000	 0.000000	 -0.000000	 0.000000	 -90.000000	 0.317707	 -0.007438	 0.317794	 -1.341147	 0.000000	 0.002611	 0.002611	 90.000000	 0.317705	 -0.007431	 0.317792	 -1.339897	 328366.217054	
104.000000	 1.000000	 0.000000	 -0.000000	 0.000000	 -90.000000	 0.317796	 -0.007447	 0.317883	 -1.342416	 0.000000	 0.002676	 0.002676	 90.000000	 0.317796	 -0.007447	 0.317883	 -1.342416	 328367.658473	
103.000000	 1.000000	 0.000000	 -0.000000	 0.000000	 -90.000000	 0.317626	 -0.007290	 0.317710	 -1.314840	 0.000000	 0.002611	 0.002611	 90.000000	 0.317602	 -0.007317	 0.317686	 -1.319679	 328369.080477	
102.000000	 1.000000	 0.000000	 -0.000000	 0.000000	 -90.000000	 0.317898	 -0.007140	 0.317979	 -1.286632	 0.000000	 0.002455	 0.002455	 90.000000	 0.317898	 -0.007140	 0.317979	 -1.286632	 328370.525013	
101.000000	 1.000000	 0.000000	 -0.000000	 0.000000	 -90.000000	 0.317693	 -0.007200	 0.317774	 -1.298332	 0.000000	 0.002539	 0.002539	 90.000000	 0.317693	 -0.007200	 0.317774	 -1.298332	 328371.981522	
100.000000	 1.000000	 0.000000	 -0.000000	 0.000000	 -90.000000	 0.318176	 -0.007113	 0.318256	 -1.280628	 0.000000	 0.002546	 0.002546	 90.000000	 0.318176	 -0.007113	 0.318256	 -1.280628	 328373.433145	
99.000000	 1.000000	 0.000000	 -0.000000	 0.000000	 -90.000000	 0.318046	 -0.006963	 0.318122	 -1.254105	 0.000000	 0.002414	 0.002414	 90.000000	 0.318046	 -0.006963	 0.318122	 -1.254105	 328374.867352	
98.000000	 1.000000	 0.000000	 -0.000000	 0.000000	 -90.000000	 0.318236	 -0.007314	 0.318320	 -1.316677	 0.000000	 0.002807	 0.002807	 90.000000	 0.318236	 -0.007314	 0.318320	 -1.316677	 328376.358333	
97.000000	 1.000000	 0.000000	 -0.000000	 0.000000	 -90.000000	 0.318332	 -0.007153	 0.318412	 -1.287235	 0.000000	 0.002731	 0.002731	 90.000000	 0.318333	 -0.007168	 0.318414	 -1.290001	 328377.830082	
96.000000	 1.000000	 0.000000	 -0.000000	 0.000000	 -90.000000	 0.318123	 -0.007069	 0.318201	 -1.272894	 0.000000	 0.002477	 0.002477	 90.000000	 0.318123	 -0.007069	 0.318201	 -1.272894	 328379.287042	
95.000000	 1.000000	 0.000000	 -0.000000	 0.000000	 -90.000000	 0.318257	 -0.006961	 0.318333	 -1.253014	 0.000000	 0.002518	 0.002518	 90.000000	 0.318260	 -0.006944	 0.318336	 -1.250002	 328380.720835	
94.000000	 1.000000	 0.000000	 -0.000000	 0.000000	 -90.000000	 0.318368	 -0.006981	 0.318445	 -1.256191	 0.000000	 0.002585	 0.002585	 90.000000	 0.318368	 -0.006981	 0.318445	 -1.256191	 328382.138227	
93.000000	 1.000000	 0.000000	 -0.000000	 0.000000	 -90.000000	 0.318425	 -0.006881	 0.318499	 -1.237946	 0.000000	 0.002573	 0.002573	 90.000000	 0.318425	 -0.006881	 0.318499	 -1.237946	 328383.575221	
92.000000	 1.000000	 0.000000	 -0.000000	 0.000000	 -90.000000	 0.318589	 -0.006834	 0.318662	 -1.228804	 0.000000	 0.002586	 0.002586	 90.000000	 0.318586	 -0.006836	 0.318659	 -1.229241	 328385.021317	
91.000000	 1.000000	 0.000000	 -0.000000	 0.000000	 -90.000000	 0.318546	 -0.006801	 0.318619	 -1.223076	 0.000000	 0.002469	 0.002469	 90.000000	 0.318546	 -0.006801	 0.318619	 -1.223076	 328386.464536	
90.000000	 1.000000	 0.000000	 -0.000000	 0.000000	 -90.000000	 0.318704	 -0.006808	 0.318776	 -1.223801	 0.000000	 0.002522	 0.002522	 90.000000	 0.318701	 -0.006810	 0.318774	 -1.224124	 328387.896481	
89.000000	 1.000000	 0.000000	 -0.000000	 0.000000	 -90.000000	 0.318762	 -0.006736	 0.318834	 -1.210639	 0.000000	 0.002614	 0.002614	 90.000000	 0.318762	 -0.006736	 0.318833	 -1.210659	 328389.358348	
88.000000	 1.000000	 0.000000	 -0.000000	 0.000000	 -90.000000	 0.318830	 -0.006697	 0.318900	 -1.203297	 0.000000	 0.002549	 0.002549	 90.000000	 0.318830	 -0.006697	 0.318900	 -1.203297	 328390.830024	
87.000000	 1.000000	 0.000000	 -0.000000	 0.000000	 -90.000000	 0.318917	 -0.006549	 0.318984	 -1.176433	 0.000000	 0.002558	 0.002558	 90.000000	 0.318917	 -0.006549	 0.318984	 -1.176433	 328392.244223	
86.000000	 1.000000	 0.000000	 -0.000000	 0.000000	 -90.000000	 0.319030	 -0.006507	 0.319097	 -1.168379	 0.000000	 0.002534	 0.002534	 90.000000	 0.319028	 -0.006510	 0.319095	 -1.169028	 328393.702395	
85.000000	 1.000000	 0.000000	 -0.000000	 0.000000	 -90.000000	 0.319118	 -0.006432	 0.319183	 -1.154584	 0.000000	 0.002496	 0.002496	 90.000000	 0.319118	 -0.006432	 0.319183	 -1.154584	 328395.167884	
84.000000	 1.000000	 0.000000	 -0.000000	 0.000000	 -90.000000	 0.319160	 -0.006406	 0.319224	 -1.149782	 0.000000	 0.002500	 0.002500	 90.000000	 0.319160	 -0.006406	 0.319224	 -1.149782	 328396.600751	
83.000000	 1.000000	 0.000000	 -0.000000	 0.000000	 -90.000000	 0.319247	 -0.006350	 0.319310	 -1.139562	 0.000000	 0.002537	 0.002537	 90.000000	 0.319247	 -0.006350	 0.319310	 -1.139562	 328398.059601	
82.000000	 1.000000	 0.000000	 -0.000000	 0.000000	 -90.000000	 0.319380	 -0.006275	 0.319442	 -1.125653	 0.000000	 0.002597	 0.002597	 90.000000	 0.319380	 -0.006275	 0.319442	 -1.125653	 328399.478292	
81.000000	 1.000000	 0.000000	 -0.000000	 0.000000	 -90.000000	 0.319407	 -0.006159	 0.319467	 -1.104730	 0.000000	 0.002551	 0.002551	 90.000000	 0.319407	 -0.006159	 0.319467	 -1.104730	 328400.891347	
80.000000	 1.000000	 0.000000	 -0.000000	 0.000000	 -90.000000	 0.319546	 -0.006162	 0.319606	 -1.104660	 0.000000	 0.002532	 0.002532	 90.000000	 0.319546	 -0.006162	 0.319606	 -1.104660	 328402.328915	
79.000000	 1.000000	 0.000000	 -0.000000	 0.000000	 -90.000000	 0.319685	 -0.006062	 0.319743	 -1.086282	 0.000000	 0.002550	 0.002550	 90.000000	 0.319685	 -0.006062	 0.319743	 -1.086282	 328403.774343	
78.000000	 1.000000	 0.000000	 -0.000000	 0.000000	 -90.000000	 0.319845	 -0.005964	 0.319901	 -1.068272	 0.000000	 0.002527	 0.002527	 90.000000	 0.319845	 -0.005964	 0.319901	 -1.068272	 328405.250236	
77.000000	 1.000000	 0.000000	 -0.000000	 0.000000	 -90.000000	 0.319781	 -0.005907	 0.319836	 -1.058180	 0.000000	 0.002508	 0.002508	 90.000000	 0.319770	 -0.005884	 0.319824	 -1.054190	 328406.695924	
76.000000	 1.000000	 0.000000	 -0.000000	 0.000000	 -90.000000	 0.319905	 -0.005814	 0.319958	 -1.041140	 0.000000	 0.002479	 0.002479	 90.000000	 0.319905	 -0.005814	 0.319958	 -1.041140	 328408.130030	
75.000000	 1.000000	 0.000000	 -0.000000	 0.000000	 -90.000000	 0.320094	 -0.005837	 0.320147	 -1.044707	 0.000000	 0.002500	 0.002500	 90.000000	 0.320094	 -0.005837	 0.320147	 -1.044707	 328409.592170	
74.000000	 1.000000	 0.000000	 -0.000000	 0.000000	 -90.000000	 0.320077	 -0.005699	 0.320128	 -1.020037	 0.000000	 0.002467	 0.002467	 90.000000	 0.320077	 -0.005699	 0.320128	 -1.020037	 328411.031567	
73.000000	 1.000000	 0.000000	 -0.000000	 0.000000	 -90.000000	 0.320258	 -0.005626	 0.320308	 -1.006494	 0.000000	 0.002499	 0.002499	 90.000000	 0.320257	 -0.005605	 0.320306	 -1.002614	 328412.474970	
72.000000	 1.000000	 0.000000	 -0.000000	 0.000000	 -90.000000	 0.320288	 -0.005389	 0.320333	 -0.963886	 0.000000	 0.002472	 0.002472	 90.000000	 0.320288	 -0.005389	 0.320333	 -0.963886	 328413.920132	
71.000000	 1.000000	 0.000000	 -0.000000	 0.000000	 -90.000000	 0.320219	 -0.005369	 0.320264	 -0.960597	 0.000000	 0.002291	 0.002291	 90.000000	 0.320219	 -0.005369	 0.320264	 -0.960597	 328415.380644	
70.000000	 1.000000	 0.000000	 -0.000000	 0.000000	 -90.000000	 0.320442	 -0.005423	 0.320487	 -0.969493	 0.000000	 0.002469	 0.002469	 90.000000	 0.320442	 -0.005423	 0.320487	 -0.969493	 328416.816448	
69.000000	 1.000000	 0.000000	 -0.000000	 0.000000	 -90.000000	 0.320559	 -0.005229	 0.320602	 -0.934511	 0.000000	 -0.000101	 0.000101	 -90.000000	 0.320559	 -0.005229	 0.320602	 -0.934511	 328418.266944	
68.000000	 1.000000	 0.000000	 -0.000000	 0.000000	 -90.000000	 0.320830	 -0.005228	 0.320872	 -0.933486	 0.000000	 0.008278	 0.008278	 90.000000	 0.320830	 -0.005228	 0.320872	 -0.933486	 328419.735891	
67.000000	 1.000000	 0.000000	 -0.000000	 0.000000	 -90.000000	 0.320699	 -0.005065	 0.320739	 -0.904920	 0.000000	 0.000117	 0.000117	 90.000000	 0.320708	 -0.005041	 0.320748	 -0.900575	 328421.166086	
66.000000	 1.000000	 0.000000	 -0.000000	 0.000000	 -90.000000	 0.320964	 -0.004766	 0.320999	 -0.850691	 0.000000	 0.006404	 0.006404	 90.000000	 0.321018	 -0.004844	 0.321054	 -0.864418	 328422.636977	
65.000000	 1.000000	 0.000000	 -0.000000	 0.000000	 -90.000000	 0.321123	 -0.004725	 0.321158	 -0.842970	 0.000000	 0.002310	 0.002310	 90.000000	 0.321123	 -0.004725	 0.321158	 -0.842970	 328424.063490	
64.000000	 1.000000	 0.000000	 -0.000000	 0.000000	 -90.000000	 0.321026	 -0.004792	 0.321062	 -0.855206	 0.000000	 0.002438	 0.002438	 90.000000	 0.321026	 -0.004792	 0.321062	 -0.855206	 328425.528058	
63.000000	 1.000000	 0.000000	 -0.000000	 0.000000	 -90.000000	 0.321851	 -0.005632	 0.321900	 -1.002559	 0.000000	 0.002379	 0.002379	 90.000000	 0.321851	 -0.005632	 0.321900	 -1.002559	 328426.958158	
62.000000	 1.000000	 0.000000	 -0.000000	 0.000000	 -90.000000	 0.321248	 -0.004862	 0.321285	 -0.867061	 0.000000	 0.002399	 0.002399	 90.000000	 0.321545	 -0.005202	 0.321587	 -0.926828	 328428.410631	
61.000000	 1.000000	 0.000000	 -0.000000	 0.000000	 -90.000000	 0.322744	 -0.004555	 0.322776	 -0.808499	 0.000000	 0.002498	 0.002498	 90.000000	 0.322744	 -0.004555	 0.322776	 -0.808499	 328429.836267	
60.000000	 1.000000	 0.000000	 -0.000000	 0.000000	 -90.000000	 0.318145	 -0.004436	 0.318176	 -0.798803	 0.000000	 0.002284	 0.002284	 90.000000	 0.318145	 -0.004436	 0.318176	 -0.798803	 328431.259197	
59.000000	 1.000000	 0.000000	 -0.000000	 0.000000	 -90.000000	 0.319971	 0.000538	 0.319971	 0.096390	 0.000000	 0.001811	 0.001811	 90.000000	 0.319971	 0.000538	 0.319971	 0.096390	 328432.700820	
58.000000	 1.000000	 0.000000	 -0.000000	 0.000000	 -90.000000	 0.317413	 -0.009399	 0.317552	 -1.696083	 0.000000	 -0.000255	 0.000255	 -90.000000	 0.317413	 -0.009399	 0.317552	 -1.696083	 328434.126323	
57.000000	 1.000000	 0.000000	 -0.000000	 0.000000	 -90.000000	 0.324634	 0.007565	 0.324722	 1.334913	 0.000000	 0.007901	 0.007901	 90.000000	 0.324634	 0.007565	 0.324722	 1.334913	 328435.586456	
56.000000	 1.000000	 0.000000	 -0.000000	 0.000000	 -90.000000	 0.302842	 -0.003161	 0.302859	 -0.598030	 0.000000	 0.002261	 0.002261	 90.000000	 0.303595	 -0.018968	 0.304187	 -3.575098	 328436.997943	
55.000000	 1.000000	 0.000000	 -0.000000	 0.000000	 -90.000000	 0.340985	 0.021896	 0.341687	 3.674108	 0.000000	 0.002859	 0.002859	 90.000000	 0.340985	 0.021896	 0.341687	 3.674109	 328438.437342	
54.000000	 1.000000	 0.000000	 -0.000000	 0.000000	 -90.000000	 0.357460	 0.015563	 0.357799	 2.492987	 0.000000	 0.009057	 0.009057	 90.000000	 0.352769	 0.026721	 0.353779	 4.331681	 328439.881501	
53.000000	 1.000000	 0.000000	 -0.000000	 0.000000	 -90.000000	 0.284206	 0.029200	 0.285702	 5.866076	 0.000000	 0.003208	 0.003208	 90.000000	 0.284206	 0.029200	 0.285702	 5.866076	 328441.365700	
52.000000	 1.000000	 0.000000	 -0.000000	 0.000000	 -90.000000	 0.341683	 0.060718	 0.347036	 10.076442	 0.000000	 0.002505	 0.002505	 90.000000	 0.341683	 0.060718	 0.347036	 10.076442	 328442.792528	
51.000000	 1.000000	 0.000000	 -0.000000	 0.000000	 -90.000000	 0.256868	 0.034165	 0.259130	 7.576279	 0.000000	 0.002548	 0.002548	 90.000000	 0.256868	 0.034165	 0.259130	 7.576279	 328444.295086	
50.000000	 1.000000	 0.000000	 -0.000000	 0.000000	 -90.000000	 0.389524	 0.040480	 0.391622	 5.933009	 0.000000	 0.002415	 0.002415	 90.000000	 0.389524	 0.040480	 0.391622	 5.933009	 328445.753914	
49.000000	 1.000000	 0.000000	 -0.000000	 0.000000	 -90.000000	 0.327122	 0.073584	 0.335296	 12.677368	 0.000000	 0.002473	 0.002473	 90.000000	 0.327122	 0.073584	 0.335296	 12.677368	 328447.202923	
48.000000	 1.000000	 0.000000	 -0.000000	 0.000000	 -90.000000	 0.360764	 -0.057542	 0.365324	 -9.062342	 0.000000	 0.002440	 0.002440	 90.000000	 0.358082	 -0.059855	 0.363050	 -9.489543	 328448.652546	
47.000000	 1.000000	 0.000000	 -0.000000	 0.000000	 -90.000000	 0.355335	 -0.048154	 0.358583	 -7.717513	 0.000000	 0.002481	 0.002481	 90.000000	 0.355335	 -0.048154	 0.358583	 -7.717513	 328450.088189	
46.000000	 1.000000	 0.000000	 -0.000000	 0.000000	 -90.000000	 0.311555	 0.037230	 0.313772	 6.814386	 0.000000	 0.002412	 0.002412	 90.000000	 0.311555	 0.037230	 0.313772	 6.814387	 328451.523003	
45.000000	 1.000000	 0.000000	 -0.000000	 0.000000	 -90.000000	 0.325353	 0.026314	 0.326415	 4.623994	 0.000000	 0.002427	 0.002427	 90.000000	 0.325353	 0.026314	 0.326415	 4.623994	 328452.973833	
44.000000	 1.000000	 0.000000	 -0.000000	 0.000000	 -90.000000	 0.310911	 -0.017804	 0.311421	 -3.277485	 0.000000	 0.002427	 0.002427	 90.000000	 0.310911	 -0.017804	 0.311421	 -3.277485	 328454.412984	
43.000000	 1.000000	 0.000000	 -0.000000	 0.000000	 -90.000000	 0.311619	 -0.006484	 0.311686	 -1.191958	 0.000000	 0.002356	 0.002356	 90.000000	 0.311619	 -0.006484	 0.311686	 -1.191958	 328455.881913	
42.000000	 1.000000	 0.000000	 -0.000000	 0.000000	 -90.000000	 0.326162	 -0.008506	 0.326273	 -1.493895	 0.000000	 0.002417	 0.002417	 90.000000	 0.326162	 -0.008506	 0.326273	 -1.493895	 328457.311146	
41.000000	 1.000000	 0.000000	 -0.000000	 0.000000	 -90.000000	 0.319633	 -0.000119	 0.319633	 -0.021258	 0.000000	 0.002389	 0.002389	 90.000000	 0.319633	 -0.000119	 0.319633	 -0.021258	 328458.737960	
40.000000	 1.000000	 0.000000	 -0.000000	 0.000000	 -90.000000	 0.325633	 -0.001969	 0.325639	 -0.346404	 0.000000	 0.002426	 0.002426	 90.000000	 0.325367	 -0.002858	 0.325380	 -0.503227	 328460.204809	
39.000000	 1.000000	 0.000000	 -0.000000	 0.000000	 -90.000000	 0.323464	 0.000267	 0.323464	 0.047226	 0.000000	 0.002358	 0.002358	 90.000000	 0.323131	 0.000904	 0.323133	 0.160309	 328461.643172	
38.000000	 1.000000	 0.000000	 -0.000000	 0.000000	 -90.000000	 0.325206	 0.001224	 0.325208	 0.215615	 0.000000	 0.002367	 0.002367	 90.000000	 0.325206	 0.001224	 0.325208	 0.215615	 328463.071969	
37.000000	 1.000000	 0.000000	 -0.000000	 0.000000	 -90.000000	 0.325364	 0.000263	 0.325364	 0.046319	 0.000000	 0.002363	 0.002363	 90.000000	 0.325364	 0.000263	 0.325364	 0.046319	 328464.524923	
36.000000	 1.000000	 0.000000	 -0.000000	 0.000000	 -90.000000	 0.325162	 0.001019	 0.325164	 0.179486	 0.000000	 0.002424	 0.002424	 90.000000	 0.325162	 0.001019	 0.325164	 0.179486	 328465.951441	
35.000000	 1.000000	 0.000000	 -0.000000	 0.000000	 -90.000000	 0.325514	 0.001282	 0.325516	 0.225596	 0.000000	 0.002398	 0.002398	 90.000000	 0.325514	 0.001282	 0.325516	 0.225596	 328467.398718	
34.000000	 1.000000	 0.000000	 -0.000000	 0.000000	 -90.000000	 0.325733	 0.001784	 0.325738	 0.313730	 0.000000	 0.002439	 0.002439	 90.000000	 0.325733	 0.001784	 0.325738	 0.313730	 328468.829449	
33.000000	 1.000000	 0.000000	 -0.000000	 0.000000	 -90.000000	 0.325717	 0.002233	 0.325725	 0.392723	 0.000000	 0.002398	 0.002398	 90.000000	 0.325717	 0.002233	 0.325725	 0.392724	 328470.290456	
32.000000	 1.000000	 0.000000	 -0.000000	 0.000000	 -90.000000	 0.326084	 0.002609	 0.326094	 0.458410	 0.000000	 0.002393	 0.002393	 90.000000	 0.326084	 0.002609	 0.326094	 0.458410	 328471.746788	
31.000000	 1.000000	 0.000000	 -0.000000	 0.000000	 -90.000000	 0.326221	 0.003140	 0.326236	 0.551557	 0.000000	 0.002470	 0.002470	 90.000000	 0.326221	 0.003140	 0.326236	 0.551557	 328473.229552	
30.000000	 1.000000	 0.000000	 -0.000000	 0.000000	 -90.000000	 0.326381	 0.003810	 0.326403	 0.668734	 0.000000	 0.001540	 0.001540	 90.000000	 0.326381	 0.003810	 0.326403	 0.668734	 328474.670882	
29.000000	 1.000000	 0.000000	 -0.000000	 0.000000	 -90.000000	 0.326666	 0.004318	 0.326695	 0.757237	 0.000000	 0.002433	 0.002433	 90.000000	 0.326666	 0.004318	 0.326695	 0.757237	 328476.117431	
28.000000	 1.000000	 0.000000	 -0.000000	 0.000000	 -90.000000	 0.326868	 0.004933	 0.326905	 0.864646	 0.000000	 0.002329	 0.002329	 90.000000	 0.326868	 0.004933	 0.326905	 0.864646	 328477.559298	
27.000000	 1.000000	 0.000000	 -0.000000	 0.000000	 -90.000000	 0.326993	 0.005581	 0.327040	 0.977848	 0.000000	 0.002569	 0.002569	 90.000000	 0.326993	 0.005581	 0.327040	 0.977848	 328478.998949	
26.000000	 1.000000	 0.000000	 -0.000000	 0.000000	 -90.000000	 0.327272	 0.006219	 0.327331	 1.088631	 0.000000	 0.002149	 0.002149	 90.000000	 0.327272	 0.006219	 0.327331	 1.088631	 328480.436033	
25.000000	 1.000000	 0.000000	 -0.000000	 0.000000	 -90.000000	 0.327405	 0.006950	 0.327479	 1.215990	 0.000000	 0.002524	 0.002524	 90.000000	 0.327402	 0.006954	 0.327476	 1.216715	 328481.906945	
24.000000	 1.000000	 0.000000	 -0.000000	 0.000000	 -90.000000	 0.327673	 0.007855	 0.327768	 1.373273	 0.000000	 0.001908	 0.001908	 90.000000	 0.327678	 0.007857	 0.327772	 1.373638	 328483.339380	
23.000000	 1.000000	 0.000000	 -0.000000	 0.000000	 -90.000000	 0.327868	 0.008720	 0.327984	 1.523467	 0.000000	 0.002305	 0.002305	 90.000000	 0.327868	 0.008720	 0.327984	 1.523467	 328484.754637	
22.000000	 1.000000	 0.000000	 -0.000000	 0.000000	 -90.000000	 0.328085	 0.009688	 0.328228	 1.691421	 0.000000	 0.002150	 0.002150	 90.000000	 0.328085	 0.009688	 0.328228	 1.691421	 328486.206638	
21.000000	 1.000000	 0.000000	 -0.000000	 0.000000	 -90.000000	 0.328330	 0.010748	 0.328506	 1.874975	 0.000000	 0.002563	 0.002563	 90.000000	 0.328330	 0.010748	 0.328506	 1.874975	 328487.626349	
20.000000	 1.000000	 0.000000	 -0.000000	 0.000000	 -90.000000	 0.328590	 0.011918	 0.328806	 2.077234	 0.000000	 0.002135	 0.002135	 90.000000	 0.328590	 0.011918	 0.328806	 2.077234	 328489.079992	
19.000000	 1.000000	 0.000000	 -0.000000	 0.000000	 -90.000000	 0.328735	 0.013298	 0.329004	 2.316542	 0.000000	 0.002087	 0.002087	 90.000000	 0.328735	 0.013298	 0.329004	 2.316542	 328490.508232	
18.000000	 1.000000	 0.000000	 -0.000000	 0.000000	 -90.000000	 0.328923	 0.014692	 0.329251	 2.557530	 0.000000	 0.002268	 0.002268	 90.000000	 0.328923	 0.014692	 0.329251	 2.557530	 328491.969013	
17.000000	 1.000000	 0.000000	 -0.000000	 0.000000	 -90.000000	 0.328948	 0.016365	 0.329355	 2.848133	 0.000000	 0.002147	 0.002147	 90.000000	 0.328948	 0.016365	 0.329355	 2.848133	 328493.410290	
16.000000	 1.000000	 0.000000	 -0.000000	 0.000000	 -90.000000	 0.329098	 0.018147	 0.329598	 3.156249	 0.000000	 0.002625	 0.002625	 90.000000	 0.329099	 0.018148	 0.329599	 3.156306	 328494.842139	
15.000000	 1.000000	 0.000000	 -0.000000	 0.000000	 -90.000000	 0.329252	 0.020331	 0.329879	 3.533542	 0.000000	 0.002242	 0.002242	 90.000000	 0.329252	 0.020331	 0.329879	 3.533542	 328496.275250	
14.000000	 1.000000	 0.000000	 -0.000000	 0.000000	 -90.000000	 0.329149	 0.022624	 0.329925	 3.932059	 0.000000	 0.002390	 0.002390	 90.000000	 0.329149	 0.022624	 0.329925	 3.932059	 328497.777337	
13.000000	 1.000000	 0.000000	 -0.000000	 0.000000	 -90.000000	 0.329067	 0.025273	 0.330036	 4.391872	 0.000000	 -0.000871	 0.000871	 -90.000000	 0.329067	 0.025273	 0.330036	 4.391872	 328499.178846	
12.000000	 1.000000	 0.000000	 -0.000000	 0.000000	 -90.000000	 0.328754	 0.028409	 0.329979	 4.938934	 0.000000	 0.002730	 0.002730	 90.000000	 0.328754	 0.028409	 0.329979	 4.938934	 328500.647812	
11.000000	 1.000000	 0.000000	 -0.000000	 0.000000	 -90.000000	 0.328351	 0.032027	 0.329909	 5.571028	 0.000000	 0.022239	 0.022239	 90.000000	 0.328351	 0.032027	 0.329909	 5.571028	 328502.102404	
10.000000	 1.000000	 0.000000	 -0.000000	 0.000000	 -90.000000	 0.327644	 0.036419	 0.329661	 6.342599	 0.000000	 0.019054	 0.019054	 90.000000	 0.327644	 0.036419	 0.329661	 6.342599	 328503.541292	
9.000000	 1.000000	 0.000000	 -0.000000	 0.000000	 -90.000000	 0.326123	 0.041510	 0.328754	 7.253859	 0.000000	 0.053476	 0.053476	 90.000000	 0.326123	 0.041510	 0.328754	 7.253859	 328504.983415	
8.000000	 1.000000	 0.000000	 -0.000000	 0.000000	 -90.000000	 0.324512	 0.047941	 0.328034	 8.403645	 0.000000	 0.059346	 0.059346	 90.000000	 0.324473	 0.047657	 0.327954	 8.355544	 328506.437697	
7.000000	 1.000000	 0.000000	 -0.000000	 0.000000	 -90.000000	 0.319014	 0.054176	 0.323581	 9.638235	 0.000000	 0.116056	 0.116056	 90.000000	 0.319014	 0.054176	 0.323581	 9.638235	 328507.878023	
6.000000	 1.000000	 0.000000	 -0.000000	 0.000000	 -90.000000	 0.320029	 0.063690	 0.326305	 11.255482	 0.000000	 0.157111	 0.157111	 90.000000	 0.320029	 0.063690	 0.326305	 11.255482	 328509.309482	
5.000000	 1.000000	 0.000000	 -0.000000	 0.000000	 -90.000000	 0.312095	 0.070665	 0.319995	 12.757831	 0.000000	 -0.217652	 0.217652	 -90.000000	 0.312095	 0.070665	 0.319995	 12.757831	 328510.778748	
4.000000	 1.000000	 0.000000	 -0.000000	 0.000000	 -90.000000	 0.316676	 0.072525	 0.324875	 12.899358	 0.000000	 -0.308777	 0.308777	 -90.000000	 0.316676	 0.072525	 0.324875	 12.899358	 328512.213317	
3.000000	 1.000000	 0.000000	 -0.000000	 0.000000	 -90.000000	 0.283390	 0.029858	 0.284959	 6.014579	 0.000000	 0.300593	 0.300593	 90.000000	 0.283390	 0.029858	 0.284959	 6.014579	 328513.673905	
2.000000	 1.000000	 0.000000	 -0.000000	 0.000000	 -90.000000	 0.105177	 0.171523	 0.201203	 58.483607	 0.000000	 -0.161262	 0.161262	 -90.000000	 0.105177	 0.171523	 0.201203	 58.483607	 328515.130969	
1.000000	 1.000000	 0.000000	 -0.000000	 0.000000	 -90.000000	 0.213838	 0.261818	 0.338046	 50.760086	 0.000000	 0.351680	 0.351680	 90.000000	 0.213838	 0.261818	 0.338046	 50.760086	 328516.553131	
