# Oscilator_frequency (Hz)	DemodAll_A (-)	Demod_1_X_A (A)	Demod_1_Y_A (A)	Demod_1__R_A (A)	Demod_1__Theta_A (deg)	Demod_2_X_A (A)	Demod_2_Y_A (A)	Demod_2__R_A (A)	Demod_2__Theta_A (deg)	Demod_3_X_A (V)	Demod_3_Y_A (V)	Demod_3__R_A (V)	Demod_3__Theta_A (deg)	Demod_4_X_A (V)	Demod_4_Y_A (V)	Demod_4__R_A (V)	Demod_4__Theta_A (deg)	Timer_GET (s)
1.0	1.0	0.0	0.0	0.0	-90.0	0.673526	-0.284836	0.731279	-22.923641	0.0	-0.761923	0.761923	-90.0	0.673526	-0.284836	0.731279	-22.923641	339295.041077
2.0	1.0	0.0	0.0	0.0	-90.0	0.648502	0.391403	0.757464	31.113077	0.0	0.809994	0.809994	90.0	0.648502	0.391403	0.757464	31.113077	339293.608309
3.0	1.0	0.0	0.0	0.0	-90.0	0.473974	0.226712	0.525404	25.562769	0.0	0.340832	0.340832	90.0	0.473974	0.226712	0.525404	25.562769	339292.177829
4.0	1.0	0.0	0.0	0.0	-90.0	0.532669	0.099231	0.541833	10.552712	0.0	-0.353433	0.353433	-90.0	0.532669	0.099231	0.541833	10.552712	339290.753395
5.0	1.0	0.0	0.0	0.0	-90.0	0.539572	0.030965	0.54046	3.284447	0.0	-0.366375	0.366375	-90.0	0.539572	0.030965	0.54046	3.284447	339289.322849
6.0	1.0	0.0	0.0	0.0	-90.0	0.516972	0.029067	0.517788	3.21808	0.0	0.231932	0.231932	90.0	0.516972	0.029067	0.517788	3.21808	339287.887728
7.0	1.0	0.0	0.0	0.0	-90.0	0.518985	0.012972	0.519147	1.431812	0.0	-0.146315	0.146315	-90.0	0.518985	0.012972	0.519147	1.431812	339286.489206
8.0	1.0	0.0	0.0	0.0	-90.0	0.514559	0.008795	0.514635	0.979215	0.0	0.092552	0.092552	90.0	0.514559	0.008795	0.514635	0.979215	339285.032304
9.0	1.0	0.0	0.0	0.0	-90.0	0.510069	0.000114	0.510069	0.012754	0.0	-0.006983	0.006983	-90.0	0.510069	0.000114	0.510069	0.012754	339283.589648
10.0	1.0	0.0	0.0	0.0	-90.0	0.507559	-0.005043	0.507584	-0.569204	0.0	0.031321	0.031321	90.0	0.507589	-0.00503	0.507614	-0.567771	339282.129226
11.0	1.0	0.0	0.0	0.0	-90.0	0.503025	-0.010308	0.503131	-1.173951	0.0	-4.6e-05	4.6e-05	-90.0	0.502875	-0.010235	0.502979	-1.166016	339280.685097
12.0	1.0	0.0	0.0	0.0	-90.0	0.499311	-0.014681	0.499526	-1.684174	0.0	0.000641	0.000641	90.0	0.499217	-0.014657	0.499432	-1.681706	339279.231073
13.0	1.0	0.0	0.0	0.0	-90.0	0.495938	-0.017862	0.49626	-2.062747	0.0	0.009846	0.009846	90.0	0.495938	-0.017862	0.49626	-2.062747	339277.814393
14.0	1.0	0.0	0.0	0.0	-90.0	0.493147	-0.020124	0.493557	-2.336782	0.0	0.001261	0.001261	90.0	0.493147	-0.020124	0.493557	-2.336782	339276.393847
15.0	1.0	0.0	0.0	0.0	-90.0	0.490555	-0.022513	0.491072	-2.627672	0.0	0.001047	0.001047	90.0	0.490555	-0.022513	0.491072	-2.627672	339274.945492
16.0	1.0	0.0	0.0	0.0	-90.0	0.486581	-0.024456	0.487195	-2.87737	0.0	0.002441	0.002441	90.0	0.486581	-0.024456	0.487195	-2.877371	339273.502
17.0	1.0	0.0	0.0	0.0	-90.0	0.484247	-0.025306	0.484908	-2.991495	0.0	0.002193	0.002193	90.0	0.484247	-0.025306	0.484908	-2.991495	339272.038498
18.0	1.0	0.0	0.0	0.0	-90.0	0.482128	-0.027571	0.482916	-3.273003	0.0	0.002101	0.002101	90.0	0.482128	-0.027571	0.482916	-3.273003	339270.593537
19.0	1.0	0.0	0.0	0.0	-90.0	0.480568	-0.029059	0.481446	-3.460362	0.0	0.001776	0.001776	90.0	0.480568	-0.029059	0.481446	-3.460362	339269.161466
20.0	1.0	0.0	0.0	0.0	-90.0	0.478319	-0.030036	0.479261	-3.593125	0.0	0.002162	0.002162	90.0	0.478319	-0.030036	0.479261	-3.593125	339267.731517
21.0	1.0	0.0	0.0	0.0	-90.0	0.476375	-0.030987	0.477382	-3.721704	0.0	0.00207	0.00207	90.0	0.476375	-0.030987	0.477382	-3.721704	339266.288684
22.0	1.0	0.0	0.0	0.0	-90.0	0.474739	-0.031697	0.475796	-3.819836	0.0	0.001806	0.001806	90.0	0.474739	-0.031697	0.475796	-3.819836	339264.853563
23.0	1.0	0.0	0.0	0.0	-90.0	0.473155	-0.032745	0.474286	-3.958852	0.0	0.002925	0.002925	90.0	0.473155	-0.032745	0.474286	-3.958852	339263.407114
24.0	1.0	0.0	0.0	0.0	-90.0	0.470265	-0.033704	0.471471	-4.099339	0.0	0.005439	0.005439	90.0	0.470265	-0.033704	0.471471	-4.099339	339261.974709
25.0	1.0	0.0	0.0	0.0	-90.0	0.472059	-0.033908	0.473275	-4.108471	0.0	0.001627	0.001627	90.0	0.472064	-0.033907	0.47328	-4.108278	339260.497767
26.0	1.0	0.0	0.0	0.0	-90.0	0.46682	-0.034618	0.468101	-4.241155	0.0	0.005016	0.005016	90.0	0.46682	-0.034618	0.468101	-4.241155	339259.083524
27.0	1.0	0.0	0.0	0.0	-90.0	0.467558	-0.035759	0.468923	-4.373462	0.0	0.001631	0.001631	90.0	0.467558	-0.035759	0.468923	-4.373462	339257.624396
28.0	1.0	0.0	0.0	0.0	-90.0	0.465397	-0.035328	0.466736	-4.340958	0.0	0.00225	0.00225	90.0	0.465397	-0.035328	0.466736	-4.340958	339256.194391
29.0	1.0	0.0	0.0	0.0	-90.0	0.464135	-0.035962	0.465527	-4.430567	0.0	0.002545	0.002545	90.0	0.464135	-0.035962	0.465527	-4.430567	339254.716478
30.0	1.0	0.0	0.0	0.0	-90.0	0.462949	-0.036218	0.464364	-4.473274	0.0	0.002414	0.002414	90.0	0.462949	-0.036218	0.464364	-4.473274	339253.258513
31.0	1.0	0.0	0.0	0.0	-90.0	0.461885	-0.036548	0.463328	-4.524279	0.0	0.002339	0.002339	90.0	0.461885	-0.036548	0.463328	-4.524279	339251.833889
32.0	1.0	0.0	0.0	0.0	-90.0	0.460912	-0.036831	0.462381	-4.568686	0.0	0.002519	0.002519	90.0	0.460912	-0.036831	0.462381	-4.568686	339250.395378
33.0	1.0	0.0	0.0	0.0	-90.0	0.45957	-0.03725	0.461077	-4.633881	0.0	0.002503	0.002503	90.0	0.45957	-0.03725	0.461077	-4.633881	339248.978558
34.0	1.0	0.0	0.0	0.0	-90.0	0.458526	-0.037551	0.460061	-4.681807	0.0	0.002574	0.002574	90.0	0.458526	-0.037551	0.460061	-4.681807	339247.538703
35.0	1.0	0.0	0.0	0.0	-90.0	0.457757	-0.03769	0.459306	-4.706844	0.0	0.002436	0.002436	90.0	0.457757	-0.03769	0.459306	-4.706844	339246.108178
36.0	1.0	0.0	0.0	0.0	-90.0	0.456739	-0.037919	0.458311	-4.745864	0.0	0.002455	0.002455	90.0	0.456739	-0.037919	0.458311	-4.745864	339244.661588
37.0	1.0	0.0	0.0	0.0	-90.0	0.455398	-0.038214	0.456999	-4.796589	0.0	0.002457	0.002457	90.0	0.455114	-0.037727	0.456675	-4.738728	339243.214166
38.0	1.0	0.0	0.0	0.0	-90.0	0.45361	-0.038898	0.455275	-4.901273	0.0	0.002465	0.002465	90.0	0.45361	-0.038898	0.455275	-4.901273	339241.759847
39.0	1.0	0.0	0.0	0.0	-90.0	0.456766	-0.038641	0.458398	-4.835576	0.0	0.002463	0.002463	90.0	0.456766	-0.038641	0.458398	-4.835576	339240.292853
40.0	1.0	0.0	0.0	0.0	-90.0	0.45019	-0.039213	0.451895	-4.978117	0.0	0.002469	0.002469	90.0	0.45019	-0.039213	0.451895	-4.978117	339238.859731
41.0	1.0	0.0	0.0	0.0	-90.0	0.454503	-0.034752	0.455829	-4.372452	0.0	0.002313	0.002313	90.0	0.454503	-0.034752	0.455829	-4.372453	339237.404471
42.0	1.0	0.0	0.0	0.0	-90.0	0.443705	-0.03124	0.444803	-4.02733	0.0	0.002349	0.002349	90.0	0.443705	-0.03124	0.444803	-4.02733	339235.965502
43.0	1.0	0.0	0.0	0.0	-90.0	0.454198	-0.027697	0.455042	-3.489563	0.0	0.002043	0.002043	90.0	0.45696	-0.027126	0.457764	-3.397236	339234.536625
44.0	1.0	0.0	0.0	0.0	-90.0	0.444366	-0.018102	0.444734	-2.332737	0.0	0.002095	0.002095	90.0	0.444366	-0.018102	0.444734	-2.332737	339233.106458
45.0	1.0	0.0	0.0	0.0	-90.0	0.426725	-0.065872	0.431779	-8.775277	0.0	0.003729	0.003729	90.0	0.426725	-0.065872	0.431779	-8.775277	339231.653654
46.0	1.0	0.0	0.0	0.0	-90.0	0.43765	-0.082516	0.44536	-10.677384	0.0	0.003643	0.003643	90.0	0.43765	-0.082516	0.44536	-10.677384	339230.202986
47.0	1.0	0.0	0.0	0.0	-90.0	0.494464	-0.000825	0.494465	-0.095616	0.0	0.000401	0.000401	90.0	0.494464	-0.000825	0.494465	-0.095616	339228.760291
48.0	1.0	0.0	0.0	0.0	-90.0	0.520582	-0.062206	0.524285	-6.814195	0.0	-0.000268	0.000268	-90.0	0.520582	-0.062206	0.524285	-6.814195	339227.292608
49.0	1.0	0.0	0.0	0.0	-90.0	0.424091	0.042471	0.426212	5.718852	0.0	0.004525	0.004525	90.0	0.427568	0.043549	0.42978	5.815675	339225.869927
50.0	1.0	0.0	0.0	0.0	-90.0	0.530712	-0.006267	0.530749	-0.676552	0.0	0.002729	0.002729	90.0	0.530712	-0.006267	0.530749	-0.676552	339224.427837
51.0	1.0	0.0	0.0	0.0	-90.0	0.441099	0.046823	0.443577	6.059364	0.0	0.001037	0.001037	90.0	0.441099	0.046823	0.443577	6.059364	339222.987818
52.0	1.0	0.0	0.0	0.0	-90.0	0.500263	-0.093736	0.508969	-10.612599	0.0	0.000415	0.000415	90.0	0.500263	-0.093736	0.508969	-10.612599	339221.569744
53.0	1.0	0.0	0.0	0.0	-90.0	0.506255	-0.046955	0.508427	-5.299062	0.0	-0.000195	0.000195	-90.0	0.506255	-0.046955	0.508427	-5.299062	339220.102356
54.0	1.0	0.0	0.0	0.0	-90.0	0.406701	-0.010165	0.406828	-1.43169	0.0	0.004573	0.004573	90.0	0.406701	-0.010165	0.406828	-1.43169	339218.693438
55.0	1.0	0.0	0.0	0.0	-90.0	0.43868	-0.006737	0.438731	-0.879901	0.0	0.003406	0.003406	90.0	0.43868	-0.006737	0.438731	-0.879901	339217.272575
56.0	1.0	0.0	0.0	0.0	-90.0	0.432842	-0.058248	0.436744	-7.664321	0.0	0.002452	0.002452	90.0	0.432842	-0.058248	0.436744	-7.664321	339215.830347
57.0	1.0	0.0	0.0	0.0	-90.0	0.428632	-0.047551	0.431261	-6.330294	0.0	0.002583	0.002583	90.0	0.429473	-0.050767	0.432463	-6.741489	339214.375939
58.0	1.0	0.0	0.0	0.0	-90.0	0.440989	-0.047518	0.443542	-6.150076	0.0	0.002272	0.002272	90.0	0.443033	-0.048814	0.445714	-6.287551	339212.938139
59.0	1.0	0.0	0.0	0.0	-90.0	0.437195	-0.035999	0.438675	-4.707147	0.0	0.002688	0.002688	90.0	0.437195	-0.035999	0.438675	-4.707147	339211.511157
60.0	1.0	0.0	0.0	0.0	-90.0	0.4387	-0.040355	0.440553	-5.255734	0.0	0.002564	0.002564	90.0	0.4387	-0.040355	0.440553	-5.255734	339210.077155
61.0	1.0	0.0	0.0	0.0	-90.0	0.44115	-0.038845	0.442857	-5.032187	0.0	0.002605	0.002605	90.0	0.441393	-0.038147	0.443039	-4.939446	339208.625239
62.0	1.0	0.0	0.0	0.0	-90.0	0.438661	-0.038713	0.440366	-5.043502	0.0	0.002603	0.002603	90.0	0.438661	-0.038713	0.440366	-5.043502	339207.169283
63.0	1.0	0.0	0.0	0.0	-90.0	0.438919	-0.039249	0.44067	-5.109898	0.0	0.002572	0.002572	90.0	0.438919	-0.039249	0.44067	-5.109898	339205.745515
64.0	1.0	0.0	0.0	0.0	-90.0	0.439027	-0.039378	0.44079	-5.125298	0.0	0.002605	0.002605	90.0	0.439027	-0.039378	0.44079	-5.125298	339204.329978
65.0	1.0	0.0	0.0	0.0	-90.0	0.438435	-0.03933	0.440196	-5.125968	0.0	0.002615	0.002615	90.0	0.438435	-0.03933	0.440196	-5.125968	339202.884651
66.0	1.0	0.0	0.0	0.0	-90.0	0.437965	-0.039322	0.439726	-5.130511	0.0	0.002635	0.002635	90.0	0.437965	-0.039322	0.439726	-5.130511	339201.460279
67.0	1.0	0.0	0.0	0.0	-90.0	0.437513	-0.039356	0.43928	-5.140135	0.0	0.002609	0.002609	90.0	0.437513	-0.039356	0.43928	-5.140135	339200.004574
68.0	1.0	0.0	0.0	0.0	-90.0	0.437113	-0.039248	0.438872	-5.130718	0.0	0.00263	0.00263	90.0	0.437113	-0.039248	0.438872	-5.130718	339198.563381
69.0	1.0	0.0	0.0	0.0	-90.0	0.436568	-0.039132	0.438319	-5.122032	0.0	0.00262	0.00262	90.0	0.436568	-0.039132	0.438319	-5.122032	339197.110108
70.0	1.0	0.0	0.0	0.0	-90.0	0.436289	-0.03913	0.43804	-5.125082	0.0	0.002615	0.002615	90.0	0.436289	-0.03913	0.43804	-5.125082	339195.653745
71.0	1.0	0.0	0.0	0.0	-90.0	0.435942	-0.039076	0.43769	-5.122079	0.0	0.002594	0.002594	90.0	0.435944	-0.039068	0.437691	-5.121055	339194.208915
72.0	1.0	0.0	0.0	0.0	-90.0	0.435361	-0.039315	0.437132	-5.160112	0.0	0.002629	0.002629	90.0	0.435361	-0.039315	0.437132	-5.160112	339192.777324
73.0	1.0	0.0	0.0	0.0	-90.0	0.435375	-0.039164	0.437133	-5.140121	0.0	0.002665	0.002665	90.0	0.435375	-0.039164	0.437133	-5.140121	339191.360419
74.0	1.0	0.0	0.0	0.0	-90.0	0.434702	-0.039214	0.436467	-5.154621	0.0	0.00256	0.00256	90.0	0.434702	-0.039214	0.436467	-5.154621	339189.94276
75.0	1.0	0.0	0.0	0.0	-90.0	0.434374	-0.039147	0.436134	-5.149773	0.0	0.00266	0.00266	90.0	0.434374	-0.039147	0.436134	-5.149773	339188.493163
76.0	1.0	0.0	0.0	0.0	-90.0	0.433925	-0.038814	0.435658	-5.111442	0.0	0.002585	0.002585	90.0	0.433925	-0.038814	0.435658	-5.111442	339187.057466
77.0	1.0	0.0	0.0	0.0	-90.0	0.433485	-0.038845	0.435222	-5.120634	0.0	0.002609	0.002609	90.0	0.433485	-0.038845	0.435222	-5.120634	339185.634453
78.0	1.0	0.0	0.0	0.0	-90.0	0.433166	-0.038915	0.434911	-5.133647	0.0	0.002688	0.002688	90.0	0.433166	-0.038915	0.434911	-5.133647	339184.184155
79.0	1.0	0.0	0.0	0.0	-90.0	0.432858	-0.038914	0.434604	-5.137093	0.0	0.00269	0.00269	90.0	0.432858	-0.038914	0.434604	-5.137093	339182.734839
80.0	1.0	0.0	0.0	0.0	-90.0	0.432608	-0.038794	0.434344	-5.124279	0.0	0.002676	0.002676	90.0	0.432608	-0.038794	0.434344	-5.124279	339181.321491
81.0	1.0	0.0	0.0	0.0	-90.0	0.432265	-0.038923	0.434014	-5.145274	0.0	0.002685	0.002685	90.0	0.432269	-0.038924	0.434018	-5.145401	339179.90032
82.0	1.0	0.0	0.0	0.0	-90.0	0.431966	-0.038763	0.433702	-5.12778	0.0	0.002673	0.002673	90.0	0.431966	-0.038763	0.433702	-5.12778	339178.484238
83.0	1.0	0.0	0.0	0.0	-90.0	0.431551	-0.03866	0.433279	-5.11916	0.0	0.00267	0.00267	90.0	0.431551	-0.03866	0.433279	-5.11916	339177.017168
84.0	1.0	0.0	0.0	0.0	-90.0	0.431406	-0.038669	0.433136	-5.122039	0.0	0.002674	0.002674	90.0	0.431406	-0.038669	0.433136	-5.122039	339175.566708
85.0	1.0	0.0	0.0	0.0	-90.0	0.431019	-0.038668	0.43275	-5.126434	0.0	0.002653	0.002653	90.0	0.431019	-0.038668	0.43275	-5.126434	339174.131494
86.0	1.0	0.0	0.0	0.0	-90.0	0.430704	-0.038601	0.43243	-5.121296	0.0	0.002685	0.002685	90.0	0.430704	-0.038604	0.432431	-5.121716	339172.657733
87.0	1.0	0.0	0.0	0.0	-90.0	0.4304	-0.038577	0.432126	-5.121793	0.0	0.002671	0.002671	90.0	0.4304	-0.038577	0.432126	-5.121793	339171.232574
88.0	1.0	0.0	0.0	0.0	-90.0	0.430082	-0.03848	0.4318	-5.112753	0.0	0.002715	0.002715	90.0	0.430082	-0.03848	0.4318	-5.112753	339169.73585
89.0	1.0	0.0	0.0	0.0	-90.0	0.429783	-0.038427	0.431498	-5.109302	0.0	0.002714	0.002714	90.0	0.429784	-0.038427	0.431498	-5.109302	339168.312577
90.0	1.0	0.0	0.0	0.0	-90.0	0.429515	-0.038403	0.431228	-5.109254	0.0	0.002723	0.002723	90.0	0.429515	-0.038403	0.431228	-5.109254	339166.848355
91.0	1.0	0.0	0.0	0.0	-90.0	0.4292	-0.038322	0.430907	-5.102227	0.0	0.00269	0.00269	90.0	0.429204	-0.038322	0.430911	-5.10214	339165.405047
92.0	1.0	0.0	0.0	0.0	-90.0	0.428921	-0.038264	0.430624	-5.097832	0.0	0.00265	0.00265	90.0	0.428921	-0.038264	0.430624	-5.097832	339163.978013
93.0	1.0	0.0	0.0	0.0	-90.0	0.428693	-0.038271	0.430398	-5.101445	0.0	0.002693	0.002693	90.0	0.428693	-0.038271	0.430398	-5.101445	339162.534297
94.0	1.0	0.0	0.0	0.0	-90.0	0.42846	-0.038208	0.43016	-5.095869	0.0	0.002781	0.002781	90.0	0.428462	-0.038219	0.430164	-5.09725	339161.083106
95.0	1.0	0.0	0.0	0.0	-90.0	0.428128	-0.038053	0.429816	-5.079172	0.0	0.002616	0.002616	90.0	0.428128	-0.038053	0.429816	-5.079172	339159.611201
96.0	1.0	0.0	0.0	0.0	-90.0	0.427856	-0.03795	0.429536	-5.068781	0.0	0.002565	0.002565	90.0	0.427856	-0.03795	0.429536	-5.068781	339158.186662
97.0	1.0	0.0	0.0	0.0	-90.0	0.427581	-0.038184	0.429282	-5.103094	0.0	0.002777	0.002777	90.0	0.427581	-0.038184	0.429282	-5.103094	339156.731155
98.0	1.0	0.0	0.0	0.0	-90.0	0.427176	-0.037979	0.428861	-5.080642	0.0	0.002325	0.002325	90.0	0.427173	-0.037964	0.428856	-5.078739	339155.283469
99.0	1.0	0.0	0.0	0.0	-90.0	0.427107	-0.038107	0.428804	-5.098518	0.0	0.003293	0.003293	90.0	0.427107	-0.038107	0.428804	-5.098518	339153.805322
100.0	1.0	0.0	0.0	0.0	-90.0	0.426636	-0.037926	0.428319	-5.080002	0.0	0.002703	0.002703	90.0	0.426636	-0.037926	0.428319	-5.080002	339152.36201
101.0	1.0	0.0	0.0	0.0	-90.0	0.42652	-0.03794	0.428204	-5.083245	0.0	0.002971	0.002971	90.0	0.42652	-0.03794	0.428204	-5.083245	339150.887431
102.0	1.0	0.0	0.0	0.0	-90.0	0.426202	-0.037621	0.427859	-5.044474	0.0	0.002297	0.002297	90.0	0.426202	-0.037621	0.427859	-5.044474	339149.468719
103.0	1.0	0.0	0.0	0.0	-90.0	0.425915	-0.037661	0.427576	-5.053168	0.0	0.002663	0.002663	90.0	0.425913	-0.037673	0.427576	-5.054777	339147.996668
104.0	1.0	0.0	0.0	0.0	-90.0	0.425956	-0.037566	0.427609	-5.040047	0.0	0.002583	0.002583	90.0	0.425956	-0.037566	0.427609	-5.040047	339146.548103
105.0	1.0	0.0	0.0	0.0	-90.0	0.425674	-0.037476	0.42732	-5.031348	0.0	0.002627	0.002627	90.0	0.425674	-0.037476	0.42732	-5.031348	339145.0805
106.0	1.0	0.0	0.0	0.0	-90.0	0.425383	-0.037465	0.42703	-5.033194	0.0	0.002848	0.002848	90.0	0.425383	-0.037465	0.42703	-5.033194	339143.6594
107.0	1.0	0.0	0.0	0.0	-90.0	0.425198	-0.037391	0.426838	-5.025556	0.0	0.002778	0.002778	90.0	0.425198	-0.037391	0.426838	-5.025556	339142.212653
108.0	1.0	0.0	0.0	0.0	-90.0	0.424985	-0.037388	0.426627	-5.027619	0.0	0.00284	0.00284	90.0	0.424985	-0.037388	0.426627	-5.027619	339140.741222
109.0	1.0	0.0	0.0	0.0	-90.0	0.424735	-0.037334	0.426373	-5.023387	0.0	0.002826	0.002826	90.0	0.424735	-0.037334	0.426373	-5.023387	339139.297559
110.0	1.0	0.0	0.0	0.0	-90.0	0.424511	-0.037237	0.426141	-5.012957	0.0	0.002847	0.002847	90.0	0.424515	-0.037239	0.426146	-5.013253	339137.867957
111.0	1.0	0.0	0.0	0.0	-90.0	0.424239	-0.037167	0.425864	-5.006783	0.0	0.002847	0.002847	90.0	0.424239	-0.037167	0.425864	-5.006783	339136.416261
112.0	1.0	0.0	0.0	0.0	-90.0	0.424057	-0.037129	0.425679	-5.003799	0.0	0.002884	0.002884	90.0	0.424062	-0.037129	0.425684	-5.003781	339135.004675
113.0	1.0	0.0	0.0	0.0	-90.0	0.423873	-0.037073	0.425491	-4.998479	0.0	0.002877	0.002877	90.0	0.423873	-0.037073	0.425491	-4.998479	339133.568436
114.0	1.0	0.0	0.0	0.0	-90.0	0.42366	-0.037015	0.425274	-4.993201	0.0	0.002854	0.002854	90.0	0.42366	-0.037015	0.425274	-4.993201	339132.122684
115.0	1.0	0.0	0.0	0.0	-90.0	0.423399	-0.036868	0.425001	-4.976478	0.0	0.002911	0.002911	90.0	0.423399	-0.036867	0.425001	-4.976478	339130.664074
116.0	1.0	0.0	0.0	0.0	-90.0	0.423208	-0.036904	0.424814	-4.983604	0.0	0.002919	0.002919	90.0	0.423208	-0.036904	0.424814	-4.983604	339129.227542
117.0	1.0	0.0	0.0	0.0	-90.0	0.423043	-0.036802	0.424641	-4.971894	0.0	0.002955	0.002955	90.0	0.423043	-0.036802	0.424641	-4.971894	339127.787068
118.0	1.0	0.0	0.0	0.0	-90.0	0.422754	-0.036809	0.424353	-4.976144	0.0	0.002897	0.002897	90.0	0.422754	-0.036809	0.424353	-4.976144	339126.344865
119.0	1.0	0.0	0.0	0.0	-90.0	0.422596	-0.036638	0.424181	-4.955014	0.0	0.002928	0.002928	90.0	0.422593	-0.036637	0.424178	-4.95487	339124.905721
120.0	1.0	0.0	0.0	0.0	-90.0	0.422365	-0.036575	0.423946	-4.949238	0.0	0.00295	0.00295	90.0	0.422365	-0.036577	0.423946	-4.94947	339123.483512
121.0	1.0	0.0	0.0	0.0	-90.0	0.42224	-0.036575	0.423821	-4.950663	0.0	0.002921	0.002921	90.0	0.42224	-0.036575	0.423821	-4.950663	339122.038205
122.0	1.0	0.0	0.0	0.0	-90.0	0.422001	-0.036454	0.423573	-4.937175	0.0	0.002977	0.002977	90.0	0.422001	-0.036454	0.423573	-4.937175	339120.581766
123.0	1.0	0.0	0.0	0.0	-90.0	0.421789	-0.036405	0.423357	-4.933043	0.0	0.00297	0.00297	90.0	0.421789	-0.036405	0.423357	-4.933044	339119.148697
124.0	1.0	0.0	0.0	0.0	-90.0	0.42158	-0.036416	0.42315	-4.936942	0.0	0.002927	0.002927	90.0	0.42158	-0.036413	0.423149	-4.936523	339117.690502
125.0	1.0	0.0	0.0	0.0	-90.0	0.421464	-0.036325	0.423026	-4.926025	0.0	0.002974	0.002974	90.0	0.421464	-0.036325	0.423026	-4.926025	339116.252961
126.0	1.0	0.0	0.0	0.0	-90.0	0.421187	-0.036315	0.42275	-4.927882	0.0	0.003026	0.003026	90.0	0.421187	-0.036315	0.42275	-4.927882	339114.811725
127.0	1.0	0.0	0.0	0.0	-90.0	0.420992	-0.036184	0.422544	-4.912413	0.0	0.003031	0.003031	90.0	0.42099	-0.036183	0.422542	-4.912336	339113.392945
128.0	1.0	0.0	0.0	0.0	-90.0	0.420884	-0.036121	0.422431	-4.905205	0.0	0.003041	0.003041	90.0	0.420883	-0.036119	0.42243	-4.904887	339111.952738
129.0	1.0	0.0	0.0	0.0	-90.0	0.420661	-0.035985	0.422198	-4.889382	0.0	0.003032	0.003032	90.0	0.420661	-0.035985	0.422198	-4.889382	339110.51228
130.0	1.0	0.0	0.0	0.0	-90.0	0.420496	-0.035938	0.422029	-4.884959	0.0	0.00303	0.00303	90.0	0.420496	-0.035938	0.422029	-4.884959	339109.030591
131.0	1.0	0.0	0.0	0.0	-90.0	0.420286	-0.035874	0.421814	-4.878712	0.0	0.002998	0.002998	90.0	0.420286	-0.035874	0.421814	-4.878712	339107.590879
132.0	1.0	0.0	0.0	0.0	-90.0	0.420137	-0.035884	0.421667	-4.881839	0.0	0.002961	0.002961	90.0	0.420137	-0.035884	0.421667	-4.881839	339106.145567
133.0	1.0	0.0	0.0	0.0	-90.0	0.419981	-0.035782	0.421502	-4.869795	0.0	0.003137	0.003137	90.0	0.419981	-0.035782	0.421502	-4.869795	339104.73156
134.0	1.0	0.0	0.0	0.0	-90.0	0.419755	-0.035761	0.421275	-4.869526	0.0	0.003111	0.003111	90.0	0.419755	-0.035761	0.421275	-4.869526	339103.289577
135.0	1.0	0.0	0.0	0.0	-90.0	0.419636	-0.035658	0.421149	-4.856914	0.0	0.003115	0.003115	90.0	0.419636	-0.035658	0.421149	-4.856914	339101.83586
136.0	1.0	0.0	0.0	0.0	-90.0	0.419412	-0.035552	0.420917	-4.845212	0.0	0.003162	0.003162	90.0	0.419412	-0.035552	0.420917	-4.845212	339100.37364
137.0	1.0	0.0	0.0	0.0	-90.0	0.419243	-0.035521	0.420745	-4.842869	0.0	0.003155	0.003155	90.0	0.419243	-0.035521	0.420745	-4.842869	339098.923642
138.0	1.0	0.0	0.0	0.0	-90.0	0.41909	-0.035483	0.420589	-4.839519	0.0	0.003233	0.003233	90.0	0.41909	-0.035483	0.420589	-4.839519	339097.470771
139.0	1.0	0.0	0.0	0.0	-90.0	0.418886	-0.035419	0.42038	-4.833193	0.0	0.003222	0.003222	90.0	0.418872	-0.03542	0.420367	-4.833501	339096.026684
140.0	1.0	0.0	0.0	0.0	-90.0	0.418791	-0.035387	0.420284	-4.829888	0.0	0.003226	0.003226	90.0	0.418791	-0.035387	0.420284	-4.829888	339094.588444
141.0	1.0	0.0	0.0	0.0	-90.0	0.418525	-0.035239	0.420006	-4.812903	0.0	0.003231	0.003231	90.0	0.418506	-0.035223	0.419986	-4.810845	339093.116012
142.0	1.0	0.0	0.0	0.0	-90.0	0.418475	-0.035333	0.419964	-4.826185	0.0	0.00324	0.00324	90.0	0.418475	-0.035333	0.419964	-4.826185	339091.67978
143.0	1.0	0.0	0.0	0.0	-90.0	0.41803	-0.035034	0.419496	-4.790634	0.0	0.003275	0.003275	90.0	0.41803	-0.035034	0.419496	-4.790634	339090.227118
144.0	1.0	0.0	0.0	0.0	-90.0	0.417765	-0.035296	0.419253	-4.829264	0.0	0.003314	0.003314	90.0	0.417765	-0.035296	0.419253	-4.829264	339088.790951
145.0	1.0	0.0	0.0	0.0	-90.0	0.41802	-0.034447	0.419437	-4.710773	0.0	0.00333	0.00333	90.0	0.41802	-0.034447	0.419437	-4.710773	339087.354563
146.0	1.0	0.0	0.0	0.0	-90.0	0.417244	-0.034385	0.418658	-4.711119	0.0	0.003416	0.003416	90.0	0.417244	-0.034385	0.418658	-4.711119	339085.928238
147.0	1.0	0.0	0.0	0.0	-90.0	0.418478	-0.035404	0.419973	-4.835773	0.0	0.003389	0.003389	90.0	0.418443	-0.035488	0.419945	-4.847634	339084.491829
148.0	1.0	0.0	0.0	0.0	-90.0	0.418331	-0.035743	0.419855	-4.883658	0.0	0.003423	0.003423	90.0	0.418331	-0.035743	0.419855	-4.883658	339083.035275
149.0	1.0	0.0	0.0	0.0	-90.0	0.416735	-0.033375	0.418069	-4.578835	0.0	0.003484	0.003484	90.0	0.416735	-0.033375	0.418069	-4.578835	339081.607356
150.0	1.0	0.0	0.0	0.0	-90.0	0.417527	-0.033214	0.418846	-4.54823	0.0	0.003438	0.003438	90.0	0.417527	-0.033214	0.418846	-4.54823	339080.16059
151.0	1.0	0.0	0.0	0.0	-90.0	0.415505	-0.034681	0.41695	-4.77124	0.0	0.003468	0.003468	90.0	0.415505	-0.034681	0.41695	-4.77124	339078.74947
152.0	1.0	0.0	0.0	0.0	-90.0	0.416532	-0.033283	0.41786	-4.568579	0.0	0.003474	0.003474	90.0	0.416532	-0.033283	0.41786	-4.568579	339077.295455
153.0	1.0	0.0	0.0	0.0	-90.0	0.415649	-0.034754	0.4171	-4.779646	0.0	0.003518	0.003518	90.0	0.415649	-0.034754	0.4171	-4.779646	339075.834695
154.0	1.0	0.0	0.0	0.0	-90.0	0.41696	-0.033735	0.418323	-4.625495	0.0	0.003495	0.003495	90.0	0.41696	-0.033735	0.418323	-4.625495	339074.388423
155.0	1.0	0.0	0.0	0.0	-90.0	0.416454	-0.033825	0.417826	-4.643451	0.0	0.003562	0.003562	90.0	0.416379	-0.033793	0.417748	-4.639934	339072.940345
156.0	1.0	0.0	0.0	0.0	-90.0	0.415954	-0.034452	0.417378	-4.734753	0.0	0.003545	0.003545	90.0	0.415963	-0.034484	0.41739	-4.739138	339071.520025
157.0	1.0	0.0	0.0	0.0	-90.0	0.415928	-0.034112	0.417325	-4.688627	0.0	0.00357	0.00357	90.0	0.415887	-0.034146	0.417286	-4.69373	339070.094667
158.0	1.0	0.0	0.0	0.0	-90.0	0.416083	-0.034249	0.41749	-4.705539	0.0	0.003598	0.003598	90.0	0.416083	-0.034249	0.41749	-4.705539	339068.654369
159.0	1.0	0.0	0.0	0.0	-90.0	0.41577	-0.034083	0.417164	-4.686348	0.0	0.003634	0.003634	90.0	0.41577	-0.034083	0.417164	-4.686348	339067.222524
160.0	1.0	0.0	0.0	0.0	-90.0	0.415676	-0.034063	0.41707	-4.684637	0.0	0.003653	0.003653	90.0	0.415676	-0.034063	0.41707	-4.684637	339065.79373
161.0	1.0	0.0	0.0	0.0	-90.0	0.415566	-0.033927	0.416949	-4.667265	0.0	0.003659	0.003659	90.0	0.415566	-0.033927	0.416949	-4.667265	339064.366038
162.0	1.0	0.0	0.0	0.0	-90.0	0.415412	-0.033836	0.416788	-4.656548	0.0	0.00375	0.00375	90.0	0.415412	-0.033836	0.416788	-4.656548	339062.930044
163.0	1.0	0.0	0.0	0.0	-90.0	0.415234	-0.033787	0.416607	-4.651889	0.0	0.003736	0.003736	90.0	0.415234	-0.033787	0.416607	-4.651889	339061.516955
164.0	1.0	0.0	0.0	0.0	-90.0	0.415117	-0.033708	0.416483	-4.642301	0.0	0.003788	0.003788	90.0	0.415117	-0.033708	0.416483	-4.642301	339060.065702
165.0	1.0	0.0	0.0	0.0	-90.0	0.414992	-0.03365	0.416354	-4.635792	0.0	0.0038	0.0038	90.0	0.414992	-0.03365	0.416354	-4.635792	339058.632069
166.0	1.0	0.0	0.0	0.0	-90.0	0.414858	-0.033563	0.416214	-4.625346	0.0	0.003838	0.003838	90.0	0.414858	-0.033563	0.416214	-4.625346	339057.203946
167.0	1.0	0.0	0.0	0.0	-90.0	0.414697	-0.033505	0.416048	-4.619094	0.0	0.003954	0.003954	90.0	0.414697	-0.033505	0.416048	-4.619093	339055.748338
168.0	1.0	0.0	0.0	0.0	-90.0	0.41458	-0.033473	0.415929	-4.616015	0.0	0.00397	0.00397	90.0	0.41458	-0.033473	0.41593	-4.616058	339054.279597
169.0	1.0	0.0	0.0	0.0	-90.0	0.414412	-0.033356	0.415753	-4.601779	0.0	0.003993	0.003993	90.0	0.414412	-0.033356	0.415753	-4.601779	339052.847868
170.0	1.0	0.0	0.0	0.0	-90.0	0.414262	-0.033313	0.4156	-4.597556	0.0	0.004083	0.004083	90.0	0.414262	-0.033313	0.4156	-4.597556	339051.382428
171.0	1.0	0.0	0.0	0.0	-90.0	0.414086	-0.033207	0.415415	-4.584884	0.0	0.004058	0.004058	90.0	0.414086	-0.033207	0.415415	-4.584884	339049.881892
172.0	1.0	0.0	0.0	0.0	-90.0	0.413983	-0.033144	0.415307	-4.577411	0.0	0.004084	0.004084	90.0	0.413983	-0.033144	0.415307	-4.577411	339048.434388
173.0	1.0	0.0	0.0	0.0	-90.0	0.413854	-0.03309	0.415175	-4.571436	0.0	0.004163	0.004163	90.0	0.413854	-0.03309	0.415175	-4.571436	339047.000973
174.0	1.0	0.0	0.0	0.0	-90.0	0.413708	-0.033014	0.415023	-4.562597	0.0	0.0042	0.0042	90.0	0.413708	-0.033014	0.415023	-4.562597	339045.499179
175.0	1.0	0.0	0.0	0.0	-90.0	0.413638	-0.032974	0.41495	-4.557743	0.0	0.004217	0.004217	90.0	0.413638	-0.032974	0.41495	-4.557743	339044.069735
176.0	1.0	0.0	0.0	0.0	-90.0	0.413484	-0.032889	0.41479	-4.547758	0.0	0.004337	0.004337	90.0	0.413484	-0.032889	0.41479	-4.547758	339042.567734
177.0	1.0	0.0	0.0	0.0	-90.0	0.413359	-0.032807	0.414659	-4.537864	0.0	0.004299	0.004299	90.0	0.413358	-0.032808	0.414658	-4.537961	339041.136695
178.0	1.0	0.0	0.0	0.0	-90.0	0.413223	-0.032736	0.414517	-4.529543	0.0	0.004393	0.004393	90.0	0.413223	-0.032736	0.414517	-4.529543	339039.701139
179.0	1.0	0.0	0.0	0.0	-90.0	0.413077	-0.032639	0.414364	-4.517821	0.0	0.004479	0.004479	90.0	0.413077	-0.032639	0.414364	-4.517821	339038.27692
180.0	1.0	0.0	0.0	0.0	-90.0	0.413001	-0.032559	0.414282	-4.507543	0.0	0.004515	0.004515	90.0	0.413001	-0.032559	0.414282	-4.507543	339036.839655
181.0	1.0	0.0	0.0	0.0	-90.0	0.412851	-0.032484	0.414127	-4.498893	0.0	0.00465	0.00465	90.0	0.412851	-0.032484	0.414127	-4.498893	339035.395431
182.0	1.0	0.0	0.0	0.0	-90.0	0.412728	-0.032404	0.413999	-4.489165	0.0	0.004649	0.004649	90.0	0.412728	-0.032404	0.413999	-4.489165	339033.981469
183.0	1.0	0.0	0.0	0.0	-90.0	0.412603	-0.032344	0.413869	-4.482224	0.0	0.00474	0.00474	90.0	0.412603	-0.032344	0.413869	-4.482224	339032.521805
184.0	1.0	0.0	0.0	0.0	-90.0	0.412457	-0.03227	0.413718	-4.473551	0.0	0.004805	0.004805	90.0	0.412457	-0.03227	0.413718	-4.473551	339031.087865
185.0	1.0	0.0	0.0	0.0	-90.0	0.412337	-0.032185	0.413591	-4.463239	0.0	0.004932	0.004932	90.0	0.412337	-0.032185	0.413591	-4.463239	339029.579538
186.0	1.0	0.0	0.0	0.0	-90.0	0.41215	-0.032097	0.413398	-4.453091	0.0	0.005034	0.005034	90.0	0.41215	-0.032097	0.413398	-4.453091	339028.173999
187.0	1.0	0.0	0.0	0.0	-90.0	0.412049	-0.032022	0.413292	-4.443806	0.0	0.005131	0.005131	90.0	0.412049	-0.032022	0.413292	-4.443806	339026.642487
188.0	1.0	0.0	0.0	0.0	-90.0	0.411885	-0.031922	0.41312	-4.431686	0.0	0.005239	0.005239	90.0	0.411885	-0.031922	0.41312	-4.431686	339025.197638
189.0	1.0	0.0	0.0	0.0	-90.0	0.411776	-0.031813	0.413003	-4.417723	0.0	0.005294	0.005294	90.0	0.411778	-0.031812	0.413005	-4.417597	339023.733952
190.0	1.0	0.0	0.0	0.0	-90.0	0.411647	-0.031757	0.41287	-4.411437	0.0	0.005426	0.005426	90.0	0.411647	-0.031757	0.41287	-4.411437	339022.292933
191.0	1.0	0.0	0.0	0.0	-90.0	0.411533	-0.03165	0.412748	-4.397761	0.0	0.005513	0.005513	90.0	0.411533	-0.03165	0.412748	-4.397761	339020.855724
192.0	1.0	0.0	0.0	0.0	-90.0	0.411442	-0.03154	0.412649	-4.383539	0.0	0.005717	0.005717	90.0	0.411439	-0.031544	0.412647	-4.384113	339019.413664
193.0	1.0	0.0	0.0	0.0	-90.0	0.411261	-0.031435	0.412461	-4.370946	0.0	0.005888	0.005888	90.0	0.411261	-0.031435	0.412461	-4.370946	339017.974777
194.0	1.0	0.0	0.0	0.0	-90.0	0.41119	-0.031343	0.412382	-4.358896	0.0	0.006081	0.006081	90.0	0.41119	-0.031343	0.412382	-4.358896	339016.515989
195.0	1.0	0.0	0.0	0.0	-90.0	0.410974	-0.031179	0.412155	-4.338523	0.0	0.006952	0.006952	90.0	0.410974	-0.031179	0.412155	-4.338523	339015.071617
196.0	1.0	0.0	0.0	0.0	-90.0	0.410745	-0.030879	0.411904	-4.299252	0.0	0.006074	0.006074	90.0	0.410745	-0.030879	0.411904	-4.299252	339013.56803
197.0	1.0	0.0	0.0	0.0	-90.0	0.410605	-0.03087	0.411764	-4.299524	0.0	0.00099	0.00099	90.0	0.410605	-0.03087	0.411764	-4.299524	339012.04833
198.0	1.0	0.0	0.0	0.0	-90.0	0.410708	-0.031122	0.411886	-4.333384	0.0	0.00959	0.00959	90.0	0.410708	-0.031122	0.411886	-4.333384	339010.596101
199.0	1.0	0.0	0.0	0.0	-90.0	0.410464	-0.030654	0.411607	-4.271068	0.0	0.006018	0.006018	90.0	0.410464	-0.030654	0.411607	-4.271068	339009.132009
200.0	1.0	0.0	0.0	0.0	-90.0	0.41174350000000004	-0.034254	0.41318049999999995	-4.7537015	0.0	0.004626	0.004626	90.0	0.41174350000000004	-0.0342535	0.41318049999999995	-4.7536725	341382.357312
250.0	1.0	0.0	0.0	0.0	-90.0	0.408455	-0.036493	0.410082	-5.10546	0.0	0.002655	0.002655	90.0	0.408456	-0.036493	0.410083	-5.105434	343755.535812
300.0	1.0	0.0	0.0	0.0	-90.0	0.40523	-0.032389	0.406523	-4.569834	0.0	0.002707	0.002707	90.0	0.40523	-0.032389	0.406523	-4.569834	343754.090211
350.0	1.0	0.0	0.0	0.0	-90.0	0.403419	-0.029625	0.404505	-4.199967	0.0	0.002842	0.002842	90.0	0.403419	-0.029626	0.404506	-4.200148	343752.674182
400.0	1.0	0.0	0.0	0.0	-90.0	0.400357	-0.028773	0.401389	-4.11065	0.0	0.002877	0.002877	90.0	0.400357	-0.028773	0.401389	-4.11065	343751.259781
450.0	1.0	0.0	0.0	0.0	-90.0	0.39917	-0.027108	0.400089	-3.88499	0.0	0.002884	0.002884	90.0	0.39917	-0.027108	0.400089	-3.88499	343749.815068
500.0	1.0	0.0	0.0	0.0	-90.0	0.39706	-0.026191	0.397923	-3.773879	0.0	0.003026	0.003026	90.0	0.39706	-0.026191	0.397923	-3.773879	343748.395696
550.0	1.0	0.0	0.0	0.0	-90.0	0.395695	-0.024989	0.396484	-3.613485	0.0	0.003069	0.003069	90.0	0.395695	-0.024989	0.396484	-3.613485	343746.944615
600.0	1.0	0.0	0.0	0.0	-90.0	0.39474	-0.024191	0.39548	-3.506893	0.0	0.003049	0.003049	90.0	0.39474	-0.024191	0.39548	-3.506893	343745.509918
650.0	1.0	0.0	0.0	0.0	-90.0	0.393834	-0.023464	0.394532	-3.409602	0.0	0.00304	0.00304	90.0	0.393834	-0.023464	0.394532	-3.409602	343744.066643
700.0	1.0	0.0	0.0	0.0	-90.0	0.392726	-0.022538	0.393373	-3.284588	0.0	0.003086	0.003086	90.0	0.392726	-0.022538	0.393373	-3.284588	343742.607391
750.0	1.0	0.0	0.0	0.0	-90.0	0.391807	-0.021693	0.392407	-3.169089	0.0	0.003094	0.003094	90.0	0.391807	-0.021693	0.392407	-3.169003	343741.195314
800.0	1.0	0.0	0.0	0.0	-90.0	0.391289	-0.021282	0.391868	-3.113187	0.0	0.00307	0.00307	90.0	0.391289	-0.021282	0.391868	-3.113187	343739.7152
850.0	1.0	0.0	0.0	0.0	-90.0	0.390539	-0.020606	0.391083	-3.020236	0.0	0.003142	0.003142	90.0	0.39054	-0.020605	0.391083	-3.020131	343738.270105
900.0	1.0	0.0	0.0	0.0	-90.0	0.390123	-0.020162	0.390644	-2.958494	0.0	0.003186	0.003186	90.0	0.390123	-0.020162	0.390644	-2.958494	343736.819897
950.0	1.0	0.0	0.0	0.0	-90.0	0.389572	-0.01964	0.390067	-2.886085	0.0	0.003164	0.003164	90.0	0.389573	-0.01964	0.390067	-2.886126	343735.397108
1000.0	1.0	0.0	0.0	0.0	-90.0	0.389047	-0.019238	0.389522	-2.830945	0.0	0.003211	0.003211	90.0	0.389047	-0.019238	0.389522	-2.830945	343733.948501
1050.0	1.0	0.0	0.0	0.0	-90.0	0.3886	-0.018838	0.389056	-2.775376	0.0	0.003242	0.003242	90.0	0.3886	-0.018838	0.389056	-2.775376	343732.518827
1100.0	1.0	0.0	0.0	0.0	-90.0	0.388182	-0.018354	0.388616	-2.706991	0.0	0.003241	0.003241	90.0	0.388183	-0.018354	0.388616	-2.706983	343731.085989
1150.0	1.0	0.0	0.0	0.0	-90.0	0.387738	-0.018074	0.388159	-2.668855	0.0	0.003266	0.003266	90.0	0.387738	-0.018074	0.388159	-2.668855	343729.662132
1200.0	1.0	0.0	0.0	0.0	-90.0	0.387442	-0.017664	0.387845	-2.610417	0.0	0.003288	0.003288	90.0	0.387442	-0.017664	0.387845	-2.610417	343728.220068
1250.0	1.0	0.0	0.0	0.0	-90.0	0.387113	-0.017423	0.387505	-2.576939	0.0	0.003253	0.003253	90.0	0.387113	-0.017423	0.387505	-2.576939	343726.748788
1300.0	1.0	0.0	0.0	0.0	-90.0	0.386826	-0.017111	0.387204	-2.532782	0.0	0.003299	0.003299	90.0	0.386826	-0.017111	0.387204	-2.532799	343725.305629
1350.0	1.0	0.0	0.0	0.0	-90.0	0.386535	-0.016769	0.386899	-2.484132	0.0	0.003312	0.003312	90.0	0.386535	-0.016769	0.386899	-2.484132	343723.857669
1400.0	1.0	0.0	0.0	0.0	-90.0	0.386204	-0.016496	0.386556	-2.445823	0.0	0.003358	0.003358	90.0	0.386208	-0.016496	0.38656	-2.445798	343722.425913
1450.0	1.0	0.0	0.0	0.0	-90.0	0.385961	-0.016241	0.386303	-2.409476	0.0	0.003366	0.003366	90.0	0.385962	-0.01624	0.386303	-2.409373	343720.986193
1500.0	1.0	0.0	0.0	0.0	-90.0	0.385699	-0.016066	0.386033	-2.385185	0.0	0.003369	0.003369	90.0	0.385699	-0.016066	0.386033	-2.385185	343719.492427
1550.0	1.0	0.0	0.0	0.0	-90.0	0.385537	-0.01583	0.385862	-2.351206	0.0	0.003387	0.003387	90.0	0.385537	-0.01583	0.385862	-2.351206	343718.078889
1600.0	1.0	0.0	0.0	0.0	-90.0	0.385172	-0.015637	0.38549	-2.32476	0.0	0.003382	0.003382	90.0	0.385172	-0.015637	0.38549	-2.324759	343716.63528
1650.0	1.0	0.0	0.0	0.0	-90.0	0.384963	-0.015481	0.385274	-2.30282	0.0	0.00341	0.00341	90.0	0.384962	-0.015482	0.385273	-2.302959	343715.209725
1700.0	1.0	0.0	0.0	0.0	-90.0	0.384749	-0.015244	0.385051	-2.268978	0.0	0.003408	0.003408	90.0	0.384749	-0.015244	0.385051	-2.268978	343713.780086
1750.0	1.0	0.0	0.0	0.0	-90.0	0.384532	-0.015056	0.384826	-2.242202	0.0	0.00345	0.00345	90.0	0.384532	-0.015056	0.384826	-2.242202	343712.356663
1800.0	1.0	0.0	0.0	0.0	-90.0	0.38435	-0.014894	0.384638	-2.219199	0.0	0.003428	0.003428	90.0	0.38435	-0.014894	0.384638	-2.219199	343710.911335
1850.0	1.0	0.0	0.0	0.0	-90.0	0.384165	-0.014726	0.384447	-2.195255	0.0	0.003452	0.003452	90.0	0.384165	-0.014726	0.384447	-2.195255	343709.471774
1900.0	1.0	0.0	0.0	0.0	-90.0	0.383979	-0.014585	0.384255	-2.175331	0.0	0.003491	0.003491	90.0	0.383981	-0.014585	0.384257	-2.17525	343708.017945
1950.0	1.0	0.0	0.0	0.0	-90.0	0.383841	-0.014413	0.384112	-2.150472	0.0	0.003551	0.003551	90.0	0.383841	-0.014413	0.384112	-2.150472	343706.555423
2000.0	1.0	0.0	0.0	0.0	-90.0	0.383631	-0.01431	0.383898	-2.13623	0.0	0.003579	0.003579	90.0	0.383631	-0.01431	0.383898	-2.13623	343705.098957
2050.0	1.0	0.0	0.0	0.0	-90.0	0.383475	-0.014159	0.383736	-2.114588	0.0	0.003531	0.003531	90.0	0.383475	-0.014159	0.383736	-2.114588	343703.664898
2100.0	1.0	0.0	0.0	0.0	-90.0	0.383302	-0.014033	0.383558	-2.096776	0.0	0.003579	0.003579	90.0	0.383302	-0.014033	0.383558	-2.096769	343702.216167
2150.0	1.0	0.0	0.0	0.0	-90.0	0.383158	-0.013921	0.383411	-2.080795	0.0	0.003639	0.003639	90.0	0.383158	-0.013921	0.383411	-2.080795	343700.777377
2200.0	1.0	0.0	0.0	0.0	-90.0	0.383025	-0.013797	0.383274	-2.062914	0.0	0.003641	0.003641	90.0	0.383025	-0.013797	0.383274	-2.062914	343699.321165
2250.0	1.0	0.0	0.0	0.0	-90.0	0.382885	-0.013703	0.38313	-2.049729	0.0	0.003709	0.003709	90.0	0.382885	-0.013703	0.38313	-2.049729	343697.878487
2300.0	1.0	0.0	0.0	0.0	-90.0	0.382788	-0.013586	0.383029	-2.032644	0.0	0.003702	0.003702	90.0	0.382788	-0.013586	0.383029	-2.032644	343696.44724
2350.0	1.0	0.0	0.0	0.0	-90.0	0.382635	-0.013498	0.382873	-2.020384	0.0	0.003734	0.003734	90.0	0.382635	-0.013498	0.382873	-2.020384	343695.001836
2400.0	1.0	0.0	0.0	0.0	-90.0	0.382544	-0.013373	0.382778	-2.002155	0.0	0.003768	0.003768	90.0	0.382544	-0.013373	0.382778	-2.002155	343693.561925
2450.0	1.0	0.0	0.0	0.0	-90.0	0.382428	-0.01328	0.382658	-1.98887	0.0	0.003799	0.003799	90.0	0.382428	-0.01328	0.382658	-1.98887	343692.129706
2500.0	1.0	0.0	0.0	0.0	-90.0	0.382322	-0.013201	0.38255	-1.977484	0.0	0.003804	0.003804	90.0	0.382322	-0.013201	0.38255	-1.977484	343690.704183
2550.0	1.0	0.0	0.0	0.0	-90.0	0.3822	-0.013114	0.382425	-1.96522	0.0	0.003795	0.003795	90.0	0.3822	-0.013114	0.382425	-1.96522	343689.242783
2600.0	1.0	0.0	0.0	0.0	-90.0	0.382094	-0.013034	0.382316	-1.95368	0.0	0.003849	0.003849	90.0	0.382094	-0.013034	0.382316	-1.95368	343687.815151
2650.0	1.0	0.0	0.0	0.0	-90.0	0.381976	-0.012945	0.382195	-1.94094	0.0	0.00386	0.00386	90.0	0.381976	-0.012945	0.382195	-1.94094	343686.356987
2700.0	1.0	0.0	0.0	0.0	-90.0	0.381864	-0.01287	0.382081	-1.930331	0.0	0.003884	0.003884	90.0	0.381864	-0.01287	0.382081	-1.930331	343684.938879
2750.0	1.0	0.0	0.0	0.0	-90.0	0.381771	-0.012808	0.381986	-1.921469	0.0	0.003916	0.003916	90.0	0.381771	-0.012808	0.381986	-1.921469	343683.471612
2800.0	1.0	0.0	0.0	0.0	-90.0	0.381657	-0.012721	0.381869	-1.908984	0.0	0.003937	0.003937	90.0	0.381657	-0.012721	0.381869	-1.908966	343682.024107
2850.0	1.0	0.0	0.0	0.0	-90.0	0.381555	-0.012656	0.381765	-1.89983	0.0	0.004036	0.004036	90.0	0.381555	-0.012656	0.381765	-1.89982	343680.609232
2900.0	1.0	0.0	0.0	0.0	-90.0	0.381458	-0.012587	0.381665	-1.889889	0.0	0.004028	0.004028	90.0	0.381458	-0.012587	0.381665	-1.889892	343679.183815
2950.0	1.0	0.0	0.0	0.0	-90.0	0.381355	-0.012522	0.38156	-1.880734	0.0	0.004128	0.004128	90.0	0.381355	-0.012522	0.38156	-1.880735	343677.76856
3000.0	1.0	0.0	0.0	0.0	-90.0	0.381291	-0.012465	0.381495	-1.872488	0.0	0.004052	0.004052	90.0	0.381291	-0.012465	0.381495	-1.872488	343676.296055
3050.0	1.0	0.0	0.0	0.0	-90.0	0.381221	-0.012413	0.381423	-1.864976	0.0	0.004159	0.004159	90.0	0.381221	-0.012413	0.381423	-1.864976	343674.855403
3100.0	1.0	0.0	0.0	0.0	-90.0	0.381158	-0.012344	0.381358	-1.854875	0.0	0.00417	0.00417	90.0	0.381158	-0.012344	0.381358	-1.854875	343673.374309
3150.0	1.0	0.0	0.0	0.0	-90.0	0.381075	-0.012286	0.381273	-1.846542	0.0	0.00425	0.00425	90.0	0.381075	-0.012286	0.381273	-1.846542	343671.940432
3200.0	1.0	0.0	0.0	0.0	-90.0	0.380975	-0.012237	0.381171	-1.839784	0.0	0.004213	0.004213	90.0	0.380974	-0.012237	0.38117	-1.839769	343670.52422
3250.0	1.0	0.0	0.0	0.0	-90.0	0.380896	-0.012183	0.38109	-1.831986	0.0	0.004312	0.004312	90.0	0.380896	-0.012183	0.38109	-1.831986	343669.076924
3300.0	1.0	0.0	0.0	0.0	-90.0	0.38078	-0.012135	0.380973	-1.825263	0.0	0.004318	0.004318	90.0	0.38078	-0.012135	0.380973	-1.825263	343667.658056
3350.0	1.0	0.0	0.0	0.0	-90.0	0.380674	-0.012085	0.380866	-1.818287	0.0	0.004392	0.004392	90.0	0.380674	-0.012085	0.380866	-1.818287	343666.226759
3400.0	1.0	0.0	0.0	0.0	-90.0	0.380614	-0.012036	0.380804	-1.811178	0.0	0.004433	0.004433	90.0	0.380614	-0.012036	0.380805	-1.811196	343664.771858
3450.0	1.0	0.0	0.0	0.0	-90.0	0.380559	-0.011989	0.380748	-1.804458	0.0	0.004457	0.004457	90.0	0.38056	-0.011989	0.380749	-1.804452	343663.340232
3500.0	1.0	0.0	0.0	0.0	-90.0	0.380478	-0.011957	0.380666	-1.79999	0.0	0.004549	0.004549	90.0	0.380478	-0.011957	0.380666	-1.79999	343661.909397
3550.0	1.0	0.0	0.0	0.0	-90.0	0.380389	-0.011922	0.380576	-1.795181	0.0	0.004629	0.004629	90.0	0.380389	-0.011922	0.380576	-1.795181	343660.415778
3600.0	1.0	0.0	0.0	0.0	-90.0	0.38033	-0.011869	0.380515	-1.787507	0.0	0.004652	0.004652	90.0	0.380331	-0.011869	0.380516	-1.787517	343658.965145
3650.0	1.0	0.0	0.0	0.0	-90.0	0.380236	-0.011825	0.38042	-1.781274	0.0	0.004675	0.004675	90.0	0.380236	-0.011825	0.38042	-1.781274	343657.457466
3700.0	1.0	0.0	0.0	0.0	-90.0	0.38017	-0.011785	0.380353	-1.775621	0.0	0.004699	0.004699	90.0	0.38017	-0.011785	0.380353	-1.775622	343656.007097
3750.0	1.0	0.0	0.0	0.0	-90.0	0.380092	-0.011748	0.380274	-1.770345	0.0	0.00477	0.00477	90.0	0.380092	-0.011748	0.380274	-1.770346	343654.569998
3800.0	1.0	0.0	0.0	0.0	-90.0	0.380052	-0.011712	0.380233	-1.765044	0.0	0.004837	0.004837	90.0	0.380052	-0.011712	0.380233	-1.765061	343653.13306
3850.0	1.0	0.0	0.0	0.0	-90.0	0.380025	-0.011672	0.380205	-1.759228	0.0	0.004886	0.004886	90.0	0.380025	-0.011672	0.380205	-1.759236	343651.669218
3900.0	1.0	0.0	0.0	0.0	-90.0	0.379958	-0.011643	0.380137	-1.755212	0.0	0.004984	0.004984	90.0	0.379958	-0.011643	0.380137	-1.755212	343650.230893
3950.0	1.0	0.0	0.0	0.0	-90.0	0.37988	-0.01161	0.380057	-1.750568	0.0	0.005026	0.005026	90.0	0.37988	-0.01161	0.380057	-1.750568	343648.790734
4000.0	1.0	0.0	0.0	0.0	-90.0	0.37981	-0.011572	0.379987	-1.745163	0.0	0.00513	0.00513	90.0	0.37981	-0.011572	0.379987	-1.74514	343647.30801
4050.0	1.0	0.0	0.0	0.0	-90.0	0.37975	-0.011544	0.379926	-1.74119	0.0	0.005155	0.005155	90.0	0.37975	-0.011544	0.379926	-1.74119	343645.864378
4100.0	1.0	0.0	0.0	0.0	-90.0	0.379685	-0.01151	0.379859	-1.736408	0.0	0.005312	0.005312	90.0	0.379685	-0.01151	0.379859	-1.736408	343644.393376
4150.0	1.0	0.0	0.0	0.0	-90.0	0.379654	-0.01148	0.379828	-1.731968	0.0	0.00536	0.00536	90.0	0.379654	-0.01148	0.379828	-1.731968	343642.943513
4200.0	1.0	0.0	0.0	0.0	-90.0	0.379592	-0.01145	0.379764	-1.727756	0.0	0.005423	0.005423	90.0	0.379592	-0.01145	0.379764	-1.727756	343641.521312
4250.0	1.0	0.0	0.0	0.0	-90.0	0.379535	-0.011423	0.379707	-1.723895	0.0	0.005482	0.005482	90.0	0.379535	-0.011423	0.379707	-1.723895	343640.062127
4300.0	1.0	0.0	0.0	0.0	-90.0	0.37949	-0.011395	0.379661	-1.719975	0.0	0.005629	0.005629	90.0	0.37949	-0.011395	0.379661	-1.719975	343638.646931
4350.0	1.0	0.0	0.0	0.0	-90.0	0.379436	-0.011367	0.379606	-1.715988	0.0	0.005761	0.005761	90.0	0.379436	-0.011367	0.379606	-1.715988	343637.172518
4400.0	1.0	0.0	0.0	0.0	-90.0	0.379372	-0.011339	0.379541	-1.71205	0.0	0.005853	0.005853	90.0	0.379372	-0.011339	0.379541	-1.712047	343635.724234
4450.0	1.0	0.0	0.0	0.0	-90.0	0.379308	-0.011313	0.379477	-1.708311	0.0	0.005926	0.005926	90.0	0.379308	-0.011313	0.379477	-1.708311	343634.307512
4500.0	1.0	0.0	0.0	0.0	-90.0	0.379258	-0.011286	0.379426	-1.704501	0.0	0.006018	0.006018	90.0	0.379258	-0.011286	0.379426	-1.704483	343632.86035
4550.0	1.0	0.0	0.0	0.0	-90.0	0.379188	-0.011259	0.379355	-1.700722	0.0	0.006136	0.006136	90.0	0.379188	-0.011259	0.379355	-1.700722	343631.429109
4600.0	1.0	0.0	0.0	0.0	-90.0	0.379173	-0.011235	0.37934	-1.697167	0.0	0.006314	0.006314	90.0	0.379173	-0.011235	0.37934	-1.697167	343629.991584
4650.0	1.0	0.0	0.0	0.0	-90.0	0.37913	-0.01121	0.379296	-1.693595	0.0	0.006494	0.006494	90.0	0.37913	-0.01121	0.379296	-1.693595	343628.462962
4700.0	1.0	0.0	0.0	0.0	-90.0	0.379096	-0.011182	0.379261	-1.689506	0.0	0.006625	0.006625	90.0	0.379096	-0.011182	0.379261	-1.689506	343627.047822
4750.0	1.0	0.0	0.0	0.0	-90.0	0.379049	-0.011154	0.379213	-1.68553	0.0	0.006882	0.006882	90.0	0.379049	-0.011154	0.379213	-1.68553	343625.528112
4800.0	1.0	0.0	0.0	0.0	-90.0	0.378992	-0.011127	0.379155	-1.681694	0.0	0.007171	0.007171	90.0	0.378992	-0.011127	0.379155	-1.681694	343624.102562
4850.0	1.0	0.0	0.0	0.0	-90.0	0.378947	-0.011102	0.37911	-1.678163	0.0	0.008104	0.008104	90.0	0.378947	-0.011102	0.37911	-1.678163	343622.631196
4900.0	1.0	0.0	0.0	0.0	-90.0	0.378895	-0.01104	0.379056	-1.669007	0.0	0.002426	0.002426	90.0	0.378895	-0.011039	0.379056	-1.668889	343621.170758
4950.0	1.0	0.0	0.0	0.0	-90.0	0.378843	-0.011034	0.379004	-1.668367	0.0	0.006836	0.006836	90.0	0.378843	-0.011034	0.379004	-1.668367	343619.6817
5000.0	1.0	0.0	0.0	0.0	-90.0	0.3785695	-0.011295	0.3787375	-1.7090055	0.0	0.0048225	0.0048225	90.0	0.3785695	-0.011295	0.3787375	-1.7090055	345026.570704
10000.0	1.0	0.0	0.0	0.0	-90.0	0.375184	-0.011641	0.375364	-1.777239	0.0	0.003125	0.003125	90.0	0.375184	-0.011641	0.375364	-1.777239	346433.487518
15000.0	1.0	0.0	0.0	0.0	-90.0	0.373315	-0.01276	0.373533	-1.957562	0.0	0.002886	0.002886	90.0	0.373315	-0.01276	0.373533	-1.957562	346432.031162
20000.0	1.0	0.0	0.0	0.0	-90.0	0.371928	-0.014106	0.372195	-2.172054	0.0	0.002772	0.002772	90.0	0.371928	-0.014106	0.372195	-2.172053	346430.567628
25000.0	1.0	0.0	0.0	0.0	-90.0	0.370832	-0.015523	0.371157	-2.39706	0.0	0.002781	0.002781	90.0	0.370832	-0.015523	0.371157	-2.39706	346429.10901
30000.0	1.0	0.0	0.0	0.0	-90.0	0.369851	-0.01697	0.37024	-2.627102	0.0	0.002776	0.002776	90.0	0.369851	-0.01697	0.37024	-2.627102	346427.689441
35000.0	1.0	0.0	0.0	0.0	-90.0	0.369022	-0.018428	0.369482	-2.858786	0.0	0.002808	0.002808	90.0	0.369022	-0.018428	0.369482	-2.858786	346426.244025
40000.0	1.0	0.0	0.0	0.0	-90.0	0.368243	-0.019886	0.368779	-3.091077	0.0	0.00282	0.00282	90.0	0.368243	-0.019886	0.368779	-3.091077	346424.745396
45000.0	1.0	0.0	0.0	0.0	-90.0	0.367519	-0.021341	0.368138	-3.323236	0.0	0.002848	0.002848	90.0	0.367519	-0.021341	0.368138	-3.323236	346423.300833
50000.0	1.0	0.0	0.0	0.0	-90.0	0.366854	-0.02279	0.367561	-3.55475	0.0	0.002848	0.002848	90.0	0.366854	-0.02279	0.367561	-3.55475	346421.869165
55000.0	1.0	0.0	0.0	0.0	-90.0	0.366243	-0.024236	0.367044	-3.786024	0.0	0.002869	0.002869	90.0	0.366243	-0.024236	0.367044	-3.786024	346420.434418
60000.0	1.0	0.0	0.0	0.0	-90.0	0.365654	-0.025676	0.366554	-4.016743	0.0	0.002901	0.002901	90.0	0.365654	-0.025676	0.366554	-4.016743	346418.972865
65000.0	1.0	0.0	0.0	0.0	-90.0	0.365077	-0.02711	0.366082	-4.246967	0.0	0.002906	0.002906	90.0	0.365077	-0.02711	0.366082	-4.246967	346417.496071
70000.0	1.0	0.0	0.0	0.0	-90.0	0.364518	-0.028538	0.365633	-4.47647	0.0	0.002909	0.002909	90.0	0.364518	-0.028538	0.365633	-4.47647	346416.060977
75000.0	1.0	0.0	0.0	0.0	-90.0	0.363975	-0.029959	0.365206	-4.705443	0.0	0.002896	0.002896	90.0	0.363974	-0.029959	0.365205	-4.70544	346414.633708
80000.0	1.0	0.0	0.0	0.0	-90.0	0.363456	-0.031371	0.364807	-4.933169	0.0	0.002899	0.002899	90.0	0.363456	-0.031371	0.364807	-4.933169	346413.196825
85000.0	1.0	0.0	0.0	0.0	-90.0	0.362945	-0.032784	0.364423	-5.161354	0.0	0.002896	0.002896	90.0	0.362945	-0.032784	0.364423	-5.161354	346411.712789
90000.0	1.0	0.0	0.0	0.0	-90.0	0.362465	-0.03419	0.364074	-5.38862	0.0	0.002845	0.002845	90.0	0.362465	-0.03419	0.364074	-5.38862	346410.272431
95000.0	1.0	0.0	0.0	0.0	-90.0	0.361976	-0.035588	0.363721	-5.615013	0.0	0.002895	0.002895	90.0	0.361976	-0.035588	0.363721	-5.615013	346408.804768
100000.0	1.0	0.0	0.0	0.0	-90.0	0.361488	-0.036981	0.363375	-5.841209	0.0	0.002918	0.002918	90.0	0.361488	-0.036981	0.363375	-5.841209	346407.338153
105000.0	1.0	0.0	0.0	0.0	-90.0	0.361026	-0.038369	0.363059	-6.066426	0.0	0.0029	0.0029	90.0	0.361026	-0.038369	0.363059	-6.066425	346405.907991
110000.0	1.0	0.0	0.0	0.0	-90.0	0.360558	-0.039753	0.362743	-6.291695	0.0	0.002922	0.002922	90.0	0.360558	-0.039753	0.362743	-6.291695	346404.4784
115000.0	1.0	0.0	0.0	0.0	-90.0	0.360093	-0.04113	0.362434	-6.516083	0.0	0.00296	0.00296	90.0	0.360093	-0.04113	0.362434	-6.516083	346403.018556
120000.0	1.0	0.0	0.0	0.0	-90.0	0.359625	-0.042499	0.362127	-6.739677	0.0	0.003043	0.003043	90.0	0.359625	-0.042499	0.362127	-6.739678	346401.577366
125000.0	1.0	0.0	0.0	0.0	-90.0	0.359155	-0.043869	0.361824	-6.963891	0.0	0.003053	0.003053	90.0	0.359155	-0.043869	0.361824	-6.963891	346400.144137
130000.0	1.0	0.0	0.0	0.0	-90.0	0.358685	-0.045228	0.361525	-7.186772	0.0	0.00299	0.00299	90.0	0.358685	-0.045228	0.361525	-7.186772	346398.716595
135000.0	1.0	0.0	0.0	0.0	-90.0	0.358229	-0.046587	0.361246	-7.409554	0.0	0.003006	0.003006	90.0	0.358229	-0.046587	0.361246	-7.409554	346397.251964
140000.0	1.0	0.0	0.0	0.0	-90.0	0.357784	-0.047941	0.360982	-7.631912	0.0	0.002973	0.002973	90.0	0.357784	-0.047941	0.360982	-7.631912	346395.816553
145000.0	1.0	0.0	0.0	0.0	-90.0	0.357329	-0.04929	0.360712	-7.853859	0.0	0.002974	0.002974	90.0	0.357329	-0.04929	0.360712	-7.853859	346394.379401
150000.0	1.0	0.0	0.0	0.0	-90.0	0.356858	-0.050629	0.360432	-8.074947	0.0	0.003013	0.003013	90.0	0.356858	-0.050629	0.360432	-8.074947	346392.916108
155000.0	1.0	0.0	0.0	0.0	-90.0	0.356387	-0.051972	0.360157	-8.297001	0.0	0.002994	0.002994	90.0	0.356387	-0.051972	0.360157	-8.297001	346391.500983
160000.0	1.0	0.0	0.0	0.0	-90.0	0.355934	-0.053306	0.359904	-8.51748	0.0	0.003026	0.003026	90.0	0.355934	-0.053306	0.359904	-8.51748	346390.054655
165000.0	1.0	0.0	0.0	0.0	-90.0	0.355491	-0.054645	0.359667	-8.738879	0.0	0.003022	0.003022	90.0	0.355491	-0.054645	0.359667	-8.738879	346388.63416
170000.0	1.0	0.0	0.0	0.0	-90.0	0.355023	-0.05597	0.359408	-8.959109	0.0	0.00305	0.00305	90.0	0.355023	-0.05597	0.359408	-8.959109	346387.188483
175000.0	1.0	0.0	0.0	0.0	-90.0	0.354559	-0.057295	0.359158	-9.179298	0.0	0.003043	0.003043	90.0	0.354559	-0.057295	0.359158	-9.179298	346385.751329
180000.0	1.0	0.0	0.0	0.0	-90.0	0.354066	-0.058608	0.358884	-9.398943	0.0	0.003034	0.003034	90.0	0.354066	-0.058608	0.358884	-9.398943	346384.321468
185000.0	1.0	0.0	0.0	0.0	-90.0	0.353611	-0.059928	0.358653	-9.61882	0.0	0.003034	0.003034	90.0	0.353611	-0.059928	0.358653	-9.61882	346382.818447
190000.0	1.0	0.0	0.0	0.0	-90.0	0.353202	-0.061253	0.358474	-9.838476	0.0	0.003006	0.003006	90.0	0.353202	-0.061253	0.358474	-9.838477	346381.391645
195000.0	1.0	0.0	0.0	0.0	-90.0	0.352799	-0.062577	0.358306	-10.058028	0.0	0.003078	0.003078	90.0	0.352799	-0.062577	0.358306	-10.058027	346379.967628
200000.0	1.0	0.0	0.0	0.0	-90.0	0.352304	-0.063878	0.358048	-10.276977	0.0	0.003071	0.003071	90.0	0.352304	-0.063878	0.358048	-10.27698	346378.499611
205000.0	1.0	0.0	0.0	0.0	-90.0	0.351867	-0.065188	0.357854	-10.495813	0.0	0.003058	0.003058	90.0	0.351867	-0.065188	0.357854	-10.495813	346377.050785
210000.0	1.0	0.0	0.0	0.0	-90.0	0.351413	-0.066493	0.357649	-10.714547	0.0	0.003035	0.003035	90.0	0.351413	-0.066493	0.357649	-10.714547	346375.636272
215000.0	1.0	0.0	0.0	0.0	-90.0	0.350999	-0.0678	0.357488	-10.932768	0.0	0.003092	0.003092	90.0	0.350999	-0.0678	0.357488	-10.932768	346374.179786
220000.0	1.0	0.0	0.0	0.0	-90.0	0.350533	-0.069097	0.357278	-11.15123	0.0	0.003126	0.003126	90.0	0.350533	-0.069097	0.357278	-11.15123	346372.748863
225000.0	1.0	0.0	0.0	0.0	-90.0	0.350034	-0.070385	0.357041	-11.369423	0.0	0.003151	0.003151	90.0	0.350034	-0.070385	0.357041	-11.369423	346371.312616
230000.0	1.0	0.0	0.0	0.0	-90.0	0.349565	-0.071673	0.356837	-11.587047	0.0	0.00315	0.00315	90.0	0.349565	-0.071673	0.356837	-11.587047	346369.88094
235000.0	1.0	0.0	0.0	0.0	-90.0	0.349088	-0.07296	0.356631	-11.805002	0.0	0.003112	0.003112	90.0	0.349088	-0.07296	0.356631	-11.805002	346368.431951
240000.0	1.0	0.0	0.0	0.0	-90.0	0.34861	-0.074244	0.356428	-12.022688	0.0	0.003177	0.003177	90.0	0.34861	-0.074244	0.356428	-12.022688	346366.979669
245000.0	1.0	0.0	0.0	0.0	-90.0	0.348108	-0.075518	0.356205	-12.240016	0.0	0.003213	0.003213	90.0	0.348108	-0.075518	0.356205	-12.240016	346365.532597
250000.0	1.0	0.0	0.0	0.0	-90.0	0.347604	-0.076796	0.355986	-12.458277	0.0	0.003214	0.003214	90.0	0.347604	-0.076796	0.355986	-12.458277	346364.036088
255000.0	1.0	0.0	0.0	0.0	-90.0	0.347113	-0.078063	0.355783	-12.674544	0.0	0.003222	0.003222	90.0	0.347113	-0.078063	0.355783	-12.674543	346362.583341
260000.0	1.0	0.0	0.0	0.0	-90.0	0.346619	-0.079334	0.355582	-12.891843	0.0	0.003243	0.003243	90.0	0.346619	-0.079334	0.355582	-12.891843	346361.12153
265000.0	1.0	0.0	0.0	0.0	-90.0	0.346151	-0.080608	0.355413	-13.108869	0.0	0.00325	0.00325	90.0	0.346151	-0.080608	0.355413	-13.10887	346359.663336
270000.0	1.0	0.0	0.0	0.0	-90.0	0.345645	-0.081871	0.355209	-13.3257	0.0	0.003265	0.003265	90.0	0.345645	-0.081871	0.355209	-13.3257	346358.243272
275000.0	1.0	0.0	0.0	0.0	-90.0	0.345139	-0.083133	0.35501	-13.542768	0.0	0.003303	0.003303	90.0	0.345139	-0.083133	0.35501	-13.542768	346356.808745
280000.0	1.0	0.0	0.0	0.0	-90.0	0.344652	-0.084395	0.354834	-13.759363	0.0	0.003298	0.003298	90.0	0.344652	-0.084395	0.354834	-13.759363	346355.378016
285000.0	1.0	0.0	0.0	0.0	-90.0	0.34414	-0.085652	0.354639	-13.976148	0.0	0.003336	0.003336	90.0	0.34414	-0.085652	0.354639	-13.976148	346353.892279
290000.0	1.0	0.0	0.0	0.0	-90.0	0.34364	-0.086907	0.354459	-14.192538	0.0	0.003307	0.003307	90.0	0.34364	-0.086907	0.354459	-14.192538	346352.469108
295000.0	1.0	0.0	0.0	0.0	-90.0	0.343113	-0.088154	0.354256	-14.409043	0.0	0.003391	0.003391	90.0	0.343113	-0.088154	0.354256	-14.409045	346351.027855
300000.0	1.0	0.0	0.0	0.0	-90.0	0.342598	-0.089406	0.354071	-14.625931	0.0	0.003392	0.003392	90.0	0.342598	-0.089406	0.354071	-14.625931	346349.597967
305000.0	1.0	0.0	0.0	0.0	-90.0	0.342087	-0.090651	0.353894	-14.841885	0.0	0.003418	0.003418	90.0	0.342087	-0.090651	0.353894	-14.841884	346348.156567
310000.0	1.0	0.0	0.0	0.0	-90.0	0.341544	-0.091889	0.353689	-15.058346	0.0	0.003435	0.003435	90.0	0.341544	-0.091889	0.353689	-15.058346	346346.71703
315000.0	1.0	0.0	0.0	0.0	-90.0	0.341025	-0.093132	0.353513	-15.274719	0.0	0.003396	0.003396	90.0	0.341025	-0.093132	0.353513	-15.274719	346345.274778
320000.0	1.0	0.0	0.0	0.0	-90.0	0.340486	-0.094366	0.353321	-15.490782	0.0	0.003393	0.003393	90.0	0.340485	-0.094366	0.35332	-15.490789	346343.848531
325000.0	1.0	0.0	0.0	0.0	-90.0	0.339933	-0.095597	0.35312	-15.707275	0.0	0.003446	0.003446	90.0	0.339933	-0.095597	0.35312	-15.707275	346342.398425
330000.0	1.0	0.0	0.0	0.0	-90.0	0.339385	-0.096826	0.352927	-15.923345	0.0	0.003466	0.003466	90.0	0.339385	-0.096826	0.352927	-15.923345	346340.951492
335000.0	1.0	0.0	0.0	0.0	-90.0	0.338873	-0.098064	0.352776	-16.139547	0.0	0.00349	0.00349	90.0	0.338873	-0.098064	0.352776	-16.139547	346339.482589
340000.0	1.0	0.0	0.0	0.0	-90.0	0.338368	-0.099303	0.352639	-16.355699	0.0	0.003477	0.003477	90.0	0.338368	-0.099303	0.352639	-16.355699	346338.063796
345000.0	1.0	0.0	0.0	0.0	-90.0	0.337812	-0.100526	0.352452	-16.571993	0.0	0.003572	0.003572	90.0	0.337812	-0.100526	0.352452	-16.571993	346336.619895
350000.0	1.0	0.0	0.0	0.0	-90.0	0.337264	-0.101746	0.352278	-16.787611	0.0	0.003554	0.003554	90.0	0.337264	-0.101746	0.352278	-16.787611	346335.174442
355000.0	1.0	0.0	0.0	0.0	-90.0	0.336714	-0.102968	0.352107	-17.003728	0.0	0.003615	0.003615	90.0	0.336714	-0.102968	0.352107	-17.003728	346333.723444
360000.0	1.0	0.0	0.0	0.0	-90.0	0.336191	-0.104192	0.351966	-17.219269	0.0	0.003595	0.003595	90.0	0.336191	-0.104192	0.351966	-17.219269	346332.296809
365000.0	1.0	0.0	0.0	0.0	-90.0	0.335632	-0.105412	0.351796	-17.435883	0.0	0.00364	0.00364	90.0	0.335632	-0.105412	0.351796	-17.435883	346330.853056
370000.0	1.0	0.0	0.0	0.0	-90.0	0.335064	-0.106623	0.35162	-17.651873	0.0	0.003609	0.003609	90.0	0.335064	-0.106623	0.35162	-17.651873	346329.381696
375000.0	1.0	0.0	0.0	0.0	-90.0	0.334529	-0.107844	0.351482	-17.868105	0.0	0.003656	0.003656	90.0	0.334529	-0.107844	0.351482	-17.868106	346327.949957
380000.0	1.0	0.0	0.0	0.0	-90.0	0.333943	-0.109047	0.351296	-18.084159	0.0	0.003678	0.003678	90.0	0.333943	-0.109047	0.351296	-18.084159	346326.515897
385000.0	1.0	0.0	0.0	0.0	-90.0	0.33335	-0.110245	0.351107	-18.299928	0.0	0.003701	0.003701	90.0	0.33335	-0.110244	0.351107	-18.299927	346325.060585
390000.0	1.0	0.0	0.0	0.0	-90.0	0.332768	-0.111447	0.350934	-18.516131	0.0	0.003748	0.003748	90.0	0.332768	-0.111447	0.350934	-18.516131	346323.600378
395000.0	1.0	0.0	0.0	0.0	-90.0	0.332192	-0.112648	0.350772	-18.732052	0.0	0.003773	0.003773	90.0	0.332192	-0.112648	0.350772	-18.732048	346322.154943
400000.0	1.0	0.0	0.0	0.0	-90.0	0.331608	-0.113846	0.350607	-18.948092	0.0	0.003794	0.003794	90.0	0.331608	-0.113846	0.350607	-18.948092	346320.712649
405000.0	1.0	0.0	0.0	0.0	-90.0	0.331005	-0.115037	0.350425	-19.1644	0.0	0.003845	0.003845	90.0	0.331005	-0.115037	0.350425	-19.1644	346319.286569
410000.0	1.0	0.0	0.0	0.0	-90.0	0.330406	-0.11623	0.350254	-19.380735	0.0	0.003824	0.003824	90.0	0.330406	-0.11623	0.350254	-19.380735	346317.854798
415000.0	1.0	0.0	0.0	0.0	-90.0	0.329817	-0.117423	0.350096	-19.596983	0.0	0.00391	0.00391	90.0	0.329817	-0.117423	0.350096	-19.596983	346316.40754
420000.0	1.0	0.0	0.0	0.0	-90.0	0.329207	-0.11861	0.349923	-19.813575	0.0	0.00399	0.00399	90.0	0.329207	-0.11861	0.349923	-19.813575	346314.978455
425000.0	1.0	0.0	0.0	0.0	-90.0	0.328588	-0.119791	0.349743	-20.029999	0.0	0.00404	0.00404	90.0	0.328588	-0.119791	0.349743	-20.029999	346313.546884
430000.0	1.0	0.0	0.0	0.0	-90.0	0.327975	-0.120973	0.349574	-20.24647	0.0	0.004042	0.004042	90.0	0.327975	-0.120973	0.349574	-20.24647	346312.123837
435000.0	1.0	0.0	0.0	0.0	-90.0	0.327343	-0.122146	0.349389	-20.46283	0.0	0.004089	0.004089	90.0	0.327343	-0.122146	0.349389	-20.46283	346310.663049
440000.0	1.0	0.0	0.0	0.0	-90.0	0.326718	-0.123323	0.349218	-20.679518	0.0	0.004149	0.004149	90.0	0.326718	-0.123323	0.349218	-20.679518	346309.210174
445000.0	1.0	0.0	0.0	0.0	-90.0	0.326082	-0.124496	0.349039	-20.8966	0.0	0.004212	0.004212	90.0	0.326082	-0.124496	0.349039	-20.8966	346307.772972
450000.0	1.0	0.0	0.0	0.0	-90.0	0.325448	-0.125665	0.348867	-21.113119	0.0	0.00425	0.00425	90.0	0.325448	-0.125666	0.348867	-21.113123	346306.347319
455000.0	1.0	0.0	0.0	0.0	-90.0	0.324786	-0.126827	0.34867	-21.330328	0.0	0.004291	0.004291	90.0	0.324786	-0.126827	0.34867	-21.330333	346304.897
460000.0	1.0	0.0	0.0	0.0	-90.0	0.324151	-0.128	0.348508	-21.548026	0.0	0.004332	0.004332	90.0	0.324151	-0.128	0.348508	-21.548026	346303.472438
465000.0	1.0	0.0	0.0	0.0	-90.0	0.323509	-0.129165	0.348341	-21.765033	0.0	0.004393	0.004393	90.0	0.323509	-0.129165	0.348341	-21.765033	346302.017322
470000.0	1.0	0.0	0.0	0.0	-90.0	0.322865	-0.130327	0.348176	-21.981902	0.0	0.004491	0.004491	90.0	0.322865	-0.130327	0.348176	-21.981902	346300.572806
475000.0	1.0	0.0	0.0	0.0	-90.0	0.322216	-0.131481	0.34801	-22.198044	0.0	0.00457	0.00457	90.0	0.322216	-0.131481	0.34801	-22.198044	346299.111218
480000.0	1.0	0.0	0.0	0.0	-90.0	0.321547	-0.132653	0.347835	-22.418478	0.0	0.004641	0.004641	90.0	0.321547	-0.132653	0.347835	-22.418479	346297.584711
485000.0	1.0	0.0	0.0	0.0	-90.0	0.32088	-0.133808	0.347662	-22.636332	0.0	0.004809	0.004809	90.0	0.32088	-0.133808	0.347662	-22.636332	346296.161025
490000.0	1.0	0.0	0.0	0.0	-90.0	0.320193	-0.134958	0.347473	-22.854969	0.0	0.005432	0.005432	90.0	0.320193	-0.134958	0.347473	-22.854969	346294.6799
495000.0	1.0	0.0	0.0	0.0	-90.0	0.319498	-0.136109	0.347282	-23.074411	0.0	0.002946	0.002946	90.0	0.319498	-0.136109	0.347282	-23.074411	346293.269951
500000.0	1.0	0.0	0.0	0.0	-90.0	0.318754	-0.137265	0.347053	-23.298245	0.0	0.00431	0.00431	90.0	0.318754	-0.137265	0.347053	-23.298246	346291.83325
