# Oscilator_frequency (Hz)	DemodAll_A (-)	Demod_1_X_A (A)	Demod_1_Y_A (A)	Demod_1__R_A (A)	Demod_1__Theta_A (deg)	Demod_2_X_A (A)	Demod_2_Y_A (A)	Demod_2__R_A (A)	Demod_2__Theta_A (deg)	Demod_3_X_A (V)	Demod_3_Y_A (V)	Demod_3__R_A (V)	Demod_3__Theta_A (deg)	Demod_4_X_A (V)	Demod_4_Y_A (V)	Demod_4__R_A (V)	Demod_4__Theta_A (deg)	Timer_GET (s)	
5000.000000	 1.000000	 0.000000	 -0.000000	 0.000000	 -90.000000	 -0.000000	 0.000000	 0.000000	 132.289740	 0.000000	 0.402070	 0.402070	 90.000000	 0.202411	 -0.006198	 0.202506	 -1.753825	 89289.153839	
4950.000000	 1.000000	 0.000000	 -0.000000	 0.000000	 -90.000000	 0.000000	 -0.000000	 0.000000	 -87.249965	 0.000000	 0.425562	 0.425562	 90.000000	 0.202454	 -0.006157	 0.202547	 -1.741946	 89290.587469	
4900.000000	 1.000000	 0.000000	 -0.000000	 0.000000	 -90.000000	 0.000000	 0.000000	 0.000000	 16.577983	 0.000000	 0.459561	 0.459561	 90.000000	 0.202503	 -0.006157	 0.202596	 -1.741531	 89292.031103	
4850.000000	 1.000000	 0.000000	 -0.000000	 0.000000	 -90.000000	 0.000000	 -0.000000	 0.000000	 -7.637404	 0.000000	 0.539238	 0.539238	 90.000000	 0.202552	 -0.006183	 0.202646	 -1.748324	 89293.433615	
4800.000000	 1.000000	 0.000000	 -0.000000	 0.000000	 -90.000000	 0.000000	 0.000000	 0.000000	 77.902349	 0.000000	 0.624375	 0.624375	 90.000000	 0.202610	 -0.006227	 0.202706	 -1.760429	 89294.913714	
4750.000000	 1.000000	 0.000000	 -0.000000	 0.000000	 -90.000000	 -0.000000	 0.000000	 0.000000	 143.439573	 0.000000	 0.699928	 0.699928	 90.000000	 0.202671	 -0.006283	 0.202768	 -1.775770	 89296.355309	
4700.000000	 1.000000	 0.000000	 -0.000000	 0.000000	 -90.000000	 -0.000000	 -0.000000	 0.000000	 -123.418545	 0.000000	 0.774513	 0.774513	 90.000000	 0.202706	 -0.006342	 0.202805	 -1.792150	 89297.820155	
4650.000000	 1.000000	 0.000000	 -0.000000	 0.000000	 -90.000000	 -0.000000	 0.000000	 0.000000	 105.727049	 0.000000	 0.835677	 0.835677	 90.000000	 0.202754	 -0.006402	 0.202855	 -1.808599	 89299.265660	
4600.000000	 1.000000	 0.000000	 -0.000000	 0.000000	 -90.000000	 -0.000000	 -0.000000	 0.000000	 -132.307660	 0.000000	 0.892656	 0.892656	 90.000000	 0.202801	 -0.006468	 0.202904	 -1.826750	 89300.696629	
4550.000000	 1.000000	 0.000000	 -0.000000	 0.000000	 -90.000000	 -0.000000	 -0.000000	 0.000000	 -107.011837	 0.000000	 0.940634	 0.940634	 90.000000	 0.202853	 -0.006528	 0.202958	 -1.843115	 89302.137561	
4500.000000	 1.000000	 0.000000	 -0.000000	 0.000000	 -90.000000	 -0.000000	 -0.000000	 0.000000	 -119.394212	 0.000000	 0.983155	 0.983155	 90.000000	 0.202902	 -0.006590	 0.203009	 -1.860101	 89303.599021	
4450.000000	 1.000000	 0.000000	 -0.000000	 0.000000	 -90.000000	 -0.000000	 0.000000	 0.000000	 142.259622	 0.000000	 1.019907	 1.019907	 90.000000	 0.202953	 -0.006646	 0.203061	 -1.875584	 89305.037899	
4400.000000	 1.000000	 0.000000	 -0.000000	 0.000000	 -90.000000	 0.000000	 0.000000	 0.000000	 81.002356	 0.000000	 1.052467	 1.052467	 90.000000	 0.202990	 -0.006703	 0.203101	 -1.891318	 89306.541529	
4350.000000	 1.000000	 0.000000	 -0.000000	 0.000000	 -90.000000	 -0.000000	 -0.000000	 0.000000	 -128.537442	 0.000000	 1.080642	 1.080642	 90.000000	 0.203034	 -0.006753	 0.203147	 -1.905102	 89308.010120	
4300.000000	 1.000000	 0.000000	 -0.000000	 0.000000	 -90.000000	 0.000000	 -0.000000	 0.000000	 -64.726043	 0.000000	 1.105526	 1.105526	 90.000000	 0.203096	 -0.006808	 0.203210	 -1.919932	 89309.447327	
4250.000000	 1.000000	 0.000000	 -0.000000	 0.000000	 -90.000000	 -0.000000	 -0.000000	 0.000000	 -103.800482	 0.000000	 1.127680	 1.127680	 90.000000	 0.203142	 -0.006855	 0.203258	 -1.932643	 89310.906892	
4200.000000	 1.000000	 0.000000	 -0.000000	 0.000000	 -90.000000	 -0.000000	 -0.000000	 0.000000	 -138.123764	 0.000000	 1.147692	 1.147692	 90.000000	 0.203179	 -0.006903	 0.203296	 -1.945878	 89312.357908	
4150.000000	 1.000000	 0.000000	 -0.000000	 0.000000	 -90.000000	 -0.000000	 -0.000000	 0.000000	 -169.089797	 0.000000	 1.165299	 1.165299	 90.000000	 0.203218	 -0.006949	 0.203337	 -1.958409	 89313.810532	
4100.000000	 1.000000	 0.000000	 -0.000000	 0.000000	 -90.000000	 0.000000	 -0.000000	 0.000000	 -77.460489	 0.000000	 1.181459	 1.181459	 90.000000	 0.203263	 -0.006996	 0.203384	 -1.971207	 89315.248786	
4050.000000	 1.000000	 0.000000	 -0.000000	 0.000000	 -90.000000	 -0.000000	 -0.000000	 0.000000	 -104.509522	 0.000000	 1.196085	 1.196085	 90.000000	 0.203319	 -0.007040	 0.203441	 -1.983178	 89316.698523	
4000.000000	 1.000000	 0.000000	 -0.000000	 0.000000	 -90.000000	 -0.000000	 -0.000000	 0.000000	 -178.373543	 0.000000	 1.209000	 1.209000	 90.000000	 0.203368	 -0.007085	 0.203491	 -1.995340	 89318.141349	
3950.000000	 1.000000	 0.000000	 -0.000000	 0.000000	 -90.000000	 -0.000000	 -0.000000	 0.000000	 -164.159328	 0.000000	 1.221182	 1.221182	 90.000000	 0.203426	 -0.007132	 0.203551	 -2.007920	 89319.591824	
3900.000000	 1.000000	 0.000000	 -0.000000	 0.000000	 -90.000000	 0.000000	 -0.000000	 0.000000	 -12.229757	 0.000000	 1.231981	 1.231981	 90.000000	 0.203475	 -0.007174	 0.203602	 -2.019399	 89321.048298	
3850.000000	 1.000000	 0.000000	 -0.000000	 0.000000	 -90.000000	 -0.000000	 -0.000000	 0.000000	 -130.087852	 0.000000	 1.242742	 1.242742	 90.000000	 0.203546	 -0.007219	 0.203674	 -2.031321	 89322.515844	
3800.000000	 1.000000	 0.000000	 -0.000000	 0.000000	 -90.000000	 -0.000000	 -0.000000	 0.000000	 -156.448752	 0.000000	 1.252145	 1.252145	 90.000000	 0.203581	 -0.007265	 0.203710	 -2.043742	 89323.966339	
3750.000000	 1.000000	 0.000000	 -0.000000	 0.000000	 -90.000000	 0.000000	 0.000000	 0.000000	 4.807141	 0.000000	 1.260901	 1.260901	 90.000000	 0.203641	 -0.007307	 0.203772	 -2.054996	 89325.412181	
3700.000000	 1.000000	 0.000000	 -0.000000	 0.000000	 -90.000000	 -0.000000	 -0.000000	 0.000000	 -134.101810	 0.000000	 1.268662	 1.268662	 90.000000	 0.203681	 -0.007354	 0.203814	 -2.067655	 89326.886946	
3650.000000	 1.000000	 0.000000	 -0.000000	 0.000000	 -90.000000	 0.000000	 -0.000000	 0.000000	 -39.751094	 0.000000	 1.276298	 1.276298	 90.000000	 0.203738	 -0.007394	 0.203872	 -2.078476	 89328.338896	
3600.000000	 1.000000	 0.000000	 -0.000000	 0.000000	 -90.000000	 0.000000	 -0.000000	 0.000000	 -64.858693	 0.000000	 1.283421	 1.283421	 90.000000	 0.203791	 -0.007438	 0.203927	 -2.090336	 89329.809373	
3550.000000	 1.000000	 0.000000	 -0.000000	 0.000000	 -90.000000	 -0.000000	 -0.000000	 0.000000	 -115.103624	 0.000000	 1.289337	 1.289337	 90.000000	 0.203853	 -0.007487	 0.203990	 -2.103368	 89331.251731	
3500.000000	 1.000000	 0.000000	 -0.000000	 0.000000	 -90.000000	 -0.000000	 0.000000	 0.000000	 179.022904	 0.000000	 1.295482	 1.295482	 90.000000	 0.203915	 -0.007530	 0.204054	 -2.114858	 89332.680334	
3450.000000	 1.000000	 0.000000	 -0.000000	 0.000000	 -90.000000	 0.000000	 0.000000	 0.000000	 30.154437	 0.000000	 1.300962	 1.300962	 90.000000	 0.203970	 -0.007580	 0.204110	 -2.128307	 89334.139338	
3400.000000	 1.000000	 0.000000	 -0.000000	 0.000000	 -90.000000	 0.000000	 -0.000000	 0.000000	 -0.641427	 0.000000	 1.306163	 1.306163	 90.000000	 0.204028	 -0.007616	 0.204170	 -2.137768	 89335.575423	
3350.000000	 1.000000	 0.000000	 -0.000000	 0.000000	 -90.000000	 -0.000000	 0.000000	 0.000000	 170.719296	 0.000000	 1.311184	 1.311184	 90.000000	 0.204095	 -0.007667	 0.204239	 -2.151451	 89337.033913	
3300.000000	 1.000000	 0.000000	 -0.000000	 0.000000	 -90.000000	 -0.000000	 -0.000000	 0.000000	 -122.877494	 0.000000	 1.315541	 1.315541	 90.000000	 0.204149	 -0.007714	 0.204295	 -2.164090	 89338.473240	
3250.000000	 1.000000	 0.000000	 -0.000000	 0.000000	 -90.000000	 0.000000	 -0.000000	 0.000000	 -63.575325	 0.000000	 1.319563	 1.319563	 90.000000	 0.204205	 -0.007762	 0.204352	 -2.176705	 89339.913911	
3200.000000	 1.000000	 0.000000	 -0.000000	 0.000000	 -90.000000	 -0.000000	 -0.000000	 0.000000	 -144.584438	 0.000000	 1.323747	 1.323747	 90.000000	 0.204257	 -0.007808	 0.204406	 -2.189251	 89341.351931	
3150.000000	 1.000000	 0.000000	 -0.000000	 0.000000	 -90.000000	 -0.000000	 -0.000000	 0.000000	 -94.767055	 0.000000	 1.327598	 1.327598	 90.000000	 0.204304	 -0.007857	 0.204455	 -2.202424	 89342.820581	
3100.000000	 1.000000	 0.000000	 -0.000000	 0.000000	 -90.000000	 0.000000	 0.000000	 0.000000	 86.277745	 0.000000	 1.331161	 1.331161	 90.000000	 0.204365	 -0.007910	 0.204518	 -2.216477	 89344.286126	
3050.000000	 1.000000	 0.000000	 -0.000000	 0.000000	 -90.000000	 -0.000000	 -0.000000	 0.000000	 -171.555235	 0.000000	 1.334589	 1.334589	 90.000000	 0.204432	 -0.007963	 0.204587	 -2.230513	 89345.763564	
3000.000000	 1.000000	 0.000000	 -0.000000	 0.000000	 -90.000000	 -0.000000	 -0.000000	 0.000000	 -100.756009	 0.000000	 1.337840	 1.337840	 90.000000	 0.204493	 -0.008020	 0.204650	 -2.245894	 89347.222873	
2950.000000	 1.000000	 0.000000	 -0.000000	 0.000000	 -90.000000	 0.000000	 -0.000000	 0.000000	 -83.172815	 0.000000	 1.340895	 1.340895	 90.000000	 0.204566	 -0.008074	 0.204725	 -2.260368	 89348.668494	
2900.000000	 1.000000	 0.000000	 -0.000000	 0.000000	 -90.000000	 -0.000000	 0.000000	 0.000000	 170.632624	 0.000000	 1.343502	 1.343502	 90.000000	 0.204627	 -0.008128	 0.204788	 -2.274583	 89350.112263	
2850.000000	 1.000000	 0.000000	 -0.000000	 0.000000	 -90.000000	 -0.000000	 -0.000000	 0.000000	 -163.760577	 0.000000	 1.346288	 1.346288	 90.000000	 0.204692	 -0.008178	 0.204855	 -2.287949	 89351.563330	
2800.000000	 1.000000	 0.000000	 -0.000000	 0.000000	 -90.000000	 -0.000000	 -0.000000	 0.000000	 -116.099758	 0.000000	 1.348821	 1.348821	 90.000000	 0.204779	 -0.008246	 0.204944	 -2.305855	 89352.996242	
2750.000000	 1.000000	 0.000000	 -0.000000	 0.000000	 -90.000000	 -0.000000	 -0.000000	 0.000000	 -159.435667	 0.000000	 1.351014	 1.351014	 90.000000	 0.204845	 -0.008298	 0.205013	 -2.319636	 89354.425787	
2700.000000	 1.000000	 0.000000	 -0.000000	 0.000000	 -90.000000	 -0.000000	 0.000000	 0.000000	 137.821405	 0.000000	 1.353263	 1.353263	 90.000000	 0.204929	 -0.008368	 0.205100	 -2.338250	 89355.873899	
2650.000000	 1.000000	 0.000000	 -0.000000	 0.000000	 -90.000000	 -0.000000	 -0.000000	 0.000000	 -114.139266	 0.000000	 1.355740	 1.355740	 90.000000	 0.205021	 -0.008434	 0.205194	 -2.355664	 89357.334473	
2600.000000	 1.000000	 0.000000	 -0.000000	 0.000000	 -90.000000	 -0.000000	 -0.000000	 0.000000	 -118.884680	 0.000000	 1.357728	 1.357728	 90.000000	 0.205105	 -0.008499	 0.205281	 -2.372830	 89358.777476	
2550.000000	 1.000000	 0.000000	 -0.000000	 0.000000	 -90.000000	 -0.000000	 -0.000000	 0.000000	 -170.316392	 0.000000	 1.359881	 1.359881	 90.000000	 0.205183	 -0.008560	 0.205362	 -2.388926	 89360.250461	
2500.000000	 1.000000	 0.000000	 -0.000000	 0.000000	 -90.000000	 -0.000000	 -0.000000	 0.000000	 -164.703705	 0.000000	 1.361611	 1.361611	 90.000000	 0.205274	 -0.008636	 0.205456	 -2.409149	 89361.683463	
2450.000000	 1.000000	 0.000000	 -0.000000	 0.000000	 -90.000000	 0.000000	 -0.000000	 0.000000	 -53.493554	 0.000000	 1.363460	 1.363460	 90.000000	 0.205366	 -0.008713	 0.205551	 -2.429402	 89363.117089	
2400.000000	 1.000000	 0.000000	 -0.000000	 0.000000	 -90.000000	 -0.000000	 -0.000000	 0.000000	 -144.397363	 0.000000	 1.365196	 1.365196	 90.000000	 0.205453	 -0.008780	 0.205641	 -2.447117	 89364.562628	
2350.000000	 1.000000	 0.000000	 -0.000000	 0.000000	 -90.000000	 0.000000	 0.000000	 0.000000	 59.902582	 0.000000	 1.366816	 1.366816	 90.000000	 0.205529	 -0.008847	 0.205719	 -2.464733	 89366.029621	
2300.000000	 1.000000	 0.000000	 -0.000000	 0.000000	 -90.000000	 0.000000	 -0.000000	 0.000000	 -74.266423	 0.000000	 1.368691	 1.368691	 90.000000	 0.205633	 -0.008939	 0.205827	 -2.489063	 89367.453221	
2250.000000	 1.000000	 0.000000	 -0.000000	 0.000000	 -90.000000	 -0.000000	 0.000000	 0.000000	 130.030549	 0.000000	 1.369884	 1.369884	 90.000000	 0.205740	 -0.009009	 0.205937	 -2.507354	 89368.932046	
2200.000000	 1.000000	 0.000000	 -0.000000	 0.000000	 -90.000000	 -0.000000	 -0.000000	 0.000000	 -172.369658	 0.000000	 1.371405	 1.371405	 90.000000	 0.205837	 -0.009107	 0.206039	 -2.533331	 89370.363368	
2150.000000	 1.000000	 0.000000	 -0.000000	 0.000000	 -90.000000	 -0.000000	 -0.000000	 0.000000	 -106.092459	 0.000000	 1.372744	 1.372744	 90.000000	 0.205955	 -0.009188	 0.206160	 -2.554340	 89371.789299	
2100.000000	 1.000000	 0.000000	 -0.000000	 0.000000	 -90.000000	 0.000000	 -0.000000	 0.000000	 -55.325367	 0.000000	 1.374077	 1.374077	 90.000000	 0.206055	 -0.009287	 0.206265	 -2.580654	 89373.249804	
2050.000000	 1.000000	 0.000000	 -0.000000	 0.000000	 -90.000000	 -0.000000	 -0.000000	 0.000000	 -126.144554	 0.000000	 1.375559	 1.375559	 90.000000	 0.206186	 -0.009394	 0.206400	 -2.608599	 89374.692721	
2000.000000	 1.000000	 0.000000	 -0.000000	 0.000000	 -90.000000	 -0.000000	 -0.000000	 0.000000	 -102.931374	 0.000000	 1.376698	 1.376698	 90.000000	 0.206297	 -0.009490	 0.206515	 -2.633919	 89376.144578	
1950.000000	 1.000000	 0.000000	 -0.000000	 0.000000	 -90.000000	 0.000000	 -0.000000	 0.000000	 -24.796553	 0.000000	 1.377786	 1.377786	 90.000000	 0.206407	 -0.009600	 0.206630	 -2.663027	 89377.615985	
1900.000000	 1.000000	 0.000000	 -0.000000	 0.000000	 -90.000000	 -0.000000	 -0.000000	 0.000000	 -162.475869	 0.000000	 1.378926	 1.378926	 90.000000	 0.206538	 -0.009691	 0.206765	 -2.686369	 89379.071219	
1850.000000	 1.000000	 0.000000	 -0.000000	 0.000000	 -90.000000	 -0.000000	 -0.000000	 0.000000	 -99.852013	 0.000000	 1.380236	 1.380236	 90.000000	 0.206651	 -0.009793	 0.206883	 -2.713138	 89380.548857	
1800.000000	 1.000000	 0.000000	 -0.000000	 0.000000	 -90.000000	 -0.000000	 -0.000000	 0.000000	 -138.889454	 0.000000	 1.381174	 1.381174	 90.000000	 0.206794	 -0.009920	 0.207032	 -2.746266	 89381.951411	
1750.000000	 1.000000	 0.000000	 -0.000000	 0.000000	 -90.000000	 -0.000000	 -0.000000	 0.000000	 -151.278418	 0.000000	 1.382425	 1.382425	 90.000000	 0.206939	 -0.010046	 0.207183	 -2.779363	 89383.392459	
1700.000000	 1.000000	 0.000000	 -0.000000	 0.000000	 -90.000000	 -0.000000	 -0.000000	 0.000000	 -166.793864	 0.000000	 1.383279	 1.383279	 90.000000	 0.207089	 -0.010168	 0.207339	 -2.810969	 89384.838899	
1650.000000	 1.000000	 0.000000	 -0.000000	 0.000000	 -90.000000	 -0.000000	 0.000000	 0.000000	 177.986140	 0.000000	 1.384219	 1.384219	 90.000000	 0.207308	 -0.010330	 0.207565	 -2.852631	 89386.281940	
1600.000000	 1.000000	 0.000000	 -0.000000	 0.000000	 -90.000000	 -0.000000	 -0.000000	 0.000000	 -164.294890	 0.000000	 1.385146	 1.385146	 90.000000	 0.207426	 -0.010444	 0.207688	 -2.882374	 89387.700148	
1550.000000	 1.000000	 0.000000	 -0.000000	 0.000000	 -90.000000	 -0.000000	 -0.000000	 0.000000	 -111.414257	 0.000000	 1.385678	 1.385678	 90.000000	 0.207650	 -0.010562	 0.207918	 -2.911865	 89389.162437	
1500.000000	 1.000000	 0.000000	 -0.000000	 0.000000	 -90.000000	 0.000000	 -0.000000	 0.000000	 -72.147462	 0.000000	 1.386589	 1.386589	 90.000000	 0.207773	 -0.010744	 0.208051	 -2.960002	 89390.605975	
1450.000000	 1.000000	 0.000000	 -0.000000	 0.000000	 -90.000000	 -0.000000	 -0.000000	 0.000000	 -102.345857	 0.000000	 1.387298	 1.387298	 90.000000	 0.207988	 -0.010903	 0.208274	 -3.000879	 89392.028674	
1400.000000	 1.000000	 0.000000	 -0.000000	 0.000000	 -90.000000	 -0.000000	 0.000000	 0.000000	 167.059128	 0.000000	 1.388213	 1.388213	 90.000000	 0.208176	 -0.011096	 0.208472	 -3.051134	 89393.507944	
1350.000000	 1.000000	 0.000000	 -0.000000	 0.000000	 -90.000000	 -0.000000	 -0.000000	 0.000000	 -148.083956	 0.000000	 1.389008	 1.389008	 90.000000	 0.208376	 -0.011290	 0.208682	 -3.101246	 89394.981850	
1300.000000	 1.000000	 0.000000	 -0.000000	 0.000000	 -90.000000	 -0.000000	 0.000000	 0.000000	 116.287717	 0.000000	 1.389739	 1.389739	 90.000000	 0.208598	 -0.011477	 0.208913	 -3.149222	 89396.448754	
1250.000000	 1.000000	 0.000000	 -0.000000	 0.000000	 -90.000000	 0.000000	 0.000000	 0.000000	 42.314989	 0.000000	 1.390394	 1.390394	 90.000000	 0.208818	 -0.011627	 0.209141	 -3.186818	 89397.891064	
1200.000000	 1.000000	 0.000000	 -0.000000	 0.000000	 -90.000000	 -0.000000	 0.000000	 0.000000	 157.313245	 0.000000	 1.391004	 1.391004	 90.000000	 0.209095	 -0.011891	 0.209432	 -3.254718	 89399.339154	
1150.000000	 1.000000	 0.000000	 -0.000000	 0.000000	 -90.000000	 -0.000000	 0.000000	 0.000000	 162.828101	 0.000000	 1.391874	 1.391874	 90.000000	 0.209365	 -0.012138	 0.209716	 -3.318163	 89400.818252	
1100.000000	 1.000000	 0.000000	 -0.000000	 0.000000	 -90.000000	 0.000000	 0.000000	 0.000000	 81.780480	 0.000000	 1.392531	 1.392531	 90.000000	 0.209653	 -0.012357	 0.210017	 -3.373120	 89402.230389	
1050.000000	 1.000000	 0.000000	 -0.000000	 0.000000	 -90.000000	 -0.000000	 -0.000000	 0.000000	 -172.504130	 0.000000	 1.393380	 1.393380	 90.000000	 0.209950	 -0.012557	 0.210325	 -3.422834	 89403.674686	
1000.000000	 1.000000	 0.000000	 -0.000000	 0.000000	 -90.000000	 -0.000000	 -0.000000	 0.000000	 -165.608438	 0.000000	 1.393778	 1.393778	 90.000000	 0.210281	 -0.012845	 0.210673	 -3.495695	 89405.114081	
950.000000	 1.000000	 0.000000	 -0.000000	 0.000000	 -90.000000	 -0.000000	 -0.000000	 0.000000	 -158.411005	 0.000000	 1.394524	 1.394524	 90.000000	 0.210638	 -0.013154	 0.211048	 -3.573433	 89406.583820	
900.000000	 1.000000	 0.000000	 -0.000000	 0.000000	 -90.000000	 0.000000	 -0.000000	 0.000000	 -39.359172	 0.000000	 1.395120	 1.395120	 90.000000	 0.211064	 -0.013465	 0.211493	 -3.650331	 89408.004680	
850.000000	 1.000000	 0.000000	 -0.000000	 0.000000	 -90.000000	 -0.000000	 -0.000000	 0.000000	 -156.192668	 0.000000	 1.395625	 1.395625	 90.000000	 0.211504	 -0.013918	 0.211962	 -3.764812	 89409.463894	
800.000000	 1.000000	 0.000000	 -0.000000	 0.000000	 -90.000000	 -0.000000	 -0.000000	 0.000000	 -121.160757	 0.000000	 1.395943	 1.395943	 90.000000	 0.211949	 -0.014236	 0.212426	 -3.842491	 89410.895946	
750.000000	 1.000000	 0.000000	 -0.000000	 0.000000	 -90.000000	 0.000000	 0.000000	 0.000000	 35.894305	 0.000000	 1.396660	 1.396660	 90.000000	 0.212565	 -0.014560	 0.213063	 -3.918378	 89412.350422	
700.000000	 1.000000	 0.000000	 -0.000000	 0.000000	 -90.000000	 0.000000	 -0.000000	 0.000000	 -30.560585	 0.000000	 1.397060	 1.397060	 90.000000	 0.212976	 -0.015108	 0.213512	 -4.057677	 89413.808347	
650.000000	 1.000000	 0.000000	 -0.000000	 0.000000	 -90.000000	 -0.000000	 0.000000	 0.000000	 94.564839	 0.000000	 1.397781	 1.397781	 90.000000	 0.213483	 -0.015471	 0.214043	 -4.145017	 89415.259356	
600.000000	 1.000000	 0.000000	 -0.000000	 0.000000	 -90.000000	 -0.000000	 -0.000000	 0.000000	 -104.592941	 0.000000	 1.398365	 1.398365	 90.000000	 0.214253	 -0.016089	 0.214856	 -4.294532	 89416.666736	
550.000000	 1.000000	 0.000000	 -0.000000	 0.000000	 -90.000000	 -0.000000	 0.000000	 0.000000	 170.723173	 0.000000	 1.398701	 1.398701	 90.000000	 0.215122	 -0.016673	 0.215767	 -4.431874	 89418.136008	
500.000000	 1.000000	 0.000000	 -0.000000	 0.000000	 -90.000000	 0.000000	 -0.000000	 0.000000	 -66.421393	 0.000000	 1.399189	 1.399189	 90.000000	 0.215914	 -0.017445	 0.216617	 -4.619168	 89419.590393	
450.000000	 1.000000	 0.000000	 -0.000000	 0.000000	 -90.000000	 0.000000	 0.000000	 0.000000	 42.653386	 0.000000	 1.399621	 1.399621	 90.000000	 0.217307	 -0.017991	 0.218051	 -4.732850	 89421.024353	
400.000000	 1.000000	 0.000000	 -0.000000	 0.000000	 -90.000000	 0.000000	 -0.000000	 0.000000	 -60.363852	 0.000000	 1.399857	 1.399857	 90.000000	 0.218215	 -0.019174	 0.219056	 -5.021631	 89422.477749	
350.000000	 1.000000	 0.000000	 -0.000000	 0.000000	 -90.000000	 -0.000000	 -0.000000	 0.000000	 -177.264510	 0.000000	 1.400046	 1.400046	 90.000000	 0.220406	 -0.020639	 0.221370	 -5.349664	 89423.937200	
300.000000	 1.000000	 0.000000	 -0.000000	 0.000000	 -90.000000	 -0.000000	 -0.000000	 0.000000	 -151.307553	 0.000000	 1.400460	 1.400460	 90.000000	 0.221479	 -0.021598	 0.222529	 -5.569699	 89425.371462	
250.000000	 1.000000	 0.000000	 -0.000000	 0.000000	 -90.000000	 0.000000	 -0.000000	 0.000000	 -19.360983	 0.000000	 1.400455	 1.400455	 90.000000	 0.224924	 -0.023052	 0.226102	 -5.851753	 89426.784496	
200.000000	 1.000000	 0.000000	 -0.000000	 0.000000	 -90.000000	 -0.000000	 -0.000000	 0.000000	 -149.980432	 0.000000	 1.400799	 1.400799	 90.000000	 0.227128	 -0.025705	 0.228578	 -6.456967	 89428.245614	
