# Oscilator_frequency (Hz)	DemodAll_A (-)	Demod_1_X_A (A)	Demod_1_Y_A (A)	Demod_1__R_A (A)	Demod_1__Theta_A (deg)	Demod_2_X_A (A)	Demod_2_Y_A (A)	Demod_2__R_A (A)	Demod_2__Theta_A (deg)	Demod_3_X_A (V)	Demod_3_Y_A (V)	Demod_3__R_A (V)	Demod_3__Theta_A (deg)	Demod_4_X_A (V)	Demod_4_Y_A (V)	Demod_4__R_A (V)	Demod_4__Theta_A (deg)	Timer_GET (s)
1.0	1.0	0.0	0.0	0.0	-90.0	0.0	0.0	0.0	-47.965435	0.0	1.76392	1.76392	90.0	-1.124657	1.263157	1.691277	131.680382	92704.291137
2.0	1.0	0.0	0.0	0.0	-90.0	0.0	0.0	0.0	-156.31637	0.0	2.20573	2.20573	90.0	1.736782	0.723541	1.881469	22.616531	92702.853523
3.0	1.0	0.0	0.0	0.0	-90.0	0.0	0.0	0.0	-147.55628	0.0	2.14424	2.14424	90.0	1.303916	0.753197	1.505823	30.012554	92701.437517
4.0	1.0	0.0	0.0	0.0	-90.0	0.0	0.0	0.0	56.001486	0.0	1.84441	1.84441	90.0	-0.395168	-0.845314	0.93312	-115.055186	92700.01326
5.0	1.0	0.0	0.0	0.0	-90.0	0.0	0.0	0.0	39.190074	0.0	1.84971	1.84971	90.0	-0.375325	-0.455872	0.590498	-129.465023	92698.56819
6.0	1.0	0.0	0.0	0.0	-90.0	0.0	0.0	0.0	148.162801	0.0	2.017699	2.017699	90.0	0.558741	-0.280144	0.625038	-26.628524	92697.156833
7.0	1.0	0.0	0.0	0.0	-90.0	0.0	0.0	0.0	-139.427747	0.0	1.994087	1.994087	90.0	0.447199	0.188175	0.485177	22.820698	92695.668042
8.0	1.0	0.0	0.0	0.0	-90.0	0.0	0.0	0.0	-56.430581	0.0	1.931813	1.931813	90.0	0.092015	0.160934	0.185382	60.240771	92694.226254
9.0	1.0	0.0	0.0	0.0	-90.0	0.0	0.0	0.0	-134.090981	0.0	1.96264	1.96264	90.0	0.262192	0.084063	0.275338	17.776615	92692.765969
10.0	1.0	0.0	0.0	0.0	-90.0	0.0	0.0	0.0	152.882393	0.0	1.958276	1.958276	90.0	0.246122	-0.002729	0.246137	-0.635277	92691.353734
11.0	1.0	0.0	0.0	0.0	-90.0	0.0	0.0	0.0	18.296244	0.0	1.940327	1.940327	90.0	0.123722	-0.019007	0.125173	-8.734089	92689.918369
12.0	1.0	0.0	0.0	0.0	-90.0	0.0	0.0	0.0	47.556997	0.0	1.94458	1.94458	90.0	0.145564	-0.033631	0.149398	-13.009181	92688.471197
13.0	1.0	0.0	0.0	0.0	-90.0	0.0	0.0	0.0	-129.955821	0.0	1.947745	1.947745	90.0	0.166317	-0.011347	0.166703	-3.902811	92687.021359
14.0	1.0	0.0	0.0	0.0	-90.0	0.0	0.0	0.0	16.155608	0.0	1.948088	1.948088	90.0	0.164871	-0.021145	0.166221	-7.30831	92685.58017
15.0	1.0	0.0	0.0	0.0	-90.0	0.0	0.0	0.0	-131.880017	0.0	1.947231	1.947231	90.0	0.159706	-0.022093	0.161227	-7.876032	92684.155796
16.0	1.0	0.0	0.0	0.0	-90.0	0.0	0.0	0.0	37.469761	0.0	1.947395	1.947395	90.0	0.158404	-0.021778	0.159894	-7.828308	92682.718544
17.0	1.0	0.0	0.0	0.0	-90.0	0.0	0.0	0.0	158.154943	0.0	1.947071	1.947071	90.0	0.155461	-0.022631	0.1571	-8.282564	92681.260762
18.0	1.0	0.0	0.0	0.0	-90.0	0.0	0.0	0.0	102.222354	0.0	1.947291	1.947291	90.0	0.15504	-0.022989	0.156735	-8.434085	92679.820584
19.0	1.0	0.0	0.0	0.0	-90.0	0.0	0.0	0.0	-46.151639	0.0	1.947112	1.947112	90.0	0.153695	-0.02328	0.155448	-8.612883	92678.390025
20.0	1.0	0.0	0.0	0.0	-90.0	0.0	0.0	0.0	-29.58018	0.0	1.946992	1.946992	90.0	0.153255	-0.024245	0.155161	-8.989715	92676.966813
21.0	1.0	0.0	0.0	0.0	-90.0	0.0	0.0	0.0	171.568369	0.0	1.947429	1.947429	90.0	0.152125	-0.024971	0.154161	-9.321722	92675.525261
22.0	1.0	0.0	0.0	0.0	-90.0	0.0	0.0	0.0	56.768714	0.0	1.947333	1.947333	90.0	0.151459	-0.025035	0.153514	-9.385798	92674.058456
23.0	1.0	0.0	0.0	0.0	-90.0	0.0	0.0	0.0	151.921926	0.0	1.94731	1.94731	90.0	0.150879	-0.024802	0.152903	-9.334977	92672.615404
24.0	1.0	0.0	0.0	0.0	-90.0	0.0	0.0	0.0	-84.85297	0.0	1.947572	1.947572	90.0	0.149014	-0.025408	0.151165	-9.67611	92671.155154
25.0	1.0	0.0	0.0	0.0	-90.0	0.0	0.0	0.0	-120.620911	0.0	1.947383	1.947383	90.0	0.148485	-0.024786	0.150539	-9.476737	92669.683655
26.0	1.0	0.0	0.0	0.0	-90.0	0.0	0.0	0.0	-53.318695	0.0	1.947526	1.947526	90.0	0.147197	-0.025923	0.149462	-9.987909	92668.264389
27.0	1.0	0.0	0.0	0.0	-90.0	0.0	0.0	0.0	134.465316	0.0	1.947095	1.947095	90.0	0.146842	-0.025413	0.149025	-9.818546	92666.795639
28.0	1.0	0.0	0.0	0.0	-90.0	0.0	0.0	0.0	-145.901642	0.0	1.947353	1.947353	90.0	0.145739	-0.025572	0.147965	-9.952153	92665.377905
29.0	1.0	0.0	0.0	0.0	-90.0	0.0	0.0	0.0	94.950751	0.0	1.947466	1.947466	90.0	0.144838	-0.025681	0.147097	-10.054633	92663.932734
30.0	1.0	0.0	0.0	0.0	-90.0	0.0	0.0	0.0	116.98708	0.0	1.947166	1.947166	90.0	0.144084	-0.025718	0.146361	-10.120315	92662.512901
31.0	1.0	0.0	0.0	0.0	-90.0	0.0	0.0	0.0	-31.178819	0.0	1.947338	1.947338	90.0	0.143359	-0.025828	0.145667	-10.212913	92661.079861
32.0	1.0	0.0	0.0	0.0	-90.0	0.0	0.0	0.0	-8.362204	0.0	1.947461	1.947461	90.0	0.142564	-0.025863	0.144891	-10.282188	92659.628853
33.0	1.0	0.0	0.0	0.0	-90.0	0.0	0.0	0.0	27.084764	0.0	1.947181	1.947181	90.0	0.141926	-0.025945	0.144278	-10.359568	92658.192466
34.0	1.0	0.0	0.0	0.0	-90.0	0.0	0.0	0.0	163.032579	0.0	1.947191	1.947191	90.0	0.141212	-0.025695	0.143531	-10.312723	92656.750095
35.0	1.0	0.0	0.0	0.0	-90.0	0.0	0.0	0.0	-39.439445	0.0	1.946939	1.946939	90.0	0.140273	-0.025534	0.142578	-10.31646	92655.285908
36.0	1.0	0.0	0.0	0.0	-90.0	0.0	0.0	0.0	85.924365	0.0	1.947047	1.947047	90.0	0.139944	-0.025576	0.142262	-10.357031	92653.85228
37.0	1.0	0.0	0.0	0.0	-90.0	0.0	0.0	0.0	-142.076299	0.0	1.947265	1.947265	90.0	0.139088	-0.025589	0.141422	-10.424378	92652.411388
38.0	1.0	0.0	0.0	0.0	-90.0	0.0	0.0	0.0	-175.558398	0.0	1.946955	1.946955	90.0	0.139146	-0.026185	0.141588	-10.657369	92650.980864
39.0	1.0	0.0	0.0	0.0	-90.0	0.0	0.0	0.0	84.16643	0.0	1.947041	1.947041	90.0	0.137938	-0.025801	0.140331	-10.594456	92649.527272
40.0	1.0	0.0	0.0	0.0	-90.0	0.0	0.0	0.0	14.788346	0.0	1.946846	1.946846	90.0	0.137947	-0.028479	0.140857	-11.6649	92648.063959
41.0	1.0	0.0	0.0	0.0	-90.0	0.0	0.0	0.0	174.093056	0.0	1.94685	1.94685	90.0	0.134179	-0.02656	0.136782	-11.196642	92646.615088
42.0	1.0	0.0	0.0	0.0	-90.0	0.0	0.0	0.0	-37.810589	0.0	1.946642	1.946642	90.0	0.134421	-0.031509	0.138065	-13.192361	92645.160417
43.0	1.0	0.0	0.0	0.0	-90.0	0.0	0.0	0.0	-74.561999	0.0	1.94638	1.94638	90.0	0.131294	-0.016684	0.132349	-7.241826	92643.723587
44.0	1.0	0.0	0.0	0.0	-90.0	0.0	0.0	0.0	-170.718081	0.0	1.946333	1.946333	90.0	0.126092	-0.01203	0.126665	-5.449698	92642.260372
45.0	1.0	0.0	0.0	0.0	-90.0	0.0	0.0	0.0	-176.715884	0.0	1.946504	1.946504	90.0	0.151049	-0.040428	0.156366	-14.984	92640.805946
46.0	1.0	0.0	0.0	0.0	-90.0	0.0	0.0	0.0	-167.10964	0.0	1.945962	1.945962	90.0	0.162936	-0.034019	0.166449	-11.793279	92639.376503
47.0	1.0	0.0	0.0	0.0	-90.0	0.0	0.0	0.0	115.054326	0.0	1.946964	1.946964	90.0	0.099294	-0.004313	0.099388	-2.48698	92637.926623
48.0	1.0	0.0	0.0	0.0	-90.0	0.0	0.0	0.0	138.336	0.0	1.946056	1.946056	90.0	0.106018	0.016948	0.107364	9.082402	92636.494216
49.0	1.0	0.0	0.0	0.0	-90.0	0.0	0.0	0.0	175.859552	0.0	1.946751	1.946751	90.0	0.123755	-0.081153	0.14799	-33.255138	92635.066378
50.0	1.0	0.0	0.0	0.0	-90.0	0.0	0.0	0.0	-171.842589	0.0	1.947855	1.947855	90.0	0.076382	-0.043876	0.088087	-29.874392	92633.617993
51.0	1.0	0.0	0.0	0.0	-90.0	0.0	0.0	0.0	-114.384607	0.0	1.945057	1.945057	90.0	0.156327	-0.076297	0.173952	-26.015	92632.141731
52.0	1.0	0.0	0.0	0.0	-90.0	0.0	0.0	0.0	19.796439	0.0	1.947975	1.947975	90.0	0.081941	-0.028438	0.086736	-19.139608	92630.698216
53.0	1.0	0.0	0.0	0.0	-90.0	0.0	0.0	0.0	135.5798	0.0	1.946079	1.946079	90.0	0.117982	-0.06235	0.133444	-27.855251	92629.242556
54.0	1.0	0.0	0.0	0.0	-90.0	0.0	0.0	0.0	-43.12237	0.0	1.947122	1.947122	90.0	0.101067	-0.020097	0.103046	-11.246145	92627.748741
55.0	1.0	0.0	0.0	0.0	-90.0	0.0	0.0	0.0	-176.548339	0.0	1.946311	1.946311	90.0	0.110212	-0.019977	0.112008	-10.273628	92626.315891
56.0	1.0	0.0	0.0	0.0	-90.0	0.0	0.0	0.0	23.243663	0.0	1.944816	1.944816	90.0	0.145716	-0.02006	0.147091	-7.838226	92624.851241
57.0	1.0	0.0	0.0	0.0	-90.0	0.0	0.0	0.0	30.218841	0.0	1.945055	1.945055	90.0	0.13558	-0.032346	0.139385	-13.41854	92623.416965
58.0	1.0	0.0	0.0	0.0	-90.0	0.0	0.0	0.0	-172.553023	0.0	1.945188	1.945188	90.0	0.13041	-0.019246	0.131823	-8.395317	92621.964354
59.0	1.0	0.0	0.0	0.0	-90.0	0.0	0.0	0.0	-67.576065	0.0	1.945147	1.945147	90.0	0.132498	-0.021809	0.134281	-9.34714	92620.508
60.0	1.0	0.0	0.0	0.0	-90.0	0.0	0.0	0.0	75.863134	0.0	1.945284	1.945284	90.0	0.127705	-0.024398	0.130015	-10.815946	92619.033386
61.0	1.0	0.0	0.0	0.0	-90.0	0.0	0.0	0.0	-69.880824	0.0	1.945228	1.945228	90.0	0.128486	-0.023352	0.130591	-10.300971	92617.583784
62.0	1.0	0.0	0.0	0.0	-90.0	0.0	0.0	0.0	168.689044	0.0	1.944865	1.944865	90.0	0.12821	-0.023402	0.130329	-10.344296	92616.121523
63.0	1.0	0.0	0.0	0.0	-90.0	0.0	0.0	0.0	-33.677317	0.0	1.944961	1.944961	90.0	0.128209	-0.023715	0.130384	-10.479684	92614.701968
64.0	1.0	0.0	0.0	0.0	-90.0	0.0	0.0	0.0	-105.552133	0.0	1.944252	1.944252	90.0	0.128329	-0.023445	0.130453	-10.353234	92613.248375
65.0	1.0	0.0	0.0	0.0	-90.0	0.0	0.0	0.0	142.650128	0.0	1.944356	1.944356	90.0	0.127718	-0.023305	0.129827	-10.341083	92611.785775
66.0	1.0	0.0	0.0	0.0	-90.0	0.0	0.0	0.0	121.023344	0.0	1.944292	1.944292	90.0	0.127518	-0.023198	0.129611	-10.310435	92610.34435
67.0	1.0	0.0	0.0	0.0	-90.0	0.0	0.0	0.0	142.493698	0.0	1.944243	1.944243	90.0	0.127014	-0.023153	0.129107	-10.330854	92608.910707
68.0	1.0	0.0	0.0	0.0	-90.0	0.0	0.0	0.0	0.601835	0.0	1.943945	1.943945	90.0	0.127041	-0.022979	0.129103	-10.252624	92607.45762
69.0	1.0	0.0	0.0	0.0	-90.0	0.0	0.0	0.0	143.042217	0.0	1.943875	1.943875	90.0	0.126712	-0.022998	0.128783	-10.287245	92606.007084
70.0	1.0	0.0	0.0	0.0	-90.0	0.0	0.0	0.0	-61.699436	0.0	1.94376	1.94376	90.0	0.126543	-0.022755	0.128572	-10.194225	92604.55
71.0	1.0	0.0	0.0	0.0	-90.0	0.0	0.0	0.0	-117.267615	0.0	1.943519	1.943519	90.0	0.126356	-0.022708	0.12838	-10.188034	92603.131487
72.0	1.0	0.0	0.0	0.0	-90.0	0.0	0.0	0.0	-88.563119	0.0	1.943296	1.943296	90.0	0.125882	-0.022697	0.127912	-10.220818	92601.690167
73.0	1.0	0.0	0.0	0.0	-90.0	0.0	0.0	0.0	-24.498949	0.0	1.943111	1.943111	90.0	0.125692	-0.022588	0.127706	-10.187778	92600.254042
74.0	1.0	0.0	0.0	0.0	-90.0	0.0	0.0	0.0	134.546428	0.0	1.943041	1.943041	90.0	0.125356	-0.022358	0.127335	-10.112883	92598.801912
75.0	1.0	0.0	0.0	0.0	-90.0	0.0	0.0	0.0	105.794292	0.0	1.94302	1.94302	90.0	0.125232	-0.022103	0.127168	-10.009518	92597.368267
76.0	1.0	0.0	0.0	0.0	-90.0	0.0	0.0	0.0	-8.022069	0.0	1.942855	1.942855	90.0	0.125024	-0.022208	0.126981	-10.072472	92595.932803
77.0	1.0	0.0	0.0	0.0	-90.0	0.0	0.0	0.0	-70.578331	0.0	1.942734	1.942734	90.0	0.124853	-0.022046	0.126784	-10.01404	92594.500251
78.0	1.0	0.0	0.0	0.0	-90.0	0.0	0.0	0.0	-53.134587	0.0	1.942221	1.942221	90.0	0.124515	-0.021942	0.126433	-9.994174	92593.032717
79.0	1.0	0.0	0.0	0.0	-90.0	0.0	0.0	0.0	78.49024	0.0	1.942285	1.942285	90.0	0.124414	-0.021994	0.126343	-10.02497	92591.62538
80.0	1.0	0.0	0.0	0.0	-90.0	0.0	0.0	0.0	-111.483791	0.0	1.941865	1.941865	90.0	0.124174	-0.021871	0.126085	-9.989259	92590.164287
81.0	1.0	0.0	0.0	0.0	-90.0	0.0	0.0	0.0	104.897844	0.0	1.941503	1.941503	90.0	0.123909	-0.021752	0.125804	-9.956585	92588.72169
82.0	1.0	0.0	0.0	0.0	-90.0	0.0	0.0	0.0	148.75478	0.0	1.941477	1.941477	90.0	0.123761	-0.021556	0.125624	-9.880246	92587.278933
83.0	1.0	0.0	0.0	0.0	-90.0	0.0	0.0	0.0	116.767604	0.0	1.940966	1.940966	90.0	0.123488	-0.021522	0.125349	-9.886275	92585.816328
84.0	1.0	0.0	0.0	0.0	-90.0	0.0	0.0	0.0	-27.779949	0.0	1.941046	1.941046	90.0	0.12335	-0.021411	0.125194	-9.847279	92584.303775
85.0	1.0	0.0	0.0	0.0	-90.0	0.0	0.0	0.0	83.350634	0.0	1.940853	1.940853	90.0	0.123158	-0.021333	0.124992	-9.827103	92582.865546
86.0	1.0	0.0	0.0	0.0	-90.0	0.0	0.0	0.0	12.648435	0.0	1.940523	1.940523	90.0	0.12299	-0.021234	0.124809	-9.795305	92581.379386
87.0	1.0	0.0	0.0	0.0	-90.0	0.0	0.0	0.0	-15.530943	0.0	1.940223	1.940223	90.0	0.122757	-0.021176	0.12457	-9.787474	92579.946279
88.0	1.0	0.0	0.0	0.0	-90.0	0.0	0.0	0.0	-114.956621	0.0	1.93987	1.93987	90.0	0.122672	-0.021006	0.124457	-9.716837	92578.507323
89.0	1.0	0.0	0.0	0.0	-90.0	0.0	0.0	0.0	-135.290707	0.0	1.939487	1.939487	90.0	0.12238	-0.020983	0.124166	-9.728953	92577.087877
90.0	1.0	0.0	0.0	0.0	-90.0	0.0	0.0	0.0	-45.561215	0.0	1.939285	1.939285	90.0	0.122218	-0.02088	0.123988	-9.695086	92575.633691
91.0	1.0	0.0	0.0	0.0	-90.0	0.0	0.0	0.0	139.557221	0.0	1.938807	1.938807	90.0	0.122046	-0.020789	0.123803	-9.666712	92574.174951
92.0	1.0	0.0	0.0	0.0	-90.0	0.0	0.0	0.0	-116.586052	0.0	1.938623	1.938623	90.0	0.121911	-0.020733	0.123662	-9.651712	92572.741729
93.0	1.0	0.0	0.0	0.0	-90.0	0.0	0.0	0.0	-175.18531	0.0	1.938344	1.938344	90.0	0.12171	-0.020635	0.123447	-9.622462	92571.304921
94.0	1.0	0.0	0.0	0.0	-90.0	0.0	0.0	0.0	-101.064993	0.0	1.937909	1.937909	90.0	0.121543	-0.020528	0.123264	-9.586331	92569.86027
95.0	1.0	0.0	0.0	0.0	-90.0	0.0	0.0	0.0	76.590464	0.0	1.937314	1.937314	90.0	0.1214	-0.020356	0.123094	-9.518699	92568.414943
96.0	1.0	0.0	0.0	0.0	-90.0	0.0	0.0	0.0	-158.099374	0.0	1.937168	1.937168	90.0	0.12126	-0.02022	0.122934	-9.467146	92566.955152
97.0	1.0	0.0	0.0	0.0	-90.0	0.0	0.0	0.0	110.355503	0.0	1.938979	1.938979	90.0	0.121097	-0.020413	0.122805	-9.56848	92565.515073
98.0	1.0	0.0	0.0	0.0	-90.0	0.0	0.0	0.0	29.458399	0.0	1.942601	1.942601	90.0	0.120891	-0.020377	0.122597	-9.567614	92564.053903
99.0	1.0	0.0	0.0	0.0	-90.0	0.0	0.0	0.0	-87.386801	0.0	1.937154	1.937154	90.0	0.120986	-0.020043	0.122635	-9.406271	92562.605749
100.0	1.0	0.0	0.0	0.0	-90.0	0.0	0.0	0.0	28.882207	0.0	1.924739	1.924739	90.0	0.120704	-0.019908	0.122335	-9.365429	92561.204363
101.0	1.0	0.0	0.0	0.0	-90.0	0.0	0.0	0.0	46.779657	0.0	1.938313	1.938313	90.0	0.120524	-0.019709	0.122124	-9.287446	92559.777373
102.0	1.0	0.0	0.0	0.0	-90.0	0.0	0.0	0.0	155.310463	0.0	1.943417	1.943417	90.0	0.120593	-0.01994	0.12223	-9.389034	92558.301088
103.0	1.0	0.0	0.0	0.0	-90.0	0.0	0.0	0.0	-57.908398	0.0	1.935272	1.935272	90.0	0.120248	-0.019569	0.12183	-9.24304	92556.885309
104.0	1.0	0.0	0.0	0.0	-90.0	0.0	0.0	0.0	154.886224	0.0	1.942967	1.942967	90.0	0.120274	-0.019835	0.121898	-9.364656	92555.406273
105.0	1.0	0.0	0.0	0.0	-90.0	0.0	0.0	0.0	9.324625	0.0	1.935079	1.935079	90.0	0.120089	-0.01961	0.12168	-9.274189	92553.964077
106.0	1.0	0.0	0.0	0.0	-90.0	0.0	0.0	0.0	-124.864698	0.0	1.936981	1.936981	90.0	0.119837	-0.01959	0.121428	-9.284013	92552.501438
107.0	1.0	0.0	0.0	0.0	-90.0	0.0	0.0	0.0	58.807441	0.0	1.932164	1.932164	90.0	0.119681	-0.019431	0.121248	-9.222068	92551.06978
108.0	1.0	0.0	0.0	0.0	-90.0	0.0	0.0	0.0	-119.839794	0.0	1.931887	1.931887	90.0	0.119591	-0.019339	0.121144	-9.18582	92549.587343
109.0	1.0	0.0	0.0	0.0	-90.0	0.0	0.0	0.0	54.241166	0.0	1.931324	1.931324	90.0	0.119444	-0.019236	0.120983	-9.1488	92548.179252
110.0	1.0	0.0	0.0	0.0	-90.0	0.0	0.0	0.0	5.134617	0.0	1.930915	1.930915	90.0	0.119293	-0.019173	0.120824	-9.130446	92546.757376
111.0	1.0	0.0	0.0	0.0	-90.0	0.0	0.0	0.0	3.070104	0.0	1.930074	1.930074	90.0	0.119185	-0.019104	0.120707	-9.106625	92545.322488
112.0	1.0	0.0	0.0	0.0	-90.0	0.0	0.0	0.0	70.223191	0.0	1.929395	1.929395	90.0	0.119051	-0.019001	0.120558	-9.068312	92543.881268
113.0	1.0	0.0	0.0	0.0	-90.0	0.0	0.0	0.0	171.900641	0.0	1.928903	1.928903	90.0	0.118951	-0.018925	0.120447	-9.040064	92542.445758
114.0	1.0	0.0	0.0	0.0	-90.0	0.0	0.0	0.0	-120.117162	0.0	1.928269	1.928269	90.0	0.118832	-0.018839	0.120316	-9.008497	92541.003812
115.0	1.0	0.0	0.0	0.0	-90.0	0.0	0.0	0.0	153.515172	0.0	1.927639	1.927639	90.0	0.118688	-0.01875	0.12016	-8.977014	92539.568919
116.0	1.0	0.0	0.0	0.0	-90.0	0.0	0.0	0.0	-152.936029	0.0	1.92724	1.92724	90.0	0.1186	-0.018688	0.120063	-8.954744	92538.111873
117.0	1.0	0.0	0.0	0.0	-90.0	0.0	0.0	0.0	131.138541	0.0	1.926132	1.926132	90.0	0.118432	-0.018605	0.119885	-8.927677	92536.625483
118.0	1.0	0.0	0.0	0.0	-90.0	0.0	0.0	0.0	76.423298	0.0	1.92577	1.92577	90.0	0.118335	-0.018511	0.119774	-8.890691	92535.197982
119.0	1.0	0.0	0.0	0.0	-90.0	0.0	0.0	0.0	128.138378	0.0	1.924884	1.924884	90.0	0.118264	-0.018449	0.119694	-8.866457	92533.744872
120.0	1.0	0.0	0.0	0.0	-90.0	0.0	0.0	0.0	-150.380504	0.0	1.923534	1.923534	90.0	0.118142	-0.01835	0.119559	-8.828524	92532.315538
121.0	1.0	0.0	0.0	0.0	-90.0	0.0	0.0	0.0	-174.956699	0.0	1.922842	1.922842	90.0	0.117987	-0.018266	0.119393	-8.800172	92530.860941
122.0	1.0	0.0	0.0	0.0	-90.0	0.0	0.0	0.0	-73.697276	0.0	1.921806	1.921806	90.0	0.117902	-0.018211	0.1193	-8.780323	92529.416629
123.0	1.0	0.0	0.0	0.0	-90.0	0.0	0.0	0.0	-139.435447	0.0	1.920802	1.920802	90.0	0.117809	-0.018123	0.119195	-8.745448	92527.966033
124.0	1.0	0.0	0.0	0.0	-90.0	0.0	0.0	0.0	-130.565959	0.0	1.920109	1.920109	90.0	0.117673	-0.01804	0.119048	-8.715892	92526.539388
125.0	1.0	0.0	0.0	0.0	-90.0	0.0	0.0	0.0	132.121068	0.0	1.918809	1.918809	90.0	0.117554	-0.017944	0.118916	-8.679067	92525.076935
126.0	1.0	0.0	0.0	0.0	-90.0	0.0	0.0	0.0	-66.548461	0.0	1.917933	1.917933	90.0	0.117486	-0.017863	0.118836	-8.645403	92523.65769
127.0	1.0	0.0	0.0	0.0	-90.0	0.0	0.0	0.0	61.629972	0.0	1.916816	1.916816	90.0	0.117358	-0.017797	0.118699	-8.623069	92522.201643
128.0	1.0	0.0	0.0	0.0	-90.0	0.0	0.0	0.0	37.607859	0.0	1.915842	1.915842	90.0	0.117289	-0.017708	0.118618	-8.58531	92520.733162
129.0	1.0	0.0	0.0	0.0	-90.0	0.0	0.0	0.0	-152.314117	0.0	1.914439	1.914439	90.0	0.117168	-0.017632	0.118488	-8.557959	92519.275982
130.0	1.0	0.0	0.0	0.0	-90.0	0.0	0.0	0.0	-168.191594	0.0	1.91329	1.91329	90.0	0.117087	-0.017566	0.118397	-8.53222	92517.822232
131.0	1.0	0.0	0.0	0.0	-90.0	0.0	0.0	0.0	-30.919796	0.0	1.912244	1.912244	90.0	0.116967	-0.017505	0.11827	-8.511395	92516.362258
132.0	1.0	0.0	0.0	0.0	-90.0	0.0	0.0	0.0	168.2629	0.0	1.910705	1.910705	90.0	0.116858	-0.01739	0.118145	-8.464298	92514.888896
133.0	1.0	0.0	0.0	0.0	-90.0	0.0	0.0	0.0	-154.545434	0.0	1.909498	1.909498	90.0	0.116775	-0.017332	0.118054	-8.442415	92513.456587
134.0	1.0	0.0	0.0	0.0	-90.0	0.0	0.0	0.0	-113.34807	0.0	1.907762	1.907762	90.0	0.11667	-0.017214	0.117933	-8.393117	92512.005479
135.0	1.0	0.0	0.0	0.0	-90.0	0.0	0.0	0.0	70.731809	0.0	1.906396	1.906396	90.0	0.116592	-0.017127	0.117843	-8.35678	92510.537498
136.0	1.0	0.0	0.0	0.0	-90.0	0.0	0.0	0.0	-74.061938	0.0	1.90498	1.90498	90.0	0.1165	-0.017068	0.117743	-8.334792	92509.094884
137.0	1.0	0.0	0.0	0.0	-90.0	0.0	0.0	0.0	30.294089	0.0	1.903284	1.903284	90.0	0.116387	-0.017009	0.117623	-8.314395	92507.674611
138.0	1.0	0.0	0.0	0.0	-90.0	0.0	0.0	0.0	115.086072	0.0	1.901458	1.901458	90.0	0.116281	-0.016889	0.117501	-8.26399	92506.217558
139.0	1.0	0.0	0.0	0.0	-90.0	0.0	0.0	0.0	84.059549	0.0	1.899833	1.899833	90.0	0.116193	-0.016834	0.117406	-8.243575	92504.799234
140.0	1.0	0.0	0.0	0.0	-90.0	0.0	0.0	0.0	161.181003	0.0	1.898012	1.898012	90.0	0.116124	-0.016718	0.117322	-8.192604	92503.367489
141.0	1.0	0.0	0.0	0.0	-90.0	0.0	0.0	0.0	-110.549272	0.0	1.896215	1.896215	90.0	0.116058	-0.01661	0.117241	-8.144941	92501.949764
142.0	1.0	0.0	0.0	0.0	-90.0	0.0	0.0	0.0	-68.419414	0.0	1.894551	1.894551	90.0	0.1159	-0.016495	0.117068	-8.100145	92500.495654
143.0	1.0	0.0	0.0	0.0	-90.0	0.0	0.0	0.0	131.903945	0.0	1.892263	1.892263	90.0	0.115932	-0.016633	0.117119	-8.164775	92499.032977
144.0	1.0	0.0	0.0	0.0	-90.0	0.0	0.0	0.0	-33.103611	0.0	1.890286	1.890286	90.0	0.115997	-0.016351	0.117143	-8.023763	92497.598016
145.0	1.0	0.0	0.0	0.0	-90.0	0.0	0.0	0.0	-62.87162	0.0	1.8882	1.8882	90.0	0.115375	-0.01663	0.116568	-8.202201	92496.163973
146.0	1.0	0.0	0.0	0.0	-90.0	0.0	0.0	0.0	-115.545816	0.0	1.885575	1.885575	90.0	0.115268	-0.01667	0.116467	-8.22901	92494.726455
147.0	1.0	0.0	0.0	0.0	-90.0	0.0	0.0	0.0	-2.383882	0.0	1.882779	1.882779	90.0	0.116147	-0.015935	0.117235	-7.811803	92493.254085
148.0	1.0	0.0	0.0	0.0	-90.0	0.0	0.0	0.0	138.469647	0.0	1.880237	1.880237	90.0	0.116261	-0.015919	0.117346	-7.796851	92491.824728
149.0	1.0	0.0	0.0	0.0	-90.0	0.0	0.0	0.0	-137.985005	0.0	1.877739	1.877739	90.0	0.114483	-0.015341	0.115506	-7.632468	92490.346223
150.0	1.0	0.0	0.0	0.0	-90.0	0.0	0.0	0.0	-88.181285	0.0	1.875043	1.875043	90.0	0.115141	-0.014843	0.116094	-7.345549	92488.890002
151.0	1.0	0.0	0.0	0.0	-90.0	0.0	0.0	0.0	-112.728398	0.0	1.871924	1.871924	90.0	0.114201	-0.01623	0.115348	-8.088767	92487.457088
152.0	1.0	0.0	0.0	0.0	-90.0	0.0	0.0	0.0	-97.98172	0.0	1.868718	1.868718	90.0	0.114482	-0.014996	0.11546	-7.462536	92486.015439
153.0	1.0	0.0	0.0	0.0	-90.0	0.0	0.0	0.0	72.170373	0.0	1.86547	1.86547	90.0	0.114349	-0.016047	0.115469	-7.988229	92484.544456
154.0	1.0	0.0	0.0	0.0	-90.0	0.0	0.0	0.0	-22.850808	0.0	1.861836	1.861836	90.0	0.114938	-0.01499	0.115912	-7.430481	92483.094453
155.0	1.0	0.0	0.0	0.0	-90.0	0.0	0.0	0.0	96.740396	0.0	1.858147	1.858147	90.0	0.114494	-0.015127	0.115489	-7.526216	92481.655296
156.0	1.0	0.0	0.0	0.0	-90.0	0.0	0.0	0.0	-175.109003	0.0	1.854478	1.854478	90.0	0.114863	-0.015511	0.115905	-7.690599	92480.198733
157.0	1.0	0.0	0.0	0.0	-90.0	0.0	0.0	0.0	93.668241	0.0	1.850556	1.850556	90.0	0.114694	-0.015287	0.115708	-7.591958	92478.751917
158.0	1.0	0.0	0.0	0.0	-90.0	0.0	0.0	0.0	158.821781	0.0	1.846387	1.846387	90.0	0.114369	-0.015099	0.115361	-7.520867	92477.289908
159.0	1.0	0.0	0.0	0.0	-90.0	0.0	0.0	0.0	-125.894569	0.0	1.842234	1.842234	90.0	0.114436	-0.014954	0.115409	-7.44477	92475.856122
160.0	1.0	0.0	0.0	0.0	-90.0	0.0	0.0	0.0	19.132751	0.0	1.837197	1.837197	90.0	0.114264	-0.014959	0.115239	-7.45842	92474.391932
161.0	1.0	0.0	0.0	0.0	-90.0	0.0	0.0	0.0	-40.799683	0.0	1.832389	1.832389	90.0	0.114226	-0.014817	0.115183	-7.390691	92472.951167
162.0	1.0	0.0	0.0	0.0	-90.0	0.0	0.0	0.0	-62.256749	0.0	1.827297	1.827297	90.0	0.114127	-0.014712	0.115071	-7.345574	92471.506839
163.0	1.0	0.0	0.0	0.0	-90.0	0.0	0.0	0.0	-84.432501	0.0	1.82156	1.82156	90.0	0.114036	-0.014603	0.114967	-7.297352	92470.072587
164.0	1.0	0.0	0.0	0.0	-90.0	0.0	0.0	0.0	-0.843232	0.0	1.815823	1.815823	90.0	0.113944	-0.014483	0.114861	-7.243959	92468.6267
165.0	1.0	0.0	0.0	0.0	-90.0	0.0	0.0	0.0	0.610411	0.0	1.809733	1.809733	90.0	0.113856	-0.014354	0.114758	-7.185517	92467.199171
166.0	1.0	0.0	0.0	0.0	-90.0	0.0	0.0	0.0	16.981035	0.0	1.803496	1.803496	90.0	0.113761	-0.014216	0.114646	-7.123062	92465.757395
167.0	1.0	0.0	0.0	0.0	-90.0	0.0	0.0	0.0	163.940476	0.0	1.796621	1.796621	90.0	0.113683	-0.014118	0.114557	-7.079243	92464.34802
168.0	1.0	0.0	0.0	0.0	-90.0	0.0	0.0	0.0	-175.477519	0.0	1.7895	1.7895	90.0	0.113623	-0.013985	0.11448	-7.016641	92462.887888
169.0	1.0	0.0	0.0	0.0	-90.0	0.0	0.0	0.0	83.855888	0.0	1.781461	1.781461	90.0	0.113501	-0.013853	0.114343	-6.958514	92461.45327
170.0	1.0	0.0	0.0	0.0	-90.0	0.0	0.0	0.0	-96.497458	0.0	1.773527	1.773527	90.0	0.113427	-0.013747	0.114257	-6.910208	92460.029672
171.0	1.0	0.0	0.0	0.0	-90.0	0.0	0.0	0.0	-20.944534	0.0	1.765031	1.765031	90.0	0.113359	-0.013593	0.114171	-6.837864	92458.593657
172.0	1.0	0.0	0.0	0.0	-90.0	0.0	0.0	0.0	-165.45339	0.0	1.75565	1.75565	90.0	0.113241	-0.013454	0.114038	-6.775385	92457.161225
173.0	1.0	0.0	0.0	0.0	-90.0	0.0	0.0	0.0	-154.48709	0.0	1.745753	1.745753	90.0	0.113132	-0.013324	0.113914	-6.7168	92455.716566
174.0	1.0	0.0	0.0	0.0	-90.0	0.0	0.0	0.0	77.411236	0.0	1.73522	1.73522	90.0	0.113043	-0.013145	0.113805	-6.632728	92454.271006
175.0	1.0	0.0	0.0	0.0	-90.0	0.0	0.0	0.0	-91.389508	0.0	1.723988	1.723988	90.0	0.11294	-0.013001	0.113686	-6.566726	92452.824706
176.0	1.0	0.0	0.0	0.0	-90.0	0.0	0.0	0.0	-77.217508	0.0	1.712185	1.712185	90.0	0.112825	-0.012847	0.113554	-6.495878	92451.369147
177.0	1.0	0.0	0.0	0.0	-90.0	0.0	0.0	0.0	-143.124483	0.0	1.699004	1.699004	90.0	0.112738	-0.012672	0.113448	-6.413391	92449.886356
178.0	1.0	0.0	0.0	0.0	-90.0	0.0	0.0	0.0	150.176846	0.0	1.685381	1.685381	90.0	0.112636	-0.012517	0.113329	-6.341399	92448.444011
179.0	1.0	0.0	0.0	0.0	-90.0	0.0	0.0	0.0	7.471574	0.0	1.670699	1.670699	90.0	0.112543	-0.012355	0.113219	-6.264838	92447.014872
180.0	1.0	0.0	0.0	0.0	-90.0	0.0	0.0	0.0	-147.138166	0.0	1.654601	1.654601	90.0	0.112446	-0.012147	0.1131	-6.165713	92445.555603
181.0	1.0	0.0	0.0	0.0	-90.0	0.0	0.0	0.0	-146.046837	0.0	1.636933	1.636933	90.0	0.112324	-0.011954	0.112958	-6.074805	92444.094586
182.0	1.0	0.0	0.0	0.0	-90.0	0.0	0.0	0.0	-164.97466	0.0	1.618592	1.618592	90.0	0.112187	-0.011762	0.112802	-5.98528	92442.658099
183.0	1.0	0.0	0.0	0.0	-90.0	0.0	0.0	0.0	-144.9792	0.0	1.598079	1.598079	90.0	0.112066	-0.011574	0.112662	-5.896575	92441.23973
184.0	1.0	0.0	0.0	0.0	-90.0	0.0	0.0	0.0	172.467491	0.0	1.576183	1.576183	90.0	0.111954	-0.011361	0.112529	-5.794662	92439.78539
185.0	1.0	0.0	0.0	0.0	-90.0	0.0	0.0	0.0	-104.658005	0.0	1.551684	1.551684	90.0	0.111823	-0.011085	0.112371	-5.661471	92438.344132
186.0	1.0	0.0	0.0	0.0	-90.0	0.0	0.0	0.0	-45.632758	0.0	1.524287	1.524287	90.0	0.111697	-0.010913	0.112229	-5.580284	92436.890569
187.0	1.0	0.0	0.0	0.0	-90.0	0.0	0.0	0.0	82.252581	0.0	1.494751	1.494751	90.0	0.111564	-0.010678	0.112074	-5.467324	92435.465403
188.0	1.0	0.0	0.0	0.0	-90.0	0.0	0.0	0.0	-32.027513	0.0	1.46036	1.46036	90.0	0.111411	-0.010418	0.111897	-5.342361	92433.969943
189.0	1.0	0.0	0.0	0.0	-90.0	0.0	0.0	0.0	-137.908902	0.0	1.421411	1.421411	90.0	0.111251	-0.010124	0.111711	-5.199534	92432.520962
190.0	1.0	0.0	0.0	0.0	-90.0	0.0	0.0	0.0	-136.862086	0.0	1.377947	1.377947	90.0	0.111108	-0.009886	0.111546	-5.084367	92431.045296
191.0	1.0	0.0	0.0	0.0	-90.0	0.0	0.0	0.0	50.101166	0.0	1.329534	1.329534	90.0	0.110954	-0.009599	0.111368	-4.944576	92429.625527
192.0	1.0	0.0	0.0	0.0	-90.0	0.0	0.0	0.0	-33.999874	0.0	1.268689	1.268689	90.0	0.110775	-0.00931	0.111166	-4.803857	92428.110097
193.0	1.0	0.0	0.0	0.0	-90.0	0.0	0.0	0.0	-23.208831	0.0	1.205051	1.205051	90.0	0.110604	-0.009067	0.110975	-4.686595	92426.673659
194.0	1.0	0.0	0.0	0.0	-90.0	0.0	0.0	0.0	-159.659256	0.0	1.128255	1.128255	90.0	0.11044	-0.008814	0.110791	-4.56306	92425.205476
195.0	1.0	0.0	0.0	0.0	-90.0	0.0	0.0	0.0	46.763323	0.0	1.042043	1.042043	90.0	0.11022	-0.008604	0.110556	-4.463335	92423.802014
196.0	1.0	0.0	0.0	0.0	-90.0	0.0	0.0	0.0	101.006124	0.0	0.91565	0.91565	90.0	0.110009	-0.008213	0.110315	-4.269787	92422.38227
197.0	1.0	0.0	0.0	0.0	-90.0	0.0	0.0	0.0	46.016927	0.0	0.827321	0.827321	90.0	0.109726	-0.008075	0.110022	-4.209023	92420.947379
198.0	1.0	0.0	0.0	0.0	-90.0	0.0	0.0	0.0	108.251043	0.0	0.695075	0.695075	90.0	0.109528	-0.007798	0.109805	-4.072442	92419.509313
199.0	1.0	0.0	0.0	0.0	-90.0	0.0	0.0	0.0	-147.282966	0.0	0.589121	0.589121	90.0	0.109288	-0.007399	0.109538	-3.873141	92418.060226
200.0	1.0	0.0	0.0	0.0	-90.0	0.0	0.0	0.0	81.248385	0.0	1.2393675	1.2393675	90.0	0.1113675	-0.0111215	0.11197750000000001	-5.6630195	92072.5927805
250.0	1.0	0.0	0.0	0.0	-90.0	0.0	0.0	0.0	-159.572607	0.0	1.935114	1.935114	90.0	0.110555	-0.012887	0.111303	-6.649002	91727.166474
300.0	1.0	0.0	0.0	0.0	-90.0	0.0	0.0	0.0	-13.884726	0.0	1.934846	1.934846	90.0	0.110353	-0.01213	0.111018	-6.272645	91725.651517
350.0	1.0	0.0	0.0	0.0	-90.0	0.0	0.0	0.0	-92.837403	0.0	1.934422	1.934422	90.0	0.108925	-0.01059	0.109439	-5.552927	91724.147487
400.0	1.0	0.0	0.0	0.0	-90.0	0.0	0.0	0.0	-34.654999	0.0	1.934194	1.934194	90.0	0.10868	-0.010528	0.109189	-5.532849	91722.686342
450.0	1.0	0.0	0.0	0.0	-90.0	0.0	0.0	0.0	-107.465179	0.0	1.933682	1.933682	90.0	0.107748	-0.009628	0.108177	-5.106229	91721.240921
500.0	1.0	0.0	0.0	0.0	-90.0	0.0	0.0	0.0	110.436216	0.0	1.93339	1.93339	90.0	0.107523	-0.00939	0.107932	-4.991189	91719.781236
550.0	1.0	0.0	0.0	0.0	-90.0	0.0	0.0	0.0	-167.00882	0.0	1.933035	1.933035	90.0	0.107163	-0.009007	0.10754	-4.80423	91718.378253
600.0	1.0	0.0	0.0	0.0	-90.0	0.0	0.0	0.0	-38.503773	0.0	1.932583	1.932583	90.0	0.106635	-0.008662	0.106987	-4.643857	91716.921823
650.0	1.0	0.0	0.0	0.0	-90.0	0.0	0.0	0.0	179.351124	0.0	1.931954	1.931954	90.0	0.106218	-0.008409	0.106551	-4.52646	91715.496554
700.0	1.0	0.0	0.0	0.0	-90.0	0.0	0.0	0.0	-58.165946	0.0	1.931652	1.931652	90.0	0.106033	-0.007966	0.106332	-4.29622	91714.065156
750.0	1.0	0.0	0.0	0.0	-90.0	0.0	0.0	0.0	-105.989407	0.0	1.93099	1.93099	90.0	0.105613	-0.007583	0.105885	-4.106888	91712.641318
800.0	1.0	0.0	0.0	0.0	-90.0	0.0	0.0	0.0	161.110969	0.0	1.930585	1.930585	90.0	0.105499	-0.007455	0.105762	-4.042302	91711.231236
850.0	1.0	0.0	0.0	0.0	-90.0	0.0	0.0	0.0	-18.791802	0.0	1.929733	1.929733	90.0	0.105314	-0.007281	0.105565	-3.95498	91709.787518
900.0	1.0	0.0	0.0	0.0	-90.0	0.0	0.0	0.0	-121.703488	0.0	1.929067	1.929067	90.0	0.105014	-0.007009	0.105248	-3.818214	91708.335052
950.0	1.0	0.0	0.0	0.0	-90.0	0.0	0.0	0.0	-162.407706	0.0	1.928615	1.928615	90.0	0.104859	-0.006874	0.105084	-3.750866	91706.914804
1000.0	1.0	0.0	0.0	0.0	-90.0	0.0	0.0	0.0	-127.916033	0.0	1.927886	1.927886	90.0	0.104634	-0.006667	0.104846	-3.645677	91705.498068
1050.0	1.0	0.0	0.0	0.0	-90.0	0.0	0.0	0.0	38.863079	0.0	1.927166	1.927166	90.0	0.104466	-0.006515	0.104669	-3.568673	91704.047783
1100.0	1.0	0.0	0.0	0.0	-90.0	0.0	0.0	0.0	64.897644	0.0	1.92646	1.92646	90.0	0.104372	-0.00638	0.104567	-3.498243	91702.619025
1150.0	1.0	0.0	0.0	0.0	-90.0	0.0	0.0	0.0	-123.21469	0.0	1.926001	1.926001	90.0	0.104224	-0.006291	0.104413	-3.45408	91701.175577
1200.0	1.0	0.0	0.0	0.0	-90.0	0.0	0.0	0.0	-39.419474	0.0	1.925127	1.925127	90.0	0.104091	-0.00608	0.104268	-3.342722	91699.75906
1250.0	1.0	0.0	0.0	0.0	-90.0	0.0	0.0	0.0	-118.508937	0.0	1.924349	1.924349	90.0	0.103971	-0.005958	0.104142	-3.279784	91698.319756
1300.0	1.0	0.0	0.0	0.0	-90.0	0.0	0.0	0.0	52.464571	0.0	1.923546	1.923546	90.0	0.103866	-0.005865	0.104031	-3.231886	91696.879862
1350.0	1.0	0.0	0.0	0.0	-90.0	0.0	0.0	0.0	-161.032382	0.0	1.922558	1.922558	90.0	0.103739	-0.005779	0.1039	-3.188704	91695.435926
1400.0	1.0	0.0	0.0	0.0	-90.0	0.0	0.0	0.0	-144.168997	0.0	1.921418	1.921418	90.0	0.103618	-0.005642	0.103771	-3.116949	91693.997773
1450.0	1.0	0.0	0.0	0.0	-90.0	0.0	0.0	0.0	161.50142	0.0	1.92069	1.92069	90.0	0.103538	-0.005574	0.103688	-3.081665	91692.562102
1500.0	1.0	0.0	0.0	0.0	-90.0	0.0	0.0	0.0	-165.838272	0.0	1.91985	1.91985	90.0	0.103436	-0.0055	0.103583	-3.043756	91691.14465
1550.0	1.0	0.0	0.0	0.0	-90.0	0.0	0.0	0.0	74.747737	0.0	1.918882	1.918882	90.0	0.103335	-0.005413	0.103477	-2.998796	91689.681493
1600.0	1.0	0.0	0.0	0.0	-90.0	0.0	0.0	0.0	106.773038	0.0	1.917756	1.917756	90.0	0.103256	-0.00532	0.103393	-2.949162	91688.224644
1650.0	1.0	0.0	0.0	0.0	-90.0	0.0	0.0	0.0	31.371374	0.0	1.916642	1.916642	90.0	0.103174	-0.00518	0.103304	-2.874234	91686.787107
1700.0	1.0	0.0	0.0	0.0	-90.0	0.0	0.0	0.0	3.334241	0.0	1.915502	1.915502	90.0	0.103125	-0.005138	0.103253	-2.852222	91685.350587
1750.0	1.0	0.0	0.0	0.0	-90.0	0.0	0.0	0.0	92.051712	0.0	1.91421	1.91421	90.0	0.103041	-0.00507	0.103165	-2.816729	91683.8957
1800.0	1.0	0.0	0.0	0.0	-90.0	0.0	0.0	0.0	-23.178797	0.0	1.913038	1.913038	90.0	0.102979	-0.005001	0.1031	-2.780055	91682.497132
1850.0	1.0	0.0	0.0	0.0	-90.0	0.0	0.0	0.0	156.899871	0.0	1.911764	1.911764	90.0	0.102905	-0.00493	0.103023	-2.742697	91681.048135
1900.0	1.0	0.0	0.0	0.0	-90.0	0.0	0.0	0.0	40.67248	0.0	1.910448	1.910448	90.0	0.102833	-0.00488	0.102949	-2.71678	91679.620064
1950.0	1.0	0.0	0.0	0.0	-90.0	0.0	0.0	0.0	-147.760497	0.0	1.908845	1.908845	90.0	0.102802	-0.004824	0.102915	-2.686378	91678.166901
2000.0	1.0	0.0	0.0	0.0	-90.0	0.0	0.0	0.0	-3.794741	0.0	1.907383	1.907383	90.0	0.102737	-0.004752	0.102847	-2.648061	91676.736627
2050.0	1.0	0.0	0.0	0.0	-90.0	0.0	0.0	0.0	-173.35064	0.0	1.906119	1.906119	90.0	0.102685	-0.004707	0.102793	-2.62433	91675.290186
2100.0	1.0	0.0	0.0	0.0	-90.0	0.0	0.0	0.0	75.288921	0.0	1.904491	1.904491	90.0	0.102625	-0.004652	0.10273	-2.595188	91673.841353
2150.0	1.0	0.0	0.0	0.0	-90.0	0.0	0.0	0.0	149.176579	0.0	1.90285	1.90285	90.0	0.102583	-0.004604	0.102686	-2.569684	91672.413116
2200.0	1.0	0.0	0.0	0.0	-90.0	0.0	0.0	0.0	146.910542	0.0	1.901097	1.901097	90.0	0.102536	-0.004553	0.102637	-2.542458	91670.964778
2250.0	1.0	0.0	0.0	0.0	-90.0	0.0	0.0	0.0	-126.87567	0.0	1.899303	1.899303	90.0	0.102464	-0.004504	0.102563	-2.517023	91669.464196
2300.0	1.0	0.0	0.0	0.0	-90.0	0.0	0.0	0.0	-150.211528	0.0	1.897492	1.897492	90.0	0.102435	-0.004453	0.102532	-2.489435	91668.024125
2350.0	1.0	0.0	0.0	0.0	-90.0	0.0	0.0	0.0	22.651719	0.0	1.895486	1.895486	90.0	0.102375	-0.004409	0.10247	-2.466219	91666.561856
2400.0	1.0	0.0	0.0	0.0	-90.0	0.0	0.0	0.0	-1.106036	0.0	1.893243	1.893243	90.0	0.102347	-0.004373	0.10244	-2.446578	91665.085995
2450.0	1.0	0.0	0.0	0.0	-90.0	0.0	0.0	0.0	-69.89655	0.0	1.891042	1.891042	90.0	0.102309	-0.004328	0.102401	-2.422201	91663.65569
2500.0	1.0	0.0	0.0	0.0	-90.0	0.0	0.0	0.0	-150.154623	0.0	1.888469	1.888469	90.0	0.102252	-0.00429	0.102342	-2.402305	91662.216741
2550.0	1.0	0.0	0.0	0.0	-90.0	0.0	0.0	0.0	-26.126294	0.0	1.886278	1.886278	90.0	0.102216	-0.004251	0.102304	-2.381246	91660.78865
2600.0	1.0	0.0	0.0	0.0	-90.0	0.0	0.0	0.0	-61.993195	0.0	1.88361	1.88361	90.0	0.102174	-0.004213	0.102261	-2.361097	91659.377411
2650.0	1.0	0.0	0.0	0.0	-90.0	0.0	0.0	0.0	-148.59097	0.0	1.880967	1.880967	90.0	0.102144	-0.004173	0.10223	-2.33946	91657.918017
2700.0	1.0	0.0	0.0	0.0	-90.0	0.0	0.0	0.0	-21.023264	0.0	1.877924	1.877924	90.0	0.102097	-0.004139	0.102181	-2.321577	91656.481259
2750.0	1.0	0.0	0.0	0.0	-90.0	0.0	0.0	0.0	143.166733	0.0	1.875254	1.875254	90.0	0.102061	-0.004097	0.102143	-2.298754	91655.056087
2800.0	1.0	0.0	0.0	0.0	-90.0	0.0	0.0	0.0	-78.562245	0.0	1.872047	1.872047	90.0	0.102024	-0.004069	0.102105	-2.284106	91653.563937
2850.0	1.0	0.0	0.0	0.0	-90.0	0.0	0.0	0.0	-159.709176	0.0	1.868599	1.868599	90.0	0.101994	-0.004036	0.102074	-2.266072	91652.10763
2900.0	1.0	0.0	0.0	0.0	-90.0	0.0	0.0	0.0	-94.511556	0.0	1.86525	1.86525	90.0	0.101957	-0.004004	0.102036	-2.249157	91650.664895
2950.0	1.0	0.0	0.0	0.0	-90.0	0.0	0.0	0.0	156.109313	0.0	1.86149	1.86149	90.0	0.101925	-0.003977	0.102002	-2.234369	91649.252727
3000.0	1.0	0.0	0.0	0.0	-90.0	0.0	0.0	0.0	-164.810991	0.0	1.857777	1.857777	90.0	0.101889	-0.003945	0.101965	-2.217261	91647.789266
3050.0	1.0	0.0	0.0	0.0	-90.0	0.0	0.0	0.0	-123.995943	0.0	1.853763	1.853763	90.0	0.10186	-0.003906	0.101935	-2.196206	91646.334604
3100.0	1.0	0.0	0.0	0.0	-90.0	0.0	0.0	0.0	-19.376211	0.0	1.84927	1.84927	90.0	0.101821	-0.003882	0.101895	-2.183562	91644.864894
3150.0	1.0	0.0	0.0	0.0	-90.0	0.0	0.0	0.0	-176.539252	0.0	1.844221	1.844221	90.0	0.101798	-0.003857	0.101871	-2.16995	91643.40488
3200.0	1.0	0.0	0.0	0.0	-90.0	0.0	0.0	0.0	-65.368531	0.0	1.839399	1.839399	90.0	0.101776	-0.003827	0.101848	-2.153587	91641.920601
3250.0	1.0	0.0	0.0	0.0	-90.0	0.0	0.0	0.0	-99.380565	0.0	1.834356	1.834356	90.0	0.101747	-0.0038	0.101818	-2.138636	91640.514419
3300.0	1.0	0.0	0.0	0.0	-90.0	0.0	0.0	0.0	66.473134	0.0	1.828871	1.828871	90.0	0.101715	-0.003771	0.101785	-2.123277	91639.102059
3350.0	1.0	0.0	0.0	0.0	-90.0	0.0	0.0	0.0	143.370325	0.0	1.822935	1.822935	90.0	0.101683	-0.003746	0.101752	-2.10957	91637.668601
3400.0	1.0	0.0	0.0	0.0	-90.0	0.0	0.0	0.0	-137.804557	0.0	1.816312	1.816312	90.0	0.101654	-0.003718	0.101721	-2.094685	91636.190796
3450.0	1.0	0.0	0.0	0.0	-90.0	0.0	0.0	0.0	-172.944943	0.0	1.80963	1.80963	90.0	0.101622	-0.003687	0.101689	-2.077978	91634.692808
3500.0	1.0	0.0	0.0	0.0	-90.0	0.0	0.0	0.0	158.373082	0.0	1.802568	1.802568	90.0	0.101593	-0.003662	0.101659	-2.064612	91633.262906
3550.0	1.0	0.0	0.0	0.0	-90.0	0.0	0.0	0.0	60.916842	0.0	1.795108	1.795108	90.0	0.10157	-0.003627	0.101635	-2.045323	91631.824387
3600.0	1.0	0.0	0.0	0.0	-90.0	0.0	0.0	0.0	-113.044986	0.0	1.786981	1.786981	90.0	0.101548	-0.003606	0.101612	-2.033641	91630.394032
3650.0	1.0	0.0	0.0	0.0	-90.0	0.0	0.0	0.0	-140.051105	0.0	1.778185	1.778185	90.0	0.101518	-0.003589	0.101582	-2.024493	91628.937878
3700.0	1.0	0.0	0.0	0.0	-90.0	0.0	0.0	0.0	-22.54802	0.0	1.76906	1.76906	90.0	0.101499	-0.003564	0.101561	-2.011094	91627.497182
3750.0	1.0	0.0	0.0	0.0	-90.0	0.0	0.0	0.0	-51.426442	0.0	1.759225	1.759225	90.0	0.101468	-0.003532	0.101529	-1.993833	91626.058332
3800.0	1.0	0.0	0.0	0.0	-90.0	0.0	0.0	0.0	-58.251624	0.0	1.74867	1.74867	90.0	0.101447	-0.003509	0.101508	-1.981105	91624.611531
3850.0	1.0	0.0	0.0	0.0	-90.0	0.0	0.0	0.0	159.966395	0.0	1.73729	1.73729	90.0	0.101419	-0.003489	0.101479	-1.970192	91623.171851
3900.0	1.0	0.0	0.0	0.0	-90.0	0.0	0.0	0.0	22.097397	0.0	1.725097	1.725097	90.0	0.101396	-0.003465	0.101455	-1.957226	91621.734308
3950.0	1.0	0.0	0.0	0.0	-90.0	0.0	0.0	0.0	-87.104698	0.0	1.711423	1.711423	90.0	0.101363	-0.003433	0.101421	-1.939656	91620.287865
4000.0	1.0	0.0	0.0	0.0	-90.0	0.0	0.0	0.0	-145.147187	0.0	1.697261	1.697261	90.0	0.101341	-0.00341	0.101398	-1.927277	91618.854082
4050.0	1.0	0.0	0.0	0.0	-90.0	0.0	0.0	0.0	-9.90244	0.0	1.681391	1.681391	90.0	0.101321	-0.003386	0.101378	-1.914061	91617.404454
4100.0	1.0	0.0	0.0	0.0	-90.0	0.0	0.0	0.0	-172.608034	0.0	1.664352	1.664352	90.0	0.101294	-0.00336	0.10135	-1.899891	91615.952099
4150.0	1.0	0.0	0.0	0.0	-90.0	0.0	0.0	0.0	-154.096316	0.0	1.646297	1.646297	90.0	0.101265	-0.003336	0.10132	-1.887068	91614.537713
4200.0	1.0	0.0	0.0	0.0	-90.0	0.0	0.0	0.0	144.526667	0.0	1.625541	1.625541	90.0	0.101245	-0.003309	0.101299	-1.87207	91613.077676
4250.0	1.0	0.0	0.0	0.0	-90.0	0.0	0.0	0.0	-78.058035	0.0	1.602807	1.602807	90.0	0.101223	-0.003284	0.101276	-1.858347	91611.629025
4300.0	1.0	0.0	0.0	0.0	-90.0	0.0	0.0	0.0	-97.123478	0.0	1.57759	1.57759	90.0	0.101201	-0.003251	0.101254	-1.83977	91610.16494
4350.0	1.0	0.0	0.0	0.0	-90.0	0.0	0.0	0.0	-150.106582	0.0	1.550074	1.550074	90.0	0.101172	-0.003223	0.101224	-1.824445	91608.755902
4400.0	1.0	0.0	0.0	0.0	-90.0	0.0	0.0	0.0	-132.916207	0.0	1.518989	1.518989	90.0	0.101143	-0.003194	0.101194	-1.808749	91607.307736
4450.0	1.0	0.0	0.0	0.0	-90.0	0.0	0.0	0.0	-155.431476	0.0	1.483934	1.483934	90.0	0.101124	-0.003163	0.101173	-1.791418	91605.887178
4500.0	1.0	0.0	0.0	0.0	-90.0	0.0	0.0	0.0	-81.218197	0.0	1.443215	1.443215	90.0	0.101096	-0.003131	0.101145	-1.773942	91604.427316
4550.0	1.0	0.0	0.0	0.0	-90.0	0.0	0.0	0.0	-159.831315	0.0	1.396293	1.396293	90.0	0.101071	-0.003097	0.101119	-1.7549	91602.989649
4600.0	1.0	0.0	0.0	0.0	-90.0	0.0	0.0	0.0	-73.290313	0.0	1.340816	1.340816	90.0	0.101044	-0.003065	0.101091	-1.737154	91601.548459
4650.0	1.0	0.0	0.0	0.0	-90.0	0.0	0.0	0.0	29.457647	0.0	1.274922	1.274922	90.0	0.10102	-0.003028	0.101065	-1.716888	91600.06096
4700.0	1.0	0.0	0.0	0.0	-90.0	0.0	0.0	0.0	-158.952984	0.0	1.195956	1.195956	90.0	0.100993	-0.002988	0.101037	-1.694822	91598.630241
4750.0	1.0	0.0	0.0	0.0	-90.0	0.0	0.0	0.0	-147.803358	0.0	1.103218	1.103218	90.0	0.100959	-0.00295	0.101002	-1.673524	91597.129721
4800.0	1.0	0.0	0.0	0.0	-90.0	0.0	0.0	0.0	157.226549	0.0	1.007921	1.007921	90.0	0.100931	-0.002911	0.100973	-1.652199	91595.677567
4850.0	1.0	0.0	0.0	0.0	-90.0	0.0	0.0	0.0	-150.371652	0.0	0.873684	0.873684	90.0	0.100898	-0.002873	0.100939	-1.630771	91594.244347
4900.0	1.0	0.0	0.0	0.0	-90.0	0.0	0.0	0.0	-179.270837	0.0	0.744039	0.744039	90.0	0.100871	-0.002837	0.100911	-1.610959	91592.807815
4950.0	1.0	0.0	0.0	0.0	-90.0	0.0	0.0	0.0	140.706445	0.0	0.629839	0.629839	90.0	0.100843	-0.00281	0.100882	-1.596328	91591.389386
5000.0	1.0	0.0	0.0	0.0	-90.0	0.0	0.0	0.0	-30.085364499999997	0.0	1.250384	1.250384	90.0	0.1010125	-0.003186	0.1010635	-1.8058714999999999	91377.7380435
10000.0	1.0	0.0	0.0	0.0	-90.0	0.0	0.0	0.0	-172.652349	0.0	1.934777	1.934777	90.0	0.100244	-0.003354	0.1003	-1.916302	91164.044027
15000.0	1.0	0.0	0.0	0.0	-90.0	0.0	0.0	0.0	151.005234	0.0	1.933729	1.933729	90.0	0.099725	-0.003556	0.099788	-2.042272	91162.587392
20000.0	1.0	0.0	0.0	0.0	-90.0	0.0	0.0	0.0	133.350494	0.0	1.933148	1.933148	90.0	0.099351	-0.003856	0.099426	-2.222731	91161.159619
25000.0	1.0	0.0	0.0	0.0	-90.0	0.0	0.0	0.0	-108.949472	0.0	1.932585	1.932585	90.0	0.099057	-0.004212	0.099146	-2.434869	91159.731496
30000.0	1.0	0.0	0.0	0.0	-90.0	0.0	0.0	0.0	-123.136751	0.0	1.931859	1.931859	90.0	0.098801	-0.004575	0.098907	-2.651384	91158.312044
35000.0	1.0	0.0	0.0	0.0	-90.0	0.0	0.0	0.0	-24.308629	0.0	1.931085	1.931085	90.0	0.098574	-0.004949	0.098699	-2.874185	91156.854076
40000.0	1.0	0.0	0.0	0.0	-90.0	0.0	0.0	0.0	-134.032464	0.0	1.930492	1.930492	90.0	0.098381	-0.005328	0.098525	-3.099927	91155.376124
45000.0	1.0	0.0	0.0	0.0	-90.0	0.0	0.0	0.0	159.136629	0.0	1.92972	1.92972	90.0	0.098198	-0.005707	0.098364	-3.325883	91153.945509
50000.0	1.0	0.0	0.0	0.0	-90.0	0.0	0.0	0.0	103.157173	0.0	1.928774	1.928774	90.0	0.098023	-0.006086	0.098212	-3.552789	91152.468338
55000.0	1.0	0.0	0.0	0.0	-90.0	0.0	0.0	0.0	-155.269916	0.0	1.928314	1.928314	90.0	0.097867	-0.006468	0.09808	-3.781361	91151.006432
60000.0	1.0	0.0	0.0	0.0	-90.0	0.0	0.0	0.0	-60.290392	0.0	1.927424	1.927424	90.0	0.097716	-0.006849	0.097956	-4.009119	91149.563813
65000.0	1.0	0.0	0.0	0.0	-90.0	0.0	0.0	0.0	158.445927	0.0	1.926755	1.926755	90.0	0.097581	-0.007231	0.097849	-4.238107	91148.141586
70000.0	1.0	0.0	0.0	0.0	-90.0	0.0	0.0	0.0	8.52155	0.0	1.925911	1.925911	90.0	0.097447	-0.007613	0.097744	-4.467085	91146.670515
75000.0	1.0	0.0	0.0	0.0	-90.0	0.0	0.0	0.0	-120.603758	0.0	1.925082	1.925082	90.0	0.097314	-0.007989	0.097641	-4.69335	91145.248191
80000.0	1.0	0.0	0.0	0.0	-90.0	0.0	0.0	0.0	-95.349134	0.0	1.924205	1.924205	90.0	0.097184	-0.008371	0.097544	-4.922935	91143.807884
85000.0	1.0	0.0	0.0	0.0	-90.0	0.0	0.0	0.0	-22.372177	0.0	1.92348	1.92348	90.0	0.097054	-0.008748	0.097447	-5.150536	91142.351741
90000.0	1.0	0.0	0.0	0.0	-90.0	0.0	0.0	0.0	131.966344	0.0	1.922515	1.922515	90.0	0.096927	-0.009125	0.097356	-5.378337	91140.915703
95000.0	1.0	0.0	0.0	0.0	-90.0	0.0	0.0	0.0	-87.080892	0.0	1.921811	1.921811	90.0	0.096805	-0.009502	0.09727	-5.605876	91139.469759
100000.0	1.0	0.0	0.0	0.0	-90.0	0.0	0.0	0.0	178.088672	0.0	1.92054	1.92054	90.0	0.096682	-0.009879	0.097185	-5.834209	91138.026644
105000.0	1.0	0.0	0.0	0.0	-90.0	0.0	0.0	0.0	47.257234	0.0	1.919784	1.919784	90.0	0.096562	-0.010252	0.097105	-6.060209	91136.596445
110000.0	1.0	0.0	0.0	0.0	-90.0	0.0	0.0	0.0	126.947739	0.0	1.91863	1.91863	90.0	0.096444	-0.010626	0.097028	-6.287343	91135.165986
115000.0	1.0	0.0	0.0	0.0	-90.0	0.0	0.0	0.0	125.218196	0.0	1.917761	1.917761	90.0	0.096329	-0.010998	0.096955	-6.513296	91133.707389
120000.0	1.0	0.0	0.0	0.0	-90.0	0.0	0.0	0.0	-177.400937	0.0	1.916544	1.916544	90.0	0.096209	-0.01137	0.096878	-6.740255	91132.271727
125000.0	1.0	0.0	0.0	0.0	-90.0	0.0	0.0	0.0	-135.936944	0.0	1.915462	1.915462	90.0	0.096094	-0.011741	0.096809	-6.965968	91130.814638
130000.0	1.0	0.0	0.0	0.0	-90.0	0.0	0.0	0.0	147.54442	0.0	1.914451	1.914451	90.0	0.095978	-0.012108	0.096738	-7.190138	91129.368799
135000.0	1.0	0.0	0.0	0.0	-90.0	0.0	0.0	0.0	-74.535634	0.0	1.913116	1.913116	90.0	0.095865	-0.012477	0.096673	-7.41531	91127.935901
140000.0	1.0	0.0	0.0	0.0	-90.0	0.0	0.0	0.0	122.400582	0.0	1.911883	1.911883	90.0	0.095741	-0.012843	0.096598	-7.64041	91126.499494
145000.0	1.0	0.0	0.0	0.0	-90.0	0.0	0.0	0.0	164.719178	0.0	1.910679	1.910679	90.0	0.095626	-0.01321	0.096534	-7.865197	91125.07465
150000.0	1.0	0.0	0.0	0.0	-90.0	0.0	0.0	0.0	170.859338	0.0	1.909381	1.909381	90.0	0.095505	-0.013576	0.096465	-8.090108	91123.611818
155000.0	1.0	0.0	0.0	0.0	-90.0	0.0	0.0	0.0	-161.336072	0.0	1.907978	1.907978	90.0	0.095387	-0.013939	0.0964	-8.314003	91122.158461
160000.0	1.0	0.0	0.0	0.0	-90.0	0.0	0.0	0.0	-70.902294	0.0	1.906584	1.906584	90.0	0.095266	-0.014302	0.096334	-8.537774	91120.683928
165000.0	1.0	0.0	0.0	0.0	-90.0	0.0	0.0	0.0	157.303075	0.0	1.905045	1.905045	90.0	0.095142	-0.014664	0.096265	-8.761861	91119.247471
170000.0	1.0	0.0	0.0	0.0	-90.0	0.0	0.0	0.0	-118.409819	0.0	1.903231	1.903231	90.0	0.095027	-0.015024	0.096207	-8.984255	91117.816687
175000.0	1.0	0.0	0.0	0.0	-90.0	0.0	0.0	0.0	-102.405941	0.0	1.901619	1.901619	90.0	0.09491	-0.015386	0.096149	-9.207945	91116.392283
180000.0	1.0	0.0	0.0	0.0	-90.0	0.0	0.0	0.0	104.50822	0.0	1.900051	1.900051	90.0	0.094794	-0.015747	0.096093	-9.431635	91114.969059
185000.0	1.0	0.0	0.0	0.0	-90.0	0.0	0.0	0.0	153.862402	0.0	1.898321	1.898321	90.0	0.094674	-0.016105	0.096034	-9.654054	91113.53958
190000.0	1.0	0.0	0.0	0.0	-90.0	0.0	0.0	0.0	1.231376	0.0	1.896614	1.896614	90.0	0.094552	-0.016463	0.095975	-9.876854	91112.10494
195000.0	1.0	0.0	0.0	0.0	-90.0	0.0	0.0	0.0	157.405148	0.0	1.894594	1.894594	90.0	0.094433	-0.01682	0.095919	-10.099274	91110.683243
200000.0	1.0	0.0	0.0	0.0	-90.0	0.0	0.0	0.0	174.161223	0.0	1.892646	1.892646	90.0	0.094311	-0.017174	0.095862	-10.32022	91109.235025
205000.0	1.0	0.0	0.0	0.0	-90.0	0.0	0.0	0.0	-129.085951	0.0	1.890553	1.890553	90.0	0.094183	-0.017529	0.095801	-10.54327	91107.77945
210000.0	1.0	0.0	0.0	0.0	-90.0	0.0	0.0	0.0	-134.066524	0.0	1.888273	1.888273	90.0	0.094056	-0.017882	0.09574	-10.764783	91106.36117
215000.0	1.0	0.0	0.0	0.0	-90.0	0.0	0.0	0.0	-151.259413	0.0	1.886009	1.886009	90.0	0.093932	-0.018236	0.095686	-10.986742	91104.91706
220000.0	1.0	0.0	0.0	0.0	-90.0	0.0	0.0	0.0	25.130354	0.0	1.883917	1.883917	90.0	0.09381	-0.018588	0.095634	-11.20778	91103.486462
225000.0	1.0	0.0	0.0	0.0	-90.0	0.0	0.0	0.0	135.336437	0.0	1.881359	1.881359	90.0	0.093687	-0.018941	0.095583	-11.429797	91102.071596
230000.0	1.0	0.0	0.0	0.0	-90.0	0.0	0.0	0.0	-157.009802	0.0	1.878715	1.878715	90.0	0.09356	-0.019292	0.095528	-11.650949	91100.625499
235000.0	1.0	0.0	0.0	0.0	-90.0	0.0	0.0	0.0	41.021554	0.0	1.87603	1.87603	90.0	0.093435	-0.019643	0.095478	-11.872527	91099.200403
240000.0	1.0	0.0	0.0	0.0	-90.0	0.0	0.0	0.0	-50.472927	0.0	1.873524	1.873524	90.0	0.093314	-0.019992	0.095431	-12.09264	91097.724382
245000.0	1.0	0.0	0.0	0.0	-90.0	0.0	0.0	0.0	172.526109	0.0	1.87049	1.87049	90.0	0.093183	-0.020342	0.095377	-12.314414	91096.302216
250000.0	1.0	0.0	0.0	0.0	-90.0	0.0	0.0	0.0	-175.933688	0.0	1.867456	1.867456	90.0	0.093058	-0.020692	0.09533	-12.535865	91094.860926
255000.0	1.0	0.0	0.0	0.0	-90.0	0.0	0.0	0.0	100.452566	0.0	1.864339	1.864339	90.0	0.09293	-0.021038	0.095282	-12.756122	91093.421864
260000.0	1.0	0.0	0.0	0.0	-90.0	0.0	0.0	0.0	96.031932	0.0	1.860925	1.860925	90.0	0.092797	-0.021383	0.095228	-12.976119	91091.984435
265000.0	1.0	0.0	0.0	0.0	-90.0	0.0	0.0	0.0	-132.292648	0.0	1.857636	1.857636	90.0	0.09266	-0.021729	0.095173	-13.197305	91090.524318
270000.0	1.0	0.0	0.0	0.0	-90.0	0.0	0.0	0.0	161.878894	0.0	1.854068	1.854068	90.0	0.092526	-0.022075	0.095123	-13.418625	91089.095169
275000.0	1.0	0.0	0.0	0.0	-90.0	0.0	0.0	0.0	40.743769	0.0	1.849907	1.849907	90.0	0.092388	-0.022418	0.095069	-13.638994	91087.644543
280000.0	1.0	0.0	0.0	0.0	-90.0	0.0	0.0	0.0	161.396553	0.0	1.845873	1.845873	90.0	0.092253	-0.022759	0.095019	-13.858503	91086.198357
285000.0	1.0	0.0	0.0	0.0	-90.0	0.0	0.0	0.0	-22.442507	0.0	1.8419	1.8419	90.0	0.092115	-0.023102	0.094968	-14.078998	91084.783926
290000.0	1.0	0.0	0.0	0.0	-90.0	0.0	0.0	0.0	144.060247	0.0	1.837328	1.837328	90.0	0.091985	-0.023444	0.094926	-14.298443	91083.319227
295000.0	1.0	0.0	0.0	0.0	-90.0	0.0	0.0	0.0	147.469385	0.0	1.83264	1.83264	90.0	0.091854	-0.023787	0.094884	-14.518691	91081.89079
300000.0	1.0	0.0	0.0	0.0	-90.0	0.0	0.0	0.0	139.041286	0.0	1.827689	1.827689	90.0	0.091718	-0.024129	0.094839	-14.739087	91080.472016
305000.0	1.0	0.0	0.0	0.0	-90.0	0.0	0.0	0.0	-163.113258	0.0	1.822805	1.822805	90.0	0.091582	-0.024468	0.094794	-14.958297	91079.00705
310000.0	1.0	0.0	0.0	0.0	-90.0	0.0	0.0	0.0	95.488239	0.0	1.817232	1.817232	90.0	0.091444	-0.024807	0.094749	-15.177903	91077.562514
315000.0	1.0	0.0	0.0	0.0	-90.0	0.0	0.0	0.0	81.328058	0.0	1.811481	1.811481	90.0	0.091299	-0.025144	0.094699	-15.397871	91076.127361
320000.0	1.0	0.0	0.0	0.0	-90.0	0.0	0.0	0.0	-79.888435	0.0	1.805361	1.805361	90.0	0.091152	-0.025482	0.094647	-15.6184	91074.704152
325000.0	1.0	0.0	0.0	0.0	-90.0	0.0	0.0	0.0	-40.027614	0.0	1.799132	1.799132	90.0	0.091004	-0.025815	0.094594	-15.837254	91073.260325
330000.0	1.0	0.0	0.0	0.0	-90.0	0.0	0.0	0.0	179.36404	0.0	1.792441	1.792441	90.0	0.090868	-0.026156	0.094558	-16.058054	91071.821736
335000.0	1.0	0.0	0.0	0.0	-90.0	0.0	0.0	0.0	-31.697696	0.0	1.78535	1.78535	90.0	0.090723	-0.02649	0.094512	-16.277161	91070.396998
340000.0	1.0	0.0	0.0	0.0	-90.0	0.0	0.0	0.0	171.474664	0.0	1.777847	1.777847	90.0	0.090576	-0.026825	0.094465	-16.497434	91068.967249
345000.0	1.0	0.0	0.0	0.0	-90.0	0.0	0.0	0.0	114.173844	0.0	1.769861	1.769861	90.0	0.090424	-0.027156	0.094414	-16.716167	91067.525342
350000.0	1.0	0.0	0.0	0.0	-90.0	0.0	0.0	0.0	175.035813	0.0	1.76135	1.76135	90.0	0.090279	-0.027492	0.094372	-16.936914	91066.092889
355000.0	1.0	0.0	0.0	0.0	-90.0	0.0	0.0	0.0	96.885565	0.0	1.752366	1.752366	90.0	0.09013	-0.027824	0.094327	-17.155727	91064.657788
360000.0	1.0	0.0	0.0	0.0	-90.0	0.0	0.0	0.0	79.166511	0.0	1.742818	1.742818	90.0	0.089975	-0.028152	0.094277	-17.373916	91063.20762
365000.0	1.0	0.0	0.0	0.0	-90.0	0.0	0.0	0.0	115.32677	0.0	1.732158	1.732158	90.0	0.08982	-0.028483	0.094228	-17.59464	91061.694983
370000.0	1.0	0.0	0.0	0.0	-90.0	0.0	0.0	0.0	-74.962892	0.0	1.721329	1.721329	90.0	0.08967	-0.028813	0.094185	-17.813445	91060.255956
375000.0	1.0	0.0	0.0	0.0	-90.0	0.0	0.0	0.0	81.514292	0.0	1.709868	1.709868	90.0	0.089513	-0.02914	0.094136	-18.032461	91058.821223
380000.0	1.0	0.0	0.0	0.0	-90.0	0.0	0.0	0.0	-87.682309	0.0	1.69713	1.69713	90.0	0.089359	-0.029471	0.094094	-18.252816	91057.38543
385000.0	1.0	0.0	0.0	0.0	-90.0	0.0	0.0	0.0	-98.671784	0.0	1.684192	1.684192	90.0	0.089206	-0.029799	0.094051	-18.471903	91055.964117
390000.0	1.0	0.0	0.0	0.0	-90.0	0.0	0.0	0.0	95.248224	0.0	1.669903	1.669903	90.0	0.089052	-0.030127	0.09401	-18.690789	91054.514686
395000.0	1.0	0.0	0.0	0.0	-90.0	0.0	0.0	0.0	168.010398	0.0	1.654691	1.654691	90.0	0.088891	-0.030452	0.093963	-18.910458	91053.112008
400000.0	1.0	0.0	0.0	0.0	-90.0	0.0	0.0	0.0	156.811896	0.0	1.638108	1.638108	90.0	0.088732	-0.03078	0.093919	-19.131118	91051.645681
405000.0	1.0	0.0	0.0	0.0	-90.0	0.0	0.0	0.0	37.445784	0.0	1.620156	1.620156	90.0	0.088564	-0.031102	0.093866	-19.350066	91050.215465
410000.0	1.0	0.0	0.0	0.0	-90.0	0.0	0.0	0.0	161.014609	0.0	1.601219	1.601219	90.0	0.088404	-0.031426	0.093824	-19.569574	91048.781643
415000.0	1.0	0.0	0.0	0.0	-90.0	0.0	0.0	0.0	133.497283	0.0	1.579918	1.579918	90.0	0.088252	-0.031753	0.09379	-19.788608	91047.342983
420000.0	1.0	0.0	0.0	0.0	-90.0	0.0	0.0	0.0	90.69811	0.0	1.556613	1.556613	90.0	0.088089	-0.032077	0.093748	-20.008698	91045.890944
425000.0	1.0	0.0	0.0	0.0	-90.0	0.0	0.0	0.0	116.040424	0.0	1.531345	1.531345	90.0	0.087927	-0.032399	0.093706	-20.227669	91044.439818
430000.0	1.0	0.0	0.0	0.0	-90.0	0.0	0.0	0.0	-164.924911	0.0	1.503718	1.503718	90.0	0.087758	-0.03272	0.093659	-20.447307	91042.992872
435000.0	1.0	0.0	0.0	0.0	-90.0	0.0	0.0	0.0	-178.448173	0.0	1.472701	1.472701	90.0	0.087585	-0.033038	0.093609	-20.666922	91041.55962
440000.0	1.0	0.0	0.0	0.0	-90.0	0.0	0.0	0.0	168.3237	0.0	1.438482	1.438482	90.0	0.087418	-0.033358	0.093566	-20.886275	91040.104871
445000.0	1.0	0.0	0.0	0.0	-90.0	0.0	0.0	0.0	168.177829	0.0	1.40397	1.40397	90.0	0.08725	-0.033677	0.093524	-21.105653	91038.673348
450000.0	1.0	0.0	0.0	0.0	-90.0	0.0	0.0	0.0	165.575993	0.0	1.363231	1.363231	90.0	0.087076	-0.033996	0.093477	-21.326575	91037.214773
455000.0	1.0	0.0	0.0	0.0	-90.0	0.0	0.0	0.0	127.578019	0.0	1.303811	1.303811	90.0	0.086903	-0.034309	0.09343	-21.544197	91035.774499
460000.0	1.0	0.0	0.0	0.0	-90.0	0.0	0.0	0.0	34.020864	0.0	1.244864	1.244864	90.0	0.086729	-0.034625	0.093385	-21.76346	91034.330409
465000.0	1.0	0.0	0.0	0.0	-90.0	0.0	0.0	0.0	-30.31339	0.0	1.18276	1.18276	90.0	0.086551	-0.03494	0.093338	-21.983568	91032.868791
470000.0	1.0	0.0	0.0	0.0	-90.0	0.0	0.0	0.0	-158.028257	0.0	1.107572	1.107572	90.0	0.086372	-0.03525	0.093288	-22.201214	91031.395297
475000.0	1.0	0.0	0.0	0.0	-90.0	0.0	0.0	0.0	-154.367224	0.0	1.01814	1.01814	90.0	0.086199	-0.035561	0.093246	-22.418252	91029.961073
480000.0	1.0	0.0	0.0	0.0	-90.0	0.0	0.0	0.0	147.39998	0.0	0.918581	0.918581	90.0	0.086022	-0.035876	0.093204	-22.638958	91028.513916
485000.0	1.0	0.0	0.0	0.0	-90.0	0.0	0.0	0.0	157.401781	0.0	0.812373	0.812373	90.0	0.085846	-0.036193	0.093164	-22.86052	91027.085708
490000.0	1.0	0.0	0.0	0.0	-90.0	0.0	0.0	0.0	87.918739	0.0	0.705696	0.705696	90.0	0.085668	-0.036506	0.093122	-23.080566	91025.648539
495000.0	1.0	0.0	0.0	0.0	-90.0	0.0	0.0	0.0	164.871613	0.0	0.612914	0.612914	90.0	0.085489	-0.036815	0.093079	-23.298414	91024.189699
500000.0	1.0	0.0	0.0	0.0	-90.0	0.0	0.0	0.0	-168.584956	0.0	0.56777	0.56777	90.0	0.085294	-0.037128	0.093024	-23.523086	91022.751253
