# Oscilator_frequency (Hz)	DemodAll_A (-)	Demod_1_X_A (A)	Demod_1_Y_A (A)	Demod_1__R_A (A)	Demod_1__Theta_A (deg)	Demod_2_X_A (A)	Demod_2_Y_A (A)	Demod_2__R_A (A)	Demod_2__Theta_A (deg)	Demod_3_X_A (V)	Demod_3_Y_A (V)	Demod_3__R_A (V)	Demod_3__Theta_A (deg)	Demod_4_X_A (V)	Demod_4_Y_A (V)	Demod_4__R_A (V)	Demod_4__Theta_A (deg)	Timer_GET (s)
1.0	1.0	0.0	0.0	0.0	-90.0	0.293458	0.500152	0.579888	59.598293	0.0	-0.594385	0.594385	-90.0	0.293458	0.500152	0.579888	59.598293	339765.792273
2.0	1.0	0.0	0.0	0.0	-90.0	0.397776	-0.129995	0.418479	-18.097602	0.0	-0.379617	0.379617	-90.0	0.397776	-0.129995	0.418479	-18.097602	339764.347967
3.0	1.0	0.0	0.0	0.0	-90.0	0.683057	-0.054396	0.68522	-4.553187	0.0	-0.796586	0.796586	-90.0	0.707636	-0.046069	0.709134	-3.724862	339762.902275
4.0	1.0	0.0	0.0	0.0	-90.0	0.627264	0.055481	0.629713	5.054647	0.0	0.573648	0.573648	90.0	0.638107	0.06561	0.641471	5.870489	339761.439958
5.0	1.0	0.0	0.0	0.0	-90.0	0.593672	0.022756	0.594108	2.195163	0.0	0.425659	0.425659	90.0	0.593672	0.022756	0.594108	2.195163	339760.012528
6.0	1.0	0.0	0.0	0.0	-90.0	0.574816	0.007815	0.57487	0.778888	0.0	-0.279089	0.279089	-90.0	0.573195	0.00248	0.573201	0.247851	339758.57792
7.0	1.0	0.0	0.0	0.0	-90.0	0.575293	0.001571	0.575295	0.156442	0.0	-0.00664	0.00664	-90.0	0.576151	0.002346	0.576156	0.233344	339757.127746
8.0	1.0	0.0	0.0	0.0	-90.0	0.567391	-0.008058	0.567449	-0.813629	0.0	0.096458	0.096458	90.0	0.567391	-0.008058	0.567449	-0.813629	339755.633604
9.0	1.0	0.0	0.0	0.0	-90.0	0.560295	-0.017598	0.560572	-1.799015	0.0	-0.01666	0.01666	-90.0	0.560295	-0.017598	0.560572	-1.799015	339754.194779
10.0	1.0	0.0	0.0	0.0	-90.0	0.555073	-0.023467	0.555569	-2.420921	0.0	0.023814	0.023814	90.0	0.555073	-0.023467	0.555569	-2.420921	339752.75607
11.0	1.0	0.0	0.0	0.0	-90.0	0.550753	-0.028159	0.551472	-2.92684	0.0	-0.014023	0.014023	-90.0	0.550753	-0.028159	0.551472	-2.92684	339751.319147
12.0	1.0	0.0	0.0	0.0	-90.0	0.545683	-0.032472	0.546648	-3.405527	0.0	0.006847	0.006847	90.0	0.545699	-0.032421	0.546661	-3.400021	339749.89244
13.0	1.0	0.0	0.0	0.0	-90.0	0.541221	-0.035927	0.542412	-3.797776	0.0	0.000481	0.000481	90.0	0.541221	-0.035927	0.542412	-3.797776	339748.453478
14.0	1.0	0.0	0.0	0.0	-90.0	0.536983	-0.037958	0.538323	-4.043334	0.0	0.002647	0.002647	90.0	0.536979	-0.037948	0.538318	-4.042352	339747.024568
15.0	1.0	0.0	0.0	0.0	-90.0	0.533062	-0.039868	0.534551	-4.27718	0.0	0.007796	0.007796	90.0	0.533062	-0.039868	0.534551	-4.27718	339745.575616
16.0	1.0	0.0	0.0	0.0	-90.0	0.530787	-0.04324	0.532546	-4.657251	0.0	0.002193	0.002193	90.0	0.530787	-0.04324	0.532546	-4.657251	339744.140699
17.0	1.0	0.0	0.0	0.0	-90.0	0.526152	-0.045462	0.528112	-4.938416	0.0	0.004096	0.004096	90.0	0.526152	-0.045462	0.528112	-4.938416	339742.658836
18.0	1.0	0.0	0.0	0.0	-90.0	0.523758	-0.046472	0.525816	-5.070459	0.0	0.00305	0.00305	90.0	0.523758	-0.046472	0.525816	-5.070459	339741.251901
19.0	1.0	0.0	0.0	0.0	-90.0	0.520304	-0.046521	0.52238	-5.109332	0.0	0.002556	0.002556	90.0	0.520304	-0.046521	0.52238	-5.109332	339739.792572
20.0	1.0	0.0	0.0	0.0	-90.0	0.517625	-0.0478	0.519828	-5.275953	0.0	0.002915	0.002915	90.0	0.517625	-0.0478	0.519828	-5.275953	339738.351506
21.0	1.0	0.0	0.0	0.0	-90.0	0.515278	-0.048689	0.517574	-5.397852	0.0	0.002616	0.002616	90.0	0.515278	-0.048689	0.517574	-5.397852	339736.85107
22.0	1.0	0.0	0.0	0.0	-90.0	0.513053	-0.04938	0.515424	-5.49759	0.0	0.002332	0.002332	90.0	0.513053	-0.04938	0.515424	-5.49759	339735.406399
23.0	1.0	0.0	0.0	0.0	-90.0	0.510391	-0.050745	0.512907	-5.677907	0.0	0.004098	0.004098	90.0	0.510296	-0.050825	0.51282	-5.687808	339733.97697
24.0	1.0	0.0	0.0	0.0	-90.0	0.506726	-0.051707	0.509358	-5.82642	0.0	0.00716	0.00716	90.0	0.506705	-0.051672	0.509333	-5.822683	339732.557883
25.0	1.0	0.0	0.0	0.0	-90.0	0.507463	-0.050283	0.509948	-5.658819	0.0	0.002304	0.002304	90.0	0.507463	-0.050283	0.509948	-5.658819	339731.124247
26.0	1.0	0.0	0.0	0.0	-90.0	0.50287	-0.052988	0.505654	-6.015168	0.0	0.006486	0.006486	90.0	0.50287	-0.052988	0.505654	-6.015168	339729.705187
27.0	1.0	0.0	0.0	0.0	-90.0	0.503178	-0.053022	0.505964	-6.015255	0.0	0.002083	0.002083	90.0	0.503268	-0.052977	0.506049	-6.009183	339728.293855
28.0	1.0	0.0	0.0	0.0	-90.0	0.500927	-0.052539	0.503675	-5.987439	0.0	0.002265	0.002265	90.0	0.500927	-0.052539	0.503675	-5.987439	339726.85813
29.0	1.0	0.0	0.0	0.0	-90.0	0.498783	-0.05296	0.501586	-6.060856	0.0	0.003103	0.003103	90.0	0.498783	-0.05296	0.501586	-6.060857	339725.408253
30.0	1.0	0.0	0.0	0.0	-90.0	0.497326	-0.053372	0.500182	-6.125424	0.0	0.003023	0.003023	90.0	0.497326	-0.053372	0.500182	-6.125424	339723.975683
31.0	1.0	0.0	0.0	0.0	-90.0	0.495736	-0.053839	0.498651	-6.198308	0.0	0.002973	0.002973	90.0	0.495736	-0.053839	0.498651	-6.198308	339722.546512
32.0	1.0	0.0	0.0	0.0	-90.0	0.493965	-0.053976	0.496906	-6.235992	0.0	0.003162	0.003162	90.0	0.493965	-0.053976	0.496906	-6.235992	339721.085377
33.0	1.0	0.0	0.0	0.0	-90.0	0.492473	-0.054105	0.495436	-6.269599	0.0	0.003085	0.003085	90.0	0.492473	-0.054105	0.495436	-6.269599	339719.643603
34.0	1.0	0.0	0.0	0.0	-90.0	0.491393	-0.054398	0.494395	-6.31699	0.0	0.002991	0.002991	90.0	0.491317	-0.054481	0.494328	-6.327504	339718.21475
35.0	1.0	0.0	0.0	0.0	-90.0	0.489687	-0.054672	0.492729	-6.370519	0.0	0.003163	0.003163	90.0	0.489687	-0.054672	0.492729	-6.370519	339716.788124
36.0	1.0	0.0	0.0	0.0	-90.0	0.488361	-0.054395	0.491381	-6.355546	0.0	0.00314	0.00314	90.0	0.488361	-0.054395	0.491381	-6.355546	339715.344612
37.0	1.0	0.0	0.0	0.0	-90.0	0.487186	-0.054885	0.490267	-6.427668	0.0	0.003098	0.003098	90.0	0.487186	-0.054885	0.490267	-6.427668	339713.907198
38.0	1.0	0.0	0.0	0.0	-90.0	0.486691	-0.054402	0.489722	-6.378011	0.0	0.003096	0.003096	90.0	0.486691	-0.054402	0.489722	-6.378011	339712.472656
39.0	1.0	0.0	0.0	0.0	-90.0	0.486055	-0.054333	0.489083	-6.378236	0.0	0.003126	0.003126	90.0	0.487154	-0.054615	0.490206	-6.396787	339711.039893
40.0	1.0	0.0	0.0	0.0	-90.0	0.483356	-0.052692	0.486219	-6.221468	0.0	0.003074	0.003074	90.0	0.486517	-0.051004	0.489184	-5.984794	339709.586098
41.0	1.0	0.0	0.0	0.0	-90.0	0.48659	-0.054141	0.489593	-6.348992	0.0	0.003108	0.003108	90.0	0.487797	-0.055114	0.4909	-6.446308	339708.155061
42.0	1.0	0.0	0.0	0.0	-90.0	0.488504	-0.054323	0.491516	-6.345419	0.0	0.003034	0.003034	90.0	0.488504	-0.054323	0.491516	-6.345419	339706.688647
43.0	1.0	0.0	0.0	0.0	-90.0	0.471826	-0.065772	0.476389	-7.935811	0.0	0.00369	0.00369	90.0	0.471826	-0.065772	0.476389	-7.935811	339705.215216
44.0	1.0	0.0	0.0	0.0	-90.0	0.494547	-0.068888	0.499322	-7.930004	0.0	0.003292	0.003292	90.0	0.494547	-0.068888	0.499322	-7.930004	339703.808237
45.0	1.0	0.0	0.0	0.0	-90.0	0.444512	-0.058482	0.448343	-7.49504	0.0	0.004203	0.004203	90.0	0.444512	-0.058482	0.448343	-7.49504	339702.379488
46.0	1.0	0.0	0.0	0.0	-90.0	0.434627	-0.065236	0.439496	-8.536129	0.0	0.004823	0.004823	90.0	0.434627	-0.065236	0.439496	-8.536129	339700.925204
47.0	1.0	0.0	0.0	0.0	-90.0	0.535647	-0.054458	0.538408	-5.805191	0.0	0.000838	0.000838	90.0	0.536521	-0.059485	0.539809	-6.326621	339699.477207
48.0	1.0	0.0	0.0	0.0	-90.0	0.542247	-0.084324	0.548765	-8.839198	0.0	0.000594	0.000594	90.0	0.540921	-0.088253	0.548073	-9.266317	339698.04341
49.0	1.0	0.0	0.0	0.0	-90.0	0.452249	0.022586	0.452812	2.859076	0.0	0.005118	0.005118	90.0	0.452249	0.022586	0.452812	2.859076	339696.596655
50.0	1.0	0.0	0.0	0.0	-90.0	0.544728	-0.005901	0.54476	-0.620614	0.0	0.00328	0.00328	90.0	0.544723	-0.005893	0.544754	-0.619834	339695.150017
51.0	1.0	0.0	0.0	0.0	-90.0	0.415	0.002865	0.41501	0.395493	0.0	0.003263	0.003263	90.0	0.415	0.002865	0.41501	0.395493	339693.68439
52.0	1.0	0.0	0.0	0.0	-90.0	0.533408	-0.014675	0.53361	-1.575895	0.0	0.000472	0.000472	90.0	0.533408	-0.014675	0.53361	-1.575895	339692.239517
53.0	1.0	0.0	0.0	0.0	-90.0	0.498226	-0.004062	0.498242	-0.467073	0.0	0.002342	0.002342	90.0	0.494014	-0.000968	0.494015	-0.112303	339690.806894
54.0	1.0	0.0	0.0	0.0	-90.0	0.471134	-0.098736	0.481369	-11.836293	0.0	0.002278	0.002278	90.0	0.476325	-0.099943	0.486698	-11.849971	339689.35627
55.0	1.0	0.0	0.0	0.0	-90.0	0.496418	-0.07283	0.501732	-8.346371	0.0	0.001945	0.001945	90.0	0.496418	-0.07283	0.501732	-8.34637	339687.881961
56.0	1.0	0.0	0.0	0.0	-90.0	0.467463	-0.034157	0.468709	-4.17914	0.0	0.003854	0.003854	90.0	0.467463	-0.034157	0.468709	-4.17914	339686.443958
57.0	1.0	0.0	0.0	0.0	-90.0	0.453718	-0.052792	0.456779	-6.636777	0.0	0.003654	0.003654	90.0	0.453718	-0.052792	0.456779	-6.636777	339685.007823
58.0	1.0	0.0	0.0	0.0	-90.0	0.475446	-0.059334	0.479134	-7.113506	0.0	0.002965	0.002965	90.0	0.475446	-0.059334	0.479134	-7.113506	339683.498661
59.0	1.0	0.0	0.0	0.0	-90.0	0.463372	-0.057079	0.466874	-7.022465	0.0	0.003216	0.003216	90.0	0.463372	-0.057079	0.466874	-7.022465	339682.075545
60.0	1.0	0.0	0.0	0.0	-90.0	0.468683	-0.056244	0.472046	-6.843052	0.0	0.003157	0.003157	90.0	0.468683	-0.056244	0.472046	-6.843051	339680.624482
61.0	1.0	0.0	0.0	0.0	-90.0	0.466487	-0.05787	0.470063	-7.071663	0.0	0.00311	0.00311	90.0	0.466487	-0.05787	0.470063	-7.071663	339679.195056
62.0	1.0	0.0	0.0	0.0	-90.0	0.466064	-0.055323	0.469336	-6.769492	0.0	0.003211	0.003211	90.0	0.466206	-0.055471	0.469495	-6.785334	339677.711171
63.0	1.0	0.0	0.0	0.0	-90.0	0.465646	-0.054808	0.46886	-6.713055	0.0	0.003223	0.003223	90.0	0.465646	-0.054808	0.46886	-6.713055	339676.280149
64.0	1.0	0.0	0.0	0.0	-90.0	0.464724	-0.05516	0.467986	-6.769031	0.0	0.003259	0.003259	90.0	0.464805	-0.055251	0.468078	-6.778907	339674.865044
65.0	1.0	0.0	0.0	0.0	-90.0	0.464355	-0.054901	0.467589	-6.742789	0.0	0.003202	0.003202	90.0	0.464355	-0.054901	0.467589	-6.742789	339673.427163
66.0	1.0	0.0	0.0	0.0	-90.0	0.463817	-0.054909	0.467056	-6.751482	0.0	0.003207	0.003207	90.0	0.463963	-0.054714	0.467178	-6.725634	339671.982947
67.0	1.0	0.0	0.0	0.0	-90.0	0.463225	-0.054816	0.466457	-6.748787	0.0	0.00327	0.00327	90.0	0.463225	-0.054816	0.466457	-6.748787	339670.533463
68.0	1.0	0.0	0.0	0.0	-90.0	0.462503	-0.054687	0.465725	-6.743366	0.0	0.00325	0.00325	90.0	0.462492	-0.054619	0.465707	-6.735322	339669.075242
69.0	1.0	0.0	0.0	0.0	-90.0	0.461908	-0.054543	0.465118	-6.734409	0.0	0.003294	0.003294	90.0	0.461887	-0.054543	0.465097	-6.734712	339667.612871
70.0	1.0	0.0	0.0	0.0	-90.0	0.461436	-0.054629	0.464659	-6.751824	0.0	0.003266	0.003266	90.0	0.461436	-0.054629	0.464659	-6.751824	339666.182824
71.0	1.0	0.0	0.0	0.0	-90.0	0.460847	-0.05453	0.464062	-6.748192	0.0	0.003228	0.003228	90.0	0.460857	-0.054537	0.464072	-6.748856	339664.742739
72.0	1.0	0.0	0.0	0.0	-90.0	0.460458	-0.054745	0.463701	-6.780203	0.0	0.003221	0.003221	90.0	0.460458	-0.054745	0.463701	-6.780203	339663.298871
73.0	1.0	0.0	0.0	0.0	-90.0	0.45997	-0.054388	0.463174	-6.74349	0.0	0.003255	0.003255	90.0	0.45997	-0.054388	0.463174	-6.74349	339661.865499
74.0	1.0	0.0	0.0	0.0	-90.0	0.459302	-0.054381	0.46251	-6.752399	0.0	0.003324	0.003324	90.0	0.459302	-0.054381	0.46251	-6.752399	339660.42577
75.0	1.0	0.0	0.0	0.0	-90.0	0.458912	-0.054347	0.462119	-6.753874	0.0	0.003326	0.003326	90.0	0.458912	-0.054347	0.462119	-6.753874	339659.001789
76.0	1.0	0.0	0.0	0.0	-90.0	0.458277	-0.054271	0.461479	-6.753704	0.0	0.003313	0.003313	90.0	0.458277	-0.054271	0.461479	-6.753704	339657.571544
77.0	1.0	0.0	0.0	0.0	-90.0	0.457791	-0.054144	0.460982	-6.745112	0.0	0.003276	0.003276	90.0	0.457791	-0.054144	0.460982	-6.745112	339656.133926
78.0	1.0	0.0	0.0	0.0	-90.0	0.457464	-0.054061	0.460647	-6.739673	0.0	0.003306	0.003306	90.0	0.457464	-0.054061	0.460647	-6.739673	339654.67797
79.0	1.0	0.0	0.0	0.0	-90.0	0.456679	-0.054002	0.459861	-6.743929	0.0	0.00328	0.00328	90.0	0.456679	-0.054002	0.459861	-6.743929	339653.245166
80.0	1.0	0.0	0.0	0.0	-90.0	0.456272	-0.053957	0.459451	-6.744295	0.0	0.003275	0.003275	90.0	0.456272	-0.053957	0.459451	-6.744295	339651.793561
81.0	1.0	0.0	0.0	0.0	-90.0	0.455884	-0.053928	0.459063	-6.746385	0.0	0.003301	0.003301	90.0	0.455886	-0.053918	0.459063	-6.74512	339650.349117
82.0	1.0	0.0	0.0	0.0	-90.0	0.455624	-0.053755	0.458784	-6.728754	0.0	0.003293	0.003293	90.0	0.455624	-0.053755	0.458784	-6.728754	339648.88223
83.0	1.0	0.0	0.0	0.0	-90.0	0.455019	-0.053755	0.458184	-6.737535	0.0	0.003352	0.003352	90.0	0.455019	-0.053755	0.458184	-6.737535	339647.436249
84.0	1.0	0.0	0.0	0.0	-90.0	0.454646	-0.053597	0.457794	-6.723478	0.0	0.003334	0.003334	90.0	0.454646	-0.053597	0.457794	-6.723478	339645.99842
85.0	1.0	0.0	0.0	0.0	-90.0	0.454321	-0.053524	0.457463	-6.719102	0.0	0.003364	0.003364	90.0	0.454321	-0.053524	0.457463	-6.719102	339644.547373
86.0	1.0	0.0	0.0	0.0	-90.0	0.453699	-0.053558	0.456849	-6.732427	0.0	0.003389	0.003389	90.0	0.453699	-0.053558	0.456849	-6.732427	339643.096017
87.0	1.0	0.0	0.0	0.0	-90.0	0.453364	-0.053333	0.45649	-6.709316	0.0	0.003346	0.003346	90.0	0.45336	-0.053328	0.456486	-6.708811	339641.663918
88.0	1.0	0.0	0.0	0.0	-90.0	0.452941	-0.05333	0.45607	-6.715201	0.0	0.003397	0.003397	90.0	0.452941	-0.05333	0.45607	-6.715201	339640.225149
89.0	1.0	0.0	0.0	0.0	-90.0	0.452449	-0.053299	0.455578	-6.71853	0.0	0.003386	0.003386	90.0	0.452449	-0.053299	0.455578	-6.71853	339638.804921
90.0	1.0	0.0	0.0	0.0	-90.0	0.452154	-0.053195	0.455272	-6.709938	0.0	0.003379	0.003379	90.0	0.452154	-0.053195	0.455272	-6.709938	339637.377633
91.0	1.0	0.0	0.0	0.0	-90.0	0.451787	-0.053028	0.454889	-6.694351	0.0	0.003376	0.003376	90.0	0.451787	-0.053028	0.454889	-6.694351	339635.928855
92.0	1.0	0.0	0.0	0.0	-90.0	0.451304	-0.052977	0.454402	-6.695167	0.0	0.003383	0.003383	90.0	0.451304	-0.052977	0.454402	-6.695167	339634.468959
93.0	1.0	0.0	0.0	0.0	-90.0	0.451049	-0.052958	0.454148	-6.696498	0.0	0.00347	0.00347	90.0	0.451049	-0.052958	0.454148	-6.696498	339632.989479
94.0	1.0	0.0	0.0	0.0	-90.0	0.45063	-0.052842	0.453718	-6.688134	0.0	0.003505	0.003505	90.0	0.45063	-0.052842	0.453718	-6.688134	339631.577367
95.0	1.0	0.0	0.0	0.0	-90.0	0.450224	-0.052859	0.453316	-6.696211	0.0	0.003492	0.003492	90.0	0.450221	-0.052863	0.453313	-6.696732	339630.116719
96.0	1.0	0.0	0.0	0.0	-90.0	0.449895	-0.052795	0.452983	-6.693062	0.0	0.003652	0.003652	90.0	0.449895	-0.052795	0.452983	-6.693062	339628.692775
97.0	1.0	0.0	0.0	0.0	-90.0	0.449424	-0.052473	0.452477	-6.659522	0.0	0.003176	0.003176	90.0	0.449436	-0.052472	0.452489	-6.659165	339627.209191
98.0	1.0	0.0	0.0	0.0	-90.0	0.449104	-0.052345	0.452145	-6.648046	0.0	0.003166	0.003166	90.0	0.449104	-0.052345	0.452145	-6.648046	339625.775391
99.0	1.0	0.0	0.0	0.0	-90.0	0.448674	-0.05259	0.451746	-6.685194	0.0	0.003727	0.003727	90.0	0.448672	-0.052586	0.451744	-6.68475	339624.318218
100.0	1.0	0.0	0.0	0.0	-90.0	0.448234	-0.052342	0.45128	-6.660543	0.0	0.003431	0.003431	90.0	0.448234	-0.052342	0.45128	-6.660543	339622.877403
101.0	1.0	0.0	0.0	0.0	-90.0	0.448002	-0.05241	0.451057	-6.672427	0.0	0.003897	0.003897	90.0	0.448006	-0.05241	0.451061	-6.672465	339621.43241
102.0	1.0	0.0	0.0	0.0	-90.0	0.447488	-0.052189	0.450521	-6.652174	0.0	0.003288	0.003288	90.0	0.447488	-0.052189	0.450521	-6.652174	339619.993876
103.0	1.0	0.0	0.0	0.0	-90.0	0.447274	-0.052199	0.450309	-6.65658	0.0	0.003895	0.003895	90.0	0.447274	-0.052199	0.450309	-6.65658	339618.545221
104.0	1.0	0.0	0.0	0.0	-90.0	0.446948	-0.051919	0.449954	-6.625908	0.0	0.003194	0.003194	90.0	0.446948	-0.051919	0.449954	-6.625908	339617.104417
105.0	1.0	0.0	0.0	0.0	-90.0	0.446626	-0.051872	0.449628	-6.624725	0.0	0.003427	0.003427	90.0	0.446626	-0.051872	0.449628	-6.624725	339615.656874
106.0	1.0	0.0	0.0	0.0	-90.0	0.446495	-0.051856	0.449496	-6.624698	0.0	0.003576	0.003576	90.0	0.446495	-0.051856	0.449496	-6.624698	339614.205038
107.0	1.0	0.0	0.0	0.0	-90.0	0.446215	-0.051778	0.449209	-6.61886	0.0	0.003605	0.003605	90.0	0.446215	-0.051778	0.449209	-6.61886	339612.777102
108.0	1.0	0.0	0.0	0.0	-90.0	0.445818	-0.051656	0.448801	-6.609316	0.0	0.003604	0.003604	90.0	0.445818	-0.051656	0.448801	-6.609316	339611.323545
109.0	1.0	0.0	0.0	0.0	-90.0	0.445521	-0.051578	0.448497	-6.603748	0.0	0.003577	0.003577	90.0	0.445521	-0.051578	0.448497	-6.603748	339609.867471
110.0	1.0	0.0	0.0	0.0	-90.0	0.445164	-0.051532	0.448137	-6.603096	0.0	0.003657	0.003657	90.0	0.445165	-0.051531	0.448138	-6.603047	339608.424131
111.0	1.0	0.0	0.0	0.0	-90.0	0.444869	-0.051479	0.447837	-6.600694	0.0	0.003719	0.003719	90.0	0.444869	-0.051479	0.447837	-6.600694	339607.004853
112.0	1.0	0.0	0.0	0.0	-90.0	0.444563	-0.051351	0.447519	-6.588932	0.0	0.003675	0.003675	90.0	0.444563	-0.051351	0.447519	-6.588932	339605.575366
113.0	1.0	0.0	0.0	0.0	-90.0	0.444301	-0.051277	0.44725	-6.583343	0.0	0.003656	0.003656	90.0	0.444301	-0.051277	0.44725	-6.583343	339604.148786
114.0	1.0	0.0	0.0	0.0	-90.0	0.444048	-0.051179	0.446988	-6.57465	0.0	0.003701	0.003701	90.0	0.444048	-0.051179	0.446988	-6.57465	339602.699669
115.0	1.0	0.0	0.0	0.0	-90.0	0.443742	-0.051112	0.446676	-6.570567	0.0	0.003593	0.003593	90.0	0.443742	-0.051112	0.446676	-6.570567	339601.250219
116.0	1.0	0.0	0.0	0.0	-90.0	0.443464	-0.051026	0.44639	-6.56368	0.0	0.003833	0.003833	90.0	0.443461	-0.051026	0.446387	-6.563781	339599.809314
117.0	1.0	0.0	0.0	0.0	-90.0	0.443172	-0.050955	0.446091	-6.558981	0.0	0.00368	0.00368	90.0	0.443172	-0.050955	0.446091	-6.558981	339598.377939
118.0	1.0	0.0	0.0	0.0	-90.0	0.442918	-0.050827	0.445825	-6.546365	0.0	0.003803	0.003803	90.0	0.442918	-0.050827	0.445825	-6.546365	339596.935804
119.0	1.0	0.0	0.0	0.0	-90.0	0.442628	-0.05079	0.445533	-6.545856	0.0	0.003778	0.003778	90.0	0.442628	-0.05079	0.445533	-6.545856	339595.491422
120.0	1.0	0.0	0.0	0.0	-90.0	0.442303	-0.050641	0.445193	-6.531635	0.0	0.00385	0.00385	90.0	0.442303	-0.050641	0.445193	-6.531635	339594.06718
121.0	1.0	0.0	0.0	0.0	-90.0	0.44205	-0.050599	0.444937	-6.529961	0.0	0.003854	0.003854	90.0	0.44205	-0.050599	0.444937	-6.529961	339592.614056
122.0	1.0	0.0	0.0	0.0	-90.0	0.441798	-0.050513	0.444676	-6.52261	0.0	0.003877	0.003877	90.0	0.441797	-0.050512	0.444675	-6.522514	339591.114967
123.0	1.0	0.0	0.0	0.0	-90.0	0.441509	-0.05041	0.444378	-6.513659	0.0	0.003841	0.003841	90.0	0.441509	-0.05041	0.444378	-6.513658	339589.668363
124.0	1.0	0.0	0.0	0.0	-90.0	0.441218	-0.050357	0.444082	-6.511059	0.0	0.003821	0.003821	90.0	0.441218	-0.050357	0.444082	-6.511059	339588.227232
125.0	1.0	0.0	0.0	0.0	-90.0	0.440963	-0.050278	0.44382	-6.504716	0.0	0.003939	0.003939	90.0	0.440963	-0.050278	0.44382	-6.504716	339586.790316
126.0	1.0	0.0	0.0	0.0	-90.0	0.440674	-0.050189	0.443522	-6.497457	0.0	0.003926	0.003926	90.0	0.440674	-0.050189	0.443522	-6.497457	339585.348094
127.0	1.0	0.0	0.0	0.0	-90.0	0.440434	-0.05009	0.443273	-6.488356	0.0	0.004035	0.004035	90.0	0.440434	-0.05009	0.443273	-6.488356	339583.905699
128.0	1.0	0.0	0.0	0.0	-90.0	0.440176	-0.049983	0.443005	-6.478271	0.0	0.00402	0.00402	90.0	0.440176	-0.049983	0.443005	-6.478271	339582.474028
129.0	1.0	0.0	0.0	0.0	-90.0	0.439884	-0.049927	0.442709	-6.475433	0.0	0.004025	0.004025	90.0	0.439884	-0.049927	0.442709	-6.475433	339581.009997
130.0	1.0	0.0	0.0	0.0	-90.0	0.439616	-0.049837	0.442431	-6.467734	0.0	0.004069	0.004069	90.0	0.439616	-0.049837	0.442431	-6.467734	339579.556962
131.0	1.0	0.0	0.0	0.0	-90.0	0.439399	-0.049771	0.442209	-6.462392	0.0	0.004117	0.004117	90.0	0.439399	-0.049771	0.442209	-6.462392	339578.134777
132.0	1.0	0.0	0.0	0.0	-90.0	0.439133	-0.049683	0.441935	-6.454942	0.0	0.004081	0.004081	90.0	0.439133	-0.049683	0.441935	-6.454942	339576.643989
133.0	1.0	0.0	0.0	0.0	-90.0	0.438907	-0.04958	0.441699	-6.444926	0.0	0.004171	0.004171	90.0	0.438907	-0.04958	0.441699	-6.444926	339575.181755
134.0	1.0	0.0	0.0	0.0	-90.0	0.43866	-0.04953	0.441447	-6.442065	0.0	0.004169	0.004169	90.0	0.438657	-0.049532	0.441445	-6.442399	339573.730318
135.0	1.0	0.0	0.0	0.0	-90.0	0.438382	-0.049433	0.44116	-6.433658	0.0	0.004227	0.004227	90.0	0.438379	-0.049438	0.441158	-6.434354	339572.292222
136.0	1.0	0.0	0.0	0.0	-90.0	0.43816	-0.049315	0.440926	-6.421675	0.0	0.004206	0.004206	90.0	0.43816	-0.049315	0.440926	-6.421675	339570.856137
137.0	1.0	0.0	0.0	0.0	-90.0	0.437971	-0.049231	0.44073	-6.413546	0.0	0.004266	0.004266	90.0	0.437971	-0.049231	0.44073	-6.413546	339569.427264
138.0	1.0	0.0	0.0	0.0	-90.0	0.437706	-0.049154	0.440457	-6.407433	0.0	0.00433	0.00433	90.0	0.437706	-0.049154	0.440457	-6.407433	339568.009067
139.0	1.0	0.0	0.0	0.0	-90.0	0.437459	-0.049064	0.440202	-6.399333	0.0	0.004346	0.004346	90.0	0.437459	-0.049064	0.440202	-6.399333	339566.545234
140.0	1.0	0.0	0.0	0.0	-90.0	0.437241	-0.049051	0.439984	-6.400877	0.0	0.004347	0.004347	90.0	0.437241	-0.049051	0.439984	-6.400877	339565.128806
141.0	1.0	0.0	0.0	0.0	-90.0	0.436974	-0.048916	0.439703	-6.387298	0.0	0.004423	0.004423	90.0	0.436967	-0.048904	0.439695	-6.385839	339563.661872
142.0	1.0	0.0	0.0	0.0	-90.0	0.436676	-0.048964	0.439413	-6.397785	0.0	0.004451	0.004451	90.0	0.436676	-0.048964	0.439413	-6.397785	339562.219319
143.0	1.0	0.0	0.0	0.0	-90.0	0.436505	-0.048501	0.439191	-6.340307	0.0	0.004497	0.004497	90.0	0.436505	-0.048501	0.439191	-6.340307	339560.748788
144.0	1.0	0.0	0.0	0.0	-90.0	0.436116	-0.048392	0.438792	-6.331771	0.0	0.004536	0.004536	90.0	0.436116	-0.048392	0.438792	-6.331772	339559.295351
145.0	1.0	0.0	0.0	0.0	-90.0	0.436581	-0.048606	0.439279	-6.352746	0.0	0.004545	0.004545	90.0	0.436581	-0.048606	0.439279	-6.352746	339557.857919
146.0	1.0	0.0	0.0	0.0	-90.0	0.436541	-0.048125	0.439186	-6.291037	0.0	0.004615	0.004615	90.0	0.436541	-0.048125	0.439186	-6.291037	339556.404424
147.0	1.0	0.0	0.0	0.0	-90.0	0.434903	-0.049095	0.437665	-6.440743	0.0	0.004681	0.004681	90.0	0.434836	-0.049038	0.437592	-6.434209	339554.973981
148.0	1.0	0.0	0.0	0.0	-90.0	0.434804	-0.049396	0.437601	-6.48134	0.0	0.004711	0.004711	90.0	0.434804	-0.049396	0.437601	-6.48134	339553.567005
149.0	1.0	0.0	0.0	0.0	-90.0	0.436263	-0.047266	0.438816	-6.183476	0.0	0.004708	0.004708	90.0	0.436263	-0.047266	0.438816	-6.183476	339552.13364
150.0	1.0	0.0	0.0	0.0	-90.0	0.436429	-0.048638	0.439131	-6.359104	0.0	0.004819	0.004819	90.0	0.436429	-0.048637	0.439131	-6.358958	339550.604514
151.0	1.0	0.0	0.0	0.0	-90.0	0.434801	-0.046648	0.437297	-6.123621	0.0	0.004804	0.004804	90.0	0.434801	-0.046648	0.437297	-6.123622	339549.169984
152.0	1.0	0.0	0.0	0.0	-90.0	0.435853	-0.048214	0.438512	-6.312411	0.0	0.004863	0.004863	90.0	0.435853	-0.048214	0.438512	-6.312411	339547.731801
153.0	1.0	0.0	0.0	0.0	-90.0	0.43532	-0.047378	0.43789	-6.211382	0.0	0.00493	0.00493	90.0	0.43532	-0.047378	0.43789	-6.211382	339546.311855
154.0	1.0	0.0	0.0	0.0	-90.0	0.43374	-0.048398	0.436432	-6.366829	0.0	0.005044	0.005044	90.0	0.43374	-0.048398	0.436432	-6.366829	339544.853303
155.0	1.0	0.0	0.0	0.0	-90.0	0.434004	-0.048261	0.436679	-6.345174	0.0	0.00504	0.00504	90.0	0.434004	-0.048261	0.436679	-6.345174	339543.402114
156.0	1.0	0.0	0.0	0.0	-90.0	0.433996	-0.047357	0.436572	-6.227367	0.0	0.005111	0.005111	90.0	0.433958	-0.047297	0.436527	-6.220097	339541.947487
157.0	1.0	0.0	0.0	0.0	-90.0	0.433826	-0.047615	0.436431	-6.263462	0.0	0.005138	0.005138	90.0	0.433826	-0.047615	0.436431	-6.263462	339540.524862
158.0	1.0	0.0	0.0	0.0	-90.0	0.433464	-0.047337	0.436041	-6.232357	0.0	0.00521	0.00521	90.0	0.433464	-0.047337	0.436041	-6.232357	339539.083603
159.0	1.0	0.0	0.0	0.0	-90.0	0.433219	-0.047428	0.435807	-6.247718	0.0	0.005237	0.005237	90.0	0.433219	-0.047428	0.435807	-6.247718	339537.644136
160.0	1.0	0.0	0.0	0.0	-90.0	0.432975	-0.047296	0.435551	-6.233923	0.0	0.00527	0.00527	90.0	0.432975	-0.047296	0.435551	-6.233923	339536.206423
161.0	1.0	0.0	0.0	0.0	-90.0	0.432699	-0.047217	0.435268	-6.22764	0.0	0.005377	0.005377	90.0	0.432699	-0.047217	0.435268	-6.22764	339534.76031
162.0	1.0	0.0	0.0	0.0	-90.0	0.432477	-0.047108	0.435035	-6.216504	0.0	0.005433	0.005433	90.0	0.432477	-0.047108	0.435035	-6.216504	339533.325387
163.0	1.0	0.0	0.0	0.0	-90.0	0.432297	-0.047032	0.434848	-6.209135	0.0	0.005528	0.005528	90.0	0.432297	-0.047032	0.434848	-6.209135	339531.878132
164.0	1.0	0.0	0.0	0.0	-90.0	0.432133	-0.046913	0.434672	-6.195804	0.0	0.005607	0.005607	90.0	0.432133	-0.046913	0.434672	-6.195804	339530.445018
165.0	1.0	0.0	0.0	0.0	-90.0	0.43193	-0.046839	0.434462	-6.189046	0.0	0.005615	0.005615	90.0	0.431928	-0.046839	0.43446	-6.189076	339528.948744
166.0	1.0	0.0	0.0	0.0	-90.0	0.431779	-0.046749	0.434302	-6.179333	0.0	0.005781	0.005781	90.0	0.431779	-0.046749	0.434302	-6.179333	339527.505967
167.0	1.0	0.0	0.0	0.0	-90.0	0.431631	-0.046641	0.434144	-6.167364	0.0	0.005813	0.005813	90.0	0.43163	-0.046644	0.434143	-6.167765	339526.077264
168.0	1.0	0.0	0.0	0.0	-90.0	0.43142	-0.046563	0.433925	-6.160114	0.0	0.005908	0.005908	90.0	0.43142	-0.046563	0.433925	-6.160114	339524.59331
169.0	1.0	0.0	0.0	0.0	-90.0	0.431163	-0.046435	0.433656	-6.146862	0.0	0.006001	0.006001	90.0	0.431163	-0.046435	0.433656	-6.146862	339523.135453
170.0	1.0	0.0	0.0	0.0	-90.0	0.430968	-0.046408	0.433459	-6.146119	0.0	0.006065	0.006065	90.0	0.430968	-0.046408	0.433459	-6.146119	339521.69699
171.0	1.0	0.0	0.0	0.0	-90.0	0.43085	-0.04627	0.433328	-6.129609	0.0	0.006117	0.006117	90.0	0.43085	-0.04627	0.433328	-6.129609	339520.253393
172.0	1.0	0.0	0.0	0.0	-90.0	0.430675	-0.046158	0.433141	-6.117349	0.0	0.006233	0.006233	90.0	0.430675	-0.046158	0.433141	-6.117349	339518.788886
173.0	1.0	0.0	0.0	0.0	-90.0	0.430384	-0.046054	0.432841	-6.107802	0.0	0.006287	0.006287	90.0	0.430384	-0.046054	0.432841	-6.107802	339517.363926
174.0	1.0	0.0	0.0	0.0	-90.0	0.430235	-0.045941	0.432681	-6.09499	0.0	0.006502	0.006502	90.0	0.430235	-0.045941	0.432681	-6.09499	339515.93068
175.0	1.0	0.0	0.0	0.0	-90.0	0.430014	-0.045879	0.432455	-6.089897	0.0	0.006547	0.006547	90.0	0.430014	-0.045879	0.432455	-6.089898	339514.499471
176.0	1.0	0.0	0.0	0.0	-90.0	0.429884	-0.045768	0.432314	-6.077091	0.0	0.006687	0.006687	90.0	0.429884	-0.045768	0.432314	-6.077091	339513.07005
177.0	1.0	0.0	0.0	0.0	-90.0	0.429654	-0.045677	0.432075	-6.068417	0.0	0.00683	0.00683	90.0	0.429654	-0.045677	0.432075	-6.068417	339511.622801
178.0	1.0	0.0	0.0	0.0	-90.0	0.429463	-0.045618	0.431879	-6.063212	0.0	0.00696	0.00696	90.0	0.429462	-0.045619	0.431878	-6.063368	339510.150372
179.0	1.0	0.0	0.0	0.0	-90.0	0.429292	-0.045453	0.431692	-6.043881	0.0	0.00698	0.00698	90.0	0.429289	-0.045452	0.431688	-6.043771	339508.722037
180.0	1.0	0.0	0.0	0.0	-90.0	0.429119	-0.045412	0.431515	-6.040922	0.0	0.007215	0.007215	90.0	0.429119	-0.045412	0.431515	-6.040922	339507.285994
181.0	1.0	0.0	0.0	0.0	-90.0	0.428939	-0.045296	0.431324	-6.02804	0.0	0.007318	0.007318	90.0	0.428939	-0.045296	0.431324	-6.02804	339505.864142
182.0	1.0	0.0	0.0	0.0	-90.0	0.428757	-0.045175	0.43113	-6.014588	0.0	0.0075	0.0075	90.0	0.428757	-0.045175	0.43113	-6.014588	339504.420145
183.0	1.0	0.0	0.0	0.0	-90.0	0.428548	-0.045071	0.430912	-6.003859	0.0	0.007693	0.007693	90.0	0.428548	-0.045071	0.430912	-6.003859	339503.001492
184.0	1.0	0.0	0.0	0.0	-90.0	0.42834	-0.04498	0.430695	-5.994641	0.0	0.007835	0.007835	90.0	0.42834	-0.04498	0.430695	-5.994641	339501.58006
185.0	1.0	0.0	0.0	0.0	-90.0	0.428129	-0.044846	0.430471	-5.979833	0.0	0.008043	0.008043	90.0	0.428129	-0.044846	0.430471	-5.979833	339500.112474
186.0	1.0	0.0	0.0	0.0	-90.0	0.427936	-0.044735	0.430268	-5.967886	0.0	0.008188	0.008188	90.0	0.427935	-0.044736	0.430267	-5.967956	339498.690391
187.0	1.0	0.0	0.0	0.0	-90.0	0.427741	-0.044618	0.430061	-5.955077	0.0	0.008425	0.008425	90.0	0.427741	-0.044618	0.430061	-5.955077	339497.278466
188.0	1.0	0.0	0.0	0.0	-90.0	0.427526	-0.044504	0.429836	-5.942834	0.0	0.008679	0.008679	90.0	0.427526	-0.044502	0.429836	-5.942688	339495.831965
189.0	1.0	0.0	0.0	0.0	-90.0	0.427345	-0.044368	0.429642	-5.927418	0.0	0.008862	0.008862	90.0	0.427345	-0.044368	0.429642	-5.927418	339494.380043
190.0	1.0	0.0	0.0	0.0	-90.0	0.427146	-0.044252	0.429432	-5.914654	0.0	0.009167	0.009167	90.0	0.427146	-0.044252	0.429432	-5.914654	339492.939895
191.0	1.0	0.0	0.0	0.0	-90.0	0.426938	-0.044123	0.429212	-5.900422	0.0	0.009434	0.009434	90.0	0.426938	-0.044123	0.429212	-5.900422	339491.396748
192.0	1.0	0.0	0.0	0.0	-90.0	0.426751	-0.043991	0.429013	-5.885487	0.0	0.009732	0.009732	90.0	0.426751	-0.043991	0.429013	-5.885487	339489.944472
193.0	1.0	0.0	0.0	0.0	-90.0	0.426536	-0.043836	0.428782	-5.867751	0.0	0.010154	0.010154	90.0	0.426539	-0.043831	0.428785	-5.867117	339488.509134
194.0	1.0	0.0	0.0	0.0	-90.0	0.426337	-0.043665	0.428567	-5.847726	0.0	0.010481	0.010481	90.0	0.426337	-0.043665	0.428567	-5.847726	339487.05364
195.0	1.0	0.0	0.0	0.0	-90.0	0.426032	-0.043553	0.428252	-5.837038	0.0	0.0109	0.0109	90.0	0.426032	-0.043553	0.428252	-5.837038	339485.607383
196.0	1.0	0.0	0.0	0.0	-90.0	0.425759	-0.043304	0.427955	-5.807569	0.0	0.011389	0.011389	90.0	0.425759	-0.043304	0.427955	-5.807569	339484.172294
197.0	1.0	0.0	0.0	0.0	-90.0	0.425586	-0.043294	0.427782	-5.808637	0.0	0.011907	0.011907	90.0	0.425586	-0.043294	0.427782	-5.808637	339482.728867
198.0	1.0	0.0	0.0	0.0	-90.0	0.42511	-0.043051	0.427285	-5.782585	0.0	0.012958	0.012958	90.0	0.425101	-0.04303	0.427274	-5.779955	339481.280753
199.0	1.0	0.0	0.0	0.0	-90.0	0.425013	-0.04308	0.427191	-5.78787	0.0	0.018316	0.018316	90.0	0.425006	-0.043079	0.427184	-5.787735	339479.856377
200.0	1.0	0.0	0.0	0.0	-90.0	0.4268605	-0.046209	0.42936850000000004	-6.175264	0.0	0.007687	0.007687	90.0	0.4268605	-0.046209	0.42936850000000004	-6.175264	341713.2257935
250.0	1.0	0.0	0.0	0.0	-90.0	0.424502	-0.046373	0.427027	-6.234283	0.0	0.003462	0.003462	90.0	0.424502	-0.046373	0.427027	-6.234283	343946.595745
300.0	1.0	0.0	0.0	0.0	-90.0	0.417872	-0.043284	0.420107	-5.913717	0.0	0.003496	0.003496	90.0	0.417872	-0.043284	0.420107	-5.913717	343945.18991
350.0	1.0	0.0	0.0	0.0	-90.0	0.413014	-0.041023	0.415047	-5.672286	0.0	0.003615	0.003615	90.0	0.413014	-0.041023	0.415047	-5.672286	343943.732506
400.0	1.0	0.0	0.0	0.0	-90.0	0.411135	-0.038597	0.412943	-5.363203	0.0	0.00361	0.00361	90.0	0.411136	-0.038597	0.412943	-5.363203	343942.313497
450.0	1.0	0.0	0.0	0.0	-90.0	0.40812	-0.037162	0.409809	-5.202784	0.0	0.003653	0.003653	90.0	0.40812	-0.037162	0.409809	-5.202784	343940.893781
500.0	1.0	0.0	0.0	0.0	-90.0	0.406466	-0.035155	0.407983	-4.94315	0.0	0.003756	0.003756	90.0	0.406466	-0.035155	0.407983	-4.94315	343939.445208
550.0	1.0	0.0	0.0	0.0	-90.0	0.404578	-0.03387	0.405994	-4.785456	0.0	0.003797	0.003797	90.0	0.404578	-0.03387	0.405994	-4.785456	343937.981767
600.0	1.0	0.0	0.0	0.0	-90.0	0.402871	-0.032415	0.404173	-4.600146	0.0	0.003833	0.003833	90.0	0.402871	-0.032415	0.404173	-4.600146	343936.54237
650.0	1.0	0.0	0.0	0.0	-90.0	0.401346	-0.031213	0.402558	-4.447037	0.0	0.003848	0.003848	90.0	0.401346	-0.031213	0.402558	-4.447037	343935.114916
700.0	1.0	0.0	0.0	0.0	-90.0	0.400206	-0.030263	0.401348	-4.324395	0.0	0.003916	0.003916	90.0	0.400206	-0.030264	0.401348	-4.324471	343933.650357
750.0	1.0	0.0	0.0	0.0	-90.0	0.398892	-0.029262	0.399964	-4.195605	0.0	0.003935	0.003935	90.0	0.398892	-0.029262	0.399964	-4.195605	343932.22207
800.0	1.0	0.0	0.0	0.0	-90.0	0.398117	-0.02843	0.399131	-4.084571	0.0	0.004025	0.004025	90.0	0.398117	-0.02843	0.399131	-4.084571	343930.768545
850.0	1.0	0.0	0.0	0.0	-90.0	0.397159	-0.027813	0.398132	-4.00582	0.0	0.004018	0.004018	90.0	0.39716	-0.027813	0.398133	-4.005832	343929.345859
900.0	1.0	0.0	0.0	0.0	-90.0	0.396273	-0.02698	0.39719	-3.894878	0.0	0.004083	0.004083	90.0	0.396273	-0.02698	0.39719	-3.894882	343927.876504
950.0	1.0	0.0	0.0	0.0	-90.0	0.395543	-0.026301	0.396416	-3.804175	0.0	0.00411	0.00411	90.0	0.395543	-0.026301	0.396416	-3.804175	343926.458748
1000.0	1.0	0.0	0.0	0.0	-90.0	0.394836	-0.025684	0.395671	-3.721879	0.0	0.00419	0.00419	90.0	0.394836	-0.025684	0.395671	-3.721879	343925.028547
1050.0	1.0	0.0	0.0	0.0	-90.0	0.394188	-0.024998	0.394979	-3.628706	0.0	0.004182	0.004182	90.0	0.394188	-0.024998	0.394979	-3.628706	343923.583269
1100.0	1.0	0.0	0.0	0.0	-90.0	0.393612	-0.024521	0.394375	-3.564714	0.0	0.004271	0.004271	90.0	0.393612	-0.024521	0.394375	-3.564714	343922.119095
1150.0	1.0	0.0	0.0	0.0	-90.0	0.393076	-0.024062	0.393811	-3.503007	0.0	0.004286	0.004286	90.0	0.393076	-0.024062	0.393811	-3.503007	343920.69564
1200.0	1.0	0.0	0.0	0.0	-90.0	0.392516	-0.023501	0.393219	-3.42634	0.0	0.004289	0.004289	90.0	0.392516	-0.023501	0.393219	-3.42634	343919.186172
1250.0	1.0	0.0	0.0	0.0	-90.0	0.391947	-0.023119	0.392629	-3.375744	0.0	0.004292	0.004292	90.0	0.391947	-0.023119	0.392629	-3.375744	343917.743039
1300.0	1.0	0.0	0.0	0.0	-90.0	0.39149	-0.022671	0.392145	-3.314218	0.0	0.004323	0.004323	90.0	0.39149	-0.022671	0.392145	-3.314218	343916.280462
1350.0	1.0	0.0	0.0	0.0	-90.0	0.391148	-0.022271	0.391781	-3.258711	0.0	0.004351	0.004351	90.0	0.391148	-0.022271	0.391781	-3.258711	343914.838636
1400.0	1.0	0.0	0.0	0.0	-90.0	0.390721	-0.02188	0.391333	-3.205222	0.0	0.004362	0.004362	90.0	0.390721	-0.02188	0.391333	-3.205173	343913.370397
1450.0	1.0	0.0	0.0	0.0	-90.0	0.390262	-0.021535	0.390856	-3.158364	0.0	0.004457	0.004457	90.0	0.390262	-0.021536	0.390856	-3.158641	343911.93306
1500.0	1.0	0.0	0.0	0.0	-90.0	0.389969	-0.021162	0.390543	-3.106191	0.0	0.004485	0.004485	90.0	0.389969	-0.021162	0.390543	-3.106191	343910.4834
1550.0	1.0	0.0	0.0	0.0	-90.0	0.389642	-0.020856	0.3902	-3.063844	0.0	0.004498	0.004498	90.0	0.389642	-0.020856	0.3902	-3.063844	343909.038454
1600.0	1.0	0.0	0.0	0.0	-90.0	0.389231	-0.02053	0.389772	-3.019206	0.0	0.00454	0.00454	90.0	0.389231	-0.02053	0.389772	-3.019255	343907.594424
1650.0	1.0	0.0	0.0	0.0	-90.0	0.388851	-0.020255	0.389378	-2.98178	0.0	0.0046	0.0046	90.0	0.388851	-0.020255	0.389378	-2.98178	343906.110272
1700.0	1.0	0.0	0.0	0.0	-90.0	0.38862	-0.020013	0.389135	-2.948056	0.0	0.004707	0.004707	90.0	0.38862	-0.020013	0.389135	-2.948056	343904.649918
1750.0	1.0	0.0	0.0	0.0	-90.0	0.388352	-0.019748	0.388854	-2.911087	0.0	0.006344	0.006344	90.0	0.388352	-0.019748	0.388854	-2.911087	343903.212428
1800.0	1.0	0.0	0.0	0.0	-90.0	0.38806	-0.01944	0.388547	-2.867797	0.0	0.00061	0.00061	90.0	0.38806	-0.01944	0.388547	-2.867797	343901.804174
1850.0	1.0	0.0	0.0	0.0	-90.0	0.387797	-0.019235	0.388274	-2.839544	0.0	0.002601	0.002601	90.0	0.387797	-0.019235	0.388274	-2.839544	343900.366965
1900.0	1.0	0.0	0.0	0.0	-90.0	0.387534	-0.019019	0.388001	-2.809718	0.0	0.004549	0.004549	90.0	0.387534	-0.019019	0.388001	-2.809718	343898.917574
1950.0	1.0	0.0	0.0	0.0	-90.0	0.387309	-0.018833	0.387767	-2.7838	0.0	0.004787	0.004787	90.0	0.387309	-0.018833	0.387767	-2.7838	343897.470978
2000.0	1.0	0.0	0.0	0.0	-90.0	0.387055	-0.018604	0.387501	-2.751835	0.0	0.004827	0.004827	90.0	0.387055	-0.018604	0.387501	-2.751835	343896.045765
2050.0	1.0	0.0	0.0	0.0	-90.0	0.38682	-0.01841	0.387258	-2.724828	0.0	0.004871	0.004871	90.0	0.38682	-0.01841	0.387258	-2.724828	343894.640775
2100.0	1.0	0.0	0.0	0.0	-90.0	0.386611	-0.01821	0.387039	-2.696729	0.0	0.004908	0.004908	90.0	0.386611	-0.01821	0.387039	-2.696693	343893.183401
2150.0	1.0	0.0	0.0	0.0	-90.0	0.38644	-0.018026	0.38686	-2.670633	0.0	0.005117	0.005117	90.0	0.38644	-0.018026	0.38686	-2.670633	343891.752097
2200.0	1.0	0.0	0.0	0.0	-90.0	0.386294	-0.017857	0.386707	-2.646636	0.0	0.005605	0.005605	90.0	0.386294	-0.017857	0.386707	-2.646652	343890.266026
2250.0	1.0	0.0	0.0	0.0	-90.0	0.386094	-0.01767	0.386498	-2.620315	0.0	0.003648	0.003648	90.0	0.386094	-0.017672	0.386498	-2.620621	343888.784113
2300.0	1.0	0.0	0.0	0.0	-90.0	0.38589	-0.017511	0.386287	-2.598254	0.0	0.003949	0.003949	90.0	0.38589	-0.017511	0.386287	-2.598254	343887.344191
2350.0	1.0	0.0	0.0	0.0	-90.0	0.385703	-0.017351	0.386093	-2.57576	0.0	0.004935	0.004935	90.0	0.385703	-0.017352	0.386093	-2.575822	343885.93367
2400.0	1.0	0.0	0.0	0.0	-90.0	0.385553	-0.017211	0.385936	-2.555949	0.0	0.005133	0.005133	90.0	0.385553	-0.017211	0.385936	-2.555949	343884.502018
2450.0	1.0	0.0	0.0	0.0	-90.0	0.385371	-0.017066	0.385749	-2.535601	0.0	0.005197	0.005197	90.0	0.385371	-0.017066	0.385749	-2.535601	343883.058815
2500.0	1.0	0.0	0.0	0.0	-90.0	0.385244	-0.016922	0.385616	-2.515061	0.0	0.005174	0.005174	90.0	0.385244	-0.016922	0.385616	-2.515061	343881.630441
2550.0	1.0	0.0	0.0	0.0	-90.0	0.385082	-0.016787	0.385447	-2.496127	0.0	0.005296	0.005296	90.0	0.385082	-0.016787	0.385448	-2.496106	343880.151297
2600.0	1.0	0.0	0.0	0.0	-90.0	0.384927	-0.016658	0.385287	-2.477967	0.0	0.005333	0.005333	90.0	0.384927	-0.016658	0.385287	-2.477967	343878.723521
2650.0	1.0	0.0	0.0	0.0	-90.0	0.384771	-0.016522	0.385125	-2.458736	0.0	0.005378	0.005378	90.0	0.384771	-0.016522	0.385125	-2.458736	343877.258494
2700.0	1.0	0.0	0.0	0.0	-90.0	0.384668	-0.016403	0.385017	-2.44175	0.0	0.005413	0.005413	90.0	0.384668	-0.016403	0.385017	-2.44175	343875.831993
2750.0	1.0	0.0	0.0	0.0	-90.0	0.384548	-0.0163	0.384893	-2.427192	0.0	0.005527	0.005527	90.0	0.384548	-0.0163	0.384893	-2.427185	343874.349
2800.0	1.0	0.0	0.0	0.0	-90.0	0.384403	-0.016174	0.384743	-2.409269	0.0	0.005562	0.005562	90.0	0.384403	-0.016174	0.384743	-2.409276	343872.931626
2850.0	1.0	0.0	0.0	0.0	-90.0	0.384284	-0.016068	0.38462	-2.394309	0.0	0.00561	0.00561	90.0	0.384284	-0.016068	0.38462	-2.394309	343871.521787
2900.0	1.0	0.0	0.0	0.0	-90.0	0.38414	-0.015957	0.384472	-2.378742	0.0	0.005718	0.005718	90.0	0.38414	-0.015957	0.384472	-2.378742	343870.080203
2950.0	1.0	0.0	0.0	0.0	-90.0	0.384035	-0.015857	0.384362	-2.36447	0.0	0.005759	0.005759	90.0	0.384034	-0.015857	0.384362	-2.364462	343868.671499
3000.0	1.0	0.0	0.0	0.0	-90.0	0.383921	-0.015756	0.384245	-2.350094	0.0	0.005836	0.005836	90.0	0.383921	-0.015756	0.384245	-2.350094	343867.235848
3050.0	1.0	0.0	0.0	0.0	-90.0	0.383823	-0.015673	0.384143	-2.338284	0.0	0.006297	0.006297	90.0	0.383823	-0.015673	0.384143	-2.338284	343865.818173
3100.0	1.0	0.0	0.0	0.0	-90.0	0.383711	-0.015585	0.384028	-2.325936	0.0	0.009773	0.009773	90.0	0.383711	-0.015585	0.384028	-2.325936	343864.375439
3150.0	1.0	0.0	0.0	0.0	-90.0	0.383576	-0.015449	0.383887	-2.306381	0.0	0.004899	0.004899	90.0	0.383576	-0.015449	0.383887	-2.306381	343862.935315
3200.0	1.0	0.0	0.0	0.0	-90.0	0.383466	-0.015382	0.383775	-2.297106	0.0	0.005866	0.005866	90.0	0.383466	-0.015382	0.383775	-2.297106	343861.506337
3250.0	1.0	0.0	0.0	0.0	-90.0	0.383358	-0.015297	0.383663	-2.284983	0.0	0.006136	0.006136	90.0	0.383358	-0.015297	0.383663	-2.284983	343860.075688
3300.0	1.0	0.0	0.0	0.0	-90.0	0.383243	-0.015209	0.383545	-2.272572	0.0	0.006193	0.006193	90.0	0.383243	-0.015209	0.383545	-2.272572	343858.614838
3350.0	1.0	0.0	0.0	0.0	-90.0	0.383139	-0.015125	0.383438	-2.260704	0.0	0.006261	0.006261	90.0	0.383139	-0.015125	0.383438	-2.260704	343857.18697
3400.0	1.0	0.0	0.0	0.0	-90.0	0.383029	-0.015045	0.383324	-2.249394	0.0	0.006385	0.006385	90.0	0.383029	-0.015045	0.383324	-2.249394	343855.758322
3450.0	1.0	0.0	0.0	0.0	-90.0	0.382919	-0.014969	0.383211	-2.238625	0.0	0.006493	0.006493	90.0	0.382919	-0.014969	0.383212	-2.238613	343854.339379
3500.0	1.0	0.0	0.0	0.0	-90.0	0.382831	-0.014891	0.38312	-2.227566	0.0	0.006907	0.006907	90.0	0.382831	-0.014891	0.38312	-2.227566	343852.88599
3550.0	1.0	0.0	0.0	0.0	-90.0	0.382707	-0.014816	0.382993	-2.217015	0.0	0.006224	0.006224	90.0	0.382707	-0.014816	0.382993	-2.217015	343851.45363
3600.0	1.0	0.0	0.0	0.0	-90.0	0.382626	-0.014768	0.382911	-2.210263	0.0	0.008821	0.008821	90.0	0.382626	-0.014768	0.382911	-2.210263	343849.976942
3650.0	1.0	0.0	0.0	0.0	-90.0	0.382514	-0.01468	0.382795	-2.197754	0.0	0.007893	0.007893	90.0	0.382514	-0.01468	0.382795	-2.197754	343848.545478
3700.0	1.0	0.0	0.0	0.0	-90.0	0.382427	-0.014611	0.382706	-2.187991	0.0	0.006957	0.006957	90.0	0.382427	-0.014611	0.382706	-2.187991	343847.093194
3750.0	1.0	0.0	0.0	0.0	-90.0	0.382306	-0.014547	0.382583	-2.179114	0.0	0.007106	0.007106	90.0	0.382306	-0.014547	0.382583	-2.179114	343845.688061
3800.0	1.0	0.0	0.0	0.0	-90.0	0.382227	-0.014484	0.382501	-2.170153	0.0	0.007181	0.007181	90.0	0.382227	-0.014484	0.382501	-2.170153	343844.246915
3850.0	1.0	0.0	0.0	0.0	-90.0	0.382142	-0.01442	0.382414	-2.160985	0.0	0.007324	0.007324	90.0	0.382142	-0.01442	0.382414	-2.160985	343842.81838
3900.0	1.0	0.0	0.0	0.0	-90.0	0.382066	-0.014359	0.382336	-2.152329	0.0	0.007495	0.007495	90.0	0.382066	-0.014359	0.382336	-2.152329	343841.377637
3950.0	1.0	0.0	0.0	0.0	-90.0	0.381999	-0.014301	0.382267	-2.144063	0.0	0.00757	0.00757	90.0	0.381999	-0.014301	0.382267	-2.144063	343839.975001
4000.0	1.0	0.0	0.0	0.0	-90.0	0.381907	-0.014244	0.382173	-2.135911	0.0	0.007749	0.007749	90.0	0.381907	-0.014244	0.382173	-2.135906	343838.518424
4050.0	1.0	0.0	0.0	0.0	-90.0	0.381828	-0.014186	0.382091	-2.127651	0.0	0.007884	0.007884	90.0	0.381828	-0.014186	0.382091	-2.127651	343837.028848
4100.0	1.0	0.0	0.0	0.0	-90.0	0.381749	-0.014129	0.38201	-2.119611	0.0	0.008035	0.008035	90.0	0.381749	-0.014129	0.38201	-2.119611	343835.619215
4150.0	1.0	0.0	0.0	0.0	-90.0	0.381656	-0.014071	0.381916	-2.111411	0.0	0.008165	0.008165	90.0	0.381656	-0.014071	0.381916	-2.111411	343834.160073
4200.0	1.0	0.0	0.0	0.0	-90.0	0.381576	-0.01402	0.381834	-2.104197	0.0	0.008361	0.008361	90.0	0.381576	-0.01402	0.381834	-2.104197	343832.722342
4250.0	1.0	0.0	0.0	0.0	-90.0	0.38149	-0.013972	0.381746	-2.097529	0.0	0.008567	0.008567	90.0	0.38149	-0.013972	0.381746	-2.09753	343831.285799
4300.0	1.0	0.0	0.0	0.0	-90.0	0.381376	-0.013912	0.38163	-2.0892	0.0	0.008744	0.008744	90.0	0.381376	-0.013912	0.38163	-2.0892	343829.844462
4350.0	1.0	0.0	0.0	0.0	-90.0	0.381314	-0.013863	0.381566	-2.08205	0.0	0.00889	0.00889	90.0	0.381314	-0.013863	0.381566	-2.08205	343828.390522
4400.0	1.0	0.0	0.0	0.0	-90.0	0.38124	-0.013808	0.38149	-2.074248	0.0	0.00911	0.00911	90.0	0.38124	-0.013808	0.38149	-2.074248	343826.917669
4450.0	1.0	0.0	0.0	0.0	-90.0	0.381204	-0.013762	0.381452	-2.067559	0.0	0.009328	0.009328	90.0	0.381204	-0.013762	0.381452	-2.067559	343825.443594
4500.0	1.0	0.0	0.0	0.0	-90.0	0.38114	-0.013714	0.381386	-2.060739	0.0	0.009533	0.009533	90.0	0.38114	-0.013714	0.381386	-2.060739	343823.978905
4550.0	1.0	0.0	0.0	0.0	-90.0	0.381109	-0.013664	0.381353	-2.053398	0.0	0.00976	0.00976	90.0	0.381109	-0.013664	0.381353	-2.053398	343822.545348
4600.0	1.0	0.0	0.0	0.0	-90.0	0.381058	-0.01362	0.381301	-2.047092	0.0	0.010022	0.010022	90.0	0.381058	-0.01362	0.381301	-2.047092	343821.101172
4650.0	1.0	0.0	0.0	0.0	-90.0	0.380997	-0.013574	0.381239	-2.040399	0.0	0.010336	0.010336	90.0	0.380997	-0.013574	0.381239	-2.040399	343819.64767
4700.0	1.0	0.0	0.0	0.0	-90.0	0.380927	-0.013525	0.381167	-2.033439	0.0	0.010586	0.010586	90.0	0.380928	-0.013525	0.381168	-2.033427	343818.220704
4750.0	1.0	0.0	0.0	0.0	-90.0	0.380849	-0.013477	0.381088	-2.026721	0.0	0.010896	0.010896	90.0	0.380849	-0.013477	0.381088	-2.026721	343816.799385
4800.0	1.0	0.0	0.0	0.0	-90.0	0.380794	-0.013427	0.381031	-2.019376	0.0	0.011302	0.011302	90.0	0.380794	-0.013427	0.381031	-2.019382	343815.338204
4850.0	1.0	0.0	0.0	0.0	-90.0	0.380724	-0.013378	0.380959	-2.012393	0.0	0.012128	0.012128	90.0	0.380724	-0.013378	0.380959	-2.012394	343813.897232
4900.0	1.0	0.0	0.0	0.0	-90.0	0.380663	-0.013324	0.380896	-2.004598	0.0	0.011653	0.011653	90.0	0.380663	-0.013324	0.380896	-2.004598	343812.484183
4950.0	1.0	0.0	0.0	0.0	-90.0	0.380589	-0.013263	0.380821	-1.995881	0.0	0.01109	0.01109	90.0	0.380589	-0.013263	0.38082	-1.995841	343811.080297
5000.0	1.0	0.0	0.0	0.0	-90.0	0.380371	-0.013418	0.380608	-2.02039	0.0	0.006591	0.006591	90.0	0.380371	-0.013418	0.380608	-2.02039	345217.58937349997
10000.0	1.0	0.0	0.0	0.0	-90.0	0.376558	-0.012612	0.376769	-1.918314	0.0	0.003882	0.003882	90.0	0.376558	-0.012612	0.376769	-1.918314	346624.118518
15000.0	1.0	0.0	0.0	0.0	-90.0	0.37461	-0.013233	0.374844	-2.023121	0.0	0.003949	0.003949	90.0	0.37461	-0.013233	0.374844	-2.023141	346622.687631
20000.0	1.0	0.0	0.0	0.0	-90.0	0.37321	-0.014268	0.373482	-2.189312	0.0	0.003965	0.003965	90.0	0.37321	-0.014268	0.373482	-2.189312	346621.215921
25000.0	1.0	0.0	0.0	0.0	-90.0	0.372081	-0.015486	0.372403	-2.383231	0.0	0.003975	0.003975	90.0	0.372081	-0.015486	0.372403	-2.383231	346619.785731
30000.0	1.0	0.0	0.0	0.0	-90.0	0.371174	-0.016775	0.371553	-2.587618	0.0	0.004059	0.004059	90.0	0.371174	-0.016775	0.371553	-2.587618	346618.350206
35000.0	1.0	0.0	0.0	0.0	-90.0	0.370368	-0.018103	0.37081	-2.798299	0.0	0.004047	0.004047	90.0	0.370368	-0.018103	0.37081	-2.798299	346616.918147
40000.0	1.0	0.0	0.0	0.0	-90.0	0.36965	-0.019453	0.370161	-3.012496	0.0	0.004103	0.004103	90.0	0.36965	-0.019453	0.370161	-3.012497	346615.466531
45000.0	1.0	0.0	0.0	0.0	-90.0	0.368983	-0.020813	0.36957	-3.2285	0.0	0.00409	0.00409	90.0	0.368983	-0.020813	0.36957	-3.2285	346614.028889
50000.0	1.0	0.0	0.0	0.0	-90.0	0.368349	-0.022181	0.369017	-3.446038	0.0	0.004081	0.004081	90.0	0.368349	-0.022181	0.369017	-3.446038	346612.610969
55000.0	1.0	0.0	0.0	0.0	-90.0	0.367764	-0.02355	0.368517	-3.663934	0.0	0.004151	0.004151	90.0	0.367764	-0.02355	0.368517	-3.663934	346611.118067
60000.0	1.0	0.0	0.0	0.0	-90.0	0.367216	-0.024921	0.368061	-3.882407	0.0	0.004147	0.004147	90.0	0.367216	-0.024921	0.368061	-3.882407	346609.69683
65000.0	1.0	0.0	0.0	0.0	-90.0	0.366684	-0.026293	0.367625	-4.101374	0.0	0.004194	0.004194	90.0	0.366684	-0.026293	0.367625	-4.101374	346608.258946
70000.0	1.0	0.0	0.0	0.0	-90.0	0.366188	-0.027664	0.367231	-4.320194	0.0	0.0042	0.0042	90.0	0.366188	-0.027664	0.367231	-4.320194	346606.817181
75000.0	1.0	0.0	0.0	0.0	-90.0	0.365705	-0.029033	0.366855	-4.539164	0.0	0.004257	0.004257	90.0	0.365705	-0.029033	0.366855	-4.539164	346605.374499
80000.0	1.0	0.0	0.0	0.0	-90.0	0.365228	-0.030399	0.366491	-4.757862	0.0	0.00421	0.00421	90.0	0.365228	-0.030399	0.366491	-4.757862	346603.95579
85000.0	1.0	0.0	0.0	0.0	-90.0	0.364774	-0.031758	0.366153	-4.975754	0.0	0.004266	0.004266	90.0	0.364774	-0.031758	0.366153	-4.975754	346602.519265
90000.0	1.0	0.0	0.0	0.0	-90.0	0.364319	-0.033118	0.365821	-5.194091	0.0	0.004284	0.004284	90.0	0.364319	-0.033118	0.365821	-5.194091	346601.079253
95000.0	1.0	0.0	0.0	0.0	-90.0	0.363883	-0.034471	0.365513	-5.411577	0.0	0.004311	0.004311	90.0	0.363883	-0.034471	0.365513	-5.411577	346599.632259
100000.0	1.0	0.0	0.0	0.0	-90.0	0.36344	-0.035823	0.365201	-5.62923	0.0	0.004339	0.004339	90.0	0.36344	-0.035823	0.365201	-5.62923	346598.187329
105000.0	1.0	0.0	0.0	0.0	-90.0	0.362985	-0.037166	0.364883	-5.8461	0.0	0.00432	0.00432	90.0	0.362985	-0.037166	0.364883	-5.8461	346596.747109
110000.0	1.0	0.0	0.0	0.0	-90.0	0.362564	-0.03851	0.364603	-6.062965	0.0	0.004389	0.004389	90.0	0.362564	-0.03851	0.364603	-6.062965	346595.311306
115000.0	1.0	0.0	0.0	0.0	-90.0	0.362164	-0.039852	0.36435	-6.279492	0.0	0.004422	0.004422	90.0	0.362164	-0.039852	0.36435	-6.279492	346593.876601
120000.0	1.0	0.0	0.0	0.0	-90.0	0.361734	-0.041186	0.364071	-6.495602	0.0	0.004423	0.004423	90.0	0.361734	-0.041186	0.364071	-6.495602	346592.43453
125000.0	1.0	0.0	0.0	0.0	-90.0	0.36131	-0.042519	0.363803	-6.711702	0.0	0.004424	0.004424	90.0	0.36131	-0.042519	0.363803	-6.711702	346590.969152
130000.0	1.0	0.0	0.0	0.0	-90.0	0.360898	-0.043848	0.363552	-6.92728	0.0	0.004427	0.004427	90.0	0.360898	-0.043848	0.363552	-6.92728	346589.523824
135000.0	1.0	0.0	0.0	0.0	-90.0	0.360471	-0.045171	0.36329	-7.142555	0.0	0.004472	0.004472	90.0	0.360471	-0.045171	0.36329	-7.142555	346588.07102
140000.0	1.0	0.0	0.0	0.0	-90.0	0.360062	-0.046493	0.363052	-7.357596	0.0	0.004519	0.004519	90.0	0.360062	-0.046493	0.363052	-7.357596	346586.584227
145000.0	1.0	0.0	0.0	0.0	-90.0	0.359664	-0.047815	0.362828	-7.572699	0.0	0.004473	0.004473	90.0	0.359664	-0.047815	0.362828	-7.572699	346585.168926
150000.0	1.0	0.0	0.0	0.0	-90.0	0.359252	-0.049128	0.362596	-7.786949	0.0	0.004584	0.004584	90.0	0.359252	-0.049128	0.362596	-7.786949	346583.685771
155000.0	1.0	0.0	0.0	0.0	-90.0	0.358834	-0.050439	0.362361	-8.001313	0.0	0.004606	0.004606	90.0	0.358834	-0.050439	0.362361	-8.001313	346582.257111
160000.0	1.0	0.0	0.0	0.0	-90.0	0.35842	-0.051747	0.362136	-8.215369	0.0	0.004571	0.004571	90.0	0.35842	-0.051747	0.362136	-8.215369	346580.832156
165000.0	1.0	0.0	0.0	0.0	-90.0	0.358001	-0.053052	0.361911	-8.429288	0.0	0.004597	0.004597	90.0	0.358001	-0.053052	0.361911	-8.429288	346579.39359
170000.0	1.0	0.0	0.0	0.0	-90.0	0.357585	-0.054353	0.361692	-8.642857	0.0	0.004645	0.004645	90.0	0.357585	-0.054353	0.361692	-8.642854	346577.978945
175000.0	1.0	0.0	0.0	0.0	-90.0	0.357171	-0.055652	0.361481	-8.856234	0.0	0.004706	0.004706	90.0	0.357171	-0.055652	0.361481	-8.856234	346576.540823
180000.0	1.0	0.0	0.0	0.0	-90.0	0.356753	-0.056947	0.361269	-9.069365	0.0	0.004702	0.004702	90.0	0.356753	-0.056947	0.361269	-9.069365	346575.082913
185000.0	1.0	0.0	0.0	0.0	-90.0	0.356317	-0.058237	0.361045	-9.282491	0.0	0.0048	0.0048	90.0	0.356317	-0.058237	0.361045	-9.282491	346573.631394
190000.0	1.0	0.0	0.0	0.0	-90.0	0.355908	-0.05953	0.360852	-9.495499	0.0	0.004786	0.004786	90.0	0.355908	-0.05953	0.360852	-9.495499	346572.173947
195000.0	1.0	0.0	0.0	0.0	-90.0	0.355471	-0.060815	0.360636	-9.708292	0.0	0.004575	0.004575	90.0	0.355471	-0.060815	0.360636	-9.708292	346570.742075
200000.0	1.0	0.0	0.0	0.0	-90.0	0.355056	-0.062098	0.360446	-9.920527	0.0	0.004481	0.004481	90.0	0.355056	-0.062098	0.360446	-9.920527	346569.30759
205000.0	1.0	0.0	0.0	0.0	-90.0	0.354641	-0.063383	0.36026	-10.13319	0.0	0.004739	0.004739	90.0	0.354641	-0.063383	0.36026	-10.13319	346567.825508
210000.0	1.0	0.0	0.0	0.0	-90.0	0.354231	-0.064665	0.360085	-10.345448	0.0	0.00482	0.00482	90.0	0.354231	-0.064665	0.360085	-10.345448	346566.381807
215000.0	1.0	0.0	0.0	0.0	-90.0	0.353783	-0.065938	0.359875	-10.557586	0.0	0.00486	0.00486	90.0	0.353783	-0.065938	0.359875	-10.557588	346564.949039
220000.0	1.0	0.0	0.0	0.0	-90.0	0.353379	-0.067216	0.359715	-10.769483	0.0	0.004939	0.004939	90.0	0.353379	-0.067216	0.359715	-10.769483	346563.516898
225000.0	1.0	0.0	0.0	0.0	-90.0	0.352946	-0.068487	0.35953	-10.981419	0.0	0.004955	0.004955	90.0	0.352947	-0.068487	0.35953	-10.981417	346562.086993
230000.0	1.0	0.0	0.0	0.0	-90.0	0.352518	-0.069756	0.359354	-11.193019	0.0	0.005001	0.005001	90.0	0.352518	-0.069756	0.359354	-11.193019	346560.630589
235000.0	1.0	0.0	0.0	0.0	-90.0	0.352073	-0.07102	0.359165	-11.404638	0.0	0.005006	0.005006	90.0	0.352073	-0.07102	0.359165	-11.404638	346559.181096
240000.0	1.0	0.0	0.0	0.0	-90.0	0.351629	-0.07228	0.358981	-11.615846	0.0	0.005018	0.005018	90.0	0.351629	-0.07228	0.358981	-11.615846	346557.745874
245000.0	1.0	0.0	0.0	0.0	-90.0	0.351172	-0.073539	0.358789	-11.827419	0.0	0.005083	0.005083	90.0	0.351172	-0.073539	0.358789	-11.827419	346556.311336
250000.0	1.0	0.0	0.0	0.0	-90.0	0.35073	-0.0748	0.358617	-12.039133	0.0	0.005106	0.005106	90.0	0.35073	-0.0748	0.358617	-12.039134	346554.841352
255000.0	1.0	0.0	0.0	0.0	-90.0	0.350271	-0.076051	0.358432	-12.249995	0.0	0.005163	0.005163	90.0	0.350271	-0.076051	0.358432	-12.249995	346553.405443
260000.0	1.0	0.0	0.0	0.0	-90.0	0.349827	-0.077307	0.358267	-12.461348	0.0	0.005214	0.005214	90.0	0.349827	-0.077307	0.358267	-12.461348	346551.925583
265000.0	1.0	0.0	0.0	0.0	-90.0	0.349373	-0.078558	0.358096	-12.672354	0.0	0.005307	0.005307	90.0	0.349373	-0.078558	0.358096	-12.672354	346550.462938
270000.0	1.0	0.0	0.0	0.0	-90.0	0.348912	-0.079804	0.357923	-12.883195	0.0	0.005284	0.005284	90.0	0.348912	-0.079804	0.357923	-12.883195	346549.021303
275000.0	1.0	0.0	0.0	0.0	-90.0	0.348444	-0.081049	0.357746	-13.094374	0.0	0.005362	0.005362	90.0	0.348444	-0.081049	0.357746	-13.094375	346547.574623
280000.0	1.0	0.0	0.0	0.0	-90.0	0.348005	-0.082298	0.357604	-13.305223	0.0	0.00529	0.00529	90.0	0.348005	-0.082298	0.357604	-13.305225	346546.12478
285000.0	1.0	0.0	0.0	0.0	-90.0	0.347547	-0.083541	0.357446	-13.516032	0.0	0.005435	0.005435	90.0	0.347547	-0.083541	0.357446	-13.516032	346544.688475
290000.0	1.0	0.0	0.0	0.0	-90.0	0.34708	-0.084781	0.357285	-13.726835	0.0	0.005458	0.005458	90.0	0.34708	-0.084781	0.357285	-13.726835	346543.263861
295000.0	1.0	0.0	0.0	0.0	-90.0	0.346606	-0.086017	0.357119	-13.937501	0.0	0.005488	0.005488	90.0	0.346606	-0.086017	0.357119	-13.937497	346541.826303
300000.0	1.0	0.0	0.0	0.0	-90.0	0.346127	-0.087252	0.356955	-14.148397	0.0	0.005473	0.005473	90.0	0.346127	-0.087252	0.356955	-14.148397	346540.395167
305000.0	1.0	0.0	0.0	0.0	-90.0	0.345648	-0.088483	0.356794	-14.35893	0.0	0.005564	0.005564	90.0	0.345648	-0.088483	0.356794	-14.358929	346538.934718
310000.0	1.0	0.0	0.0	0.0	-90.0	0.345167	-0.089714	0.356636	-14.569581	0.0	0.005608	0.005608	90.0	0.345166	-0.089713	0.356635	-14.569584	346537.493684
315000.0	1.0	0.0	0.0	0.0	-90.0	0.344696	-0.090946	0.356492	-14.780287	0.0	0.005698	0.005698	90.0	0.344696	-0.090946	0.356492	-14.780287	346536.042105
320000.0	1.0	0.0	0.0	0.0	-90.0	0.344192	-0.092168	0.356319	-14.99102	0.0	0.005782	0.005782	90.0	0.344192	-0.092168	0.356319	-14.99102	346534.606901
325000.0	1.0	0.0	0.0	0.0	-90.0	0.343709	-0.093391	0.356171	-15.201161	0.0	0.005821	0.005821	90.0	0.343709	-0.093391	0.356171	-15.201158	346533.173492
330000.0	1.0	0.0	0.0	0.0	-90.0	0.343204	-0.094611	0.356006	-15.411986	0.0	0.005878	0.005878	90.0	0.343204	-0.094611	0.356006	-15.411986	346531.747462
335000.0	1.0	0.0	0.0	0.0	-90.0	0.34272	-0.095834	0.355867	-15.622515	0.0	0.005954	0.005954	90.0	0.34272	-0.095834	0.355867	-15.622515	346530.294735
340000.0	1.0	0.0	0.0	0.0	-90.0	0.342207	-0.097049	0.355702	-15.833205	0.0	0.005978	0.005978	90.0	0.342207	-0.097049	0.355702	-15.833205	346528.870626
345000.0	1.0	0.0	0.0	0.0	-90.0	0.341692	-0.09826	0.35554	-16.043611	0.0	0.006093	0.006093	90.0	0.341692	-0.09826	0.35554	-16.043611	346527.438851
350000.0	1.0	0.0	0.0	0.0	-90.0	0.341177	-0.099471	0.355382	-16.254223	0.0	0.006164	0.006164	90.0	0.341177	-0.099471	0.355382	-16.254223	346526.002364
355000.0	1.0	0.0	0.0	0.0	-90.0	0.340666	-0.100683	0.355232	-16.46491	0.0	0.006228	0.006228	90.0	0.340666	-0.100683	0.355232	-16.46491	346524.566893
360000.0	1.0	0.0	0.0	0.0	-90.0	0.340149	-0.101892	0.355082	-16.675573	0.0	0.006261	0.006261	90.0	0.340149	-0.101892	0.355082	-16.675573	346523.138545
365000.0	1.0	0.0	0.0	0.0	-90.0	0.339646	-0.103102	0.35495	-16.886019	0.0	0.006351	0.006351	90.0	0.339646	-0.103102	0.35495	-16.886018	346521.691692
370000.0	1.0	0.0	0.0	0.0	-90.0	0.339149	-0.104312	0.354828	-17.096385	0.0	0.006419	0.006419	90.0	0.339149	-0.104312	0.354828	-17.096385	346520.251885
375000.0	1.0	0.0	0.0	0.0	-90.0	0.338608	-0.105513	0.354666	-17.307442	0.0	0.006524	0.006524	90.0	0.338608	-0.105513	0.354666	-17.307442	346518.813441
380000.0	1.0	0.0	0.0	0.0	-90.0	0.338069	-0.106709	0.35451	-17.517954	0.0	0.00663	0.00663	90.0	0.338069	-0.106709	0.35451	-17.517954	346517.367446
385000.0	1.0	0.0	0.0	0.0	-90.0	0.337529	-0.107908	0.354358	-17.729095	0.0	0.006676	0.006676	90.0	0.337529	-0.107908	0.354358	-17.729095	346515.942476
390000.0	1.0	0.0	0.0	0.0	-90.0	0.336971	-0.109097	0.354191	-17.939717	0.0	0.006815	0.006815	90.0	0.33697	-0.109096	0.354191	-17.939716	346514.50589
395000.0	1.0	0.0	0.0	0.0	-90.0	0.336417	-0.110286	0.354033	-18.15044	0.0	0.006872	0.006872	90.0	0.336417	-0.110286	0.354033	-18.150438	346513.059353
400000.0	1.0	0.0	0.0	0.0	-90.0	0.33588	-0.111482	0.353898	-18.361532	0.0	0.006994	0.006994	90.0	0.335881	-0.111482	0.353898	-18.361532	346511.633015
405000.0	1.0	0.0	0.0	0.0	-90.0	0.335366	-0.112678	0.353789	-18.571644	0.0	0.007066	0.007066	90.0	0.335366	-0.112678	0.353789	-18.571644	346510.195971
410000.0	1.0	0.0	0.0	0.0	-90.0	0.334801	-0.113864	0.353633	-18.782916	0.0	0.007215	0.007215	90.0	0.334801	-0.113864	0.353633	-18.782916	346508.765784
415000.0	1.0	0.0	0.0	0.0	-90.0	0.334251	-0.11505	0.353497	-18.993616	0.0	0.007331	0.007331	90.0	0.334251	-0.11505	0.353497	-18.993616	346507.324839
420000.0	1.0	0.0	0.0	0.0	-90.0	0.333691	-0.116234	0.353355	-19.204601	0.0	0.007482	0.007482	90.0	0.333691	-0.116234	0.353355	-19.2046	346505.863793
425000.0	1.0	0.0	0.0	0.0	-90.0	0.333144	-0.117422	0.353232	-19.415811	0.0	0.007567	0.007567	90.0	0.333144	-0.117422	0.353232	-19.415811	346504.415354
430000.0	1.0	0.0	0.0	0.0	-90.0	0.332563	-0.118594	0.353076	-19.626567	0.0	0.007769	0.007769	90.0	0.332563	-0.118594	0.353076	-19.626567	346502.921144
435000.0	1.0	0.0	0.0	0.0	-90.0	0.331976	-0.119767	0.352919	-19.837854	0.0	0.007934	0.007934	90.0	0.331976	-0.119767	0.352919	-19.837854	346501.482943
440000.0	1.0	0.0	0.0	0.0	-90.0	0.331394	-0.120939	0.352772	-20.049152	0.0	0.008087	0.008087	90.0	0.331394	-0.120939	0.352772	-20.049152	346500.076513
445000.0	1.0	0.0	0.0	0.0	-90.0	0.330805	-0.122107	0.352622	-20.260193	0.0	0.008218	0.008218	90.0	0.330805	-0.122107	0.352622	-20.260193	346498.63003
450000.0	1.0	0.0	0.0	0.0	-90.0	0.330222	-0.123281	0.352483	-20.471953	0.0	0.008344	0.008344	90.0	0.330222	-0.123281	0.352483	-20.471953	346497.167362
455000.0	1.0	0.0	0.0	0.0	-90.0	0.32964	-0.124449	0.352349	-20.682989	0.0	0.008523	0.008523	90.0	0.32964	-0.124449	0.352349	-20.682989	346495.719041
460000.0	1.0	0.0	0.0	0.0	-90.0	0.329098	-0.125631	0.352262	-20.89403	0.0	0.008781	0.008781	90.0	0.329098	-0.125631	0.352262	-20.89403	346494.298636
465000.0	1.0	0.0	0.0	0.0	-90.0	0.328547	-0.126808	0.352169	-21.104885	0.0	0.008963	0.008963	90.0	0.328547	-0.126808	0.352169	-21.104882	346492.862157
470000.0	1.0	0.0	0.0	0.0	-90.0	0.327957	-0.127967	0.352038	-21.31543	0.0	0.00923	0.00923	90.0	0.327957	-0.127967	0.352038	-21.31543	346491.427384
475000.0	1.0	0.0	0.0	0.0	-90.0	0.327359	-0.129121	0.351903	-21.525844	0.0	0.009521	0.009521	90.0	0.327359	-0.129121	0.351903	-21.525844	346490.01615
480000.0	1.0	0.0	0.0	0.0	-90.0	0.32675	-0.13029	0.351768	-21.739473	0.0	0.009975	0.009975	90.0	0.32675	-0.13029	0.351768	-21.739473	346488.559708
485000.0	1.0	0.0	0.0	0.0	-90.0	0.326127	-0.131442	0.351619	-21.951326	0.0	0.010216	0.010216	90.0	0.326127	-0.131442	0.351619	-21.951326	346487.143571
490000.0	1.0	0.0	0.0	0.0	-90.0	0.325493	-0.132588	0.351461	-22.163281	0.0	0.016232	0.016232	90.0	0.325493	-0.132588	0.351461	-22.163281	346485.679951
495000.0	1.0	0.0	0.0	0.0	-90.0	0.324869	-0.133729	0.351316	-22.374068	0.0	0.012371	0.012371	90.0	0.324869	-0.133729	0.351316	-22.374068	346484.246038
500000.0	1.0	0.0	0.0	0.0	-90.0	0.324202	-0.134869	0.351136	-22.587497	0.0	0.010437	0.010437	90.0	0.324202	-0.134869	0.351136	-22.587495	346482.78032
