# Oscilator_frequency (Hz)	DemodAll_A (-)	Demod_1_X_A (A)	Demod_1_Y_A (A)	Demod_1__R_A (A)	Demod_1__Theta_A (deg)	Demod_2_X_A (A)	Demod_2_Y_A (A)	Demod_2__R_A (A)	Demod_2__Theta_A (deg)	Demod_3_X_A (V)	Demod_3_Y_A (V)	Demod_3__R_A (V)	Demod_3__Theta_A (deg)	Demod_4_X_A (V)	Demod_4_Y_A (V)	Demod_4__R_A (V)	Demod_4__Theta_A (deg)	Timer_GET (s)
1.0	1.0	0.0	0.0	0.0	-90.0	0.0	0.0	0.0	68.111737	0.0	-1.587627	1.587627	-90.0	0.600576	1.398959	1.522425	66.76606	11407.574762
2.0	1.0	0.0	0.0	0.0	-90.0	0.0	0.0	0.0	-29.610672	0.0	-1.791338	1.791338	-90.0	1.33936	-0.72415	1.522589	-28.398689	11406.118699
3.0	1.0	0.0	0.0	0.0	-90.0	0.0	0.0	0.0	-21.542888	0.0	-1.742487	1.742487	-90.0	1.232269	-0.30353	1.269101	-13.837534	11404.705925
4.0	1.0	0.0	0.0	0.0	-90.0	0.0	0.0	0.0	178.299737	0.0	-1.173117	1.173117	-90.0	-0.48712	0.007427	0.487177	179.126474	11403.278353
5.0	1.0	0.0	0.0	0.0	-90.0	0.0	0.0	0.0	160.890496	0.0	-1.261536	1.261536	-90.0	-0.242282	0.141673	0.280663	149.683383	11401.826853
6.0	1.0	0.0	0.0	0.0	-90.0	0.0	0.0	0.0	0.982029	0.0	-1.542703	1.542703	-90.0	0.586473	-0.024948	0.587004	-2.435856	11400.363451
7.0	1.0	0.0	0.0	0.0	-90.0	0.0	0.0	0.0	27.94748	0.0	-1.48402	1.48402	-90.0	0.411692	0.023844	0.412382	3.314643	11398.90564
8.0	1.0	0.0	0.0	0.0	-90.0	0.0	0.0	0.0	125.509862	0.0	-1.407291	1.407291	-90.0	0.179824	0.065878	0.191512	20.120171	11397.452046
9.0	1.0	0.0	0.0	0.0	-90.0	0.0	0.0	0.0	38.047472	0.0	-1.453949	1.453949	-90.0	0.312279	0.004982	0.312318	0.914048	11396.007018
10.0	1.0	0.0	0.0	0.0	-90.0	0.0	0.0	0.0	109.156635	0.0	-1.422912	1.422912	-90.0	0.187254	0.014292	0.187799	4.364501	11394.558131
11.0	1.0	0.0	0.0	0.0	-90.0	0.0	0.0	0.0	-26.04563	0.0	-1.430482	1.430482	-90.0	0.229746	-0.036701	0.232659	-9.076132	11393.121876
12.0	1.0	0.0	0.0	0.0	-90.0	0.0	0.0	0.0	67.215638	0.0	-1.434467	1.434467	-90.0	0.241922	-0.029339	0.243694	-6.914657	11391.673616
13.0	1.0	0.0	0.0	0.0	-90.0	0.0	0.0	0.0	10.268294	0.0	-1.428807	1.428807	-90.0	0.217855	-0.037074	0.220987	-9.658058	11390.21323
14.0	1.0	0.0	0.0	0.0	-90.0	0.0	0.0	0.0	170.427278	0.0	-1.428482	1.428482	-90.0	0.217695	-0.034768	0.220454	-9.074123	11388.776431
15.0	1.0	0.0	0.0	0.0	-90.0	0.0	0.0	0.0	87.833851	0.0	-1.426681	1.426681	-90.0	0.215223	-0.036883	0.21836	-9.7243	11387.329406
16.0	1.0	0.0	0.0	0.0	-90.0	0.0	0.0	0.0	-19.27945	0.0	-1.428095	1.428095	-90.0	0.213898	-0.039899	0.217587	-10.566206	11385.889793
17.0	1.0	0.0	0.0	0.0	-90.0	0.0	0.0	0.0	-18.699367	0.0	-1.429098	1.429098	-90.0	0.209921	-0.038218	0.213372	-10.318263	11384.446196
18.0	1.0	0.0	0.0	0.0	-90.0	0.0	0.0	0.0	-99.55128	0.0	-1.428521	1.428521	-90.0	0.208043	-0.038351	0.211548	-10.444628	11382.989327
19.0	1.0	0.0	0.0	0.0	-90.0	0.0	0.0	0.0	-169.124532	0.0	-1.428649	1.428649	-90.0	0.20668	-0.038801	0.210291	-10.632644	11381.530148
20.0	1.0	0.0	0.0	0.0	-90.0	0.0	0.0	0.0	-28.229891	0.0	-1.428727	1.428727	-90.0	0.205715	-0.039216	0.209419	-10.792946	11380.12081
21.0	1.0	0.0	0.0	0.0	-90.0	0.0	0.0	0.0	-123.671903	0.0	-1.427939	1.427939	-90.0	0.203407	-0.039913	0.207286	-11.10165	11378.681462
22.0	1.0	0.0	0.0	0.0	-90.0	0.0	0.0	0.0	132.89896	0.0	-1.427991	1.427991	-90.0	0.202243	-0.040266	0.206213	-11.260282	11377.21393
23.0	1.0	0.0	0.0	0.0	-90.0	0.0	0.0	0.0	175.05464	0.0	-1.429053	1.429053	-90.0	0.200262	-0.040019	0.204221	-11.300687	11375.773976
24.0	1.0	0.0	0.0	0.0	-90.0	0.0	0.0	0.0	106.284871	0.0	-1.432439	1.432439	-90.0	0.200439	-0.0387	0.204141	-10.928049	11374.299456
25.0	1.0	0.0	0.0	0.0	-90.0	0.0	0.0	0.0	-94.830873	0.0	-1.426779	1.426779	-90.0	0.197924	-0.041815	0.202293	-11.92925	11372.866818
26.0	1.0	0.0	0.0	0.0	-90.0	0.0	0.0	0.0	-21.282362	0.0	-1.428593	1.428593	-90.0	0.197677	-0.039114	0.20151	-11.192323	11371.439357
27.0	1.0	0.0	0.0	0.0	-90.0	0.0	0.0	0.0	-168.133175	0.0	-1.42772	1.42772	-90.0	0.194874	-0.040059	0.198949	-11.61616	11370.018869
28.0	1.0	0.0	0.0	0.0	-90.0	0.0	0.0	0.0	-12.22888	0.0	-1.427876	1.427876	-90.0	0.193963	-0.040385	0.198123	-11.761513	11368.58428
29.0	1.0	0.0	0.0	0.0	-90.0	0.0	0.0	0.0	103.40931	0.0	-1.427852	1.427852	-90.0	0.193082	-0.040404	0.197264	-11.81901	11367.155073
30.0	1.0	0.0	0.0	0.0	-90.0	0.0	0.0	0.0	40.154915	0.0	-1.42777	1.42777	-90.0	0.192193	-0.04023	0.196358	-11.822514	11365.734965
31.0	1.0	0.0	0.0	0.0	-90.0	0.0	0.0	0.0	99.395723	0.0	-1.427714	1.427714	-90.0	0.190819	-0.04029	0.195026	-11.922533	11364.321483
32.0	1.0	0.0	0.0	0.0	-90.0	0.0	0.0	0.0	34.926267	0.0	-1.427422	1.427422	-90.0	0.189878	-0.040272	0.194102	-11.974611	11362.887284
33.0	1.0	0.0	0.0	0.0	-90.0	0.0	0.0	0.0	-91.585404	0.0	-1.427438	1.427438	-90.0	0.188811	-0.0402	0.193043	-12.019527	11361.45199
34.0	1.0	0.0	0.0	0.0	-90.0	0.0	0.0	0.0	-156.122326	0.0	-1.427261	1.427261	-90.0	0.187845	-0.040051	0.192068	-12.036006	11359.981915
35.0	1.0	0.0	0.0	0.0	-90.0	0.0	0.0	0.0	-33.314647	0.0	-1.427081	1.427081	-90.0	0.186817	-0.040038	0.191059	-12.096467	11358.528512
36.0	1.0	0.0	0.0	0.0	-90.0	0.0	0.0	0.0	-71.196561	0.0	-1.426809	1.426809	-90.0	0.185693	-0.03986	0.189922	-12.114891	11357.063245
37.0	1.0	0.0	0.0	0.0	-90.0	0.0	0.0	0.0	24.911701	0.0	-1.426718	1.426718	-90.0	0.184965	-0.03938	0.189111	-12.019178	11355.632566
38.0	1.0	0.0	0.0	0.0	-90.0	0.0	0.0	0.0	-103.495697	0.0	-1.426588	1.426588	-90.0	0.184285	-0.039736	0.18852	-12.168085	11354.172318
39.0	1.0	0.0	0.0	0.0	-90.0	0.0	0.0	0.0	158.70084	0.0	-1.426579	1.426579	-90.0	0.182481	-0.040081	0.186831	-12.38816	11352.714285
40.0	1.0	0.0	0.0	0.0	-90.0	0.0	0.0	0.0	-111.475017	0.0	-1.426582	1.426582	-90.0	0.183618	-0.041564	0.188264	-12.754701	11351.272843
41.0	1.0	0.0	0.0	0.0	-90.0	0.0	0.0	0.0	143.799763	0.0	-1.426454	1.426454	-90.0	0.179548	-0.041107	0.184193	-12.895524	11349.831101
42.0	1.0	0.0	0.0	0.0	-90.0	0.0	0.0	0.0	94.757213	0.0	-1.425903	1.425903	-90.0	0.185394	-0.040725	0.189814	-12.389283	11348.395066
43.0	1.0	0.0	0.0	0.0	-90.0	0.0	0.0	0.0	108.771748	0.0	-1.424751	1.424751	-90.0	0.184406	-0.031843	0.187135	-9.797087	11346.912101
44.0	1.0	0.0	0.0	0.0	-90.0	0.0	0.0	0.0	-19.295381	0.0	-1.424059	1.424059	-90.0	0.188231	-0.030597	0.190701	-9.232826	11345.439972
45.0	1.0	0.0	0.0	0.0	-90.0	0.0	0.0	0.0	-90.922208	0.0	-1.42642	1.42642	-90.0	0.186944	-0.054044	0.194599	-16.124185	11344.027223
46.0	1.0	0.0	0.0	0.0	-90.0	0.0	0.0	0.0	99.880427	0.0	-1.428507	1.428507	-90.0	0.173425	-0.063523	0.184692	-20.11693	11342.581183
47.0	1.0	0.0	0.0	0.0	-90.0	0.0	0.0	0.0	159.979749	0.0	-1.41977	1.41977	-90.0	0.200639	-0.015262	0.201218	-4.349895	11341.093778
48.0	1.0	0.0	0.0	0.0	-90.0	0.0	0.0	0.0	-156.934593	0.0	-1.419087	1.419087	-90.0	0.21681	-0.035777	0.219742	-9.370175	11339.648207
49.0	1.0	0.0	0.0	0.0	-90.0	0.0	0.0	0.0	54.966332	0.0	-1.426565	1.426565	-90.0	0.147348	-0.001791	0.147359	-0.696583	11338.19224
50.0	1.0	0.0	0.0	0.0	-90.0	0.0	0.0	0.0	-6.850775	0.0	-1.417095	1.417095	-90.0	0.203612	0.001261	0.203616	0.35491	11336.780848
51.0	1.0	0.0	0.0	0.0	-90.0	0.0	0.0	0.0	97.213283	0.0	-1.42954	1.42954	-90.0	0.140895	-0.005906	0.141019	-2.400374	11335.349899
52.0	1.0	0.0	0.0	0.0	-90.0	0.0	0.0	0.0	80.088062	0.0	-1.417231	1.417231	-90.0	0.214147	-0.033463	0.216745	-8.881403	11333.936025
53.0	1.0	0.0	0.0	0.0	-90.0	0.0	0.0	0.0	-58.178263	0.0	-1.423607	1.423607	-90.0	0.177604	-0.004198	0.177653	-1.35389	11332.460902
54.0	1.0	0.0	0.0	0.0	-90.0	0.0	0.0	0.0	-74.900752	0.0	-1.426285	1.426285	-90.0	0.156726	-0.05645	0.166582	-19.808166	11331.05082
55.0	1.0	0.0	0.0	0.0	-90.0	0.0	0.0	0.0	176.241838	0.0	-1.425869	1.425869	-90.0	0.157583	-0.045424	0.163999	-16.079803	11329.618368
56.0	1.0	0.0	0.0	0.0	-90.0	0.0	0.0	0.0	-14.247808	0.0	-1.422762	1.422762	-90.0	0.180859	-0.029306	0.183218	-9.203992	11328.161286
57.0	1.0	0.0	0.0	0.0	-90.0	0.0	0.0	0.0	94.902819	0.0	-1.423345	1.423345	-90.0	0.171346	-0.045063	0.177173	-14.734778	11326.742576
58.0	1.0	0.0	0.0	0.0	-90.0	0.0	0.0	0.0	-130.217015	0.0	-1.422874	1.422874	-90.0	0.175412	-0.038263	0.179537	-12.305415	11325.323586
59.0	1.0	0.0	0.0	0.0	-90.0	0.0	0.0	0.0	-159.693233	0.0	-1.423716	1.423716	-90.0	0.166982	-0.035921	0.170802	-12.140562	11323.911631
60.0	1.0	0.0	0.0	0.0	-90.0	0.0	0.0	0.0	-119.744038	0.0	-1.423384	1.423384	-90.0	0.167129	-0.036728	0.171117	-12.394221	11322.478781
61.0	1.0	0.0	0.0	0.0	-90.0	0.0	0.0	0.0	-96.55226	0.0	-1.423009	1.423009	-90.0	0.170695	-0.035864	0.174421	-11.865643	11321.04576
62.0	1.0	0.0	0.0	0.0	-90.0	0.0	0.0	0.0	170.603851	0.0	-1.422936	1.422936	-90.0	0.169119	-0.035889	0.172885	-11.981224	11319.602287
63.0	1.0	0.0	0.0	0.0	-90.0	0.0	0.0	0.0	-172.678808	0.0	-1.422812	1.422812	-90.0	0.168078	-0.035603	0.171807	-11.959996	11318.18384
64.0	1.0	0.0	0.0	0.0	-90.0	0.0	0.0	0.0	-86.554659	0.0	-1.421375	1.421375	-90.0	0.167725	-0.035643	0.171471	-11.997224	11316.747687
65.0	1.0	0.0	0.0	0.0	-90.0	0.0	0.0	0.0	-76.4376	0.0	-1.424199	1.424199	-90.0	0.167017	-0.035392	0.170726	-11.964217	11315.280009
66.0	1.0	0.0	0.0	0.0	-90.0	0.0	0.0	0.0	-96.291737	0.0	-1.42027	1.42027	-90.0	0.166635	-0.03543	0.17036	-12.003666	11313.835166
67.0	1.0	0.0	0.0	0.0	-90.0	0.0	0.0	0.0	107.478226	0.0	-1.422168	1.422168	-90.0	0.166136	-0.035162	0.169816	-11.950017	11312.417149
68.0	1.0	0.0	0.0	0.0	-90.0	0.0	0.0	0.0	56.040282	0.0	-1.422679	1.422679	-90.0	0.165704	-0.034985	0.169357	-11.921754	11310.982093
69.0	1.0	0.0	0.0	0.0	-90.0	0.0	0.0	0.0	158.627867	0.0	-1.420649	1.420649	-90.0	0.165328	-0.034712	0.168933	-11.857513	11309.542441
70.0	1.0	0.0	0.0	0.0	-90.0	0.0	0.0	0.0	-31.755924	0.0	-1.421618	1.421618	-90.0	0.16516	-0.034747	0.168775	-11.88085	11308.109297
71.0	1.0	0.0	0.0	0.0	-90.0	0.0	0.0	0.0	-134.897352	0.0	-1.426718	1.426718	-90.0	0.164519	-0.03426	0.168049	-11.763436	11306.676542
72.0	1.0	0.0	0.0	0.0	-90.0	0.0	0.0	0.0	-152.905618	0.0	-1.422248	1.422248	-90.0	0.164296	-0.034358	0.167851	-11.811712	11305.236564
73.0	1.0	0.0	0.0	0.0	-90.0	0.0	0.0	0.0	72.207556	0.0	-1.421919	1.421919	-90.0	0.163909	-0.034026	0.167404	-11.727646	11303.77978
74.0	1.0	0.0	0.0	0.0	-90.0	0.0	0.0	0.0	-91.191459	0.0	-1.421955	1.421955	-90.0	0.16342	-0.033975	0.166914	-11.744639	11302.348451
75.0	1.0	0.0	0.0	0.0	-90.0	0.0	0.0	0.0	74.503517	0.0	-1.421999	1.421999	-90.0	0.163075	-0.033927	0.166567	-11.752517	11300.916719
76.0	1.0	0.0	0.0	0.0	-90.0	0.0	0.0	0.0	-177.034603	0.0	-1.421947	1.421947	-90.0	0.162646	-0.033642	0.166089	-11.68629	11299.482781
77.0	1.0	0.0	0.0	0.0	-90.0	0.0	0.0	0.0	-68.056682	0.0	-1.421948	1.421948	-90.0	0.162233	-0.033597	0.165675	-11.700246	11298.055948
78.0	1.0	0.0	0.0	0.0	-90.0	0.0	0.0	0.0	-48.913441	0.0	-1.421826	1.421826	-90.0	0.161953	-0.03346	0.165374	-11.67315	11296.598199
79.0	1.0	0.0	0.0	0.0	-90.0	0.0	0.0	0.0	-59.919166	0.0	-1.421952	1.421952	-90.0	0.161647	-0.033186	0.165018	-11.601637	11295.162384
80.0	1.0	0.0	0.0	0.0	-90.0	0.0	0.0	0.0	-93.252111	0.0	-1.422027	1.422027	-90.0	0.161349	-0.033137	0.164717	-11.605683	11293.728532
81.0	1.0	0.0	0.0	0.0	-90.0	0.0	0.0	0.0	50.628121	0.0	-1.421839	1.421839	-90.0	0.160946	-0.032939	0.164282	-11.566253	11292.283872
82.0	1.0	0.0	0.0	0.0	-90.0	0.0	0.0	0.0	90.454494	0.0	-1.421886	1.421886	-90.0	0.16065	-0.032711	0.163947	-11.509038	11290.815109
83.0	1.0	0.0	0.0	0.0	-90.0	0.0	0.0	0.0	117.686697	0.0	-1.421756	1.421756	-90.0	0.160317	-0.032553	0.163589	-11.478074	11289.368117
84.0	1.0	0.0	0.0	0.0	-90.0	0.0	0.0	0.0	-103.561337	0.0	-1.421924	1.421924	-90.0	0.159935	-0.032445	0.163193	-11.467496	11287.908643
85.0	1.0	0.0	0.0	0.0	-90.0	0.0	0.0	0.0	-147.943043	0.0	-1.421962	1.421962	-90.0	0.159675	-0.032258	0.162901	-11.421501	11286.450288
86.0	1.0	0.0	0.0	0.0	-90.0	0.0	0.0	0.0	-162.177705	0.0	-1.421878	1.421878	-90.0	0.159339	-0.032065	0.162533	-11.378082	11285.00843
87.0	1.0	0.0	0.0	0.0	-90.0	0.0	0.0	0.0	-80.987214	0.0	-1.42206	1.42206	-90.0	0.158958	-0.031966	0.16214	-11.370412	11283.577593
88.0	1.0	0.0	0.0	0.0	-90.0	0.0	0.0	0.0	-85.35707	0.0	-1.421973	1.421973	-90.0	0.158662	-0.031808	0.161819	-11.336336	11282.116838
89.0	1.0	0.0	0.0	0.0	-90.0	0.0	0.0	0.0	-116.57097	0.0	-1.42207	1.42207	-90.0	0.158426	-0.031657	0.161558	-11.300005	11280.70038
90.0	1.0	0.0	0.0	0.0	-90.0	0.0	0.0	0.0	122.490811	0.0	-1.422095	1.422095	-90.0	0.158137	-0.031521	0.161248	-11.272735	11279.296741
91.0	1.0	0.0	0.0	0.0	-90.0	0.0	0.0	0.0	-129.263828	0.0	-1.422249	1.422249	-90.0	0.157831	-0.03139	0.160922	-11.248277	11277.834398
92.0	1.0	0.0	0.0	0.0	-90.0	0.0	0.0	0.0	113.945538	0.0	-1.4224	1.4224	-90.0	0.157519	-0.031268	0.160592	-11.227444	11276.431253
93.0	1.0	0.0	0.0	0.0	-90.0	0.0	0.0	0.0	166.686888	0.0	-1.422419	1.422419	-90.0	0.157208	-0.031087	0.160252	-11.185591	11274.947329
94.0	1.0	0.0	0.0	0.0	-90.0	0.0	0.0	0.0	110.540927	0.0	-1.422423	1.422423	-90.0	0.156932	-0.03094	0.159952	-11.15301	11273.476759
95.0	1.0	0.0	0.0	0.0	-90.0	0.0	0.0	0.0	54.58477	0.0	-1.422945	1.422945	-90.0	0.156647	-0.03084	0.159654	-11.137851	11271.992146
96.0	1.0	0.0	0.0	0.0	-90.0	0.0	0.0	0.0	3.401251	0.0	-1.42303	1.42303	-90.0	0.156409	-0.030695	0.159393	-11.1031	11270.541348
97.0	1.0	0.0	0.0	0.0	-90.0	0.0	0.0	0.0	-172.39448	0.0	-1.423117	1.423117	-90.0	0.156161	-0.030467	0.159105	-11.039558	11269.123812
98.0	1.0	0.0	0.0	0.0	-90.0	0.0	0.0	0.0	7.202986	0.0	-1.423092	1.423092	-90.0	0.155902	-0.030328	0.158824	-11.008239	11267.676058
99.0	1.0	0.0	0.0	0.0	-90.0	0.0	0.0	0.0	-147.827337	0.0	-1.42416	1.42416	-90.0	0.155577	-0.030301	0.1585	-11.02145	11266.236554
100.0	1.0	0.0	0.0	0.0	-90.0	0.0	0.0	0.0	-6.638831	0.0	-1.424468	1.424468	-90.0	0.155292	-0.030073	0.158178	-10.959775	11264.790544
101.0	1.0	0.0	0.0	0.0	-90.0	0.0	0.0	0.0	-157.705294	0.0	-1.423946	1.423946	-90.0	0.155121	-0.030055	0.158005	-10.965344	11263.352845
102.0	1.0	0.0	0.0	0.0	-90.0	0.0	0.0	0.0	146.521149	0.0	-1.424701	1.424701	-90.0	0.15479	-0.029783	0.15763	-10.891074	11261.921574
103.0	1.0	0.0	0.0	0.0	-90.0	0.0	0.0	0.0	37.18091	0.0	-1.425017	1.425017	-90.0	0.154562	-0.029686	0.157387	-10.872151	11260.515401
104.0	1.0	0.0	0.0	0.0	-90.0	0.0	0.0	0.0	-32.459195	0.0	-1.424819	1.424819	-90.0	0.154404	-0.029531	0.157203	-10.827619	11259.064846
105.0	1.0	0.0	0.0	0.0	-90.0	0.0	0.0	0.0	-127.849428	0.0	-1.425131	1.425131	-90.0	0.154138	-0.029393	0.156916	-10.796352	11257.610685
106.0	1.0	0.0	0.0	0.0	-90.0	0.0	0.0	0.0	-85.216925	0.0	-1.425422	1.425422	-90.0	0.153918	-0.029317	0.156686	-10.784138	11256.150183
107.0	1.0	0.0	0.0	0.0	-90.0	0.0	0.0	0.0	30.413908	0.0	-1.426024	1.426024	-90.0	0.153664	-0.029166	0.156408	-10.747085	11254.741867
108.0	1.0	0.0	0.0	0.0	-90.0	0.0	0.0	0.0	-150.816908	0.0	-1.42619	1.42619	-90.0	0.153435	-0.029029	0.156157	-10.713551	11253.270494
109.0	1.0	0.0	0.0	0.0	-90.0	0.0	0.0	0.0	17.293117	0.0	-1.426586	1.426586	-90.0	0.15321	-0.028903	0.155913	-10.683121	11251.814762
110.0	1.0	0.0	0.0	0.0	-90.0	0.0	0.0	0.0	-147.427634	0.0	-1.427064	1.427064	-90.0	0.152982	-0.028759	0.155662	-10.646811	11250.374073
111.0	1.0	0.0	0.0	0.0	-90.0	0.0	0.0	0.0	52.341497	0.0	-1.427496	1.427496	-90.0	0.152767	-0.028619	0.155424	-10.610596	11248.940048
112.0	1.0	0.0	0.0	0.0	-90.0	0.0	0.0	0.0	15.470666	0.0	-1.427994	1.427994	-90.0	0.152504	-0.028501	0.155145	-10.585872	11247.509981
113.0	1.0	0.0	0.0	0.0	-90.0	0.0	0.0	0.0	163.633392	0.0	-1.428496	1.428496	-90.0	0.152323	-0.028405	0.154949	-10.563133	11246.071702
114.0	1.0	0.0	0.0	0.0	-90.0	0.0	0.0	0.0	-71.426975	0.0	-1.428907	1.428907	-90.0	0.152084	-0.028264	0.154688	-10.528156	11244.612064
115.0	1.0	0.0	0.0	0.0	-90.0	0.0	0.0	0.0	142.948753	0.0	-1.429457	1.429457	-90.0	0.151867	-0.028161	0.154456	-10.505285	11243.162491
116.0	1.0	0.0	0.0	0.0	-90.0	0.0	0.0	0.0	43.910077	0.0	-1.430127	1.430127	-90.0	0.151669	-0.027997	0.154232	-10.458479	11241.738767
117.0	1.0	0.0	0.0	0.0	-90.0	0.0	0.0	0.0	141.318823	0.0	-1.430766	1.430766	-90.0	0.151457	-0.027897	0.154005	-10.436434	11240.316567
118.0	1.0	0.0	0.0	0.0	-90.0	0.0	0.0	0.0	34.541537	0.0	-1.431394	1.431394	-90.0	0.151227	-0.027756	0.153753	-10.400071	11238.863038
119.0	1.0	0.0	0.0	0.0	-90.0	0.0	0.0	0.0	65.447925	0.0	-1.431901	1.431901	-90.0	0.151041	-0.02762	0.153546	-10.362958	11237.418745
120.0	1.0	0.0	0.0	0.0	-90.0	0.0	0.0	0.0	-51.741985	0.0	-1.432629	1.432629	-90.0	0.150804	-0.027536	0.153297	-10.348002	11235.988746
121.0	1.0	0.0	0.0	0.0	-90.0	0.0	0.0	0.0	-114.081984	0.0	-1.433291	1.433291	-90.0	0.150598	-0.02741	0.153072	-10.31524	11234.555295
122.0	1.0	0.0	0.0	0.0	-90.0	0.0	0.0	0.0	-160.139654	0.0	-1.434034	1.434034	-90.0	0.150437	-0.027277	0.152889	-10.277067	11233.120389
123.0	1.0	0.0	0.0	0.0	-90.0	0.0	0.0	0.0	84.946382	0.0	-1.434844	1.434844	-90.0	0.150228	-0.027158	0.152663	-10.247359	11231.667097
124.0	1.0	0.0	0.0	0.0	-90.0	0.0	0.0	0.0	118.890433	0.0	-1.435591	1.435591	-90.0	0.150029	-0.027037	0.152445	-10.21564	11230.229721
125.0	1.0	0.0	0.0	0.0	-90.0	0.0	0.0	0.0	3.897433	0.0	-1.436567	1.436567	-90.0	0.149835	-0.026897	0.15223	-10.176787	11228.805312
126.0	1.0	0.0	0.0	0.0	-90.0	0.0	0.0	0.0	167.575017	0.0	-1.437458	1.437458	-90.0	0.149649	-0.026784	0.152027	-10.147228	11227.366983
127.0	1.0	0.0	0.0	0.0	-90.0	0.0	0.0	0.0	-14.281161	0.0	-1.438315	1.438315	-90.0	0.14945	-0.026646	0.151807	-10.109137	11225.933705
128.0	1.0	0.0	0.0	0.0	-90.0	0.0	0.0	0.0	-62.981675	0.0	-1.439249	1.439249	-90.0	0.149257	-0.026552	0.1516	-10.087143	11224.477873
129.0	1.0	0.0	0.0	0.0	-90.0	0.0	0.0	0.0	-39.352915	0.0	-1.440269	1.440269	-90.0	0.149056	-0.026419	0.151379	-10.050949	11223.042047
130.0	1.0	0.0	0.0	0.0	-90.0	0.0	0.0	0.0	99.983292	0.0	-1.441235	1.441235	-90.0	0.148881	-0.0263	0.151186	-10.018046	11221.584717
131.0	1.0	0.0	0.0	0.0	-90.0	0.0	0.0	0.0	111.326711	0.0	-1.442366	1.442366	-90.0	0.14871	-0.026182	0.150997	-9.985172	11220.161292
132.0	1.0	0.0	0.0	0.0	-90.0	0.0	0.0	0.0	160.634789	0.0	-1.443554	1.443554	-90.0	0.148505	-0.026077	0.150778	-9.959391	11218.735961
133.0	1.0	0.0	0.0	0.0	-90.0	0.0	0.0	0.0	167.59507	0.0	-1.444701	1.444701	-90.0	0.148335	-0.025954	0.150589	-9.924563	11217.267965
134.0	1.0	0.0	0.0	0.0	-90.0	0.0	0.0	0.0	-176.432701	0.0	-1.445876	1.445876	-90.0	0.148127	-0.025836	0.150363	-9.893858	11215.782708
135.0	1.0	0.0	0.0	0.0	-90.0	0.0	0.0	0.0	65.702256	0.0	-1.447083	1.447083	-90.0	0.147951	-0.025724	0.150171	-9.86348	11214.320215
136.0	1.0	0.0	0.0	0.0	-90.0	0.0	0.0	0.0	-50.244261	0.0	-1.448386	1.448386	-90.0	0.14778	-0.025606	0.149982	-9.830262	11212.872572
137.0	1.0	0.0	0.0	0.0	-90.0	0.0	0.0	0.0	97.53637	0.0	-1.449691	1.449691	-90.0	0.147605	-0.025481	0.149788	-9.794378	11211.423647
138.0	1.0	0.0	0.0	0.0	-90.0	0.0	0.0	0.0	-26.054722	0.0	-1.451219	1.451219	-90.0	0.14742	-0.025381	0.149589	-9.768543	11209.991365
139.0	1.0	0.0	0.0	0.0	-90.0	0.0	0.0	0.0	44.396307	0.0	-1.452425	1.452425	-90.0	0.147247	-0.025246	0.149395	-9.729011	11208.547315
140.0	1.0	0.0	0.0	0.0	-90.0	0.0	0.0	0.0	41.937964	0.0	-1.453876	1.453876	-90.0	0.147029	-0.025149	0.149164	-9.706479	11207.134189
141.0	1.0	0.0	0.0	0.0	-90.0	0.0	0.0	0.0	119.181633	0.0	-1.455535	1.455535	-90.0	0.146937	-0.025008	0.149049	-9.658895	11205.68045
142.0	1.0	0.0	0.0	0.0	-90.0	0.0	0.0	0.0	17.272396	0.0	-1.457035	1.457035	-90.0	0.146607	-0.024879	0.148703	-9.631252	11204.230582
143.0	1.0	0.0	0.0	0.0	-90.0	0.0	0.0	0.0	22.593789	0.0	-1.458603	1.458603	-90.0	0.146621	-0.024637	0.148676	-9.538292	11202.784211
144.0	1.0	0.0	0.0	0.0	-90.0	0.0	0.0	0.0	-126.791668	0.0	-1.460406	1.460406	-90.0	0.146359	-0.02447	0.14839	-9.491713	11201.333171
145.0	1.0	0.0	0.0	0.0	-90.0	0.0	0.0	0.0	147.428607	0.0	-1.462138	1.462138	-90.0	0.146069	-0.024879	0.148172	-9.665943	11199.856613
146.0	1.0	0.0	0.0	0.0	-90.0	0.0	0.0	0.0	-81.948725	0.0	-1.463895	1.463895	-90.0	0.1461	-0.02493	0.148212	-9.683397	11198.416731
147.0	1.0	0.0	0.0	0.0	-90.0	0.0	0.0	0.0	132.396316	0.0	-1.465562	1.465562	-90.0	0.145433	-0.023745	0.147358	-9.273075	11196.971485
148.0	1.0	0.0	0.0	0.0	-90.0	0.0	0.0	0.0	-47.00019	0.0	-1.467657	1.467657	-90.0	0.145086	-0.023591	0.146991	-9.235585	11195.549092
149.0	1.0	0.0	0.0	0.0	-90.0	0.0	0.0	0.0	-100.858884	0.0	-1.469427	1.469427	-90.0	0.145776	-0.024943	0.147894	-9.70977	11194.129012
150.0	1.0	0.0	0.0	0.0	-90.0	0.0	0.0	0.0	80.783747	0.0	-1.471507	1.471507	-90.0	0.144836	-0.024815	0.146946	-9.722375	11192.67228
151.0	1.0	0.0	0.0	0.0	-90.0	0.0	0.0	0.0	165.270885	0.0	-1.473063	1.473063	-90.0	0.146004	-0.023766	0.147925	-9.245368	11191.235493
152.0	1.0	0.0	0.0	0.0	-90.0	0.0	0.0	0.0	-179.754008	0.0	-1.47518	1.47518	-90.0	0.144999	-0.024523	0.147058	-9.599284	11189.820483
153.0	1.0	0.0	0.0	0.0	-90.0	0.0	0.0	0.0	-17.499466	0.0	-1.477164	1.477164	-90.0	0.145384	-0.023688	0.147301	-9.254026	11188.387122
154.0	1.0	0.0	0.0	0.0	-90.0	0.0	0.0	0.0	-153.745151	0.0	-1.479439	1.479439	-90.0	0.144089	-0.02351	0.145994	-9.266907	11186.965692
155.0	1.0	0.0	0.0	0.0	-90.0	0.0	0.0	0.0	90.573291	0.0	-1.481558	1.481558	-90.0	0.144073	-0.023281	0.145942	-9.17912	11185.55052
156.0	1.0	0.0	0.0	0.0	-90.0	0.0	0.0	0.0	-36.665717	0.0	-1.483588	1.483588	-90.0	0.14442	-0.023126	0.14626	-9.097513	11184.083836
157.0	1.0	0.0	0.0	0.0	-90.0	0.0	0.0	0.0	-166.96564	0.0	-1.48588	1.48588	-90.0	0.144059	-0.022952	0.145876	-9.052552	11182.62304
158.0	1.0	0.0	0.0	0.0	-90.0	0.0	0.0	0.0	-31.019587	0.0	-1.488229	1.488229	-90.0	0.143754	-0.022985	0.14558	-9.084269	11181.179466
159.0	1.0	0.0	0.0	0.0	-90.0	0.0	0.0	0.0	42.570423	0.0	-1.49051	1.49051	-90.0	0.143674	-0.02278	0.145469	-9.009455	11179.7698
160.0	1.0	0.0	0.0	0.0	-90.0	0.0	0.0	0.0	159.310188	0.0	-1.492828	1.492828	-90.0	0.143458	-0.022706	0.145244	-8.993915	11178.314792
161.0	1.0	0.0	0.0	0.0	-90.0	0.0	0.0	0.0	169.875141	0.0	-1.495218	1.495218	-90.0	0.143321	-0.022542	0.145082	-8.938523	11176.868786
162.0	1.0	0.0	0.0	0.0	-90.0	0.0	0.0	0.0	-12.678641	0.0	-1.497601	1.497601	-90.0	0.143121	-0.022408	0.144865	-8.898273	11175.434796
163.0	1.0	0.0	0.0	0.0	-90.0	0.0	0.0	0.0	-75.804026	0.0	-1.500073	1.500073	-90.0	0.14294	-0.022284	0.144667	-8.860907	11173.990967
164.0	1.0	0.0	0.0	0.0	-90.0	0.0	0.0	0.0	52.330739	0.0	-1.502581	1.502581	-90.0	0.142731	-0.022159	0.144441	-8.824869	11172.547057
165.0	1.0	0.0	0.0	0.0	-90.0	0.0	0.0	0.0	-60.978404	0.0	-1.505226	1.505226	-90.0	0.142554	-0.022016	0.144244	-8.779559	11171.139106
166.0	1.0	0.0	0.0	0.0	-90.0	0.0	0.0	0.0	-17.860771	0.0	-1.507958	1.507958	-90.0	0.142364	-0.021869	0.144034	-8.733014	11169.699157
167.0	1.0	0.0	0.0	0.0	-90.0	0.0	0.0	0.0	-95.756934	0.0	-1.510653	1.510653	-90.0	0.142157	-0.021722	0.143807	-8.68758	11168.244318
168.0	1.0	0.0	0.0	0.0	-90.0	0.0	0.0	0.0	-75.210799	0.0	-1.513592	1.513592	-90.0	0.141989	-0.021582	0.14362	-8.642839	11166.805655
169.0	1.0	0.0	0.0	0.0	-90.0	0.0	0.0	0.0	-79.283759	0.0	-1.516597	1.516597	-90.0	0.141799	-0.021425	0.143408	-8.591954	11165.35155
170.0	1.0	0.0	0.0	0.0	-90.0	0.0	0.0	0.0	81.918505	0.0	-1.519798	1.519798	-90.0	0.141595	-0.021295	0.143187	-8.552931	11163.923288
171.0	1.0	0.0	0.0	0.0	-90.0	0.0	0.0	0.0	-66.453564	0.0	-1.523117	1.523117	-90.0	0.141414	-0.021154	0.142987	-8.507895	11162.436033
172.0	1.0	0.0	0.0	0.0	-90.0	0.0	0.0	0.0	129.772304	0.0	-1.526686	1.526686	-90.0	0.141233	-0.020976	0.142782	-8.447784	11161.017539
173.0	1.0	0.0	0.0	0.0	-90.0	0.0	0.0	0.0	165.753281	0.0	-1.530189	1.530189	-90.0	0.141035	-0.020823	0.142564	-8.398667	11159.59601
174.0	1.0	0.0	0.0	0.0	-90.0	0.0	0.0	0.0	-84.544324	0.0	-1.533786	1.533786	-90.0	0.140835	-0.020693	0.142348	-8.358861	11158.120304
175.0	1.0	0.0	0.0	0.0	-90.0	0.0	0.0	0.0	-17.378874	0.0	-1.537671	1.537671	-90.0	0.14067	-0.020529	0.14216	-8.302922	11156.687662
176.0	1.0	0.0	0.0	0.0	-90.0	0.0	0.0	0.0	-88.775209	0.0	-1.54175	1.54175	-90.0	0.140466	-0.02037	0.141935	-8.251555	11155.236631
177.0	1.0	0.0	0.0	0.0	-90.0	0.0	0.0	0.0	-150.31693	0.0	-1.545886	1.545886	-90.0	0.140267	-0.020198	0.141714	-8.194033	11153.825845
178.0	1.0	0.0	0.0	0.0	-90.0	0.0	0.0	0.0	6.125538	0.0	-1.550127	1.550127	-90.0	0.140075	-0.020038	0.141501	-8.140999	11152.401383
179.0	1.0	0.0	0.0	0.0	-90.0	0.0	0.0	0.0	22.544616	0.0	-1.554898	1.554898	-90.0	0.139846	-0.019859	0.14125	-8.082483	11150.965356
180.0	1.0	0.0	0.0	0.0	-90.0	0.0	0.0	0.0	77.084311	0.0	-1.559814	1.559814	-90.0	0.139669	-0.019675	0.141048	-8.018592	11149.5443
181.0	1.0	0.0	0.0	0.0	-90.0	0.0	0.0	0.0	-156.552419	0.0	-1.564827	1.564827	-90.0	0.139462	-0.019513	0.14082	-7.964787	11148.081357
182.0	1.0	0.0	0.0	0.0	-90.0	0.0	0.0	0.0	1.791251	0.0	-1.570297	1.570297	-90.0	0.139233	-0.019329	0.140569	-7.903401	11146.652473
183.0	1.0	0.0	0.0	0.0	-90.0	0.0	0.0	0.0	166.245142	0.0	-1.576077	1.576077	-90.0	0.139024	-0.019141	0.140335	-7.839416	11145.188993
184.0	1.0	0.0	0.0	0.0	-90.0	0.0	0.0	0.0	-82.790823	0.0	-1.582013	1.582013	-90.0	0.138808	-0.018949	0.140096	-7.77335	11143.73028
185.0	1.0	0.0	0.0	0.0	-90.0	0.0	0.0	0.0	-30.552148	0.0	-1.588151	1.588151	-90.0	0.1386	-0.01876	0.139863	-7.708426	11142.304768
186.0	1.0	0.0	0.0	0.0	-90.0	0.0	0.0	0.0	-76.867971	0.0	-1.594673	1.594673	-90.0	0.138365	-0.018554	0.139604	-7.637442	11140.847265
187.0	1.0	0.0	0.0	0.0	-90.0	0.0	0.0	0.0	-112.937299	0.0	-1.601506	1.601506	-90.0	0.138135	-0.018319	0.139344	-7.55443	11139.402792
188.0	1.0	0.0	0.0	0.0	-90.0	0.0	0.0	0.0	53.523357	0.0	-1.608512	1.608512	-90.0	0.137879	-0.018096	0.139062	-7.477218	11137.98278
189.0	1.0	0.0	0.0	0.0	-90.0	0.0	0.0	0.0	89.290141	0.0	-1.615879	1.615879	-90.0	0.137619	-0.017863	0.138774	-7.39545	11136.521568
190.0	1.0	0.0	0.0	0.0	-90.0	0.0	0.0	0.0	167.074746	0.0	-1.624058	1.624058	-90.0	0.137366	-0.01757	0.138485	-7.288972	11135.025302
191.0	1.0	0.0	0.0	0.0	-90.0	0.0	0.0	0.0	70.428185	0.0	-1.632172	1.632172	-90.0	0.137097	-0.017316	0.138186	-7.198783	11133.567237
192.0	1.0	0.0	0.0	0.0	-90.0	0.0	0.0	0.0	-75.720234	0.0	-1.640464	1.640464	-90.0	0.136781	-0.017008	0.137835	-7.087969	11132.126347
193.0	1.0	0.0	0.0	0.0	-90.0	0.0	0.0	0.0	6.36381	0.0	-1.648656	1.648656	-90.0	0.1365	-0.01671	0.137519	-6.979394	11130.680349
194.0	1.0	0.0	0.0	0.0	-90.0	0.0	0.0	0.0	108.861217	0.0	-1.657928	1.657928	-90.0	0.136183	-0.016335	0.137159	-6.839798	11129.234556
195.0	1.0	0.0	0.0	0.0	-90.0	0.0	0.0	0.0	36.174731	0.0	-1.667659	1.667659	-90.0	0.135871	-0.015979	0.136808	-6.707197	11127.824445
196.0	1.0	0.0	0.0	0.0	-90.0	0.0	0.0	0.0	-179.405789	0.0	-1.675677	1.675677	-90.0	0.135497	-0.015529	0.136384	-6.537925	11126.391638
197.0	1.0	0.0	0.0	0.0	-90.0	0.0	0.0	0.0	-82.803738	0.0	-1.68348	1.68348	-90.0	0.135013	-0.015119	0.135857	-6.389619	11124.934713
198.0	1.0	0.0	0.0	0.0	-90.0	0.0	0.0	0.0	164.3644	0.0	-1.685563	1.685563	-90.0	0.134562	-0.01463	0.135355	-6.205173	11123.504295
199.0	1.0	0.0	0.0	0.0	-90.0	0.0	0.0	0.0	77.992803	0.0	-1.695391	1.695391	-90.0	0.134137	-0.013809	0.134846	-5.877888	11122.105629
200.0	1.0	0.0	0.0	0.0	-90.0	0.0	0.0	0.0	-47.098765	0.0	-1.5584145	1.5584145	-90.0	0.139763	-0.018945999999999998	0.1411265	-7.622714500000001	8709.395169
250.0	1.0	0.0	0.0	0.0	-90.0	0.0	0.0	0.0	140.435911	0.0	-1.427431	1.427431	-90.0	0.142728	-0.023715	0.144685	-9.433834	6296.644025
300.0	1.0	0.0	0.0	0.0	-90.0	0.0	0.0	0.0	-23.11336	0.0	-1.426679	1.426679	-90.0	0.140619	-0.02105	0.142186	-8.51359	6295.219236
350.0	1.0	0.0	0.0	0.0	-90.0	0.0	0.0	0.0	-43.716963	0.0	-1.426112	1.426112	-90.0	0.139298	-0.01933	0.140633	-7.900224	6293.791319
400.0	1.0	0.0	0.0	0.0	-90.0	0.0	0.0	0.0	171.158092	0.0	-1.425856	1.425856	-90.0	0.137299	-0.018843	0.138585	-7.814456	6292.363007
450.0	1.0	0.0	0.0	0.0	-90.0	0.0	0.0	0.0	62.591051	0.0	-1.42737	1.42737	-90.0	0.136152	-0.017613	0.137286	-7.371216	6290.936657
500.0	1.0	0.0	0.0	0.0	-90.0	0.0	0.0	0.0	-128.065796	0.0	-1.425277	1.425277	-90.0	0.135043	-0.017234	0.136138	-7.272716	6289.495102
550.0	1.0	0.0	0.0	0.0	-90.0	0.0	0.0	0.0	-158.51528	0.0	-1.424972	1.424972	-90.0	0.134037	-0.016649	0.135067	-7.080692	6288.043274
600.0	1.0	0.0	0.0	0.0	-90.0	0.0	0.0	0.0	84.980506	0.0	-1.425107	1.425107	-90.0	0.133268	-0.016099	0.134237	-6.888075	6286.596514
650.0	1.0	0.0	0.0	0.0	-90.0	0.0	0.0	0.0	35.523236	0.0	-1.424766	1.424766	-90.0	0.13249	-0.015522	0.133396	-6.68223	6285.139032
700.0	1.0	0.0	0.0	0.0	-90.0	0.0	0.0	0.0	-74.921835	0.0	-1.425385	1.425385	-90.0	0.131964	-0.01521	0.132838	-6.574963	6283.681402
750.0	1.0	0.0	0.0	0.0	-90.0	0.0	0.0	0.0	-36.510567	0.0	-1.424443	1.424443	-90.0	0.131538	-0.014841	0.132372	-6.437474	6282.222538
800.0	1.0	0.0	0.0	0.0	-90.0	0.0	0.0	0.0	-93.538573	0.0	-1.424554	1.424554	-90.0	0.130836	-0.014408	0.131627	-6.284308	6280.774779
850.0	1.0	0.0	0.0	0.0	-90.0	0.0	0.0	0.0	-139.765387	0.0	-1.424511	1.424511	-90.0	0.130408	-0.014003	0.131158	-6.128976	6279.330398
900.0	1.0	0.0	0.0	0.0	-90.0	0.0	0.0	0.0	83.383078	0.0	-1.42435	1.42435	-90.0	0.129946	-0.013814	0.130678	-6.068113	6277.906338
950.0	1.0	0.0	0.0	0.0	-90.0	0.0	0.0	0.0	29.032449	0.0	-1.424166	1.424166	-90.0	0.129515	-0.013485	0.130215	-5.944383	6276.460406
1000.0	1.0	0.0	0.0	0.0	-90.0	0.0	0.0	0.0	-122.945749	0.0	-1.42404	1.42404	-90.0	0.129176	-0.013261	0.129855	-5.861344	6275.003
1050.0	1.0	0.0	0.0	0.0	-90.0	0.0	0.0	0.0	102.653427	0.0	-1.424002	1.424002	-90.0	0.128803	-0.012959	0.129453	-5.745426	6273.527228
1100.0	1.0	0.0	0.0	0.0	-90.0	0.0	0.0	0.0	60.679692	0.0	-1.423726	1.423726	-90.0	0.128447	-0.012797	0.129083	-5.689395	6272.056303
1150.0	1.0	0.0	0.0	0.0	-90.0	0.0	0.0	0.0	-148.762892	0.0	-1.423788	1.423788	-90.0	0.128137	-0.012626	0.128757	-5.627396	6270.622092
1200.0	1.0	0.0	0.0	0.0	-90.0	0.0	0.0	0.0	58.449574	0.0	-1.42357	1.42357	-90.0	0.127857	-0.01235	0.128452	-5.517144	6269.162746
1250.0	1.0	0.0	0.0	0.0	-90.0	0.0	0.0	0.0	-101.04796	0.0	-1.423405	1.423405	-90.0	0.127558	-0.012214	0.128141	-5.46958	6267.7375
1300.0	1.0	0.0	0.0	0.0	-90.0	0.0	0.0	0.0	-14.326536	0.0	-1.423385	1.423385	-90.0	0.127308	-0.012004	0.127873	-5.386588	6266.293953
1350.0	1.0	0.0	0.0	0.0	-90.0	0.0	0.0	0.0	0.498718	0.0	-1.424248	1.424248	-90.0	0.127057	-0.011839	0.127607	-5.323571	6264.821939
1400.0	1.0	0.0	0.0	0.0	-90.0	0.0	0.0	0.0	-21.593589	0.0	-1.423762	1.423762	-90.0	0.126816	-0.011714	0.127356	-5.277545	6263.375385
1450.0	1.0	0.0	0.0	0.0	-90.0	0.0	0.0	0.0	-8.936698	0.0	-1.423756	1.423756	-90.0	0.126606	-0.011543	0.127131	-5.209329	6261.928937
1500.0	1.0	0.0	0.0	0.0	-90.0	0.0	0.0	0.0	112.785324	0.0	-1.423735	1.423735	-90.0	0.126354	-0.011426	0.12687	-5.16724	6260.448213
1550.0	1.0	0.0	0.0	0.0	-90.0	0.0	0.0	0.0	-87.394857	0.0	-1.423785	1.423785	-90.0	0.126219	-0.011301	0.126724	-5.11614	6259.004096
1600.0	1.0	0.0	0.0	0.0	-90.0	0.0	0.0	0.0	74.320017	0.0	-1.423703	1.423703	-90.0	0.125979	-0.011163	0.126472	-5.063974	6257.552323
1650.0	1.0	0.0	0.0	0.0	-90.0	0.0	0.0	0.0	98.484108	0.0	-1.4239	1.4239	-90.0	0.125748	-0.011036	0.126232	-5.015586	6256.091573
1700.0	1.0	0.0	0.0	0.0	-90.0	0.0	0.0	0.0	-80.696985	0.0	-1.424192	1.424192	-90.0	0.125603	-0.010956	0.12608	-4.985289	6254.629818
1750.0	1.0	0.0	0.0	0.0	-90.0	0.0	0.0	0.0	-128.420672	0.0	-1.424446	1.424446	-90.0	0.125429	-0.010829	0.125896	-4.934348	6253.191539
1800.0	1.0	0.0	0.0	0.0	-90.0	0.0	0.0	0.0	179.920486	0.0	-1.42353	1.42353	-90.0	0.125259	-0.010733	0.125718	-4.897698	6251.740271
1850.0	1.0	0.0	0.0	0.0	-90.0	0.0	0.0	0.0	-28.68598	0.0	-1.422575	1.422575	-90.0	0.125075	-0.010636	0.125526	-4.860759	6250.276823
1900.0	1.0	0.0	0.0	0.0	-90.0	0.0	0.0	0.0	32.545161	0.0	-1.423222	1.423222	-90.0	0.124914	-0.010519	0.125356	-4.813508	6248.794475
1950.0	1.0	0.0	0.0	0.0	-90.0	0.0	0.0	0.0	91.790606	0.0	-1.423832	1.423832	-90.0	0.124758	-0.01045	0.125195	-4.788026	6247.353198
2000.0	1.0	0.0	0.0	0.0	-90.0	0.0	0.0	0.0	-26.412104	0.0	-1.424358	1.424358	-90.0	0.124618	-0.010349	0.125047	-4.747233	6245.884752
2050.0	1.0	0.0	0.0	0.0	-90.0	0.0	0.0	0.0	58.227428	0.0	-1.425203	1.425203	-90.0	0.124462	-0.010256	0.124883	-4.710654	6244.451592
2100.0	1.0	0.0	0.0	0.0	-90.0	0.0	0.0	0.0	-72.251016	0.0	-1.425688	1.425688	-90.0	0.124319	-0.010186	0.124735	-4.683938	6243.026618
2150.0	1.0	0.0	0.0	0.0	-90.0	0.0	0.0	0.0	39.940126	0.0	-1.426456	1.426456	-90.0	0.124182	-0.010119	0.124594	-4.658659	6241.58204
2200.0	1.0	0.0	0.0	0.0	-90.0	0.0	0.0	0.0	-34.713846	0.0	-1.42737	1.42737	-90.0	0.124044	-0.010034	0.124449	-4.62475	6240.133043
2250.0	1.0	0.0	0.0	0.0	-90.0	0.0	0.0	0.0	-133.554414	0.0	-1.428141	1.428141	-90.0	0.123906	-0.00998	0.124308	-4.605144	6238.683846
2300.0	1.0	0.0	0.0	0.0	-90.0	0.0	0.0	0.0	-143.760333	0.0	-1.428909	1.428909	-90.0	0.123777	-0.009898	0.124172	-4.572125	6237.217927
2350.0	1.0	0.0	0.0	0.0	-90.0	0.0	0.0	0.0	-65.151414	0.0	-1.43004	1.43004	-90.0	0.123646	-0.009839	0.124037	-4.549799	6235.713211
2400.0	1.0	0.0	0.0	0.0	-90.0	0.0	0.0	0.0	75.910858	0.0	-1.431051	1.431051	-90.0	0.123534	-0.009771	0.12392	-4.522278	6234.27946
2450.0	1.0	0.0	0.0	0.0	-90.0	0.0	0.0	0.0	-157.111487	0.0	-1.432201	1.432201	-90.0	0.123418	-0.009708	0.123799	-4.497788	6232.836227
2500.0	1.0	0.0	0.0	0.0	-90.0	0.0	0.0	0.0	-152.36462	0.0	-1.433741	1.433741	-90.0	0.123299	-0.009651	0.123676	-4.475577	6231.291099
2550.0	1.0	0.0	0.0	0.0	-90.0	0.0	0.0	0.0	-51.829457	0.0	-1.43536	1.43536	-90.0	0.123187	-0.009594	0.12356	-4.453495	6229.828201
2600.0	1.0	0.0	0.0	0.0	-90.0	0.0	0.0	0.0	-171.782522	0.0	-1.436588	1.436588	-90.0	0.123072	-0.009537	0.123441	-4.430987	6228.384189
2650.0	1.0	0.0	0.0	0.0	-90.0	0.0	0.0	0.0	-94.138287	0.0	-1.437811	1.437811	-90.0	0.122954	-0.009485	0.123319	-4.410995	6226.942976
2700.0	1.0	0.0	0.0	0.0	-90.0	0.0	0.0	0.0	-10.248842	0.0	-1.439273	1.439273	-90.0	0.122854	-0.009429	0.123215	-4.388916	6225.500078
2750.0	1.0	0.0	0.0	0.0	-90.0	0.0	0.0	0.0	70.394882	0.0	-1.44078	1.44078	-90.0	0.122756	-0.009384	0.123114	-4.371213	6224.064599
2800.0	1.0	0.0	0.0	0.0	-90.0	0.0	0.0	0.0	2.889108	0.0	-1.442412	1.442412	-90.0	0.122639	-0.009329	0.122994	-4.349946	6222.631295
2850.0	1.0	0.0	0.0	0.0	-90.0	0.0	0.0	0.0	3.061368	0.0	-1.441386	1.441386	-90.0	0.122539	-0.009285	0.12289	-4.332998	6221.183881
2900.0	1.0	0.0	0.0	0.0	-90.0	0.0	0.0	0.0	25.262532	0.0	-1.445964	1.445964	-90.0	0.12244	-0.009238	0.122788	-4.314903	6219.744942
2950.0	1.0	0.0	0.0	0.0	-90.0	0.0	0.0	0.0	7.252537	0.0	-1.447729	1.447729	-90.0	0.122346	-0.009186	0.122691	-4.293699	6218.299577
3000.0	1.0	0.0	0.0	0.0	-90.0	0.0	0.0	0.0	70.979839	0.0	-1.449713	1.449713	-90.0	0.122261	-0.009146	0.122603	-4.278139	6216.863235
3050.0	1.0	0.0	0.0	0.0	-90.0	0.0	0.0	0.0	-33.535938	0.0	-1.4514	1.4514	-90.0	0.122152	-0.0091	0.122491	-4.260597	6215.405983
3100.0	1.0	0.0	0.0	0.0	-90.0	0.0	0.0	0.0	-137.781916	0.0	-1.453297	1.453297	-90.0	0.12207	-0.009054	0.122405	-4.242004	6213.968276
3150.0	1.0	0.0	0.0	0.0	-90.0	0.0	0.0	0.0	-44.009854	0.0	-1.455479	1.455479	-90.0	0.121979	-0.009001	0.122311	-4.220302	6212.505127
3200.0	1.0	0.0	0.0	0.0	-90.0	0.0	0.0	0.0	114.499373	0.0	-1.45607	1.45607	-90.0	0.121886	-0.008965	0.122215	-4.206471	6211.071293
3250.0	1.0	0.0	0.0	0.0	-90.0	0.0	0.0	0.0	31.54656	0.0	-1.459605	1.459605	-90.0	0.121793	-0.008919	0.122119	-4.188386	6209.623584
3300.0	1.0	0.0	0.0	0.0	-90.0	0.0	0.0	0.0	22.902047	0.0	-1.461555	1.461555	-90.0	0.121706	-0.008878	0.122029	-4.172337	6208.140595
3350.0	1.0	0.0	0.0	0.0	-90.0	0.0	0.0	0.0	71.604589	0.0	-1.463696	1.463696	-90.0	0.12162	-0.008834	0.121941	-4.15441	6206.676188
3400.0	1.0	0.0	0.0	0.0	-90.0	0.0	0.0	0.0	162.984098	0.0	-1.466004	1.466004	-90.0	0.121535	-0.008789	0.121853	-4.136116	6205.235786
3450.0	1.0	0.0	0.0	0.0	-90.0	0.0	0.0	0.0	-137.872091	0.0	-1.468464	1.468464	-90.0	0.121459	-0.008748	0.121774	-4.119729	6203.803121
3500.0	1.0	0.0	0.0	0.0	-90.0	0.0	0.0	0.0	92.19426	0.0	-1.47066	1.47066	-90.0	0.121364	-0.008708	0.121676	-4.103911	6202.344625
3550.0	1.0	0.0	0.0	0.0	-90.0	0.0	0.0	0.0	64.264164	0.0	-1.472912	1.472912	-90.0	0.121299	-0.008671	0.121608	-4.08897	6200.899874
3600.0	1.0	0.0	0.0	0.0	-90.0	0.0	0.0	0.0	-125.81847	0.0	-1.475451	1.475451	-90.0	0.121203	-0.008629	0.12151	-4.072068	6199.440205
3650.0	1.0	0.0	0.0	0.0	-90.0	0.0	0.0	0.0	-5.808054	0.0	-1.478259	1.478259	-90.0	0.121128	-0.008587	0.121432	-4.054924	6198.003198
3700.0	1.0	0.0	0.0	0.0	-90.0	0.0	0.0	0.0	155.095648	0.0	-1.481121	1.481121	-90.0	0.121037	-0.008553	0.121339	-4.041993	6196.546821
3750.0	1.0	0.0	0.0	0.0	-90.0	0.0	0.0	0.0	125.678506	0.0	-1.483633	1.483633	-90.0	0.120957	-0.008506	0.121255	-4.022456	6195.100939
3800.0	1.0	0.0	0.0	0.0	-90.0	0.0	0.0	0.0	78.618684	0.0	-1.486326	1.486326	-90.0	0.120875	-0.008467	0.121171	-4.006802	6193.687152
3850.0	1.0	0.0	0.0	0.0	-90.0	0.0	0.0	0.0	106.176603	0.0	-1.489371	1.489371	-90.0	0.120801	-0.008424	0.121094	-3.988974	6192.223496
3900.0	1.0	0.0	0.0	0.0	-90.0	0.0	0.0	0.0	130.107516	0.0	-1.492023	1.492023	-90.0	0.12072	-0.008385	0.121011	-3.973213	6190.775086
3950.0	1.0	0.0	0.0	0.0	-90.0	0.0	0.0	0.0	-147.762744	0.0	-1.495102	1.495102	-90.0	0.120635	-0.008339	0.120923	-3.954534	6189.305455
4000.0	1.0	0.0	0.0	0.0	-90.0	0.0	0.0	0.0	-24.847391	0.0	-1.498426	1.498426	-90.0	0.120557	-0.008301	0.120842	-3.938862	6187.818509
4050.0	1.0	0.0	0.0	0.0	-90.0	0.0	0.0	0.0	70.724928	0.0	-1.50195	1.50195	-90.0	0.120483	-0.008255	0.120766	-3.919666	6186.373999
4100.0	1.0	0.0	0.0	0.0	-90.0	0.0	0.0	0.0	-71.589333	0.0	-1.50536	1.50536	-90.0	0.120404	-0.008217	0.120684	-3.903967	6184.944265
4150.0	1.0	0.0	0.0	0.0	-90.0	0.0	0.0	0.0	-102.44355	0.0	-1.508864	1.508864	-90.0	0.120333	-0.00817	0.12061	-3.884174	6183.517584
4200.0	1.0	0.0	0.0	0.0	-90.0	0.0	0.0	0.0	69.824367	0.0	-1.512638	1.512638	-90.0	0.120254	-0.008129	0.120529	-3.867448	6182.065146
4250.0	1.0	0.0	0.0	0.0	-90.0	0.0	0.0	0.0	67.961032	0.0	-1.516801	1.516801	-90.0	0.120177	-0.008089	0.120449	-3.850634	6180.626595
4300.0	1.0	0.0	0.0	0.0	-90.0	0.0	0.0	0.0	59.008604	0.0	-1.52091	1.52091	-90.0	0.1201	-0.008042	0.120369	-3.830628	6179.188063
4350.0	1.0	0.0	0.0	0.0	-90.0	0.0	0.0	0.0	175.360487	0.0	-1.525467	1.525467	-90.0	0.120028	-0.007995	0.120294	-3.810931	6177.699637
4400.0	1.0	0.0	0.0	0.0	-90.0	0.0	0.0	0.0	-30.807089	0.0	-1.53036	1.53036	-90.0	0.119953	-0.00795	0.120216	-3.791751	6176.250019
4450.0	1.0	0.0	0.0	0.0	-90.0	0.0	0.0	0.0	37.073176	0.0	-1.535406	1.535406	-90.0	0.119876	-0.007903	0.120136	-3.771728	6174.793045
4500.0	1.0	0.0	0.0	0.0	-90.0	0.0	0.0	0.0	24.878023	0.0	-1.540581	1.540581	-90.0	0.119794	-0.007852	0.120051	-3.750126	6173.345272
4550.0	1.0	0.0	0.0	0.0	-90.0	0.0	0.0	0.0	-15.500925	0.0	-1.546144	1.546144	-90.0	0.119715	-0.0078	0.119969	-3.727649	6171.922354
4600.0	1.0	0.0	0.0	0.0	-90.0	0.0	0.0	0.0	-44.172383	0.0	-1.5522	1.5522	-90.0	0.119634	-0.007746	0.119884	-3.704646	6170.427723
4650.0	1.0	0.0	0.0	0.0	-90.0	0.0	0.0	0.0	-158.781247	0.0	-1.557922	1.557922	-90.0	0.119552	-0.007693	0.1198	-3.681803	6168.988107
4700.0	1.0	0.0	0.0	0.0	-90.0	0.0	0.0	0.0	-4.262885	0.0	-1.564128	1.564128	-90.0	0.119469	-0.007632	0.119713	-3.655402	6167.55011
4750.0	1.0	0.0	0.0	0.0	-90.0	0.0	0.0	0.0	68.340795	0.0	-1.571286	1.571286	-90.0	0.119384	-0.00757	0.119624	-3.628208	6166.108543
4800.0	1.0	0.0	0.0	0.0	-90.0	0.0	0.0	0.0	15.317659	0.0	-1.575936	1.575936	-90.0	0.119298	-0.007504	0.119534	-3.599124	6164.673027
4850.0	1.0	0.0	0.0	0.0	-90.0	0.0	0.0	0.0	61.457354	0.0	-1.583779	1.583779	-90.0	0.119204	-0.007424	0.119435	-3.563927	6163.225113
4900.0	1.0	0.0	0.0	0.0	-90.0	0.0	0.0	0.0	93.697414	0.0	-1.586747	1.586747	-90.0	0.11911	-0.007344	0.119336	-3.52843	6161.767068
4950.0	1.0	0.0	0.0	0.0	-90.0	0.0	0.0	0.0	-21.81496	0.0	-1.58922	1.58922	-90.0	0.119002	-0.007255	0.119223	-3.488801	6160.364285
5000.0	1.0	0.0	0.0	0.0	-90.0	0.0	0.0	0.0	-52.155959	0.0	-1.4940825000000002	1.4940825000000002	-90.0	0.119441	-0.0077535	0.11969350000000001	-3.712835	5955.540019
10000.0	1.0	0.0	0.0	0.0	-90.0	0.0	0.0	0.0	-143.491628	0.0	-1.406615	1.406615	-90.0	0.116986	-0.008315	0.117281	-4.065355	5750.676942
15000.0	1.0	0.0	0.0	0.0	-90.0	0.0	0.0	0.0	-53.285642	0.0	-1.406795	1.406795	-90.0	0.115202	-0.008657	0.115527	-4.297591	5749.234642
20000.0	1.0	0.0	0.0	0.0	-90.0	0.0	0.0	0.0	41.919438	0.0	-1.407005	1.407005	-90.0	0.113902	-0.00907	0.114263	-4.552726	5747.778336
25000.0	1.0	0.0	0.0	0.0	-90.0	0.0	0.0	0.0	80.873625	0.0	-1.407206	1.407206	-90.0	0.112865	-0.009518	0.113266	-4.820172	5746.342396
30000.0	1.0	0.0	0.0	0.0	-90.0	0.0	0.0	0.0	25.460541	0.0	-1.407399	1.407399	-90.0	0.111999	-0.009959	0.112441	-5.081373	5744.874013
35000.0	1.0	0.0	0.0	0.0	-90.0	0.0	0.0	0.0	-15.392239	0.0	-1.407765	1.407765	-90.0	0.111247	-0.010402	0.111733	-5.341807	5743.43555
40000.0	1.0	0.0	0.0	0.0	-90.0	0.0	0.0	0.0	-33.179676	0.0	-1.408074	1.408074	-90.0	0.110582	-0.010843	0.111112	-5.600222	5741.974984
45000.0	1.0	0.0	0.0	0.0	-90.0	0.0	0.0	0.0	-41.16121	0.0	-1.408551	1.408551	-90.0	0.109981	-0.011278	0.110558	-5.854787	5740.539765
50000.0	1.0	0.0	0.0	0.0	-90.0	0.0	0.0	0.0	-91.016339	0.0	-1.409044	1.409044	-90.0	0.109438	-0.011707	0.110062	-6.10574	5739.137017
55000.0	1.0	0.0	0.0	0.0	-90.0	0.0	0.0	0.0	22.382373	0.0	-1.409566	1.409566	-90.0	0.108933	-0.012134	0.109606	-6.356136	5737.681196
60000.0	1.0	0.0	0.0	0.0	-90.0	0.0	0.0	0.0	-79.174635	0.0	-1.410082	1.410082	-90.0	0.108465	-0.012557	0.109189	-6.603578	5736.214015
65000.0	1.0	0.0	0.0	0.0	-90.0	0.0	0.0	0.0	-100.018489	0.0	-1.410595	1.410595	-90.0	0.108026	-0.012976	0.108803	-6.849613	5734.759265
70000.0	1.0	0.0	0.0	0.0	-90.0	0.0	0.0	0.0	141.136937	0.0	-1.411172	1.411172	-90.0	0.107611	-0.013393	0.108441	-7.09452	5733.315431
75000.0	1.0	0.0	0.0	0.0	-90.0	0.0	0.0	0.0	141.527538	0.0	-1.411772	1.411772	-90.0	0.107217	-0.013803	0.108102	-7.336102	5731.833415
80000.0	1.0	0.0	0.0	0.0	-90.0	0.0	0.0	0.0	-75.764576	0.0	-1.412421	1.412421	-90.0	0.106846	-0.014216	0.107788	-7.578692	5730.392096
85000.0	1.0	0.0	0.0	0.0	-90.0	0.0	0.0	0.0	-124.640504	0.0	-1.413185	1.413185	-90.0	0.106482	-0.014624	0.107481	-7.820226	5728.931306
90000.0	1.0	0.0	0.0	0.0	-90.0	0.0	0.0	0.0	-131.380172	0.0	-1.413838	1.413838	-90.0	0.106131	-0.015029	0.10719	-8.059904	5727.481668
95000.0	1.0	0.0	0.0	0.0	-90.0	0.0	0.0	0.0	-34.35483	0.0	-1.414515	1.414515	-90.0	0.1058	-0.015431	0.106919	-8.298174	5726.033975
100000.0	1.0	0.0	0.0	0.0	-90.0	0.0	0.0	0.0	-121.083286	0.0	-1.415485	1.415485	-90.0	0.105481	-0.015832	0.106662	-8.535891	5724.570073
105000.0	1.0	0.0	0.0	0.0	-90.0	0.0	0.0	0.0	-145.161162	0.0	-1.416213	1.416213	-90.0	0.105165	-0.016228	0.106409	-8.772329	5723.127261
110000.0	1.0	0.0	0.0	0.0	-90.0	0.0	0.0	0.0	133.287163	0.0	-1.417188	1.417188	-90.0	0.104858	-0.016623	0.106167	-9.008098	5721.663154
115000.0	1.0	0.0	0.0	0.0	-90.0	0.0	0.0	0.0	-64.676339	0.0	-1.418087	1.418087	-90.0	0.10456	-0.017016	0.105935	-9.24298	5720.227898
120000.0	1.0	0.0	0.0	0.0	-90.0	0.0	0.0	0.0	-131.7629	0.0	-1.419221	1.419221	-90.0	0.10427	-0.017409	0.105714	-9.47891	5718.748207
125000.0	1.0	0.0	0.0	0.0	-90.0	0.0	0.0	0.0	-131.069165	0.0	-1.420083	1.420083	-90.0	0.10399	-0.017789	0.105501	-9.707345	5717.304009
130000.0	1.0	0.0	0.0	0.0	-90.0	0.0	0.0	0.0	-166.170405	0.0	-1.42156	1.42156	-90.0	0.10371	-0.018181	0.105292	-9.943297	5715.850699
135000.0	1.0	0.0	0.0	0.0	-90.0	0.0	0.0	0.0	142.528045	0.0	-1.423247	1.423247	-90.0	0.103433	-0.018567	0.105086	-10.176647	5714.411571
140000.0	1.0	0.0	0.0	0.0	-90.0	0.0	0.0	0.0	-123.749965	0.0	-1.422081	1.422081	-90.0	0.103169	-0.01895	0.104895	-10.408267	5712.91692
145000.0	1.0	0.0	0.0	0.0	-90.0	0.0	0.0	0.0	29.64219	0.0	-1.426353	1.426353	-90.0	0.1029	-0.01933	0.1047	-10.639029	5711.473438
150000.0	1.0	0.0	0.0	0.0	-90.0	0.0	0.0	0.0	41.806862	0.0	-1.425967	1.425967	-90.0	0.102644	-0.019705	0.104518	-10.866859	5710.050818
155000.0	1.0	0.0	0.0	0.0	-90.0	0.0	0.0	0.0	-161.123133	0.0	-1.427133	1.427133	-90.0	0.102385	-0.020086	0.104337	-11.099579	5708.600646
160000.0	1.0	0.0	0.0	0.0	-90.0	0.0	0.0	0.0	-169.0633	0.0	-1.428183	1.428183	-90.0	0.102137	-0.020462	0.104167	-11.3288	5707.156486
165000.0	1.0	0.0	0.0	0.0	-90.0	0.0	0.0	0.0	-149.078295	0.0	-1.429401	1.429401	-90.0	0.101886	-0.020835	0.103995	-11.557336	5705.721445
170000.0	1.0	0.0	0.0	0.0	-90.0	0.0	0.0	0.0	-171.381778	0.0	-1.430866	1.430866	-90.0	0.101637	-0.02121	0.103827	-11.787354	5704.267885
175000.0	1.0	0.0	0.0	0.0	-90.0	0.0	0.0	0.0	-148.170376	0.0	-1.434329	1.434329	-90.0	0.101392	-0.02158	0.103663	-12.015141	5702.779105
180000.0	1.0	0.0	0.0	0.0	-90.0	0.0	0.0	0.0	-169.189897	0.0	-1.435394	1.435394	-90.0	0.101147	-0.021948	0.103501	-12.242593	5701.346626
185000.0	1.0	0.0	0.0	0.0	-90.0	0.0	0.0	0.0	-100.369412	0.0	-1.436876	1.436876	-90.0	0.100906	-0.022317	0.103344	-12.471447	5699.905624
190000.0	1.0	0.0	0.0	0.0	-90.0	0.0	0.0	0.0	173.051801	0.0	-1.438787	1.438787	-90.0	0.100671	-0.022684	0.103195	-12.6985	5698.445946
195000.0	1.0	0.0	0.0	0.0	-90.0	0.0	0.0	0.0	123.88695	0.0	-1.440611	1.440611	-90.0	0.100431	-0.023048	0.103041	-12.925086	5696.995556
200000.0	1.0	0.0	0.0	0.0	-90.0	0.0	0.0	0.0	-62.450298	0.0	-1.442482	1.442482	-90.0	0.100194	-0.023411	0.102893	-13.151426	5695.542385
205000.0	1.0	0.0	0.0	0.0	-90.0	0.0	0.0	0.0	-159.122575	0.0	-1.444367	1.444367	-90.0	0.099957	-0.023773	0.102745	-13.377999	5694.077678
210000.0	1.0	0.0	0.0	0.0	-90.0	0.0	0.0	0.0	-151.57943	0.0	-1.446632	1.446632	-90.0	0.09973	-0.024135	0.102609	-13.604232	5692.636716
215000.0	1.0	0.0	0.0	0.0	-90.0	0.0	0.0	0.0	175.204731	0.0	-1.448769	1.448769	-90.0	0.099498	-0.024494	0.102469	-13.829936	5691.201106
220000.0	1.0	0.0	0.0	0.0	-90.0	0.0	0.0	0.0	-104.08317	0.0	-1.450826	1.450826	-90.0	0.099263	-0.024852	0.102327	-14.055849	5689.739795
225000.0	1.0	0.0	0.0	0.0	-90.0	0.0	0.0	0.0	-141.491621	0.0	-1.453355	1.453355	-90.0	0.099035	-0.025209	0.102193	-14.281035	5688.314589
230000.0	1.0	0.0	0.0	0.0	-90.0	0.0	0.0	0.0	-158.890652	0.0	-1.455782	1.455782	-90.0	0.098806	-0.025564	0.10206	-14.505894	5686.861184
235000.0	1.0	0.0	0.0	0.0	-90.0	0.0	0.0	0.0	55.403789	0.0	-1.458201	1.458201	-90.0	0.098577	-0.025918	0.101927	-14.730716	5685.398426
240000.0	1.0	0.0	0.0	0.0	-90.0	0.0	0.0	0.0	-123.559959	0.0	-1.460833	1.460833	-90.0	0.098356	-0.026274	0.101805	-14.956519	5683.966127
245000.0	1.0	0.0	0.0	0.0	-90.0	0.0	0.0	0.0	69.387922	0.0	-1.463619	1.463619	-90.0	0.098132	-0.026622	0.10168	-15.178463	5682.516701
250000.0	1.0	0.0	0.0	0.0	-90.0	0.0	0.0	0.0	-132.351431	0.0	-1.466358	1.466358	-90.0	0.097903	-0.026972	0.10155	-15.40287	5681.082266
255000.0	1.0	0.0	0.0	0.0	-90.0	0.0	0.0	0.0	75.486735	0.0	-1.469348	1.469348	-90.0	0.097681	-0.027321	0.10143	-15.626375	5679.668538
260000.0	1.0	0.0	0.0	0.0	-90.0	0.0	0.0	0.0	56.83034	0.0	-1.472448	1.472448	-90.0	0.097459	-0.027671	0.101311	-15.850377	5678.226461
265000.0	1.0	0.0	0.0	0.0	-90.0	0.0	0.0	0.0	61.932775	0.0	-1.475474	1.475474	-90.0	0.097234	-0.028017	0.10119	-16.073871	5676.819958
270000.0	1.0	0.0	0.0	0.0	-90.0	0.0	0.0	0.0	-54.426265	0.0	-1.478567	1.478567	-90.0	0.097009	-0.028361	0.10107	-16.296567	5675.366182
275000.0	1.0	0.0	0.0	0.0	-90.0	0.0	0.0	0.0	-179.164494	0.0	-1.482093	1.482093	-90.0	0.096784	-0.028703	0.10095	-16.518868	5673.925883
280000.0	1.0	0.0	0.0	0.0	-90.0	0.0	0.0	0.0	-174.483557	0.0	-1.485358	1.485358	-90.0	0.096553	-0.029045	0.100827	-16.742223	5672.482793
285000.0	1.0	0.0	0.0	0.0	-90.0	0.0	0.0	0.0	-174.133435	0.0	-1.489049	1.489049	-90.0	0.096324	-0.029386	0.100707	-16.965392	5671.037554
290000.0	1.0	0.0	0.0	0.0	-90.0	0.0	0.0	0.0	-110.601074	0.0	-1.493023	1.493023	-90.0	0.096104	-0.029728	0.100597	-17.188428	5669.585411
295000.0	1.0	0.0	0.0	0.0	-90.0	0.0	0.0	0.0	-155.575449	0.0	-1.49681	1.49681	-90.0	0.09588	-0.030066	0.100484	-17.410379	5668.140534
300000.0	1.0	0.0	0.0	0.0	-90.0	0.0	0.0	0.0	23.602601	0.0	-1.500785	1.500785	-90.0	0.095653	-0.030405	0.10037	-17.633634	5666.726182
305000.0	1.0	0.0	0.0	0.0	-90.0	0.0	0.0	0.0	-128.070721	0.0	-1.504787	1.504787	-90.0	0.095432	-0.030741	0.100261	-17.855087	5665.277218
310000.0	1.0	0.0	0.0	0.0	-90.0	0.0	0.0	0.0	112.125534	0.0	-1.508958	1.508958	-90.0	0.095202	-0.031074	0.100146	-18.076829	5663.817838
315000.0	1.0	0.0	0.0	0.0	-90.0	0.0	0.0	0.0	-97.242504	0.0	-1.513138	1.513138	-90.0	0.09498	-0.031409	0.100038	-18.298519	5662.382258
320000.0	1.0	0.0	0.0	0.0	-90.0	0.0	0.0	0.0	-51.23427	0.0	-1.517505	1.517505	-90.0	0.094754	-0.031741	0.099929	-18.519819	5660.949076
325000.0	1.0	0.0	0.0	0.0	-90.0	0.0	0.0	0.0	70.631553	0.0	-1.521841	1.521841	-90.0	0.094529	-0.032073	0.099822	-18.741748	5659.533399
330000.0	1.0	0.0	0.0	0.0	-90.0	0.0	0.0	0.0	146.221384	0.0	-1.526201	1.526201	-90.0	0.094309	-0.032403	0.099721	-18.961924	5658.100379
335000.0	1.0	0.0	0.0	0.0	-90.0	0.0	0.0	0.0	176.324108	0.0	-1.530788	1.530788	-90.0	0.094085	-0.032733	0.099616	-19.183153	5656.669931
340000.0	1.0	0.0	0.0	0.0	-90.0	0.0	0.0	0.0	164.451361	0.0	-1.535492	1.535492	-90.0	0.093859	-0.033061	0.099511	-19.404534	5655.238359
345000.0	1.0	0.0	0.0	0.0	-90.0	0.0	0.0	0.0	-123.606653	0.0	-1.540282	1.540282	-90.0	0.093632	-0.033388	0.099407	-19.625628	5653.773337
350000.0	1.0	0.0	0.0	0.0	-90.0	0.0	0.0	0.0	117.567454	0.0	-1.545105	1.545105	-90.0	0.093404	-0.033715	0.099303	-19.847633	5652.33878
355000.0	1.0	0.0	0.0	0.0	-90.0	0.0	0.0	0.0	-102.144255	0.0	-1.550161	1.550161	-90.0	0.093176	-0.034039	0.099199	-20.068474	5650.883564
360000.0	1.0	0.0	0.0	0.0	-90.0	0.0	0.0	0.0	-152.396613	0.0	-1.555488	1.555488	-90.0	0.092951	-0.034361	0.099099	-20.287795	5649.42639
365000.0	1.0	0.0	0.0	0.0	-90.0	0.0	0.0	0.0	-161.90278	0.0	-1.561055	1.561055	-90.0	0.092723	-0.034685	0.098998	-20.509197	5647.949815
370000.0	1.0	0.0	0.0	0.0	-90.0	0.0	0.0	0.0	163.69754	0.0	-1.566849	1.566849	-90.0	0.092502	-0.035008	0.098905	-20.729541	5646.48599
375000.0	1.0	0.0	0.0	0.0	-90.0	0.0	0.0	0.0	66.447003	0.0	-1.572596	1.572596	-90.0	0.092269	-0.035325	0.0988	-20.949318	5645.040757
380000.0	1.0	0.0	0.0	0.0	-90.0	0.0	0.0	0.0	-144.317669	0.0	-1.57879	1.57879	-90.0	0.092042	-0.035644	0.098703	-21.169276	5643.598356
385000.0	1.0	0.0	0.0	0.0	-90.0	0.0	0.0	0.0	-178.758586	0.0	-1.585162	1.585162	-90.0	0.091814	-0.035961	0.098605	-21.388733	5642.150269
390000.0	1.0	0.0	0.0	0.0	-90.0	0.0	0.0	0.0	-176.355238	0.0	-1.591902	1.591902	-90.0	0.091581	-0.036278	0.098505	-21.609833	5640.714066
395000.0	1.0	0.0	0.0	0.0	-90.0	0.0	0.0	0.0	-134.227088	0.0	-1.598997	1.598997	-90.0	0.091348	-0.036591	0.098404	-21.829397	5639.268022
400000.0	1.0	0.0	0.0	0.0	-90.0	0.0	0.0	0.0	151.992401	0.0	-1.606593	1.606593	-90.0	0.091127	-0.036905	0.098316	-22.046964	5637.800962
405000.0	1.0	0.0	0.0	0.0	-90.0	0.0	0.0	0.0	-155.595593	0.0	-1.61468	1.61468	-90.0	0.090886	-0.037217	0.098211	-22.268674	5636.31236
410000.0	1.0	0.0	0.0	0.0	-90.0	0.0	0.0	0.0	158.032914	0.0	-1.622904	1.622904	-90.0	0.090652	-0.03753	0.098114	-22.489503	5634.894112
415000.0	1.0	0.0	0.0	0.0	-90.0	0.0	0.0	0.0	-58.203763	0.0	-1.631555	1.631555	-90.0	0.090418	-0.03784	0.098017	-22.70949	5633.455617
420000.0	1.0	0.0	0.0	0.0	-90.0	0.0	0.0	0.0	-150.148752	0.0	-1.641	1.641	-90.0	0.090189	-0.038151	0.097927	-22.928634	5632.000997
425000.0	1.0	0.0	0.0	0.0	-90.0	0.0	0.0	0.0	-152.251251	0.0	-1.651441	1.651441	-90.0	0.089954	-0.038457	0.097829	-23.147868	5630.502526
430000.0	1.0	0.0	0.0	0.0	-90.0	0.0	0.0	0.0	-129.602231	0.0	-1.662163	1.662163	-90.0	0.089719	-0.038764	0.097735	-23.367254	5629.049877
435000.0	1.0	0.0	0.0	0.0	-90.0	0.0	0.0	0.0	-65.905837	0.0	-1.673212	1.673212	-90.0	0.089485	-0.039071	0.097643	-23.586814	5627.619005
440000.0	1.0	0.0	0.0	0.0	-90.0	0.0	0.0	0.0	-139.832302	0.0	-1.684994	1.684994	-90.0	0.089249	-0.039373	0.097548	-23.805143	5626.188961
445000.0	1.0	0.0	0.0	0.0	-90.0	0.0	0.0	0.0	-116.732548	0.0	-1.697549	1.697549	-90.0	0.089011	-0.039677	0.097453	-24.024993	5624.752008
450000.0	1.0	0.0	0.0	0.0	-90.0	0.0	0.0	0.0	-129.264663	0.0	-1.710776	1.710776	-90.0	0.088773	-0.039978	0.097359	-24.243808	5623.326096
455000.0	1.0	0.0	0.0	0.0	-90.0	0.0	0.0	0.0	162.77431	0.0	-1.725123	1.725123	-90.0	0.088534	-0.04028	0.097266	-24.46388	5621.883701
460000.0	1.0	0.0	0.0	0.0	-90.0	0.0	0.0	0.0	5.091496	0.0	-1.739991	1.739991	-90.0	0.088297	-0.040579	0.097175	-24.682251	5620.427575
465000.0	1.0	0.0	0.0	0.0	-90.0	0.0	0.0	0.0	-63.147679	0.0	-1.754537	1.754537	-90.0	0.088053	-0.040876	0.097078	-24.901616	5618.993233
470000.0	1.0	0.0	0.0	0.0	-90.0	0.0	0.0	0.0	-80.033548	0.0	-1.772414	1.772414	-90.0	0.087813	-0.041171	0.096986	-25.119258	5617.551888
475000.0	1.0	0.0	0.0	0.0	-90.0	0.0	0.0	0.0	-90.733605	0.0	-1.788701	1.788701	-90.0	0.087577	-0.041462	0.096896	-25.334796	5616.111863
480000.0	1.0	0.0	0.0	0.0	-90.0	0.0	0.0	0.0	68.343202	0.0	-1.806489	1.806489	-90.0	0.087329	-0.041761	0.096801	-25.557219	5614.639961
485000.0	1.0	0.0	0.0	0.0	-90.0	0.0	0.0	0.0	-178.524139	0.0	-1.825699	1.825699	-90.0	0.087084	-0.04205	0.096705	-25.774181	5613.166305
490000.0	1.0	0.0	0.0	0.0	-90.0	0.0	0.0	0.0	57.234786	0.0	-1.842963	1.842963	-90.0	0.086837	-0.042337	0.096608	-25.991157	5611.709924
495000.0	1.0	0.0	0.0	0.0	-90.0	0.0	0.0	0.0	17.906211	0.0	-1.85876	1.85876	-90.0	0.086588	-0.042622	0.09651	-26.208507	5610.265752
500000.0	1.0	0.0	0.0	0.0	-90.0	0.0	0.0	0.0	62.468694	0.0	-1.870176	1.870176	-90.0	0.086337	-0.04291	0.096412	-26.427685	5608.851165
