# Oscilator_frequency (Hz)	DemodAll_A (-)	Demod_1_X_A (A)	Demod_1_Y_A (A)	Demod_1__R_A (A)	Demod_1__Theta_A (deg)	Demod_2_X_A (A)	Demod_2_Y_A (A)	Demod_2__R_A (A)	Demod_2__Theta_A (deg)	Demod_3_X_A (V)	Demod_3_Y_A (V)	Demod_3__R_A (V)	Demod_3__Theta_A (deg)	Demod_4_X_A (V)	Demod_4_Y_A (V)	Demod_4__R_A (V)	Demod_4__Theta_A (deg)	Timer_GET (s)	
200.000000	 1.000000	 0.000000	 -0.000000	 0.000000	 -90.000000	 0.164573	 -0.007184	 0.164730	 -2.499514	 0.000000	 0.006351	 0.006351	 90.000000	 0.164573	 -0.007184	 0.164730	 -2.499514	 259000.941228	
199.000000	 1.000000	 0.000000	 -0.000000	 0.000000	 -90.000000	 0.164592	 -0.007183	 0.164749	 -2.499006	 0.000000	 0.006075	 0.006075	 90.000000	 0.164592	 -0.007183	 0.164749	 -2.499006	 259002.347396	
198.000000	 1.000000	 0.000000	 -0.000000	 0.000000	 -90.000000	 0.164770	 -0.007388	 0.164935	 -2.567305	 0.000000	 0.005820	 0.005820	 90.000000	 0.164770	 -0.007388	 0.164935	 -2.567305	 259003.844015	
197.000000	 1.000000	 0.000000	 -0.000000	 0.000000	 -90.000000	 0.164737	 -0.007383	 0.164902	 -2.566087	 0.000000	 0.005641	 0.005641	 90.000000	 0.164730	 -0.007386	 0.164895	 -2.567291	 259005.288492	
196.000000	 1.000000	 0.000000	 -0.000000	 0.000000	 -90.000000	 0.164815	 -0.007235	 0.164974	 -2.513441	 0.000000	 0.005183	 0.005183	 90.000000	 0.164815	 -0.007235	 0.164974	 -2.513441	 259006.718190	
195.000000	 1.000000	 0.000000	 -0.000000	 0.000000	 -90.000000	 0.164791	 -0.007312	 0.164953	 -2.540793	 0.000000	 0.005318	 0.005318	 90.000000	 0.164791	 -0.007312	 0.164953	 -2.540794	 259008.147918	
194.000000	 1.000000	 0.000000	 -0.000000	 0.000000	 -90.000000	 0.164846	 -0.007255	 0.165005	 -2.519967	 0.000000	 0.002876	 0.002876	 90.000000	 0.164846	 -0.007255	 0.165005	 -2.519967	 259009.595829	
193.000000	 1.000000	 0.000000	 -0.000000	 0.000000	 -90.000000	 0.164803	 -0.007277	 0.164963	 -2.528336	 0.000000	 0.004697	 0.004697	 90.000000	 0.164803	 -0.007277	 0.164963	 -2.528335	 259011.032507	
192.000000	 1.000000	 0.000000	 -0.000000	 0.000000	 -90.000000	 0.164854	 -0.007265	 0.165014	 -2.523365	 0.000000	 0.004696	 0.004696	 90.000000	 0.164854	 -0.007265	 0.165014	 -2.523365	 259012.472040	
191.000000	 1.000000	 0.000000	 -0.000000	 0.000000	 -90.000000	 0.164897	 -0.007236	 0.165056	 -2.512799	 0.000000	 0.004666	 0.004666	 90.000000	 0.164897	 -0.007236	 0.165056	 -2.512799	 259013.897208	
190.000000	 1.000000	 0.000000	 -0.000000	 0.000000	 -90.000000	 0.164924	 -0.007243	 0.165083	 -2.514693	 0.000000	 0.004331	 0.004331	 90.000000	 0.164924	 -0.007243	 0.165083	 -2.514693	 259015.331943	
189.000000	 1.000000	 0.000000	 -0.000000	 0.000000	 -90.000000	 0.164944	 -0.007256	 0.165103	 -2.518979	 0.000000	 0.003953	 0.003953	 90.000000	 0.164944	 -0.007256	 0.165103	 -2.518979	 259016.770275	
188.000000	 1.000000	 0.000000	 -0.000000	 0.000000	 -90.000000	 0.164973	 -0.007247	 0.165132	 -2.515471	 0.000000	 0.004452	 0.004452	 90.000000	 0.164973	 -0.007247	 0.165132	 -2.515471	 259018.308673	
187.000000	 1.000000	 0.000000	 -0.000000	 0.000000	 -90.000000	 0.165020	 -0.007265	 0.165180	 -2.520989	 0.000000	 0.004375	 0.004375	 90.000000	 0.165021	 -0.007266	 0.165180	 -2.521214	 259019.725101	
186.000000	 1.000000	 0.000000	 -0.000000	 0.000000	 -90.000000	 0.165039	 -0.007270	 0.165199	 -2.522281	 0.000000	 0.004312	 0.004312	 90.000000	 0.165039	 -0.007270	 0.165199	 -2.522281	 259021.167540	
185.000000	 1.000000	 0.000000	 -0.000000	 0.000000	 -90.000000	 0.165053	 -0.007238	 0.165211	 -2.510936	 0.000000	 0.004223	 0.004223	 90.000000	 0.165053	 -0.007238	 0.165211	 -2.510936	 259022.603901	
184.000000	 1.000000	 0.000000	 -0.000000	 0.000000	 -90.000000	 0.165074	 -0.007244	 0.165233	 -2.512849	 0.000000	 0.004068	 0.004068	 90.000000	 0.165075	 -0.007244	 0.165233	 -2.512714	 259024.043465	
183.000000	 1.000000	 0.000000	 -0.000000	 0.000000	 -90.000000	 0.165090	 -0.007233	 0.165248	 -2.508695	 0.000000	 0.003925	 0.003925	 90.000000	 0.165090	 -0.007233	 0.165248	 -2.508694	 259025.517639	
182.000000	 1.000000	 0.000000	 -0.000000	 0.000000	 -90.000000	 0.165134	 -0.007225	 0.165292	 -2.505071	 0.000000	 0.003901	 0.003901	 90.000000	 0.165134	 -0.007225	 0.165292	 -2.505071	 259026.914350	
181.000000	 1.000000	 0.000000	 -0.000000	 0.000000	 -90.000000	 0.165133	 -0.007231	 0.165291	 -2.507186	 0.000000	 0.003774	 0.003774	 90.000000	 0.165133	 -0.007231	 0.165291	 -2.507186	 259028.347212	
180.000000	 1.000000	 0.000000	 -0.000000	 0.000000	 -90.000000	 0.165174	 -0.007223	 0.165332	 -2.504099	 0.000000	 0.003767	 0.003767	 90.000000	 0.165174	 -0.007223	 0.165332	 -2.504099	 259029.781232	
179.000000	 1.000000	 0.000000	 -0.000000	 0.000000	 -90.000000	 0.165192	 -0.007219	 0.165350	 -2.502391	 0.000000	 0.003709	 0.003709	 90.000000	 0.165192	 -0.007219	 0.165350	 -2.502391	 259031.268341	
178.000000	 1.000000	 0.000000	 -0.000000	 0.000000	 -90.000000	 0.165236	 -0.007212	 0.165394	 -2.499014	 0.000000	 0.003635	 0.003635	 90.000000	 0.165236	 -0.007212	 0.165394	 -2.499014	 259032.681547	
177.000000	 1.000000	 0.000000	 -0.000000	 0.000000	 -90.000000	 0.165249	 -0.007196	 0.165405	 -2.493539	 0.000000	 0.003625	 0.003625	 90.000000	 0.165249	 -0.007196	 0.165405	 -2.493539	 259034.133488	
176.000000	 1.000000	 0.000000	 -0.000000	 0.000000	 -90.000000	 0.165287	 -0.007210	 0.165445	 -2.497634	 0.000000	 0.003519	 0.003519	 90.000000	 0.165285	 -0.007209	 0.165442	 -2.497279	 259035.533658	
175.000000	 1.000000	 0.000000	 -0.000000	 0.000000	 -90.000000	 0.165308	 -0.007202	 0.165465	 -2.494737	 0.000000	 0.003378	 0.003378	 90.000000	 0.165308	 -0.007202	 0.165465	 -2.494737	 259037.000896	
174.000000	 1.000000	 0.000000	 -0.000000	 0.000000	 -90.000000	 0.165358	 -0.007191	 0.165514	 -2.490189	 0.000000	 0.003657	 0.003657	 90.000000	 0.165358	 -0.007191	 0.165514	 -2.490189	 259038.435558	
173.000000	 1.000000	 0.000000	 -0.000000	 0.000000	 -90.000000	 0.165350	 -0.007184	 0.165506	 -2.487782	 0.000000	 0.003702	 0.003702	 90.000000	 0.165349	 -0.007184	 0.165505	 -2.487896	 259039.854346	
172.000000	 1.000000	 0.000000	 -0.000000	 0.000000	 -90.000000	 0.165396	 -0.007186	 0.165552	 -2.487730	 0.000000	 0.004380	 0.004380	 90.000000	 0.165396	 -0.007187	 0.165552	 -2.487995	 259041.301854	
171.000000	 1.000000	 0.000000	 -0.000000	 0.000000	 -90.000000	 0.165413	 -0.007171	 0.165568	 -2.482183	 0.000000	 0.002702	 0.002702	 90.000000	 0.165413	 -0.007171	 0.165568	 -2.482183	 259042.742097	
170.000000	 1.000000	 0.000000	 -0.000000	 0.000000	 -90.000000	 0.165459	 -0.007168	 0.165614	 -2.480772	 0.000000	 0.003408	 0.003408	 90.000000	 0.165459	 -0.007168	 0.165614	 -2.480772	 259044.166254	
169.000000	 1.000000	 0.000000	 -0.000000	 0.000000	 -90.000000	 0.165496	 -0.007143	 0.165650	 -2.471478	 0.000000	 0.003054	 0.003054	 90.000000	 0.165496	 -0.007143	 0.165650	 -2.471478	 259045.620750	
168.000000	 1.000000	 0.000000	 -0.000000	 0.000000	 -90.000000	 0.165535	 -0.007152	 0.165689	 -2.474000	 0.000000	 0.003695	 0.003695	 90.000000	 0.165535	 -0.007152	 0.165689	 -2.473890	 259047.095975	
167.000000	 1.000000	 0.000000	 -0.000000	 0.000000	 -90.000000	 0.165551	 -0.007147	 0.165705	 -2.471935	 0.000000	 -0.001087	 0.001087	 -90.000000	 0.165551	 -0.007147	 0.165705	 -2.471935	 259048.497553	
166.000000	 1.000000	 0.000000	 -0.000000	 0.000000	 -90.000000	 0.165584	 -0.007172	 0.165740	 -2.480202	 0.000000	 -0.002661	 0.002661	 -90.000000	 0.165584	 -0.007172	 0.165740	 -2.480202	 259049.964850	
165.000000	 1.000000	 0.000000	 -0.000000	 0.000000	 -90.000000	 0.165601	 -0.007142	 0.165755	 -2.469373	 0.000000	 0.003252	 0.003252	 90.000000	 0.165601	 -0.007142	 0.165755	 -2.469374	 259051.416335	
164.000000	 1.000000	 0.000000	 -0.000000	 0.000000	 -90.000000	 0.165641	 -0.007158	 0.165795	 -2.474496	 0.000000	 0.003066	 0.003066	 90.000000	 0.165641	 -0.007158	 0.165795	 -2.474496	 259052.866032	
163.000000	 1.000000	 0.000000	 -0.000000	 0.000000	 -90.000000	 0.165655	 -0.007133	 0.165809	 -2.465561	 0.000000	 0.002976	 0.002976	 90.000000	 0.165657	 -0.007133	 0.165811	 -2.465713	 259054.299059	
162.000000	 1.000000	 0.000000	 -0.000000	 0.000000	 -90.000000	 0.165682	 -0.007115	 0.165834	 -2.459065	 0.000000	 0.002936	 0.002936	 90.000000	 0.165682	 -0.007115	 0.165834	 -2.459065	 259055.747492	
161.000000	 1.000000	 0.000000	 -0.000000	 0.000000	 -90.000000	 0.165744	 -0.007094	 0.165895	 -2.450696	 0.000000	 0.002839	 0.002839	 90.000000	 0.165744	 -0.007094	 0.165895	 -2.450696	 259057.172261	
160.000000	 1.000000	 0.000000	 -0.000000	 0.000000	 -90.000000	 0.165687	 -0.007102	 0.165839	 -2.454411	 0.000000	 0.002817	 0.002817	 90.000000	 0.165687	 -0.007102	 0.165839	 -2.454411	 259058.612813	
159.000000	 1.000000	 0.000000	 -0.000000	 0.000000	 -90.000000	 0.165797	 -0.007052	 0.165947	 -2.435685	 0.000000	 0.002773	 0.002773	 90.000000	 0.165792	 -0.007043	 0.165941	 -2.432471	 259060.044312	
158.000000	 1.000000	 0.000000	 -0.000000	 0.000000	 -90.000000	 0.165717	 -0.007041	 0.165867	 -2.432866	 0.000000	 0.002764	 0.002764	 90.000000	 0.165690	 -0.007057	 0.165840	 -2.438826	 259061.474391	
157.000000	 1.000000	 0.000000	 -0.000000	 0.000000	 -90.000000	 0.166017	 -0.007095	 0.166169	 -2.447251	 0.000000	 0.002726	 0.002726	 90.000000	 0.166017	 -0.007095	 0.166169	 -2.447251	 259062.910561	
156.000000	 1.000000	 0.000000	 -0.000000	 0.000000	 -90.000000	 0.165752	 -0.006771	 0.165890	 -2.339272	 0.000000	 0.002742	 0.002742	 90.000000	 0.165752	 -0.006771	 0.165890	 -2.339272	 259064.322622	
155.000000	 1.000000	 0.000000	 -0.000000	 0.000000	 -90.000000	 0.165780	 -0.007518	 0.165950	 -2.596690	 0.000000	 0.002701	 0.002701	 90.000000	 0.165780	 -0.007518	 0.165950	 -2.596691	 259065.753649	
154.000000	 1.000000	 0.000000	 -0.000000	 0.000000	 -90.000000	 0.165387	 -0.007451	 0.165555	 -2.579510	 0.000000	 0.002611	 0.002611	 90.000000	 0.165387	 -0.007451	 0.165555	 -2.579509	 259067.196865	
153.000000	 1.000000	 0.000000	 -0.000000	 0.000000	 -90.000000	 0.166761	 -0.007442	 0.166927	 -2.555201	 0.000000	 0.003206	 0.003206	 90.000000	 0.166761	 -0.007442	 0.166927	 -2.555201	 259068.641216	
152.000000	 1.000000	 0.000000	 -0.000000	 0.000000	 -90.000000	 0.165016	 -0.007507	 0.165186	 -2.604725	 0.000000	 0.005692	 0.005692	 90.000000	 0.165016	 -0.007507	 0.165186	 -2.604725	 259070.097103	
151.000000	 1.000000	 0.000000	 -0.000000	 0.000000	 -90.000000	 0.166220	 -0.008268	 0.166426	 -2.847603	 0.000000	 0.002575	 0.002575	 90.000000	 0.166220	 -0.008268	 0.166426	 -2.847603	 259071.517144	
150.000000	 1.000000	 0.000000	 -0.000000	 0.000000	 -90.000000	 0.165516	 -0.005865	 0.165620	 -2.029243	 0.000000	 0.002948	 0.002948	 90.000000	 0.165516	 -0.005865	 0.165620	 -2.029243	 259072.982779	
149.000000	 1.000000	 0.000000	 -0.000000	 0.000000	 -90.000000	 0.165319	 -0.006030	 0.165429	 -2.088897	 0.000000	 0.002804	 0.002804	 90.000000	 0.165319	 -0.006030	 0.165429	 -2.088897	 259074.415317	
148.000000	 1.000000	 0.000000	 -0.000000	 0.000000	 -90.000000	 0.167006	 -0.007695	 0.167183	 -2.638059	 0.000000	 0.002646	 0.002646	 90.000000	 0.166974	 -0.007748	 0.167154	 -2.656592	 259075.871683	
147.000000	 1.000000	 0.000000	 -0.000000	 0.000000	 -90.000000	 0.166393	 -0.007910	 0.166581	 -2.721841	 0.000000	 0.002546	 0.002546	 90.000000	 0.166393	 -0.007910	 0.166581	 -2.721841	 259077.304802	
146.000000	 1.000000	 0.000000	 -0.000000	 0.000000	 -90.000000	 0.166653	 -0.006497	 0.166780	 -2.232493	 0.000000	 0.002500	 0.002500	 90.000000	 0.166653	 -0.006497	 0.166780	 -2.232492	 259078.739200	
145.000000	 1.000000	 0.000000	 -0.000000	 0.000000	 -90.000000	 0.166628	 -0.006810	 0.166767	 -2.340406	 0.000000	 0.002522	 0.002522	 90.000000	 0.166699	 -0.006890	 0.166841	 -2.366786	 259080.222002	
144.000000	 1.000000	 0.000000	 -0.000000	 0.000000	 -90.000000	 0.166264	 -0.006669	 0.166398	 -2.296924	 0.000000	 0.002454	 0.002454	 90.000000	 0.166324	 -0.006653	 0.166457	 -2.290490	 259081.639105	
143.000000	 1.000000	 0.000000	 -0.000000	 0.000000	 -90.000000	 0.166416	 -0.007138	 0.166569	 -2.456048	 0.000000	 0.002400	 0.002400	 90.000000	 0.166416	 -0.007138	 0.166569	 -2.456049	 259083.072561	
142.000000	 1.000000	 0.000000	 -0.000000	 0.000000	 -90.000000	 0.166417	 -0.007054	 0.166567	 -2.427098	 0.000000	 0.002125	 0.002125	 90.000000	 0.166417	 -0.007054	 0.166567	 -2.427098	 259084.501792	
141.000000	 1.000000	 0.000000	 -0.000000	 0.000000	 -90.000000	 0.166297	 -0.006947	 0.166442	 -2.392025	 0.000000	 0.002468	 0.002468	 90.000000	 0.166297	 -0.006947	 0.166442	 -2.392025	 259085.937196	
140.000000	 1.000000	 0.000000	 -0.000000	 0.000000	 -90.000000	 0.166315	 -0.006930	 0.166459	 -2.385921	 0.000000	 0.004315	 0.004315	 90.000000	 0.166315	 -0.006930	 0.166459	 -2.385921	 259087.386066	
139.000000	 1.000000	 0.000000	 -0.000000	 0.000000	 -90.000000	 0.166430	 -0.006958	 0.166576	 -2.394106	 0.000000	 0.002552	 0.002552	 90.000000	 0.166430	 -0.006958	 0.166576	 -2.394106	 259088.826058	
138.000000	 1.000000	 0.000000	 -0.000000	 0.000000	 -90.000000	 0.166455	 -0.006957	 0.166600	 -2.393204	 0.000000	 0.002442	 0.002442	 90.000000	 0.166460	 -0.006951	 0.166605	 -2.391001	 259090.295767	
137.000000	 1.000000	 0.000000	 -0.000000	 0.000000	 -90.000000	 0.166486	 -0.006938	 0.166630	 -2.386373	 0.000000	 0.002432	 0.002432	 90.000000	 0.166486	 -0.006938	 0.166630	 -2.386373	 259091.728312	
136.000000	 1.000000	 0.000000	 -0.000000	 0.000000	 -90.000000	 0.166528	 -0.006932	 0.166672	 -2.383591	 0.000000	 0.002421	 0.002421	 90.000000	 0.166528	 -0.006932	 0.166672	 -2.383591	 259093.160553	
135.000000	 1.000000	 0.000000	 -0.000000	 0.000000	 -90.000000	 0.166541	 -0.006908	 0.166684	 -2.375297	 0.000000	 0.002027	 0.002027	 90.000000	 0.166541	 -0.006908	 0.166684	 -2.375297	 259094.609967	
134.000000	 1.000000	 0.000000	 -0.000000	 0.000000	 -90.000000	 0.166625	 -0.006950	 0.166770	 -2.388287	 0.000000	 0.003454	 0.003454	 90.000000	 0.166625	 -0.006950	 0.166770	 -2.388287	 259096.055364	
133.000000	 1.000000	 0.000000	 -0.000000	 0.000000	 -90.000000	 0.166664	 -0.006939	 0.166809	 -2.384042	 0.000000	 0.002895	 0.002895	 90.000000	 0.166665	 -0.006941	 0.166810	 -2.384923	 259097.475948	
132.000000	 1.000000	 0.000000	 -0.000000	 0.000000	 -90.000000	 0.166690	 -0.006915	 0.166833	 -2.375407	 0.000000	 0.002393	 0.002393	 90.000000	 0.166690	 -0.006915	 0.166833	 -2.375407	 259098.942858	
131.000000	 1.000000	 0.000000	 -0.000000	 0.000000	 -90.000000	 0.166716	 -0.006895	 0.166859	 -2.368396	 0.000000	 0.002706	 0.002706	 90.000000	 0.166716	 -0.006895	 0.166859	 -2.368396	 259100.373232	
130.000000	 1.000000	 0.000000	 -0.000000	 0.000000	 -90.000000	 0.166760	 -0.006897	 0.166903	 -2.368360	 0.000000	 0.002366	 0.002366	 90.000000	 0.166760	 -0.006897	 0.166903	 -2.368360	 259101.800884	
129.000000	 1.000000	 0.000000	 -0.000000	 0.000000	 -90.000000	 0.166765	 -0.006864	 0.166906	 -2.357064	 0.000000	 0.002357	 0.002357	 90.000000	 0.166765	 -0.006864	 0.166906	 -2.357064	 259103.214725	
128.000000	 1.000000	 0.000000	 -0.000000	 0.000000	 -90.000000	 0.166815	 -0.006859	 0.166956	 -2.354365	 0.000000	 0.002310	 0.002310	 90.000000	 0.166815	 -0.006859	 0.166956	 -2.354365	 259104.660654	
127.000000	 1.000000	 0.000000	 -0.000000	 0.000000	 -90.000000	 0.166859	 -0.006801	 0.166997	 -2.333945	 0.000000	 0.002329	 0.002329	 90.000000	 0.166859	 -0.006801	 0.166997	 -2.333945	 259106.129837	
126.000000	 1.000000	 0.000000	 -0.000000	 0.000000	 -90.000000	 0.166892	 -0.006837	 0.167032	 -2.345810	 0.000000	 0.002318	 0.002318	 90.000000	 0.166893	 -0.006839	 0.167033	 -2.346634	 259107.568492	
125.000000	 1.000000	 0.000000	 -0.000000	 0.000000	 -90.000000	 0.166920	 -0.006812	 0.167059	 -2.337000	 0.000000	 0.002260	 0.002260	 90.000000	 0.166920	 -0.006812	 0.167059	 -2.337000	 259109.042725	
124.000000	 1.000000	 0.000000	 -0.000000	 0.000000	 -90.000000	 0.166969	 -0.006825	 0.167108	 -2.340883	 0.000000	 -0.003328	 0.003328	 -90.000000	 0.166969	 -0.006825	 0.167108	 -2.340882	 259110.473765	
123.000000	 1.000000	 0.000000	 -0.000000	 0.000000	 -90.000000	 0.167039	 -0.006790	 0.167177	 -2.327678	 0.000000	 0.004745	 0.004745	 90.000000	 0.167037	 -0.006790	 0.167175	 -2.327644	 259111.923421	
122.000000	 1.000000	 0.000000	 -0.000000	 0.000000	 -90.000000	 0.167087	 -0.006800	 0.167225	 -2.330449	 0.000000	 0.003659	 0.003659	 90.000000	 0.167087	 -0.006800	 0.167225	 -2.330450	 259113.343964	
121.000000	 1.000000	 0.000000	 -0.000000	 0.000000	 -90.000000	 0.167117	 -0.006770	 0.167254	 -2.319909	 0.000000	 0.002377	 0.002377	 90.000000	 0.167116	 -0.006770	 0.167253	 -2.319726	 259114.792403	
120.000000	 1.000000	 0.000000	 -0.000000	 0.000000	 -90.000000	 0.167161	 -0.006837	 0.167301	 -2.341976	 0.000000	 0.002136	 0.002136	 90.000000	 0.167158	 -0.006833	 0.167298	 -2.340766	 259116.246073	
119.000000	 1.000000	 0.000000	 -0.000000	 0.000000	 -90.000000	 0.167188	 -0.006754	 0.167324	 -2.313198	 0.000000	 0.000784	 0.000784	 90.000000	 0.167188	 -0.006754	 0.167324	 -2.313198	 259117.691937	
118.000000	 1.000000	 0.000000	 -0.000000	 0.000000	 -90.000000	 0.167266	 -0.006756	 0.167403	 -2.312951	 0.000000	 -0.000466	 0.000466	 -90.000000	 0.167266	 -0.006756	 0.167403	 -2.312951	 259119.102128	
117.000000	 1.000000	 0.000000	 -0.000000	 0.000000	 -90.000000	 0.167265	 -0.006802	 0.167404	 -2.328841	 0.000000	 0.001065	 0.001065	 90.000000	 0.167265	 -0.006802	 0.167404	 -2.328841	 259120.541198	
116.000000	 1.000000	 0.000000	 -0.000000	 0.000000	 -90.000000	 0.167326	 -0.006730	 0.167461	 -2.303209	 0.000000	 0.002726	 0.002726	 90.000000	 0.167325	 -0.006730	 0.167460	 -2.303300	 259121.984652	
115.000000	 1.000000	 0.000000	 -0.000000	 0.000000	 -90.000000	 0.167379	 -0.006718	 0.167514	 -2.298467	 0.000000	 0.002413	 0.002413	 90.000000	 0.167379	 -0.006718	 0.167514	 -2.298467	 259123.417532	
114.000000	 1.000000	 0.000000	 -0.000000	 0.000000	 -90.000000	 0.167406	 -0.006698	 0.167540	 -2.291189	 0.000000	 0.002248	 0.002248	 90.000000	 0.167406	 -0.006698	 0.167540	 -2.291189	 259124.859680	
113.000000	 1.000000	 0.000000	 -0.000000	 0.000000	 -90.000000	 0.167443	 -0.006650	 0.167575	 -2.274260	 0.000000	 0.001830	 0.001830	 90.000000	 0.167443	 -0.006650	 0.167575	 -2.274260	 259126.298272	
112.000000	 1.000000	 0.000000	 -0.000000	 0.000000	 -90.000000	 0.167473	 -0.006678	 0.167606	 -2.283404	 0.000000	 0.001853	 0.001853	 90.000000	 0.167473	 -0.006678	 0.167606	 -2.283404	 259127.741798	
111.000000	 1.000000	 0.000000	 -0.000000	 0.000000	 -90.000000	 0.167547	 -0.006655	 0.167680	 -2.274512	 0.000000	 0.007734	 0.007734	 90.000000	 0.167547	 -0.006655	 0.167680	 -2.274511	 259129.167707	
110.000000	 1.000000	 0.000000	 -0.000000	 0.000000	 -90.000000	 0.167579	 -0.006612	 0.167709	 -2.259450	 0.000000	 0.003451	 0.003451	 90.000000	 0.167579	 -0.006612	 0.167709	 -2.259451	 259130.628988	
109.000000	 1.000000	 0.000000	 -0.000000	 0.000000	 -90.000000	 0.167620	 -0.006613	 0.167751	 -2.259446	 0.000000	 0.002275	 0.002275	 90.000000	 0.167620	 -0.006613	 0.167751	 -2.259446	 259132.074453	
108.000000	 1.000000	 0.000000	 -0.000000	 0.000000	 -90.000000	 0.167686	 -0.006599	 0.167816	 -2.253739	 0.000000	 0.002156	 0.002156	 90.000000	 0.167686	 -0.006599	 0.167816	 -2.253739	 259133.558006	
107.000000	 1.000000	 0.000000	 -0.000000	 0.000000	 -90.000000	 0.167750	 -0.006631	 0.167881	 -2.263579	 0.000000	 0.002120	 0.002120	 90.000000	 0.167750	 -0.006631	 0.167881	 -2.263579	 259134.989443	
106.000000	 1.000000	 0.000000	 -0.000000	 0.000000	 -90.000000	 0.167764	 -0.006650	 0.167895	 -2.269797	 0.000000	 0.002153	 0.002153	 90.000000	 0.167764	 -0.006650	 0.167895	 -2.269797	 259136.475610	
105.000000	 1.000000	 0.000000	 -0.000000	 0.000000	 -90.000000	 0.167899	 -0.006542	 0.168026	 -2.231208	 0.000000	 0.002037	 0.002037	 90.000000	 0.167899	 -0.006542	 0.168026	 -2.231208	 259137.895728	
104.000000	 1.000000	 0.000000	 -0.000000	 0.000000	 -90.000000	 0.167987	 -0.006626	 0.168117	 -2.258768	 0.000000	 0.002140	 0.002140	 90.000000	 0.167987	 -0.006626	 0.168117	 -2.258768	 259139.348386	
103.000000	 1.000000	 0.000000	 -0.000000	 0.000000	 -90.000000	 0.167929	 -0.006406	 0.168051	 -2.184467	 0.000000	 0.001970	 0.001970	 90.000000	 0.167929	 -0.006406	 0.168051	 -2.184467	 259140.770342	
102.000000	 1.000000	 0.000000	 -0.000000	 0.000000	 -90.000000	 0.168175	 -0.006510	 0.168300	 -2.216633	 0.000000	 0.002044	 0.002044	 90.000000	 0.168175	 -0.006510	 0.168300	 -2.216634	 259142.204087	
101.000000	 1.000000	 0.000000	 -0.000000	 0.000000	 -90.000000	 0.168140	 -0.006325	 0.168259	 -2.154182	 0.000000	 0.001922	 0.001922	 90.000000	 0.168140	 -0.006325	 0.168259	 -2.154182	 259143.649580	
100.000000	 1.000000	 0.000000	 -0.000000	 0.000000	 -90.000000	 0.168087	 -0.006724	 0.168221	 -2.290738	 0.000000	 0.002269	 0.002269	 90.000000	 0.168087	 -0.006724	 0.168221	 -2.290738	 259145.109318	
99.000000	 1.000000	 0.000000	 -0.000000	 0.000000	 -90.000000	 0.168220	 -0.006683	 0.168353	 -2.275086	 0.000000	 0.002268	 0.002268	 90.000000	 0.168220	 -0.006683	 0.168353	 -2.275086	 259146.556772	
98.000000	 1.000000	 0.000000	 -0.000000	 0.000000	 -90.000000	 0.168134	 -0.006292	 0.168252	 -2.142989	 0.000000	 0.001936	 0.001936	 90.000000	 0.168134	 -0.006292	 0.168252	 -2.142989	 259148.006098	
97.000000	 1.000000	 0.000000	 -0.000000	 0.000000	 -90.000000	 0.168206	 -0.006298	 0.168324	 -2.144146	 0.000000	 0.001914	 0.001914	 90.000000	 0.168206	 -0.006298	 0.168324	 -2.144146	 259149.460896	
96.000000	 1.000000	 0.000000	 -0.000000	 0.000000	 -90.000000	 0.168194	 -0.006530	 0.168321	 -2.223420	 0.000000	 0.002033	 0.002033	 90.000000	 0.168194	 -0.006530	 0.168321	 -2.223420	 259150.888447	
95.000000	 1.000000	 0.000000	 -0.000000	 0.000000	 -90.000000	 0.168267	 -0.006357	 0.168387	 -2.163672	 0.000000	 0.002062	 0.002062	 90.000000	 0.168266	 -0.006351	 0.168386	 -2.161493	 259152.321053	
94.000000	 1.000000	 0.000000	 -0.000000	 0.000000	 -90.000000	 0.168427	 -0.006404	 0.168549	 -2.177601	 0.000000	 0.002142	 0.002142	 90.000000	 0.168427	 -0.006404	 0.168549	 -2.177601	 259153.766220	
93.000000	 1.000000	 0.000000	 -0.000000	 0.000000	 -90.000000	 0.168442	 -0.006415	 0.168564	 -2.181037	 0.000000	 0.002054	 0.002054	 90.000000	 0.168442	 -0.006415	 0.168564	 -2.181037	 259155.247748	
92.000000	 1.000000	 0.000000	 -0.000000	 0.000000	 -90.000000	 0.168539	 -0.006366	 0.168660	 -2.163241	 0.000000	 0.002086	 0.002086	 90.000000	 0.168539	 -0.006366	 0.168660	 -2.163241	 259156.675165	
91.000000	 1.000000	 0.000000	 -0.000000	 0.000000	 -90.000000	 0.168567	 -0.006341	 0.168687	 -2.154419	 0.000000	 0.002034	 0.002034	 90.000000	 0.168567	 -0.006341	 0.168687	 -2.154419	 259158.121772	
90.000000	 1.000000	 0.000000	 -0.000000	 0.000000	 -90.000000	 0.168643	 -0.006334	 0.168762	 -2.150916	 0.000000	 0.002033	 0.002033	 90.000000	 0.168645	 -0.006337	 0.168764	 -2.151841	 259159.584024	
89.000000	 1.000000	 0.000000	 -0.000000	 0.000000	 -90.000000	 0.168665	 -0.006311	 0.168783	 -2.142834	 0.000000	 0.002004	 0.002004	 90.000000	 0.168665	 -0.006311	 0.168783	 -2.142834	 259161.017625	
88.000000	 1.000000	 0.000000	 -0.000000	 0.000000	 -90.000000	 0.168706	 -0.006294	 0.168824	 -2.136461	 0.000000	 0.001904	 0.001904	 90.000000	 0.168706	 -0.006294	 0.168824	 -2.136461	 259162.471097	
87.000000	 1.000000	 0.000000	 -0.000000	 0.000000	 -90.000000	 0.168815	 -0.006325	 0.168934	 -2.145562	 0.000000	 -0.001564	 0.001564	 -90.000000	 0.168815	 -0.006325	 0.168934	 -2.145562	 259163.915064	
86.000000	 1.000000	 0.000000	 -0.000000	 0.000000	 -90.000000	 0.168870	 -0.006272	 0.168986	 -2.127212	 0.000000	 0.002805	 0.002805	 90.000000	 0.168870	 -0.006272	 0.168986	 -2.127212	 259165.382216	
85.000000	 1.000000	 0.000000	 -0.000000	 0.000000	 -90.000000	 0.168910	 -0.006205	 0.169024	 -2.103739	 0.000000	 -0.007474	 0.007474	 -90.000000	 0.168910	 -0.006200	 0.169024	 -2.102041	 259166.818907	
84.000000	 1.000000	 0.000000	 -0.000000	 0.000000	 -90.000000	 0.168964	 -0.006211	 0.169078	 -2.105237	 0.000000	 0.017733	 0.017733	 90.000000	 0.168964	 -0.006211	 0.169078	 -2.105237	 259168.313916	
83.000000	 1.000000	 0.000000	 -0.000000	 0.000000	 -90.000000	 0.169010	 -0.006131	 0.169121	 -2.077474	 0.000000	 0.007351	 0.007351	 90.000000	 0.169010	 -0.006131	 0.169121	 -2.077474	 259169.760656	
82.000000	 1.000000	 0.000000	 -0.000000	 0.000000	 -90.000000	 0.169096	 -0.006205	 0.169210	 -2.101428	 0.000000	 0.002552	 0.002552	 90.000000	 0.169096	 -0.006205	 0.169210	 -2.101428	 259171.233984	
81.000000	 1.000000	 0.000000	 -0.000000	 0.000000	 -90.000000	 0.169150	 -0.006080	 0.169259	 -2.058643	 0.000000	 0.001968	 0.001968	 90.000000	 0.169150	 -0.006080	 0.169259	 -2.058643	 259172.703622	
80.000000	 1.000000	 0.000000	 -0.000000	 0.000000	 -90.000000	 0.169276	 -0.006053	 0.169384	 -2.047810	 0.000000	 0.003015	 0.003015	 90.000000	 0.169276	 -0.006053	 0.169384	 -2.047810	 259174.134591	
79.000000	 1.000000	 0.000000	 -0.000000	 0.000000	 -90.000000	 0.169361	 -0.006069	 0.169469	 -2.052180	 0.000000	 0.002422	 0.002422	 90.000000	 0.169361	 -0.006069	 0.169469	 -2.052180	 259175.592035	
78.000000	 1.000000	 0.000000	 -0.000000	 0.000000	 -90.000000	 0.169419	 -0.006010	 0.169526	 -2.031787	 0.000000	 0.001959	 0.001959	 90.000000	 0.169419	 -0.006010	 0.169526	 -2.031786	 259177.025556	
77.000000	 1.000000	 0.000000	 -0.000000	 0.000000	 -90.000000	 0.169421	 -0.005931	 0.169525	 -2.005048	 0.000000	 0.001939	 0.001939	 90.000000	 0.169421	 -0.005931	 0.169525	 -2.005048	 259178.505674	
76.000000	 1.000000	 0.000000	 -0.000000	 0.000000	 -90.000000	 0.169460	 -0.006031	 0.169567	 -2.038329	 0.000000	 0.001960	 0.001960	 90.000000	 0.169460	 -0.006031	 0.169567	 -2.038329	 259179.948773	
75.000000	 1.000000	 0.000000	 -0.000000	 0.000000	 -90.000000	 0.169542	 -0.006062	 0.169650	 -2.047821	 0.000000	 0.001966	 0.001966	 90.000000	 0.169542	 -0.006062	 0.169650	 -2.047821	 259181.425187	
74.000000	 1.000000	 0.000000	 -0.000000	 0.000000	 -90.000000	 0.169675	 -0.006020	 0.169782	 -2.032118	 0.000000	 0.001938	 0.001938	 90.000000	 0.169675	 -0.006020	 0.169782	 -2.032119	 259182.863908	
73.000000	 1.000000	 0.000000	 -0.000000	 0.000000	 -90.000000	 0.169746	 -0.005883	 0.169848	 -1.985078	 0.000000	 0.001963	 0.001963	 90.000000	 0.169746	 -0.005883	 0.169848	 -1.985078	 259184.329369	
72.000000	 1.000000	 0.000000	 -0.000000	 0.000000	 -90.000000	 0.169853	 -0.005811	 0.169952	 -1.959538	 0.000000	 0.002016	 0.002016	 90.000000	 0.169839	 -0.005811	 0.169938	 -1.959705	 259185.731012	
71.000000	 1.000000	 0.000000	 -0.000000	 0.000000	 -90.000000	 0.169890	 -0.005944	 0.169994	 -2.003823	 0.000000	 0.001996	 0.001996	 90.000000	 0.169885	 -0.005930	 0.169988	 -1.999222	 259187.165852	
70.000000	 1.000000	 0.000000	 -0.000000	 0.000000	 -90.000000	 0.169990	 -0.005764	 0.170088	 -1.942153	 0.000000	 0.001918	 0.001918	 90.000000	 0.169990	 -0.005764	 0.170088	 -1.942153	 259188.625485	
69.000000	 1.000000	 0.000000	 -0.000000	 0.000000	 -90.000000	 0.169992	 -0.005812	 0.170091	 -1.958229	 0.000000	 0.002864	 0.002864	 90.000000	 0.169992	 -0.005812	 0.170091	 -1.958230	 259190.072756	
68.000000	 1.000000	 0.000000	 -0.000000	 0.000000	 -90.000000	 0.170134	 -0.005827	 0.170234	 -1.961475	 0.000000	 0.001903	 0.001903	 90.000000	 0.170134	 -0.005827	 0.170234	 -1.961475	 259191.520128	
67.000000	 1.000000	 0.000000	 -0.000000	 0.000000	 -90.000000	 0.170200	 -0.005850	 0.170300	 -1.968446	 0.000000	 0.002019	 0.002019	 90.000000	 0.170200	 -0.005850	 0.170300	 -1.968446	 259192.974717	
66.000000	 1.000000	 0.000000	 -0.000000	 0.000000	 -90.000000	 0.170207	 -0.005603	 0.170299	 -1.885594	 0.000000	 0.001833	 0.001833	 90.000000	 0.170207	 -0.005603	 0.170299	 -1.885594	 259194.396902	
65.000000	 1.000000	 0.000000	 -0.000000	 0.000000	 -90.000000	 0.170351	 -0.005743	 0.170448	 -1.930864	 0.000000	 0.002056	 0.002056	 90.000000	 0.170351	 -0.005743	 0.170448	 -1.930864	 259195.793880	
64.000000	 1.000000	 0.000000	 -0.000000	 0.000000	 -90.000000	 0.170280	 -0.005561	 0.170371	 -1.870355	 0.000000	 0.002318	 0.002318	 90.000000	 0.170280	 -0.005561	 0.170371	 -1.870354	 259197.265423	
63.000000	 1.000000	 0.000000	 -0.000000	 0.000000	 -90.000000	 0.170944	 -0.005511	 0.171033	 -1.846643	 0.000000	 0.002793	 0.002793	 90.000000	 0.170944	 -0.005511	 0.171033	 -1.846643	 259198.679361	
62.000000	 1.000000	 0.000000	 -0.000000	 0.000000	 -90.000000	 0.170043	 -0.004775	 0.170110	 -1.608459	 0.000000	 0.002012	 0.002012	 90.000000	 0.170043	 -0.004775	 0.170110	 -1.608459	 259200.153014	
61.000000	 1.000000	 0.000000	 -0.000000	 0.000000	 -90.000000	 0.169934	 -0.005049	 0.170009	 -1.701772	 0.000000	 0.002115	 0.002115	 90.000000	 0.169324	 -0.005042	 0.169399	 -1.705489	 259201.571162	
60.000000	 1.000000	 0.000000	 -0.000000	 0.000000	 -90.000000	 0.172460	 -0.008169	 0.172653	 -2.711892	 0.000000	 0.001994	 0.001994	 90.000000	 0.172460	 -0.008169	 0.172653	 -2.711892	 259203.007089	
59.000000	 1.000000	 0.000000	 -0.000000	 0.000000	 -90.000000	 0.166861	 -0.005896	 0.166966	 -2.023529	 0.000000	 0.001991	 0.001991	 90.000000	 0.166861	 -0.005896	 0.166966	 -2.023529	 259204.457344	
58.000000	 1.000000	 0.000000	 -0.000000	 0.000000	 -90.000000	 0.175234	 -0.009821	 0.175509	 -3.207771	 0.000000	 0.002001	 0.002001	 90.000000	 0.175234	 -0.009821	 0.175509	 -3.207771	 259205.895559	
57.000000	 1.000000	 0.000000	 -0.000000	 0.000000	 -90.000000	 0.165484	 -0.014934	 0.166157	 -5.156738	 0.000000	 0.001993	 0.001993	 90.000000	 0.165484	 -0.014934	 0.166157	 -5.156738	 259207.316772	
56.000000	 1.000000	 0.000000	 -0.000000	 0.000000	 -90.000000	 0.163897	 -0.022146	 0.165387	 -7.695130	 0.000000	 0.002030	 0.002030	 90.000000	 0.163897	 -0.022146	 0.165387	 -7.695130	 259208.762545	
55.000000	 1.000000	 0.000000	 -0.000000	 0.000000	 -90.000000	 0.168805	 0.023465	 0.170428	 7.913940	 0.000000	 0.002025	 0.002025	 90.000000	 0.168805	 0.023465	 0.170428	 7.913940	 259210.196140	
54.000000	 1.000000	 0.000000	 -0.000000	 0.000000	 -90.000000	 0.181578	 0.032298	 0.184428	 10.085937	 0.000000	 0.001992	 0.001992	 90.000000	 0.181578	 0.032298	 0.184428	 10.085937	 259211.645393	
53.000000	 1.000000	 0.000000	 -0.000000	 0.000000	 -90.000000	 0.127065	 -0.029858	 0.130526	 -13.223342	 0.000000	 0.002021	 0.002021	 90.000000	 0.127065	 -0.029858	 0.130526	 -13.223342	 259213.106345	
52.000000	 1.000000	 0.000000	 -0.000000	 0.000000	 -90.000000	 0.121622	 0.033946	 0.126270	 15.594929	 0.000000	 0.002066	 0.002066	 90.000000	 0.121622	 0.033946	 0.126270	 15.594929	 259214.540298	
51.000000	 1.000000	 0.000000	 -0.000000	 0.000000	 -90.000000	 0.137537	 -0.068954	 0.153854	 -26.626966	 0.000000	 0.002021	 0.002021	 90.000000	 0.137537	 -0.068954	 0.153854	 -26.626966	 259215.985649	
50.000000	 1.000000	 0.000000	 -0.000000	 0.000000	 -90.000000	 0.108630	 0.037345	 0.114870	 18.972133	 0.000000	 0.001945	 0.001945	 90.000000	 0.108630	 0.037345	 0.114870	 18.972132	 259217.402944	
49.000000	 1.000000	 0.000000	 -0.000000	 0.000000	 -90.000000	 0.100964	 -0.022857	 0.103519	 -12.755900	 0.000000	 0.001979	 0.001979	 90.000000	 0.100964	 -0.022857	 0.103519	 -12.755900	 259218.805774	
48.000000	 1.000000	 0.000000	 -0.000000	 0.000000	 -90.000000	 0.216870	 0.041612	 0.220826	 10.861599	 0.000000	 0.001972	 0.001972	 90.000000	 0.216870	 0.041612	 0.220826	 10.861599	 259220.239662	
47.000000	 1.000000	 0.000000	 -0.000000	 0.000000	 -90.000000	 0.191693	 0.043670	 0.196604	 12.833532	 0.000000	 0.001852	 0.001852	 90.000000	 0.191693	 0.043670	 0.196604	 12.833532	 259221.690546	
46.000000	 1.000000	 0.000000	 -0.000000	 0.000000	 -90.000000	 0.144117	 -0.031842	 0.147593	 -12.458930	 0.000000	 0.002052	 0.002052	 90.000000	 0.140188	 -0.029220	 0.143201	 -11.773917	 259223.116370	
45.000000	 1.000000	 0.000000	 -0.000000	 0.000000	 -90.000000	 0.145809	 -0.014163	 0.146495	 -5.548020	 0.000000	 0.001980	 0.001980	 90.000000	 0.145809	 -0.014163	 0.146495	 -5.548020	 259224.555277	
44.000000	 1.000000	 0.000000	 -0.000000	 0.000000	 -90.000000	 0.188089	 -0.017328	 0.188886	 -5.263522	 0.000000	 0.001919	 0.001919	 90.000000	 0.188089	 -0.017328	 0.188886	 -5.263522	 259226.012182	
43.000000	 1.000000	 0.000000	 -0.000000	 0.000000	 -90.000000	 0.170654	 -0.016487	 0.171448	 -5.518136	 0.000000	 0.001974	 0.001974	 90.000000	 0.170654	 -0.016487	 0.171448	 -5.518135	 259227.429643	
42.000000	 1.000000	 0.000000	 -0.000000	 0.000000	 -90.000000	 0.177636	 -0.009500	 0.177890	 -3.061338	 0.000000	 0.002180	 0.002180	 90.000000	 0.177636	 -0.009500	 0.177890	 -3.061338	 259228.868271	
41.000000	 1.000000	 0.000000	 -0.000000	 0.000000	 -90.000000	 0.168413	 -0.002001	 0.168425	 -0.680738	 0.000000	 0.001148	 0.001148	 90.000000	 0.168413	 -0.002001	 0.168425	 -0.680738	 259230.290340	
40.000000	 1.000000	 0.000000	 -0.000000	 0.000000	 -90.000000	 0.173570	 -0.005436	 0.173655	 -1.793851	 0.000000	 0.001962	 0.001962	 90.000000	 0.173570	 -0.005436	 0.173655	 -1.793851	 259231.755108	
39.000000	 1.000000	 0.000000	 -0.000000	 0.000000	 -90.000000	 0.171610	 -0.004349	 0.171665	 -1.451630	 0.000000	 0.001806	 0.001806	 90.000000	 0.171610	 -0.004349	 0.171665	 -1.451630	 259233.212793	
38.000000	 1.000000	 0.000000	 -0.000000	 0.000000	 -90.000000	 0.172785	 -0.002869	 0.172809	 -0.951285	 0.000000	 0.002314	 0.002314	 90.000000	 0.172785	 -0.002869	 0.172809	 -0.951285	 259234.626733	
37.000000	 1.000000	 0.000000	 -0.000000	 0.000000	 -90.000000	 0.173701	 -0.003423	 0.173735	 -1.128816	 0.000000	 0.002088	 0.002088	 90.000000	 0.173701	 -0.003423	 0.173735	 -1.128816	 259236.074317	
36.000000	 1.000000	 0.000000	 -0.000000	 0.000000	 -90.000000	 0.173408	 -0.003554	 0.173445	 -1.174236	 0.000000	 0.001899	 0.001899	 90.000000	 0.173408	 -0.003554	 0.173445	 -1.174236	 259237.492337	
35.000000	 1.000000	 0.000000	 -0.000000	 0.000000	 -90.000000	 0.173841	 -0.003363	 0.173873	 -1.108200	 0.000000	 0.001940	 0.001940	 90.000000	 0.173841	 -0.003363	 0.173873	 -1.108200	 259238.925206	
34.000000	 1.000000	 0.000000	 -0.000000	 0.000000	 -90.000000	 0.173726	 -0.003506	 0.173761	 -1.156227	 0.000000	 0.001924	 0.001924	 90.000000	 0.173702	 -0.003428	 0.173736	 -1.130649	 259240.337766	
33.000000	 1.000000	 0.000000	 -0.000000	 0.000000	 -90.000000	 0.174079	 -0.002954	 0.174104	 -0.972304	 0.000000	 0.001957	 0.001957	 90.000000	 0.174079	 -0.002954	 0.174104	 -0.972303	 259241.800647	
32.000000	 1.000000	 0.000000	 -0.000000	 0.000000	 -90.000000	 0.174247	 -0.002859	 0.174270	 -0.939928	 0.000000	 0.001948	 0.001948	 90.000000	 0.174247	 -0.002859	 0.174270	 -0.939927	 259243.224574	
31.000000	 1.000000	 0.000000	 -0.000000	 0.000000	 -90.000000	 0.174254	 -0.002917	 0.174279	 -0.958907	 0.000000	 0.001946	 0.001946	 90.000000	 0.174254	 -0.002917	 0.174279	 -0.958907	 259244.677953	
30.000000	 1.000000	 0.000000	 -0.000000	 0.000000	 -90.000000	 0.174474	 -0.002398	 0.174491	 -0.787355	 0.000000	 0.001881	 0.001881	 90.000000	 0.174458	 -0.002409	 0.174475	 -0.791007	 259246.115046	
29.000000	 1.000000	 0.000000	 -0.000000	 0.000000	 -90.000000	 0.174938	 -0.002237	 0.174952	 -0.732670	 0.000000	 0.001961	 0.001961	 90.000000	 0.174938	 -0.002237	 0.174952	 -0.732670	 259247.544850	
28.000000	 1.000000	 0.000000	 -0.000000	 0.000000	 -90.000000	 0.174898	 -0.002052	 0.174910	 -0.672120	 0.000000	 0.001878	 0.001878	 90.000000	 0.174898	 -0.002052	 0.174910	 -0.672120	 259248.994214	
27.000000	 1.000000	 0.000000	 -0.000000	 0.000000	 -90.000000	 0.175112	 -0.001823	 0.175121	 -0.596605	 0.000000	 0.001967	 0.001967	 90.000000	 0.175112	 -0.001823	 0.175121	 -0.596605	 259250.473183	
26.000000	 1.000000	 0.000000	 -0.000000	 0.000000	 -90.000000	 0.175290	 -0.001478	 0.175296	 -0.483171	 0.000000	 0.001705	 0.001705	 90.000000	 0.175290	 -0.001478	 0.175296	 -0.483171	 259251.921157	
25.000000	 1.000000	 0.000000	 -0.000000	 0.000000	 -90.000000	 0.175514	 -0.001141	 0.175518	 -0.372489	 0.000000	 0.002342	 0.002342	 90.000000	 0.175514	 -0.001141	 0.175518	 -0.372489	 259253.378139	
24.000000	 1.000000	 0.000000	 -0.000000	 0.000000	 -90.000000	 0.175814	 -0.001002	 0.175816	 -0.326520	 0.000000	 0.002068	 0.002068	 90.000000	 0.175814	 -0.001002	 0.175816	 -0.326520	 259254.821907	
23.000000	 1.000000	 0.000000	 -0.000000	 0.000000	 -90.000000	 0.176106	 -0.000482	 0.176107	 -0.156857	 0.000000	 0.001729	 0.001729	 90.000000	 0.176109	 -0.000484	 0.176110	 -0.157606	 259256.366968	
22.000000	 1.000000	 0.000000	 -0.000000	 0.000000	 -90.000000	 0.176150	 -0.000194	 0.176150	 -0.063140	 0.000000	 0.001864	 0.001864	 90.000000	 0.176155	 -0.000191	 0.176155	 -0.062094	 259257.788229	
21.000000	 1.000000	 0.000000	 -0.000000	 0.000000	 -90.000000	 0.176414	 0.000295	 0.176415	 0.095781	 0.000000	 0.001861	 0.001861	 90.000000	 0.176423	 0.000278	 0.176423	 0.090424	 259259.221122	
20.000000	 1.000000	 0.000000	 -0.000000	 0.000000	 -90.000000	 0.176579	 0.000720	 0.176580	 0.233783	 0.000000	 0.001593	 0.001593	 90.000000	 0.176579	 0.000720	 0.176580	 0.233783	 259260.658639	
19.000000	 1.000000	 0.000000	 -0.000000	 0.000000	 -90.000000	 0.176828	 0.001216	 0.176832	 0.394162	 0.000000	 0.002062	 0.002062	 90.000000	 0.176828	 0.001216	 0.176832	 0.394162	 259262.081071	
18.000000	 1.000000	 0.000000	 -0.000000	 0.000000	 -90.000000	 0.177115	 0.001795	 0.177124	 0.580784	 0.000000	 0.002072	 0.002072	 90.000000	 0.177115	 0.001805	 0.177124	 0.583748	 259263.516295	
17.000000	 1.000000	 0.000000	 -0.000000	 0.000000	 -90.000000	 0.177350	 0.002388	 0.177366	 0.771577	 0.000000	 0.002142	 0.002142	 90.000000	 0.177350	 0.002388	 0.177366	 0.771577	 259264.957856	
16.000000	 1.000000	 0.000000	 -0.000000	 0.000000	 -90.000000	 0.177600	 0.003182	 0.177628	 1.026572	 0.000000	 0.002854	 0.002854	 90.000000	 0.177600	 0.003182	 0.177628	 1.026572	 259266.436861	
15.000000	 1.000000	 0.000000	 -0.000000	 0.000000	 -90.000000	 0.177759	 0.004014	 0.177804	 1.293474	 0.000000	 0.001834	 0.001834	 90.000000	 0.177759	 0.004014	 0.177804	 1.293474	 259267.858255	
14.000000	 1.000000	 0.000000	 -0.000000	 0.000000	 -90.000000	 0.177973	 0.004939	 0.178041	 1.589792	 0.000000	 0.001063	 0.001063	 90.000000	 0.177978	 0.004939	 0.178047	 1.589522	 259269.307255	
13.000000	 1.000000	 0.000000	 -0.000000	 0.000000	 -90.000000	 0.178118	 0.006029	 0.178220	 1.938741	 0.000000	 0.001683	 0.001683	 90.000000	 0.178118	 0.006029	 0.178220	 1.938741	 259270.736191	
12.000000	 1.000000	 0.000000	 -0.000000	 0.000000	 -90.000000	 0.178316	 0.007285	 0.178465	 2.339577	 0.000000	 0.004296	 0.004296	 90.000000	 0.178316	 0.007285	 0.178465	 2.339576	 259272.203094	
11.000000	 1.000000	 0.000000	 -0.000000	 0.000000	 -90.000000	 0.178344	 0.008692	 0.178556	 2.790353	 0.000000	 0.007667	 0.007667	 90.000000	 0.178365	 0.008688	 0.178576	 2.788644	 259273.647510	
10.000000	 1.000000	 0.000000	 -0.000000	 0.000000	 -90.000000	 0.178320	 0.010534	 0.178631	 3.380873	 0.000000	 -0.006122	 0.006122	 -90.000000	 0.178272	 0.010471	 0.178579	 3.361531	 259275.063468	
9.000000	 1.000000	 0.000000	 -0.000000	 0.000000	 -90.000000	 0.178130	 0.012602	 0.178576	 4.046821	 0.000000	 -0.018715	 0.018715	 -90.000000	 0.178130	 0.012602	 0.178576	 4.046821	 259276.496153	
8.000000	 1.000000	 0.000000	 -0.000000	 0.000000	 -90.000000	 0.177768	 0.014807	 0.178383	 4.761419	 0.000000	 0.011844	 0.011844	 90.000000	 0.177857	 0.014968	 0.178486	 4.810673	 259277.943106	
7.000000	 1.000000	 0.000000	 -0.000000	 0.000000	 -90.000000	 0.176354	 0.018211	 0.177292	 5.895823	 0.000000	 -0.049446	 0.049446	 -90.000000	 0.176354	 0.018211	 0.177292	 5.895823	 259279.404949	
6.000000	 1.000000	 0.000000	 -0.000000	 0.000000	 -90.000000	 0.174976	 0.023355	 0.176528	 7.602528	 0.000000	 -0.008910	 0.008910	 -90.000000	 0.174976	 0.023355	 0.176528	 7.602528	 259280.883545	
5.000000	 1.000000	 0.000000	 -0.000000	 0.000000	 -90.000000	 0.170133	 0.023101	 0.171694	 7.732328	 0.000000	 0.096223	 0.096223	 90.000000	 0.170133	 0.023101	 0.171694	 7.732328	 259282.327053	
4.000000	 1.000000	 0.000000	 -0.000000	 0.000000	 -90.000000	 0.181133	 0.023596	 0.182663	 7.422016	 0.000000	 0.174825	 0.174825	 90.000000	 0.181133	 0.023596	 0.182663	 7.422016	 259283.733696	
3.000000	 1.000000	 0.000000	 -0.000000	 0.000000	 -90.000000	 0.193916	 0.024594	 0.195469	 7.228271	 0.000000	 -0.217692	 0.217692	 -90.000000	 0.193916	 0.024594	 0.195469	 7.228271	 259285.167368	
2.000000	 1.000000	 0.000000	 -0.000000	 0.000000	 -90.000000	 0.150733	 -0.031229	 0.153935	 -11.705114	 0.000000	 -0.169078	 0.169078	 -90.000000	 0.150733	 -0.031229	 0.153935	 -11.705114	 259286.606731	
1.000000	 1.000000	 0.000000	 -0.000000	 0.000000	 -90.000000	 0.016146	 0.078686	 0.080325	 78.404429	 0.000000	 -0.079862	 0.079862	 -90.000000	 0.016146	 0.078686	 0.080325	 78.404429	 259288.034050	
