# Oscilator_frequency (Hz)	DemodAll_A (-)	Demod_1_X_A (A)	Demod_1_Y_A (A)	Demod_1__R_A (A)	Demod_1__Theta_A (deg)	Demod_2_X_A (A)	Demod_2_Y_A (A)	Demod_2__R_A (A)	Demod_2__Theta_A (deg)	Demod_3_X_A (V)	Demod_3_Y_A (V)	Demod_3__R_A (V)	Demod_3__Theta_A (deg)	Demod_4_X_A (V)	Demod_4_Y_A (V)	Demod_4__R_A (V)	Demod_4__Theta_A (deg)	Timer_GET (s)	
200.000000	 1.000000	 0.000000	 -0.000000	 0.000000	 -90.000000	 0.282502	 -0.027750	 0.283861	 -5.610218	 0.000000	 0.010423	 0.010423	 90.000000	 0.282502	 -0.027750	 0.283861	 -5.610218	 338246.485682	
199.000000	 1.000000	 0.000000	 -0.000000	 0.000000	 -90.000000	 0.282349	 -0.027760	 0.283710	 -5.615144	 0.000000	 0.006861	 0.006861	 90.000000	 0.282349	 -0.027760	 0.283710	 -5.615144	 338247.918312	
198.000000	 1.000000	 0.000000	 -0.000000	 0.000000	 -90.000000	 0.282768	 -0.027952	 0.284146	 -5.645387	 0.000000	 0.006376	 0.006376	 90.000000	 0.282768	 -0.027952	 0.284146	 -5.645387	 338249.346983	
197.000000	 1.000000	 0.000000	 -0.000000	 0.000000	 -90.000000	 0.282950	 -0.028292	 0.284361	 -5.709901	 0.000000	 0.011458	 0.011458	 90.000000	 0.282973	 -0.028281	 0.284383	 -5.707349	 338250.777190	
196.000000	 1.000000	 0.000000	 -0.000000	 0.000000	 -90.000000	 0.283216	 -0.028541	 0.284650	 -5.754608	 0.000000	 0.009288	 0.009288	 90.000000	 0.283216	 -0.028541	 0.284650	 -5.754608	 338252.210711	
195.000000	 1.000000	 0.000000	 -0.000000	 0.000000	 -90.000000	 0.283348	 -0.028632	 0.284791	 -5.770165	 0.000000	 0.008705	 0.008705	 90.000000	 0.283350	 -0.028640	 0.284794	 -5.771614	 338253.657030	
194.000000	 1.000000	 0.000000	 -0.000000	 0.000000	 -90.000000	 0.283400	 -0.028742	 0.284854	 -5.791063	 0.000000	 0.008332	 0.008332	 90.000000	 0.283400	 -0.028739	 0.284853	 -5.790378	 338255.084054	
193.000000	 1.000000	 0.000000	 -0.000000	 0.000000	 -90.000000	 0.283577	 -0.028858	 0.285041	 -5.810699	 0.000000	 0.008125	 0.008125	 90.000000	 0.283577	 -0.028858	 0.285041	 -5.810698	 338256.512629	
192.000000	 1.000000	 0.000000	 -0.000000	 0.000000	 -90.000000	 0.283777	 -0.028999	 0.285254	 -5.834842	 0.000000	 0.007836	 0.007836	 90.000000	 0.283777	 -0.028999	 0.285254	 -5.834842	 338257.980646	
191.000000	 1.000000	 0.000000	 -0.000000	 0.000000	 -90.000000	 0.283900	 -0.029098	 0.285387	 -5.852106	 0.000000	 0.007624	 0.007624	 90.000000	 0.283900	 -0.029098	 0.285387	 -5.852106	 338259.427746	
190.000000	 1.000000	 0.000000	 -0.000000	 0.000000	 -90.000000	 0.284059	 -0.029200	 0.285556	 -5.869088	 0.000000	 0.007399	 0.007399	 90.000000	 0.284059	 -0.029200	 0.285556	 -5.869088	 338260.890310	
189.000000	 1.000000	 0.000000	 -0.000000	 0.000000	 -90.000000	 0.284205	 -0.029296	 0.285711	 -5.885339	 0.000000	 0.007153	 0.007153	 90.000000	 0.284205	 -0.029296	 0.285711	 -5.885339	 338262.331056	
188.000000	 1.000000	 0.000000	 -0.000000	 0.000000	 -90.000000	 0.284346	 -0.029405	 0.285862	 -5.904097	 0.000000	 0.006979	 0.006979	 90.000000	 0.284346	 -0.029405	 0.285862	 -5.904097	 338263.731466	
187.000000	 1.000000	 0.000000	 -0.000000	 0.000000	 -90.000000	 0.284481	 -0.029480	 0.286005	 -5.916192	 0.000000	 0.006771	 0.006771	 90.000000	 0.284481	 -0.029480	 0.286005	 -5.916192	 338265.198517	
186.000000	 1.000000	 0.000000	 -0.000000	 0.000000	 -90.000000	 0.284608	 -0.029563	 0.286139	 -5.930218	 0.000000	 0.006604	 0.006604	 90.000000	 0.284608	 -0.029563	 0.286139	 -5.930218	 338266.631611	
185.000000	 1.000000	 0.000000	 -0.000000	 0.000000	 -90.000000	 0.284731	 -0.029669	 0.286272	 -5.948695	 0.000000	 0.006493	 0.006493	 90.000000	 0.284730	 -0.029670	 0.286272	 -5.948926	 338268.089737	
184.000000	 1.000000	 0.000000	 -0.000000	 0.000000	 -90.000000	 0.284843	 -0.029777	 0.286395	 -5.967958	 0.000000	 0.006306	 0.006306	 90.000000	 0.284843	 -0.029777	 0.286395	 -5.967959	 338269.528587	
183.000000	 1.000000	 0.000000	 -0.000000	 0.000000	 -90.000000	 0.284973	 -0.029836	 0.286531	 -5.976955	 0.000000	 0.006168	 0.006168	 90.000000	 0.284974	 -0.029838	 0.286531	 -5.977286	 338270.982221	
182.000000	 1.000000	 0.000000	 -0.000000	 0.000000	 -90.000000	 0.285141	 -0.029894	 0.286704	 -5.985023	 0.000000	 0.006015	 0.006015	 90.000000	 0.285141	 -0.029894	 0.286704	 -5.985023	 338272.417543	
181.000000	 1.000000	 0.000000	 -0.000000	 0.000000	 -90.000000	 0.285236	 -0.029979	 0.286807	 -5.999900	 0.000000	 0.005961	 0.005961	 90.000000	 0.285236	 -0.029979	 0.286807	 -5.999900	 338273.834594	
180.000000	 1.000000	 0.000000	 -0.000000	 0.000000	 -90.000000	 0.285367	 -0.030096	 0.286949	 -6.020335	 0.000000	 0.005814	 0.005814	 90.000000	 0.285367	 -0.030096	 0.286949	 -6.020335	 338275.249845	
179.000000	 1.000000	 0.000000	 -0.000000	 0.000000	 -90.000000	 0.285471	 -0.030136	 0.287058	 -6.026100	 0.000000	 0.005778	 0.005778	 90.000000	 0.285471	 -0.030136	 0.287058	 -6.026100	 338276.679207	
178.000000	 1.000000	 0.000000	 -0.000000	 0.000000	 -90.000000	 0.285687	 -0.030250	 0.287284	 -6.044320	 0.000000	 0.005647	 0.005647	 90.000000	 0.285687	 -0.030250	 0.287284	 -6.044320	 338278.131487	
177.000000	 1.000000	 0.000000	 -0.000000	 0.000000	 -90.000000	 0.285836	 -0.030313	 0.287439	 -6.053666	 0.000000	 0.005574	 0.005574	 90.000000	 0.285836	 -0.030313	 0.287439	 -6.053666	 338279.543284	
176.000000	 1.000000	 0.000000	 -0.000000	 0.000000	 -90.000000	 0.285888	 -0.030351	 0.287495	 -6.060085	 0.000000	 0.005473	 0.005473	 90.000000	 0.285888	 -0.030351	 0.287495	 -6.060085	 338280.987131	
175.000000	 1.000000	 0.000000	 -0.000000	 0.000000	 -90.000000	 0.285998	 -0.030500	 0.287620	 -6.087314	 0.000000	 0.005393	 0.005393	 90.000000	 0.285999	 -0.030500	 0.287620	 -6.087257	 338282.511048	
174.000000	 1.000000	 0.000000	 -0.000000	 0.000000	 -90.000000	 0.286110	 -0.030516	 0.287732	 -6.088037	 0.000000	 0.005253	 0.005253	 90.000000	 0.286110	 -0.030516	 0.287732	 -6.088037	 338284.017150	
173.000000	 1.000000	 0.000000	 -0.000000	 0.000000	 -90.000000	 0.286305	 -0.030548	 0.287930	 -6.090206	 0.000000	 0.005221	 0.005221	 90.000000	 0.286307	 -0.030548	 0.287932	 -6.090209	 338285.452601	
172.000000	 1.000000	 0.000000	 -0.000000	 0.000000	 -90.000000	 0.286460	 -0.030701	 0.288101	 -6.117271	 0.000000	 0.005114	 0.005114	 90.000000	 0.286460	 -0.030701	 0.288101	 -6.117271	 338286.881132	
171.000000	 1.000000	 0.000000	 -0.000000	 0.000000	 -90.000000	 0.286532	 -0.030738	 0.288176	 -6.123041	 0.000000	 0.005032	 0.005032	 90.000000	 0.286532	 -0.030738	 0.288176	 -6.123041	 338288.313051	
170.000000	 1.000000	 0.000000	 -0.000000	 0.000000	 -90.000000	 0.286716	 -0.030788	 0.288365	 -6.128943	 0.000000	 0.004997	 0.004997	 90.000000	 0.286716	 -0.030788	 0.288365	 -6.128943	 338289.795627	
169.000000	 1.000000	 0.000000	 -0.000000	 0.000000	 -90.000000	 0.286870	 -0.030870	 0.288526	 -6.141966	 0.000000	 0.004884	 0.004884	 90.000000	 0.286870	 -0.030870	 0.288526	 -6.141966	 338291.221778	
168.000000	 1.000000	 0.000000	 -0.000000	 0.000000	 -90.000000	 0.286962	 -0.030913	 0.288622	 -6.148563	 0.000000	 0.004838	 0.004838	 90.000000	 0.286962	 -0.030913	 0.288622	 -6.148563	 338292.683362	
167.000000	 1.000000	 0.000000	 -0.000000	 0.000000	 -90.000000	 0.287096	 -0.030990	 0.288763	 -6.160814	 0.000000	 0.004801	 0.004801	 90.000000	 0.287096	 -0.030990	 0.288763	 -6.160814	 338294.130110	
166.000000	 1.000000	 0.000000	 -0.000000	 0.000000	 -90.000000	 0.287187	 -0.031091	 0.288865	 -6.178721	 0.000000	 0.004737	 0.004737	 90.000000	 0.287187	 -0.031091	 0.288865	 -6.178721	 338295.574391	
165.000000	 1.000000	 0.000000	 -0.000000	 0.000000	 -90.000000	 0.287343	 -0.031168	 0.289029	 -6.190570	 0.000000	 0.004677	 0.004677	 90.000000	 0.287343	 -0.031168	 0.289029	 -6.190569	 338297.037262	
164.000000	 1.000000	 0.000000	 -0.000000	 0.000000	 -90.000000	 0.287448	 -0.031224	 0.289139	 -6.199410	 0.000000	 0.004655	 0.004655	 90.000000	 0.287448	 -0.031224	 0.289139	 -6.199410	 338298.499720	
163.000000	 1.000000	 0.000000	 -0.000000	 0.000000	 -90.000000	 0.287591	 -0.031323	 0.289291	 -6.215850	 0.000000	 0.004599	 0.004599	 90.000000	 0.287591	 -0.031323	 0.289291	 -6.215850	 338299.938514	
162.000000	 1.000000	 0.000000	 -0.000000	 0.000000	 -90.000000	 0.287748	 -0.031390	 0.289455	 -6.225619	 0.000000	 0.004523	 0.004523	 90.000000	 0.287748	 -0.031390	 0.289455	 -6.225619	 338301.358442	
161.000000	 1.000000	 0.000000	 -0.000000	 0.000000	 -90.000000	 0.287901	 -0.031461	 0.289615	 -6.236370	 0.000000	 0.004466	 0.004466	 90.000000	 0.287914	 -0.031466	 0.289629	 -6.236994	 338302.780885	
160.000000	 1.000000	 0.000000	 -0.000000	 0.000000	 -90.000000	 0.288024	 -0.031524	 0.289744	 -6.246106	 0.000000	 0.004426	 0.004426	 90.000000	 0.288024	 -0.031524	 0.289744	 -6.246106	 338304.275976	
159.000000	 1.000000	 0.000000	 -0.000000	 0.000000	 -90.000000	 0.288084	 -0.031466	 0.289797	 -6.233403	 0.000000	 0.004367	 0.004367	 90.000000	 0.288084	 -0.031466	 0.289797	 -6.233403	 338305.764157	
158.000000	 1.000000	 0.000000	 -0.000000	 0.000000	 -90.000000	 0.288171	 -0.031661	 0.289905	 -6.269939	 0.000000	 0.004317	 0.004317	 90.000000	 0.288171	 -0.031661	 0.289905	 -6.269939	 338307.202839	
157.000000	 1.000000	 0.000000	 -0.000000	 0.000000	 -90.000000	 0.288594	 -0.031555	 0.290314	 -6.240035	 0.000000	 0.004322	 0.004322	 90.000000	 0.288594	 -0.031555	 0.290314	 -6.240035	 338308.669799	
156.000000	 1.000000	 0.000000	 -0.000000	 0.000000	 -90.000000	 0.288651	 -0.031438	 0.290358	 -6.215721	 0.000000	 0.004286	 0.004286	 90.000000	 0.288651	 -0.031438	 0.290358	 -6.215721	 338310.115675	
155.000000	 1.000000	 0.000000	 -0.000000	 0.000000	 -90.000000	 0.288853	 -0.032373	 0.290661	 -6.394622	 0.000000	 0.004214	 0.004214	 90.000000	 0.288939	 -0.032368	 0.290746	 -6.391876	 338311.555208	
154.000000	 1.000000	 0.000000	 -0.000000	 0.000000	 -90.000000	 0.288973	 -0.032590	 0.290805	 -6.434601	 0.000000	 0.004193	 0.004193	 90.000000	 0.288973	 -0.032590	 0.290805	 -6.434601	 338313.020198	
153.000000	 1.000000	 0.000000	 -0.000000	 0.000000	 -90.000000	 0.288739	 -0.030954	 0.290393	 -6.119030	 0.000000	 0.004189	 0.004189	 90.000000	 0.288739	 -0.030954	 0.290393	 -6.119030	 338314.429225	
152.000000	 1.000000	 0.000000	 -0.000000	 0.000000	 -90.000000	 0.289646	 -0.030884	 0.291288	 -6.086270	 0.000000	 0.004124	 0.004124	 90.000000	 0.289646	 -0.030884	 0.291288	 -6.086270	 338315.863244	
151.000000	 1.000000	 0.000000	 -0.000000	 0.000000	 -90.000000	 0.287812	 -0.032004	 0.289586	 -6.345131	 0.000000	 0.004186	 0.004186	 90.000000	 0.287812	 -0.032004	 0.289586	 -6.345131	 338317.292612	
150.000000	 1.000000	 0.000000	 -0.000000	 0.000000	 -90.000000	 0.289519	 -0.030650	 0.291137	 -6.043086	 0.000000	 0.004118	 0.004118	 90.000000	 0.289519	 -0.030650	 0.291137	 -6.043086	 338318.750251	
149.000000	 1.000000	 0.000000	 -0.000000	 0.000000	 -90.000000	 0.288282	 -0.031498	 0.289997	 -6.235499	 0.000000	 0.004057	 0.004057	 90.000000	 0.288282	 -0.031498	 0.289997	 -6.235499	 338320.211074	
148.000000	 1.000000	 0.000000	 -0.000000	 0.000000	 -90.000000	 0.290971	 -0.032137	 0.292740	 -6.302552	 0.000000	 0.003977	 0.003977	 90.000000	 0.290971	 -0.032137	 0.292740	 -6.302552	 338321.667582	
147.000000	 1.000000	 0.000000	 -0.000000	 0.000000	 -90.000000	 0.290533	 -0.031579	 0.292244	 -6.203349	 0.000000	 0.003974	 0.003974	 90.000000	 0.290533	 -0.031579	 0.292244	 -6.203349	 338323.113801	
146.000000	 1.000000	 0.000000	 -0.000000	 0.000000	 -90.000000	 0.289702	 -0.033164	 0.291594	 -6.530614	 0.000000	 0.003963	 0.003963	 90.000000	 0.289702	 -0.033164	 0.291594	 -6.530614	 338324.550054	
145.000000	 1.000000	 0.000000	 -0.000000	 0.000000	 -90.000000	 0.289927	 -0.032974	 0.291796	 -6.488429	 0.000000	 0.003915	 0.003915	 90.000000	 0.289681	 -0.032896	 0.291543	 -6.478809	 338325.982424	
144.000000	 1.000000	 0.000000	 -0.000000	 0.000000	 -90.000000	 0.290490	 -0.032252	 0.292275	 -6.335370	 0.000000	 0.003873	 0.003873	 90.000000	 0.290558	 -0.032264	 0.292344	 -6.336155	 338327.449919	
143.000000	 1.000000	 0.000000	 -0.000000	 0.000000	 -90.000000	 0.290624	 -0.032433	 0.292428	 -6.367796	 0.000000	 0.003831	 0.003831	 90.000000	 0.290624	 -0.032433	 0.292428	 -6.367796	 338328.893018	
142.000000	 1.000000	 0.000000	 -0.000000	 0.000000	 -90.000000	 0.290520	 -0.032555	 0.292339	 -6.393688	 0.000000	 0.003859	 0.003859	 90.000000	 0.290520	 -0.032555	 0.292339	 -6.393688	 338330.322302	
141.000000	 1.000000	 0.000000	 -0.000000	 0.000000	 -90.000000	 0.290876	 -0.032690	 0.292707	 -6.412255	 0.000000	 0.003785	 0.003785	 90.000000	 0.290876	 -0.032690	 0.292707	 -6.412255	 338331.768435	
140.000000	 1.000000	 0.000000	 -0.000000	 0.000000	 -90.000000	 0.290910	 -0.032770	 0.292750	 -6.427171	 0.000000	 0.003773	 0.003773	 90.000000	 0.290910	 -0.032770	 0.292750	 -6.427171	 338333.210126	
139.000000	 1.000000	 0.000000	 -0.000000	 0.000000	 -90.000000	 0.291072	 -0.032877	 0.292923	 -6.444236	 0.000000	 0.003717	 0.003717	 90.000000	 0.291072	 -0.032877	 0.292923	 -6.444236	 338334.618901	
138.000000	 1.000000	 0.000000	 -0.000000	 0.000000	 -90.000000	 0.291254	 -0.032914	 0.293108	 -6.447599	 0.000000	 0.003754	 0.003754	 90.000000	 0.291254	 -0.032914	 0.293108	 -6.447599	 338336.060644	
137.000000	 1.000000	 0.000000	 -0.000000	 0.000000	 -90.000000	 0.291383	 -0.033006	 0.293247	 -6.462472	 0.000000	 0.003722	 0.003722	 90.000000	 0.291383	 -0.033006	 0.293247	 -6.462472	 338337.512117	
136.000000	 1.000000	 0.000000	 -0.000000	 0.000000	 -90.000000	 0.291567	 -0.033085	 0.293438	 -6.473796	 0.000000	 0.003752	 0.003752	 90.000000	 0.291567	 -0.033085	 0.293438	 -6.473796	 338338.968911	
135.000000	 1.000000	 0.000000	 -0.000000	 0.000000	 -90.000000	 0.291728	 -0.033108	 0.293601	 -6.474833	 0.000000	 0.003711	 0.003711	 90.000000	 0.291729	 -0.033107	 0.293601	 -6.474499	 338340.410142	
134.000000	 1.000000	 0.000000	 -0.000000	 0.000000	 -90.000000	 0.291867	 -0.033180	 0.293747	 -6.485695	 0.000000	 0.003669	 0.003669	 90.000000	 0.291867	 -0.033180	 0.293747	 -6.485695	 338341.820851	
133.000000	 1.000000	 0.000000	 -0.000000	 0.000000	 -90.000000	 0.292072	 -0.033201	 0.293953	 -6.485165	 0.000000	 0.003632	 0.003632	 90.000000	 0.292072	 -0.033201	 0.293953	 -6.485165	 338343.242901	
132.000000	 1.000000	 0.000000	 -0.000000	 0.000000	 -90.000000	 0.292288	 -0.033336	 0.294183	 -6.506627	 0.000000	 0.003624	 0.003624	 90.000000	 0.292286	 -0.033339	 0.294182	 -6.507186	 338344.681695	
131.000000	 1.000000	 0.000000	 -0.000000	 0.000000	 -90.000000	 0.292450	 -0.033378	 0.294349	 -6.511172	 0.000000	 0.003593	 0.003593	 90.000000	 0.292450	 -0.033378	 0.294349	 -6.511172	 338346.122258	
130.000000	 1.000000	 0.000000	 -0.000000	 0.000000	 -90.000000	 0.292600	 -0.033445	 0.294505	 -6.520694	 0.000000	 0.003563	 0.003563	 90.000000	 0.292604	 -0.033445	 0.294510	 -6.520704	 338347.558634	
129.000000	 1.000000	 0.000000	 -0.000000	 0.000000	 -90.000000	 0.292805	 -0.033499	 0.294715	 -6.526675	 0.000000	 0.003535	 0.003535	 90.000000	 0.292805	 -0.033499	 0.294715	 -6.526675	 338348.973141	
128.000000	 1.000000	 0.000000	 -0.000000	 0.000000	 -90.000000	 0.292959	 -0.033618	 0.294881	 -6.546225	 0.000000	 0.003550	 0.003550	 90.000000	 0.292959	 -0.033618	 0.294881	 -6.546225	 338350.375311	
127.000000	 1.000000	 0.000000	 -0.000000	 0.000000	 -90.000000	 0.293120	 -0.033654	 0.295046	 -6.549589	 0.000000	 0.003550	 0.003550	 90.000000	 0.293120	 -0.033654	 0.295046	 -6.549589	 338351.809780	
126.000000	 1.000000	 0.000000	 -0.000000	 0.000000	 -90.000000	 0.293315	 -0.033713	 0.295246	 -6.556594	 0.000000	 0.003528	 0.003528	 90.000000	 0.293315	 -0.033713	 0.295246	 -6.556594	 338353.285428	
125.000000	 1.000000	 0.000000	 -0.000000	 0.000000	 -90.000000	 0.293502	 -0.033738	 0.295435	 -6.557347	 0.000000	 0.003447	 0.003447	 90.000000	 0.293503	 -0.033735	 0.295435	 -6.556700	 338354.731083	
124.000000	 1.000000	 0.000000	 -0.000000	 0.000000	 -90.000000	 0.293675	 -0.033796	 0.295613	 -6.564788	 0.000000	 0.003496	 0.003496	 90.000000	 0.293675	 -0.033796	 0.295613	 -6.564788	 338356.167295	
123.000000	 1.000000	 0.000000	 -0.000000	 0.000000	 -90.000000	 0.293900	 -0.033908	 0.295849	 -6.581199	 0.000000	 0.003488	 0.003488	 90.000000	 0.293900	 -0.033908	 0.295849	 -6.581200	 338357.605203	
122.000000	 1.000000	 0.000000	 -0.000000	 0.000000	 -90.000000	 0.294082	 -0.033936	 0.296033	 -6.582577	 0.000000	 0.003419	 0.003419	 90.000000	 0.294081	 -0.033933	 0.296033	 -6.582143	 338359.087258	
121.000000	 1.000000	 0.000000	 -0.000000	 0.000000	 -90.000000	 0.294257	 -0.034044	 0.296220	 -6.599555	 0.000000	 0.003429	 0.003429	 90.000000	 0.294257	 -0.034044	 0.296220	 -6.599555	 338360.520065	
120.000000	 1.000000	 0.000000	 -0.000000	 0.000000	 -90.000000	 0.294474	 -0.034056	 0.296437	 -6.596892	 0.000000	 0.003438	 0.003438	 90.000000	 0.294474	 -0.034056	 0.296437	 -6.596892	 338361.957930	
119.000000	 1.000000	 0.000000	 -0.000000	 0.000000	 -90.000000	 0.294659	 -0.034183	 0.296635	 -6.617182	 0.000000	 0.003345	 0.003345	 90.000000	 0.294659	 -0.034183	 0.296635	 -6.617182	 338363.397521	
118.000000	 1.000000	 0.000000	 -0.000000	 0.000000	 -90.000000	 0.294862	 -0.034211	 0.296840	 -6.618038	 0.000000	 0.003224	 0.003224	 90.000000	 0.294861	 -0.034211	 0.296839	 -6.618124	 338364.808433	
117.000000	 1.000000	 0.000000	 -0.000000	 0.000000	 -90.000000	 0.294986	 -0.034296	 0.296973	 -6.631678	 0.000000	 0.003352	 0.003352	 90.000000	 0.294986	 -0.034296	 0.296973	 -6.631678	 338366.263819	
116.000000	 1.000000	 0.000000	 -0.000000	 0.000000	 -90.000000	 0.295214	 -0.034317	 0.297202	 -6.630600	 0.000000	 0.003356	 0.003356	 90.000000	 0.295213	 -0.034313	 0.297201	 -6.629853	 338367.677513	
115.000000	 1.000000	 0.000000	 -0.000000	 0.000000	 -90.000000	 0.295476	 -0.034436	 0.297476	 -6.647557	 0.000000	 0.003361	 0.003361	 90.000000	 0.295476	 -0.034436	 0.297476	 -6.647557	 338369.112315	
114.000000	 1.000000	 0.000000	 -0.000000	 0.000000	 -90.000000	 0.295630	 -0.034487	 0.297635	 -6.653888	 0.000000	 0.003288	 0.003288	 90.000000	 0.295630	 -0.034487	 0.297635	 -6.653888	 338370.574237	
113.000000	 1.000000	 0.000000	 -0.000000	 0.000000	 -90.000000	 0.295840	 -0.034515	 0.297847	 -6.654521	 0.000000	 0.003347	 0.003347	 90.000000	 0.295840	 -0.034515	 0.297847	 -6.654521	 338372.029478	
112.000000	 1.000000	 0.000000	 -0.000000	 0.000000	 -90.000000	 0.296083	 -0.034590	 0.298096	 -6.663313	 0.000000	 0.003273	 0.003273	 90.000000	 0.296083	 -0.034590	 0.298096	 -6.663313	 338373.461429	
111.000000	 1.000000	 0.000000	 -0.000000	 0.000000	 -90.000000	 0.296262	 -0.034661	 0.298283	 -6.672870	 0.000000	 0.003281	 0.003281	 90.000000	 0.296262	 -0.034661	 0.298283	 -6.672870	 338374.898498	
110.000000	 1.000000	 0.000000	 -0.000000	 0.000000	 -90.000000	 0.296486	 -0.034718	 0.298512	 -6.678852	 0.000000	 0.003270	 0.003270	 90.000000	 0.296486	 -0.034718	 0.298512	 -6.678852	 338376.338700	
109.000000	 1.000000	 0.000000	 -0.000000	 0.000000	 -90.000000	 0.296664	 -0.034749	 0.298692	 -6.680751	 0.000000	 0.003275	 0.003275	 90.000000	 0.296664	 -0.034749	 0.298692	 -6.680751	 338377.795778	
108.000000	 1.000000	 0.000000	 -0.000000	 0.000000	 -90.000000	 0.296933	 -0.034848	 0.298971	 -6.693636	 0.000000	 0.003303	 0.003303	 90.000000	 0.296933	 -0.034848	 0.298971	 -6.693636	 338379.241318	
107.000000	 1.000000	 0.000000	 -0.000000	 0.000000	 -90.000000	 0.297121	 -0.034866	 0.299160	 -6.692908	 0.000000	 0.003205	 0.003205	 90.000000	 0.297121	 -0.034866	 0.299160	 -6.692908	 338380.685832	
106.000000	 1.000000	 0.000000	 -0.000000	 0.000000	 -90.000000	 0.297346	 -0.034992	 0.299397	 -6.711765	 0.000000	 0.003448	 0.003448	 90.000000	 0.297348	 -0.034995	 0.299400	 -6.712388	 338382.109291	
105.000000	 1.000000	 0.000000	 -0.000000	 0.000000	 -90.000000	 0.297569	 -0.034962	 0.299616	 -6.701068	 0.000000	 0.002996	 0.002996	 90.000000	 0.297569	 -0.034962	 0.299616	 -6.701068	 338383.538569	
104.000000	 1.000000	 0.000000	 -0.000000	 0.000000	 -90.000000	 0.297753	 -0.035065	 0.299811	 -6.716570	 0.000000	 0.003171	 0.003171	 90.000000	 0.297753	 -0.035065	 0.299811	 -6.716570	 338384.968062	
103.000000	 1.000000	 0.000000	 -0.000000	 0.000000	 -90.000000	 0.298196	 -0.035180	 0.300264	 -6.728411	 0.000000	 0.003681	 0.003681	 90.000000	 0.298196	 -0.035180	 0.300264	 -6.728412	 338386.416063	
102.000000	 1.000000	 0.000000	 -0.000000	 0.000000	 -90.000000	 0.298297	 -0.035294	 0.300377	 -6.747838	 0.000000	 0.003818	 0.003818	 90.000000	 0.298297	 -0.035294	 0.300377	 -6.747838	 338387.897841	
101.000000	 1.000000	 0.000000	 -0.000000	 0.000000	 -90.000000	 0.298711	 -0.035238	 0.300782	 -6.727943	 0.000000	 0.003740	 0.003740	 90.000000	 0.298712	 -0.035235	 0.300783	 -6.727367	 338389.333766	
100.000000	 1.000000	 0.000000	 -0.000000	 0.000000	 -90.000000	 0.298739	 -0.035359	 0.300824	 -6.750113	 0.000000	 0.003400	 0.003400	 90.000000	 0.298739	 -0.035359	 0.300824	 -6.750114	 338390.778138	
99.000000	 1.000000	 0.000000	 -0.000000	 0.000000	 -90.000000	 0.299112	 -0.035281	 0.301185	 -6.727129	 0.000000	 0.003514	 0.003514	 90.000000	 0.299110	 -0.035286	 0.301184	 -6.728159	 338392.215916	
98.000000	 1.000000	 0.000000	 -0.000000	 0.000000	 -90.000000	 0.299276	 -0.035597	 0.301385	 -6.783041	 0.000000	 0.003366	 0.003366	 90.000000	 0.299276	 -0.035597	 0.301385	 -6.783041	 338393.679392	
97.000000	 1.000000	 0.000000	 -0.000000	 0.000000	 -90.000000	 0.299497	 -0.035627	 0.301608	 -6.783774	 0.000000	 0.003224	 0.003224	 90.000000	 0.299497	 -0.035627	 0.301608	 -6.783774	 338395.095946	
96.000000	 1.000000	 0.000000	 -0.000000	 0.000000	 -90.000000	 0.299824	 -0.035404	 0.301907	 -6.734419	 0.000000	 0.003181	 0.003181	 90.000000	 0.299824	 -0.035404	 0.301907	 -6.734419	 338396.547974	
95.000000	 1.000000	 0.000000	 -0.000000	 0.000000	 -90.000000	 0.300096	 -0.035567	 0.302196	 -6.759148	 0.000000	 0.003400	 0.003400	 90.000000	 0.300096	 -0.035567	 0.302196	 -6.759148	 338397.980024	
94.000000	 1.000000	 0.000000	 -0.000000	 0.000000	 -90.000000	 0.300356	 -0.035618	 0.302460	 -6.762961	 0.000000	 0.003094	 0.003094	 90.000000	 0.300356	 -0.035618	 0.302460	 -6.762961	 338399.398089	
93.000000	 1.000000	 0.000000	 -0.000000	 0.000000	 -90.000000	 0.300590	 -0.035727	 0.302706	 -6.778223	 0.000000	 0.003235	 0.003235	 90.000000	 0.300598	 -0.035738	 0.302715	 -6.780099	 338400.807780	
92.000000	 1.000000	 0.000000	 -0.000000	 0.000000	 -90.000000	 0.300789	 -0.035724	 0.302903	 -6.773073	 0.000000	 0.003167	 0.003167	 90.000000	 0.300789	 -0.035724	 0.302903	 -6.773073	 338402.264734	
91.000000	 1.000000	 0.000000	 -0.000000	 0.000000	 -90.000000	 0.301199	 -0.035765	 0.303315	 -6.771667	 0.000000	 0.003188	 0.003188	 90.000000	 0.301199	 -0.035765	 0.303315	 -6.771667	 338403.709226	
90.000000	 1.000000	 0.000000	 -0.000000	 0.000000	 -90.000000	 0.301470	 -0.035847	 0.303594	 -6.780998	 0.000000	 0.003177	 0.003177	 90.000000	 0.301470	 -0.035847	 0.303594	 -6.780998	 338405.163676	
89.000000	 1.000000	 0.000000	 -0.000000	 0.000000	 -90.000000	 0.301650	 -0.035843	 0.303772	 -6.776203	 0.000000	 0.003099	 0.003099	 90.000000	 0.301650	 -0.035843	 0.303772	 -6.776203	 338406.632137	
88.000000	 1.000000	 0.000000	 -0.000000	 0.000000	 -90.000000	 0.301976	 -0.035957	 0.304109	 -6.790307	 0.000000	 0.003119	 0.003119	 90.000000	 0.301976	 -0.035957	 0.304109	 -6.790307	 338408.026211	
87.000000	 1.000000	 0.000000	 -0.000000	 0.000000	 -90.000000	 0.302352	 -0.036065	 0.304495	 -6.802228	 0.000000	 0.003084	 0.003084	 90.000000	 0.302352	 -0.036065	 0.304495	 -6.802228	 338409.486855	
86.000000	 1.000000	 0.000000	 -0.000000	 0.000000	 -90.000000	 0.302577	 -0.036086	 0.304721	 -6.801125	 0.000000	 0.003095	 0.003095	 90.000000	 0.302577	 -0.036086	 0.304721	 -6.801125	 338410.905773	
85.000000	 1.000000	 0.000000	 -0.000000	 0.000000	 -90.000000	 0.302886	 -0.036098	 0.305030	 -6.796524	 0.000000	 0.003113	 0.003113	 90.000000	 0.302886	 -0.036098	 0.305030	 -6.796524	 338412.397140	
84.000000	 1.000000	 0.000000	 -0.000000	 0.000000	 -90.000000	 0.303284	 -0.036167	 0.305433	 -6.800495	 0.000000	 0.003109	 0.003109	 90.000000	 0.303284	 -0.036167	 0.305433	 -6.800495	 338413.819963	
83.000000	 1.000000	 0.000000	 -0.000000	 0.000000	 -90.000000	 0.303471	 -0.036254	 0.305629	 -6.812604	 0.000000	 0.003136	 0.003136	 90.000000	 0.303471	 -0.036254	 0.305629	 -6.812604	 338415.259083	
82.000000	 1.000000	 0.000000	 -0.000000	 0.000000	 -90.000000	 0.303803	 -0.036350	 0.305970	 -6.823073	 0.000000	 0.003089	 0.003089	 90.000000	 0.303803	 -0.036350	 0.305970	 -6.823073	 338416.696513	
81.000000	 1.000000	 0.000000	 -0.000000	 0.000000	 -90.000000	 0.304111	 -0.036220	 0.306260	 -6.791961	 0.000000	 0.003045	 0.003045	 90.000000	 0.304111	 -0.036220	 0.306260	 -6.791961	 338418.114730	
80.000000	 1.000000	 0.000000	 -0.000000	 0.000000	 -90.000000	 0.304493	 -0.036285	 0.306647	 -6.795573	 0.000000	 0.003090	 0.003090	 90.000000	 0.304493	 -0.036285	 0.306647	 -6.795573	 338419.562423	
79.000000	 1.000000	 0.000000	 -0.000000	 0.000000	 -90.000000	 0.304664	 -0.036544	 0.306848	 -6.839929	 0.000000	 0.003042	 0.003042	 90.000000	 0.304676	 -0.036547	 0.306860	 -6.840205	 338420.976263	
78.000000	 1.000000	 0.000000	 -0.000000	 0.000000	 -90.000000	 0.304997	 -0.036636	 0.307190	 -6.849442	 0.000000	 0.003064	 0.003064	 90.000000	 0.304997	 -0.036636	 0.307190	 -6.849442	 338422.450201	
77.000000	 1.000000	 0.000000	 -0.000000	 0.000000	 -90.000000	 0.305297	 -0.036383	 0.307457	 -6.796121	 0.000000	 0.003081	 0.003081	 90.000000	 0.305298	 -0.036389	 0.307459	 -6.797110	 338423.890325	
76.000000	 1.000000	 0.000000	 -0.000000	 0.000000	 -90.000000	 0.305631	 -0.036244	 0.307772	 -6.762912	 0.000000	 0.002939	 0.002939	 90.000000	 0.305631	 -0.036244	 0.307772	 -6.762912	 338425.351317	
75.000000	 1.000000	 0.000000	 -0.000000	 0.000000	 -90.000000	 0.306300	 -0.036341	 0.308449	 -6.766242	 0.000000	 0.003027	 0.003027	 90.000000	 0.306300	 -0.036341	 0.308449	 -6.766242	 338426.792899	
74.000000	 1.000000	 0.000000	 -0.000000	 0.000000	 -90.000000	 0.306400	 -0.036658	 0.308585	 -6.822558	 0.000000	 0.002966	 0.002966	 90.000000	 0.306400	 -0.036658	 0.308585	 -6.822558	 338428.275870	
73.000000	 1.000000	 0.000000	 -0.000000	 0.000000	 -90.000000	 0.306564	 -0.036559	 0.308736	 -6.800655	 0.000000	 0.003045	 0.003045	 90.000000	 0.306564	 -0.036559	 0.308736	 -6.800655	 338429.705416	
72.000000	 1.000000	 0.000000	 -0.000000	 0.000000	 -90.000000	 0.307270	 -0.036741	 0.309459	 -6.818584	 0.000000	 0.003059	 0.003059	 90.000000	 0.307270	 -0.036741	 0.309459	 -6.818584	 338431.150302	
71.000000	 1.000000	 0.000000	 -0.000000	 0.000000	 -90.000000	 0.307363	 -0.036583	 0.309533	 -6.787510	 0.000000	 0.003043	 0.003043	 90.000000	 0.307363	 -0.036583	 0.309533	 -6.787510	 338432.569103	
70.000000	 1.000000	 0.000000	 -0.000000	 0.000000	 -90.000000	 0.307708	 -0.036668	 0.309885	 -6.795663	 0.000000	 0.003055	 0.003055	 90.000000	 0.307708	 -0.036668	 0.309885	 -6.795663	 338434.008453	
69.000000	 1.000000	 0.000000	 -0.000000	 0.000000	 -90.000000	 0.308257	 -0.036964	 0.310466	 -6.837887	 0.000000	 0.003039	 0.003039	 90.000000	 0.308257	 -0.036964	 0.310466	 -6.837887	 338435.505427	
68.000000	 1.000000	 0.000000	 -0.000000	 0.000000	 -90.000000	 0.308755	 -0.036626	 0.310920	 -6.765023	 0.000000	 0.003019	 0.003019	 90.000000	 0.308755	 -0.036626	 0.310920	 -6.765023	 338436.943110	
67.000000	 1.000000	 0.000000	 -0.000000	 0.000000	 -90.000000	 0.308717	 -0.036746	 0.310896	 -6.787799	 0.000000	 0.003008	 0.003008	 90.000000	 0.308717	 -0.036746	 0.310896	 -6.787799	 338438.386537	
66.000000	 1.000000	 0.000000	 -0.000000	 0.000000	 -90.000000	 0.309263	 -0.037016	 0.311471	 -6.825243	 0.000000	 0.003028	 0.003028	 90.000000	 0.309263	 -0.037016	 0.311471	 -6.825243	 338439.805608	
65.000000	 1.000000	 0.000000	 -0.000000	 0.000000	 -90.000000	 0.309847	 -0.036831	 0.312028	 -6.778820	 0.000000	 0.003053	 0.003053	 90.000000	 0.309847	 -0.036831	 0.312028	 -6.778820	 338441.232273	
64.000000	 1.000000	 0.000000	 -0.000000	 0.000000	 -90.000000	 0.310181	 -0.036833	 0.312360	 -6.771987	 0.000000	 0.002949	 0.002949	 90.000000	 0.310181	 -0.036833	 0.312360	 -6.771987	 338442.684394	
63.000000	 1.000000	 0.000000	 -0.000000	 0.000000	 -90.000000	 0.310070	 -0.036746	 0.312240	 -6.758582	 0.000000	 0.003317	 0.003317	 90.000000	 0.310070	 -0.036746	 0.312240	 -6.758582	 338444.107198	
62.000000	 1.000000	 0.000000	 -0.000000	 0.000000	 -90.000000	 0.312834	 -0.036364	 0.314940	 -6.630394	 0.000000	 0.004499	 0.004499	 90.000000	 0.312834	 -0.036364	 0.314940	 -6.630394	 338445.560703	
61.000000	 1.000000	 0.000000	 -0.000000	 0.000000	 -90.000000	 0.313308	 -0.036936	 0.315477	 -6.723656	 0.000000	 0.003163	 0.003163	 90.000000	 0.313308	 -0.036936	 0.315477	 -6.723656	 338447.013267	
60.000000	 1.000000	 0.000000	 -0.000000	 0.000000	 -90.000000	 0.310120	 -0.036599	 0.312273	 -6.730734	 0.000000	 0.003101	 0.003101	 90.000000	 0.309337	 -0.037306	 0.311579	 -6.876609	 338448.428806	
59.000000	 1.000000	 0.000000	 -0.000000	 0.000000	 -90.000000	 0.307768	 -0.038525	 0.310170	 -7.134920	 0.000000	 0.003064	 0.003064	 90.000000	 0.307768	 -0.038525	 0.310170	 -7.134920	 338449.846546	
58.000000	 1.000000	 0.000000	 -0.000000	 0.000000	 -90.000000	 0.321170	 -0.039099	 0.323541	 -6.940981	 0.000000	 0.002778	 0.002778	 90.000000	 0.321170	 -0.039099	 0.323541	 -6.940981	 338451.282753	
57.000000	 1.000000	 0.000000	 -0.000000	 0.000000	 -90.000000	 0.307617	 -0.049282	 0.311539	 -9.101837	 0.000000	 0.002848	 0.002848	 90.000000	 0.307617	 -0.049282	 0.311539	 -9.101837	 338452.736507	
56.000000	 1.000000	 0.000000	 -0.000000	 0.000000	 -90.000000	 0.332463	 -0.050729	 0.336311	 -8.675605	 0.000000	 0.001939	 0.001939	 90.000000	 0.332463	 -0.050729	 0.336311	 -8.675605	 338454.154399	
55.000000	 1.000000	 0.000000	 -0.000000	 0.000000	 -90.000000	 0.283554	 -0.032064	 0.285361	 -6.451533	 0.000000	 0.004401	 0.004401	 90.000000	 0.283554	 -0.032064	 0.285361	 -6.451533	 338455.617420	
54.000000	 1.000000	 0.000000	 -0.000000	 0.000000	 -90.000000	 0.281496	 -0.008169	 0.281614	 -1.662181	 0.000000	 0.005267	 0.005267	 90.000000	 0.277203	 -0.011308	 0.277433	 -2.336056	 338457.064172	
53.000000	 1.000000	 0.000000	 -0.000000	 0.000000	 -90.000000	 0.361427	 -0.074179	 0.368961	 -11.598307	 0.000000	 0.000242	 0.000242	 90.000000	 0.361427	 -0.074179	 0.368961	 -11.598307	 338458.517406	
52.000000	 1.000000	 0.000000	 -0.000000	 0.000000	 -90.000000	 0.301515	 -0.108115	 0.320312	 -19.726399	 0.000000	 0.003988	 0.003988	 90.000000	 0.312115	 -0.110889	 0.331228	 -19.559233	 338459.975500	
51.000000	 1.000000	 0.000000	 -0.000000	 0.000000	 -90.000000	 0.392095	 -0.001836	 0.392099	 -0.268232	 0.000000	 -0.000602	 0.000602	 -90.000000	 0.392095	 -0.001836	 0.392099	 -0.268232	 338461.427268	
50.000000	 1.000000	 0.000000	 -0.000000	 0.000000	 -90.000000	 0.371558	 -0.104993	 0.386107	 -15.778986	 0.000000	 0.002975	 0.002975	 90.000000	 0.371558	 -0.104993	 0.386107	 -15.778986	 338462.870706	
49.000000	 1.000000	 0.000000	 -0.000000	 0.000000	 -90.000000	 0.389035	 0.005229	 0.389070	 0.770106	 0.000000	 0.000869	 0.000869	 90.000000	 0.389035	 0.005229	 0.389070	 0.770106	 338464.298531	
48.000000	 1.000000	 0.000000	 -0.000000	 0.000000	 -90.000000	 0.313370	 -0.108595	 0.331653	 -19.113227	 0.000000	 0.003381	 0.003381	 90.000000	 0.313370	 -0.108595	 0.331653	 -19.113227	 338465.734380	
47.000000	 1.000000	 0.000000	 -0.000000	 0.000000	 -90.000000	 0.342383	 -0.089993	 0.354013	 -14.726764	 0.000000	 0.002758	 0.002758	 90.000000	 0.342383	 -0.089993	 0.354013	 -14.726764	 338467.168579	
46.000000	 1.000000	 0.000000	 -0.000000	 0.000000	 -90.000000	 0.280681	 -0.017843	 0.281247	 -3.637342	 0.000000	 0.004220	 0.004220	 90.000000	 0.280681	 -0.017843	 0.281247	 -3.637342	 338468.615218	
45.000000	 1.000000	 0.000000	 -0.000000	 0.000000	 -90.000000	 0.289215	 -0.027180	 0.290489	 -5.368858	 0.000000	 0.003897	 0.003897	 90.000000	 0.289215	 -0.027180	 0.290489	 -5.368858	 338470.059787	
44.000000	 1.000000	 0.000000	 -0.000000	 0.000000	 -90.000000	 0.329180	 -0.054507	 0.333662	 -9.401907	 0.000000	 0.003395	 0.003395	 90.000000	 0.326332	 -0.057363	 0.331335	 -9.969621	 338471.479711	
43.000000	 1.000000	 0.000000	 -0.000000	 0.000000	 -90.000000	 0.323674	 -0.048830	 0.327337	 -8.579044	 0.000000	 0.003421	 0.003421	 90.000000	 0.323674	 -0.048830	 0.327337	 -8.579044	 338472.939338	
42.000000	 1.000000	 0.000000	 -0.000000	 0.000000	 -90.000000	 0.333465	 -0.035807	 0.335381	 -6.128798	 0.000000	 0.002758	 0.002758	 90.000000	 0.333465	 -0.035807	 0.335381	 -6.128798	 338474.374314	
41.000000	 1.000000	 0.000000	 -0.000000	 0.000000	 -90.000000	 0.325991	 -0.038744	 0.328285	 -6.777744	 0.000000	 0.003114	 0.003114	 90.000000	 0.325749	 -0.040373	 0.328242	 -7.065136	 338475.807670	
40.000000	 1.000000	 0.000000	 -0.000000	 0.000000	 -90.000000	 0.324988	 -0.038322	 0.327239	 -6.725156	 0.000000	 0.002991	 0.002991	 90.000000	 0.324988	 -0.038322	 0.327239	 -6.725156	 338477.224482	
39.000000	 1.000000	 0.000000	 -0.000000	 0.000000	 -90.000000	 0.325350	 -0.036065	 0.327342	 -6.325357	 0.000000	 0.002701	 0.002701	 90.000000	 0.325350	 -0.036065	 0.327342	 -6.325357	 338478.704361	
38.000000	 1.000000	 0.000000	 -0.000000	 0.000000	 -90.000000	 0.325745	 -0.035654	 0.327690	 -6.246292	 0.000000	 0.003302	 0.003302	 90.000000	 0.325745	 -0.035654	 0.327690	 -6.246292	 338480.151097	
37.000000	 1.000000	 0.000000	 -0.000000	 0.000000	 -90.000000	 0.325306	 -0.036078	 0.327301	 -6.328592	 0.000000	 0.003066	 0.003066	 90.000000	 0.325032	 -0.036276	 0.327050	 -6.368217	 338481.596413	
36.000000	 1.000000	 0.000000	 -0.000000	 0.000000	 -90.000000	 0.326438	 -0.035486	 0.328361	 -6.203992	 0.000000	 0.003025	 0.003025	 90.000000	 0.326438	 -0.035486	 0.328361	 -6.203992	 338483.066033	
35.000000	 1.000000	 0.000000	 -0.000000	 0.000000	 -90.000000	 0.327010	 -0.035397	 0.328920	 -6.177919	 0.000000	 0.003093	 0.003093	 90.000000	 0.327010	 -0.035397	 0.328920	 -6.177920	 338484.482691	
34.000000	 1.000000	 0.000000	 -0.000000	 0.000000	 -90.000000	 0.328007	 -0.035074	 0.329877	 -6.103530	 0.000000	 0.002888	 0.002888	 90.000000	 0.328007	 -0.035074	 0.329877	 -6.103530	 338485.928207	
33.000000	 1.000000	 0.000000	 -0.000000	 0.000000	 -90.000000	 0.328634	 -0.034791	 0.330471	 -6.043071	 0.000000	 0.002634	 0.002634	 90.000000	 0.328634	 -0.034791	 0.330471	 -6.043071	 338487.402374	
32.000000	 1.000000	 0.000000	 -0.000000	 0.000000	 -90.000000	 0.329592	 -0.034591	 0.331403	 -5.991394	 0.000000	 0.001972	 0.001972	 90.000000	 0.329592	 -0.034591	 0.331403	 -5.991394	 338488.880945	
31.000000	 1.000000	 0.000000	 -0.000000	 0.000000	 -90.000000	 0.330635	 -0.034342	 0.332414	 -5.929818	 0.000000	 0.003594	 0.003594	 90.000000	 0.330635	 -0.034342	 0.332414	 -5.929818	 338490.324932	
30.000000	 1.000000	 0.000000	 -0.000000	 0.000000	 -90.000000	 0.331735	 -0.033929	 0.333465	 -5.839696	 0.000000	 0.002781	 0.002781	 90.000000	 0.331719	 -0.033931	 0.333449	 -5.840328	 338491.798122	
29.000000	 1.000000	 0.000000	 -0.000000	 0.000000	 -90.000000	 0.332475	 -0.033650	 0.334173	 -5.779319	 0.000000	 0.003007	 0.003007	 90.000000	 0.332475	 -0.033650	 0.334173	 -5.779319	 338493.212502	
28.000000	 1.000000	 0.000000	 -0.000000	 0.000000	 -90.000000	 0.333817	 -0.033156	 0.335459	 -5.672230	 0.000000	 0.002384	 0.002384	 90.000000	 0.333817	 -0.033156	 0.335459	 -5.672230	 338494.659636	
27.000000	 1.000000	 0.000000	 -0.000000	 0.000000	 -90.000000	 0.335042	 -0.033742	 0.336737	 -5.750909	 0.000000	 0.003527	 0.003527	 90.000000	 0.335042	 -0.033742	 0.336737	 -5.750909	 338496.124181	
26.000000	 1.000000	 0.000000	 -0.000000	 0.000000	 -90.000000	 0.334514	 -0.031804	 0.336022	 -5.431058	 0.000000	 0.002970	 0.002970	 90.000000	 0.334514	 -0.031804	 0.336022	 -5.431058	 338497.578618	
25.000000	 1.000000	 0.000000	 -0.000000	 0.000000	 -90.000000	 0.337901	 -0.032951	 0.339503	 -5.569614	 0.000000	 0.003102	 0.003102	 90.000000	 0.337901	 -0.032951	 0.339503	 -5.569614	 338499.028813	
24.000000	 1.000000	 0.000000	 -0.000000	 0.000000	 -90.000000	 0.338823	 -0.030840	 0.340224	 -5.200815	 0.000000	 0.000506	 0.000506	 90.000000	 0.338823	 -0.030840	 0.340224	 -5.200815	 338500.475973	
23.000000	 1.000000	 0.000000	 -0.000000	 0.000000	 -90.000000	 0.339123	 -0.031003	 0.340537	 -5.223521	 0.000000	 0.002908	 0.002908	 90.000000	 0.339123	 -0.031003	 0.340537	 -5.223521	 338501.902173	
22.000000	 1.000000	 0.000000	 -0.000000	 0.000000	 -90.000000	 0.340734	 -0.030745	 0.342118	 -5.155890	 0.000000	 0.003205	 0.003205	 90.000000	 0.340697	 -0.030740	 0.342081	 -5.155590	 338503.318103	
21.000000	 1.000000	 0.000000	 -0.000000	 0.000000	 -90.000000	 0.342155	 -0.029731	 0.343445	 -4.966157	 0.000000	 0.000261	 0.000261	 90.000000	 0.342155	 -0.029731	 0.343445	 -4.966157	 338504.855321	
20.000000	 1.000000	 0.000000	 -0.000000	 0.000000	 -90.000000	 0.343883	 -0.028981	 0.345102	 -4.817334	 0.000000	 0.002779	 0.002779	 90.000000	 0.343883	 -0.028981	 0.345102	 -4.817334	 338506.294422	
19.000000	 1.000000	 0.000000	 -0.000000	 0.000000	 -90.000000	 0.345229	 -0.027977	 0.346361	 -4.633072	 0.000000	 0.002970	 0.002970	 90.000000	 0.345229	 -0.027977	 0.346361	 -4.633072	 338507.746301	
18.000000	 1.000000	 0.000000	 -0.000000	 0.000000	 -90.000000	 0.347065	 -0.027731	 0.348171	 -4.568252	 0.000000	 0.003358	 0.003358	 90.000000	 0.347065	 -0.027731	 0.348171	 -4.568252	 338509.192322	
17.000000	 1.000000	 0.000000	 -0.000000	 0.000000	 -90.000000	 0.347795	 -0.026427	 0.348798	 -4.345215	 0.000000	 0.002436	 0.002436	 90.000000	 0.347795	 -0.026427	 0.348798	 -4.345215	 338510.634679	
16.000000	 1.000000	 0.000000	 -0.000000	 0.000000	 -90.000000	 0.350400	 -0.025526	 0.351329	 -4.166489	 0.000000	 0.004268	 0.004268	 90.000000	 0.350400	 -0.025526	 0.351329	 -4.166489	 338512.073213	
15.000000	 1.000000	 0.000000	 -0.000000	 0.000000	 -90.000000	 0.352857	 -0.023138	 0.353614	 -3.751741	 0.000000	 0.004406	 0.004406	 90.000000	 0.352857	 -0.023138	 0.353614	 -3.751741	 338513.527791	
14.000000	 1.000000	 0.000000	 -0.000000	 0.000000	 -90.000000	 0.354837	 -0.021579	 0.355493	 -3.480020	 0.000000	 0.000850	 0.000850	 90.000000	 0.354779	 -0.021740	 0.355445	 -3.506617	 338515.000453	
13.000000	 1.000000	 0.000000	 -0.000000	 0.000000	 -90.000000	 0.357027	 -0.019589	 0.357564	 -3.140477	 0.000000	 0.003523	 0.003523	 90.000000	 0.357027	 -0.019589	 0.357564	 -3.140477	 338516.461258	
12.000000	 1.000000	 0.000000	 -0.000000	 0.000000	 -90.000000	 0.359475	 -0.017176	 0.359885	 -2.735560	 0.000000	 0.005770	 0.005770	 90.000000	 0.359475	 -0.017176	 0.359885	 -2.735560	 338517.971152	
11.000000	 1.000000	 0.000000	 -0.000000	 0.000000	 -90.000000	 0.361915	 -0.014825	 0.362219	 -2.345715	 0.000000	 -0.009218	 0.009218	 -90.000000	 0.361915	 -0.014825	 0.362219	 -2.345715	 338519.434434	
10.000000	 1.000000	 0.000000	 -0.000000	 0.000000	 -90.000000	 0.364518	 -0.011255	 0.364691	 -1.768576	 0.000000	 0.020491	 0.020491	 90.000000	 0.364460	 -0.011209	 0.364632	 -1.761596	 338520.861363	
9.000000	 1.000000	 0.000000	 -0.000000	 0.000000	 -90.000000	 0.366889	 -0.007732	 0.366971	 -1.207347	 0.000000	 0.019773	 0.019773	 90.000000	 0.366889	 -0.007732	 0.366971	 -1.207347	 338522.316716	
8.000000	 1.000000	 0.000000	 -0.000000	 0.000000	 -90.000000	 0.370782	 -0.001890	 0.370787	 -0.292002	 0.000000	 0.025726	 0.025726	 90.000000	 0.370782	 -0.001890	 0.370787	 -0.292002	 338523.743132	
7.000000	 1.000000	 0.000000	 -0.000000	 0.000000	 -90.000000	 0.371873	 0.004421	 0.371899	 0.681092	 0.000000	 0.087162	 0.087162	 90.000000	 0.371873	 0.004421	 0.371899	 0.681092	 338525.180743	
6.000000	 1.000000	 0.000000	 -0.000000	 0.000000	 -90.000000	 0.379521	 0.013419	 0.379758	 2.024950	 0.000000	 0.150888	 0.150888	 90.000000	 0.379521	 0.013419	 0.379758	 2.024950	 338526.615770	
5.000000	 1.000000	 0.000000	 -0.000000	 0.000000	 -90.000000	 0.385129	 0.027758	 0.386128	 4.122386	 0.000000	 -0.187894	 0.187894	 -90.000000	 0.385129	 0.027758	 0.386128	 4.122386	 338528.077858	
4.000000	 1.000000	 0.000000	 -0.000000	 0.000000	 -90.000000	 0.400873	 0.049582	 0.403928	 7.050880	 0.000000	 -0.321155	 0.321155	 -90.000000	 0.400873	 0.049582	 0.403928	 7.050880	 338529.508358	
3.000000	 1.000000	 0.000000	 -0.000000	 0.000000	 -90.000000	 0.413011	 0.157471	 0.442012	 20.870663	 0.000000	 0.414640	 0.414640	 90.000000	 0.413011	 0.157471	 0.442012	 20.870663	 338530.952701	
2.000000	 1.000000	 0.000000	 -0.000000	 0.000000	 -90.000000	 0.496708	 0.224493	 0.545084	 24.321145	 0.000000	 0.591779	 0.591779	 90.000000	 0.496708	 0.224493	 0.545084	 24.321145	 338532.352608	
1.000000	 1.000000	 0.000000	 -0.000000	 0.000000	 -90.000000	 0.124091	 -0.098633	 0.158515	 -38.479315	 0.000000	 -0.155326	 0.155326	 -90.000000	 0.124091	 -0.098633	 0.158515	 -38.479315	 338533.850211	
