# Oscilator_frequency (Hz)	DemodAll_A (-)	Demod_1_X_A (A)	Demod_1_Y_A (A)	Demod_1__R_A (A)	Demod_1__Theta_A (deg)	Demod_2_X_A (A)	Demod_2_Y_A (A)	Demod_2__R_A (A)	Demod_2__Theta_A (deg)	Demod_3_X_A (V)	Demod_3_Y_A (V)	Demod_3__R_A (V)	Demod_3__Theta_A (deg)	Demod_4_X_A (V)	Demod_4_Y_A (V)	Demod_4__R_A (V)	Demod_4__Theta_A (deg)	Timer_GET (s)
1.0	1.0	0.0	0.0	0.0	-90.0	0.0	0.0	0.0	21.145801	0.0	-0.305802	0.305802	-90.0	0.279599	0.093566	0.294839	18.502563	1225076.256452
2.0	1.0	0.0	0.0	0.0	-90.0	0.0	0.0	0.0	-94.593118	0.0	0.021187	0.021187	90.0	0.084718	0.021487	0.087401	14.231895	1225074.824044
3.0	1.0	0.0	0.0	0.0	-90.0	0.0	0.0	0.0	-45.261122	0.0	-0.161792	0.161792	-90.0	0.156379	-0.042104	0.161948	-15.069247	1225073.36498
4.0	1.0	0.0	0.0	0.0	-90.0	0.0	0.0	0.0	-149.714781	0.0	0.165328	0.165328	90.0	0.191909	0.002661	0.191928	0.794379	1225071.903722
5.0	1.0	0.0	0.0	0.0	-90.0	0.0	0.0	0.0	-160.278718	0.0	0.121116	0.121116	90.0	0.178396	-0.006997	0.178533	-2.246228	1225070.435995
6.0	1.0	0.0	0.0	0.0	-90.0	0.0	0.0	0.0	-41.007459	0.0	-0.067421	0.067421	-90.0	0.16977	-0.006517	0.169895	-2.198249	1225069.012006
7.0	1.0	0.0	0.0	0.0	-90.0	0.0	0.0	0.0	-74.76696	0.0	-0.010093	0.010093	-90.0	0.171759	-0.006375	0.171877	-2.125731	1225067.568104
8.0	1.0	0.0	0.0	0.0	-90.0	0.0	0.0	0.0	41.758693	0.0	-0.015696	0.015696	-90.0	0.171272	-0.008181	0.171468	-2.734673	1225066.14778
9.0	1.0	0.0	0.0	0.0	-90.0	0.0	0.0	0.0	16.410471	0.0	-0.017005	0.017005	-90.0	0.171031	-0.009302	0.171284	-3.113091	1225064.666738
10.0	1.0	0.0	0.0	0.0	-90.0	0.0	0.0	0.0	31.031868	0.0	-0.008899	0.008899	-90.0	0.170709	-0.010176	0.171012	-3.411241	1225063.233677
11.0	1.0	0.0	0.0	0.0	-90.0	0.0	0.0	0.0	-136.881083	0.0	0.006463	0.006463	90.0	0.170521	-0.011142	0.170885	-3.738594	1225061.792677
12.0	1.0	0.0	0.0	0.0	-90.0	0.0	0.0	0.0	166.46714	0.0	0.005596	0.005596	90.0	0.17018	-0.012149	0.170613	-4.083299	1225060.356173
13.0	1.0	0.0	0.0	0.0	-90.0	0.0	0.0	0.0	41.211759	0.0	0.004529	0.004529	90.0	0.170137	-0.012924	0.170627	-4.344113	1225058.909662
14.0	1.0	0.0	0.0	0.0	-90.0	0.0	0.0	0.0	135.561443	0.0	0.001667	0.001667	90.0	0.169742	-0.013948	0.170314	-4.69753	1225057.454479
15.0	1.0	0.0	0.0	0.0	-90.0	0.0	0.0	0.0	-92.559156	0.0	0.00103	0.00103	90.0	0.169068	-0.015177	0.169748	-5.129593	1225056.003441
16.0	1.0	0.0	0.0	0.0	-90.0	0.0	0.0	0.0	31.195724	0.0	0.001355	0.001355	90.0	0.169152	-0.015859	0.169893	-5.356204	1225054.538159
17.0	1.0	0.0	0.0	0.0	-90.0	0.0	0.0	0.0	21.105408	0.0	0.002003	0.002003	90.0	0.168626	-0.01705	0.169486	-5.773604	1225053.101112
18.0	1.0	0.0	0.0	0.0	-90.0	0.0	0.0	0.0	28.0727	0.0	0.001663	0.001663	90.0	0.168552	-0.017323	0.169439	-5.867845	1225051.662787
19.0	1.0	0.0	0.0	0.0	-90.0	0.0	0.0	0.0	-164.107981	0.0	0.001818	0.001818	90.0	0.168598	-0.01743	0.169496	-5.902311	1225050.215765
20.0	1.0	0.0	0.0	0.0	-90.0	0.0	0.0	0.0	-15.268912	0.0	0.001318	0.001318	90.0	0.169571	-0.016381	0.170361	-5.517689	1225048.772986
21.0	1.0	0.0	0.0	0.0	-90.0	0.0	0.0	0.0	162.34369	0.0	0.001484	0.001484	90.0	0.16938	-0.017138	0.170245	-5.777482	1225047.325706
22.0	1.0	0.0	0.0	0.0	-90.0	0.0	0.0	0.0	155.668937	0.0	0.001713	0.001713	90.0	0.168602	-0.018307	0.169593	-6.196921	1225045.873031
23.0	1.0	0.0	0.0	0.0	-90.0	0.0	0.0	0.0	-15.697163	0.0	0.001715	0.001715	90.0	0.168127	-0.018719	0.169166	-6.353068	1225044.43072
24.0	1.0	0.0	0.0	0.0	-90.0	0.0	0.0	0.0	38.520161	0.0	0.001769	0.001769	90.0	0.168298	-0.019175	0.169387	-6.499962	1225043.003429
25.0	1.0	0.0	0.0	0.0	-90.0	0.0	0.0	0.0	20.124876	0.0	0.001694	0.001694	90.0	0.167739	-0.021117	0.169064	-7.17545	1225041.5266
26.0	1.0	0.0	0.0	0.0	-90.0	0.0	0.0	0.0	130.059102	0.0	0.001889	0.001889	90.0	0.166722	-0.020774	0.168011	-7.102761	1225040.051742
27.0	1.0	0.0	0.0	0.0	-90.0	0.0	0.0	0.0	93.05623	0.0	0.001706	0.001706	90.0	0.166825	-0.022008	0.16827	-7.515342	1225038.612924
28.0	1.0	0.0	0.0	0.0	-90.0	0.0	0.0	0.0	138.460423	0.0	0.002408	0.002408	90.0	0.166578	-0.022766	0.168126	-7.782303	1225037.171354
29.0	1.0	0.0	0.0	0.0	-90.0	0.0	0.0	0.0	-31.399296	0.0	0.002439	0.002439	90.0	0.165949	-0.023254	0.16757	-7.976625	1225035.715232
30.0	1.0	0.0	0.0	0.0	-90.0	0.0	0.0	0.0	-77.686749	0.0	0.002405	0.002405	90.0	0.165605	-0.023868	0.167316	-8.201241	1225034.29297
31.0	1.0	0.0	0.0	0.0	-90.0	0.0	0.0	0.0	129.43389	0.0	0.002513	0.002513	90.0	0.164892	-0.024763	0.166742	-8.540815	1225032.862928
32.0	1.0	0.0	0.0	0.0	-90.0	0.0	0.0	0.0	-116.91609	0.0	0.00271	0.00271	90.0	0.164339	-0.025663	0.16633	-8.875591	1225031.43744
33.0	1.0	0.0	0.0	0.0	-90.0	0.0	0.0	0.0	-77.788207	0.0	0.0027	0.0027	90.0	0.164306	-0.025694	0.166303	-8.888005	1225029.993491
34.0	1.0	0.0	0.0	0.0	-90.0	0.0	0.0	0.0	-124.604847	0.0	0.002341	0.002341	90.0	0.163328	-0.026808	0.165513	-9.321265	1225028.595401
35.0	1.0	0.0	0.0	0.0	-90.0	0.0	0.0	0.0	-172.391924	0.0	0.002729	0.002729	90.0	0.161349	-0.028973	0.16393	-10.17988	1225027.168452
36.0	1.0	0.0	0.0	0.0	-90.0	0.0	0.0	0.0	132.774793	0.0	0.002744	0.002744	90.0	0.161229	-0.029274	0.163865	-10.290855	1225025.721458
37.0	1.0	0.0	0.0	0.0	-90.0	0.0	0.0	0.0	119.40463	0.0	0.002921	0.002921	90.0	0.15977	-0.030508	0.162656	-10.810355	1225024.266755
38.0	1.0	0.0	0.0	0.0	-90.0	0.0	0.0	0.0	72.139848	0.0	0.002885	0.002885	90.0	0.16034	-0.030081	0.163137	-10.625669	1225022.828744
39.0	1.0	0.0	0.0	0.0	-90.0	0.0	0.0	0.0	-140.594113	0.0	0.002673	0.002673	90.0	0.159816	-0.030136	0.162633	-10.678777	1225021.394811
40.0	1.0	0.0	0.0	0.0	-90.0	0.0	0.0	0.0	162.675234	0.0	0.002863	0.002863	90.0	0.157899	-0.032076	0.161124	-11.482961	1225019.928995
41.0	1.0	0.0	0.0	0.0	-90.0	0.0	0.0	0.0	-114.926799	0.0	0.002236	0.002236	90.0	0.16015	-0.031683	0.163254	-11.190406	1225018.47218
42.0	1.0	0.0	0.0	0.0	-90.0	0.0	0.0	0.0	171.532137	0.0	0.002069	0.002069	90.0	0.162073	-0.027856	0.16445	-9.752444	1225017.008053
43.0	1.0	0.0	0.0	0.0	-90.0	0.0	0.0	0.0	-4.814791	0.0	0.002511	0.002511	90.0	0.164314	-0.033828	0.16776	-11.633151	1225015.568005
44.0	1.0	0.0	0.0	0.0	-90.0	0.0	0.0	0.0	15.652055	0.0	0.002459	0.002459	90.0	0.16518	-0.028271	0.167582	-9.712079	1225014.135945
45.0	1.0	0.0	0.0	0.0	-90.0	0.0	0.0	0.0	151.701311	0.0	0.004048	0.004048	90.0	0.15309	-0.04301	0.159017	-15.692658	1225012.688593
46.0	1.0	0.0	0.0	0.0	-90.0	0.0	0.0	0.0	-131.550677	0.0	0.004337	0.004337	90.0	0.151318	-0.046633	0.158341	-17.128236	1225011.242351
47.0	1.0	0.0	0.0	0.0	-90.0	0.0	0.0	0.0	-25.061986	0.0	0.001702	0.001702	90.0	0.156205	-0.016122	0.157035	-5.892824	1225009.826425
48.0	1.0	0.0	0.0	0.0	-90.0	0.0	0.0	0.0	144.927742	0.0	0.001295	0.001295	90.0	0.174084	-0.023179	0.175621	-7.584119	1225008.372018
49.0	1.0	0.0	0.0	0.0	-90.0	0.0	0.0	0.0	-38.772543	0.0	0.003898	0.003898	90.0	0.128849	-0.024212	0.131104	-10.642482	1225006.893951
50.0	1.0	0.0	0.0	0.0	-90.0	0.0	0.0	0.0	26.709181	0.0	0.000851	0.000851	90.0	0.154659	-0.008454	0.154889	-3.128788	1225005.441866
51.0	1.0	0.0	0.0	0.0	-90.0	0.0	0.0	0.0	122.672569	0.0	0.004227	0.004227	90.0	0.125721	-0.036235	0.130838	-16.078118	1225004.013233
52.0	1.0	0.0	0.0	0.0	-90.0	0.0	0.0	0.0	43.091224	0.0	0.001403	0.001403	90.0	0.152066	-0.013639	0.152676	-5.125273	1225002.564716
53.0	1.0	0.0	0.0	0.0	-90.0	0.0	0.0	0.0	81.398815	0.0	0.002941	0.002941	90.0	0.142807	-0.024	0.14481	-9.539739	1225001.112663
54.0	1.0	0.0	0.0	0.0	-90.0	0.0	0.0	0.0	-129.971681	0.0	0.00266	0.00266	90.0	0.153706	-0.023326	0.155466	-8.629089	1224999.60967
55.0	1.0	0.0	0.0	0.0	-90.0	0.0	0.0	0.0	-54.245992	0.0	0.003134	0.003134	90.0	0.152221	-0.027529	0.15469	-10.250968	1224998.158502
56.0	1.0	0.0	0.0	0.0	-90.0	0.0	0.0	0.0	100.364856	0.0	0.004326	0.004326	90.0	0.155692	-0.042085	0.16128	-15.126217	1224996.717764
57.0	1.0	0.0	0.0	0.0	-90.0	0.0	0.0	0.0	-17.614996	0.0	0.004575	0.004575	90.0	0.152727	-0.039996	0.157877	-14.674983	1224995.273028
58.0	1.0	0.0	0.0	0.0	-90.0	0.0	0.0	0.0	-96.716453	0.0	0.003877	0.003877	90.0	0.155792	-0.036711	0.160059	-13.259266	1224993.82078
59.0	1.0	0.0	0.0	0.0	-90.0	0.0	0.0	0.0	-128.173906	0.0	0.004492	0.004492	90.0	0.154259	-0.038212	0.158921	-13.912881	1224992.355443
60.0	1.0	0.0	0.0	0.0	-90.0	0.0	0.0	0.0	4.484173	0.0	0.004262	0.004262	90.0	0.147506	-0.040076	0.152853	-15.199963	1224990.909262
61.0	1.0	0.0	0.0	0.0	-90.0	0.0	0.0	0.0	48.650844	0.0	0.004436	0.004436	90.0	0.146668	-0.041307	0.152373	-15.729104	1224989.460364
62.0	1.0	0.0	0.0	0.0	-90.0	0.0	0.0	0.0	36.984591	0.0	0.003719	0.003719	90.0	0.149452	-0.040286	0.154786	-15.085995	1224988.010465
63.0	1.0	0.0	0.0	0.0	-90.0	0.0	0.0	0.0	-14.371973	0.0	0.004452	0.004452	90.0	0.151382	-0.03895	0.156313	-14.429153	1224986.578804
64.0	1.0	0.0	0.0	0.0	-90.0	0.0	0.0	0.0	164.591759	0.0	0.003959	0.003959	90.0	0.151304	-0.039178	0.156294	-14.517247	1224985.120065
65.0	1.0	0.0	0.0	0.0	-90.0	0.0	0.0	0.0	-163.777771	0.0	0.004548	0.004548	90.0	0.149492	-0.04018	0.154798	-15.044224	1224983.703583
66.0	1.0	0.0	0.0	0.0	-90.0	0.0	0.0	0.0	109.476965	0.0	0.003114	0.003114	90.0	0.148451	-0.040596	0.153901	-15.294534	1224982.267965
67.0	1.0	0.0	0.0	0.0	-90.0	0.0	0.0	0.0	-123.188957	0.0	0.004209	0.004209	90.0	0.145472	-0.042115	0.151446	-16.146092	1224980.836905
68.0	1.0	0.0	0.0	0.0	-90.0	0.0	0.0	0.0	97.517339	0.0	0.005499	0.005499	90.0	0.144315	-0.042699	0.150499	-16.481948	1224979.399907
69.0	1.0	0.0	0.0	0.0	-90.0	0.0	0.0	0.0	13.130969	0.0	0.006142	0.006142	90.0	0.144213	-0.042844	0.150442	-16.545973	1224977.941145
70.0	1.0	0.0	0.0	0.0	-90.0	0.0	0.0	0.0	-112.036408	0.0	0.005762	0.005762	90.0	0.141461	-0.043811	0.14809	-17.208073	1224976.468612
71.0	1.0	0.0	0.0	0.0	-90.0	0.0	0.0	0.0	25.588765	0.0	0.005564	0.005564	90.0	0.142444	-0.043577	0.148961	-17.010122	1224975.019497
72.0	1.0	0.0	0.0	0.0	-90.0	0.0	0.0	0.0	124.262951	0.0	0.005438	0.005438	90.0	0.14103	-0.044071	0.147756	-17.35372	1224973.552775
73.0	1.0	0.0	0.0	0.0	-90.0	0.0	0.0	0.0	-71.845234	0.0	0.005526	0.005526	90.0	0.140284	-0.044345	0.147126	-17.542138	1224972.119741
74.0	1.0	0.0	0.0	0.0	-90.0	0.0	0.0	0.0	-171.914226	0.0	0.005542	0.005542	90.0	0.140306	-0.044306	0.147135	-17.52511	1224970.665374
75.0	1.0	0.0	0.0	0.0	-90.0	0.0	0.0	0.0	-110.68357	0.0	0.005962	0.005962	90.0	0.139187	-0.044818	0.146225	-17.848301	1224969.194163
76.0	1.0	0.0	0.0	0.0	-90.0	0.0	0.0	0.0	5.540199	0.0	0.005732	0.005732	90.0	0.138683	-0.044885	0.145766	-17.934411	1224967.745328
77.0	1.0	0.0	0.0	0.0	-90.0	0.0	0.0	0.0	64.219202	0.0	0.006423	0.006423	90.0	0.14198	-0.044178	0.148695	-17.283909	1224966.304181
78.0	1.0	0.0	0.0	0.0	-90.0	0.0	0.0	0.0	-64.789863	0.0	0.006244	0.006244	90.0	0.14103	-0.044443	0.147867	-17.491215	1224964.822308
79.0	1.0	0.0	0.0	0.0	-90.0	0.0	0.0	0.0	-47.7925	0.0	0.005324	0.005324	90.0	0.142585	-0.044062	0.149238	-17.172424	1224963.334211
80.0	1.0	0.0	0.0	0.0	-90.0	0.0	0.0	0.0	72.914976	0.0	0.006103	0.006103	90.0	0.140078	-0.044877	0.147091	-17.764081	1224961.881959
81.0	1.0	0.0	0.0	0.0	-90.0	0.0	0.0	0.0	125.662838	0.0	0.006331	0.006331	90.0	0.13938	-0.045121	0.146501	-17.938329	1224960.424896
82.0	1.0	0.0	0.0	0.0	-90.0	0.0	0.0	0.0	-179.492906	0.0	0.006285	0.006285	90.0	0.139343	-0.045163	0.146479	-17.958089	1224958.946268
83.0	1.0	0.0	0.0	0.0	-90.0	0.0	0.0	0.0	-158.531823	0.0	0.005424	0.005424	90.0	0.138332	-0.045564	0.145643	-18.231036	1224957.508541
84.0	1.0	0.0	0.0	0.0	-90.0	0.0	0.0	0.0	113.852923	0.0	0.004597	0.004597	90.0	0.139682	-0.045256	0.14683	-17.951856	1224956.071
85.0	1.0	0.0	0.0	0.0	-90.0	0.0	0.0	0.0	-67.698561	0.0	0.006228	0.006228	90.0	0.136692	-0.045999	0.144225	-18.598869	1224954.676632
86.0	1.0	0.0	0.0	0.0	-90.0	0.0	0.0	0.0	-85.269643	0.0	0.006716	0.006716	90.0	0.134642	-0.046473	0.142437	-19.042518	1224953.210619
87.0	1.0	0.0	0.0	0.0	-90.0	0.0	0.0	0.0	-102.802051	0.0	0.005798	0.005798	90.0	0.135208	-0.046423	0.142955	-18.949717	1224951.761449
88.0	1.0	0.0	0.0	0.0	-90.0	0.0	0.0	0.0	-99.059092	0.0	0.005584	0.005584	90.0	0.132695	-0.046933	0.140751	-19.478152	1224950.326101
89.0	1.0	0.0	0.0	0.0	-90.0	0.0	0.0	0.0	121.739316	0.0	0.007009	0.007009	90.0	0.135434	-0.046563	0.143215	-18.973309	1224948.89486
90.0	1.0	0.0	0.0	0.0	-90.0	0.0	0.0	0.0	150.433585	0.0	0.007047	0.007047	90.0	0.135158	-0.046584	0.142961	-19.017068	1224947.445034
91.0	1.0	0.0	0.0	0.0	-90.0	0.0	0.0	0.0	117.968072	0.0	0.006831	0.006831	90.0	0.134708	-0.046766	0.142595	-19.145237	1224946.017208
92.0	1.0	0.0	0.0	0.0	-90.0	0.0	0.0	0.0	67.934177	0.0	0.008059	0.008059	90.0	0.133085	-0.047054	0.141159	-19.47183	1224944.583315
93.0	1.0	0.0	0.0	0.0	-90.0	0.0	0.0	0.0	-5.504792	0.0	0.00758	0.00758	90.0	0.13362	-0.047027	0.141654	-19.389164	1224943.142392
94.0	1.0	0.0	0.0	0.0	-90.0	0.0	0.0	0.0	63.603003	0.0	0.006792	0.006792	90.0	0.13396	-0.047028	0.141975	-19.343997	1224941.69845
95.0	1.0	0.0	0.0	0.0	-90.0	0.0	0.0	0.0	69.669439	0.0	0.0066	0.0066	90.0	0.135044	-0.047106	0.143024	-19.229906	1224940.242143
96.0	1.0	0.0	0.0	0.0	-90.0	0.0	0.0	0.0	40.801576	0.0	0.007421	0.007421	90.0	0.133155	-0.047404	0.141341	-19.59597	1224938.790648
97.0	1.0	0.0	0.0	0.0	-90.0	0.0	0.0	0.0	30.145904	0.0	0.006868	0.006868	90.0	0.13174	-0.047467	0.140031	-19.814477	1224937.342956
98.0	1.0	0.0	0.0	0.0	-90.0	0.0	0.0	0.0	97.680562	0.0	0.007115	0.007115	90.0	0.132672	-0.047294	0.140849	-19.61967	1224935.910355
99.0	1.0	0.0	0.0	0.0	-90.0	0.0	0.0	0.0	25.166655	0.0	0.007751	0.007751	90.0	0.133119	-0.047854	0.141459	-19.772688	1224934.483704
100.0	1.0	0.0	0.0	0.0	-90.0	0.0	0.0	0.0	-80.588106	0.0	0.007413	0.007413	90.0	0.132564	-0.047828	0.140929	-19.839126	1224933.049002
101.0	1.0	0.0	0.0	0.0	-90.0	0.0	0.0	0.0	-103.707109	0.0	0.008243	0.008243	90.0	0.132779	-0.047725	0.141096	-19.77002	1224931.602992
102.0	1.0	0.0	0.0	0.0	-90.0	0.0	0.0	0.0	0.867374	0.0	0.006739	0.006739	90.0	0.134105	-0.047616	0.142308	-19.548183	1224930.180922
103.0	1.0	0.0	0.0	0.0	-90.0	0.0	0.0	0.0	-31.938564	0.0	0.006692	0.006692	90.0	0.13562	-0.04744	0.143678	-19.27996	1224928.746527
104.0	1.0	0.0	0.0	0.0	-90.0	0.0	0.0	0.0	-68.238133	0.0	0.007048	0.007048	90.0	0.135209	-0.047443	0.143291	-19.335376	1224927.302901
105.0	1.0	0.0	0.0	0.0	-90.0	0.0	0.0	0.0	-116.934529	0.0	0.006274	0.006274	90.0	0.135493	-0.04748	0.143571	-19.311696	1224925.851475
106.0	1.0	0.0	0.0	0.0	-90.0	0.0	0.0	0.0	-115.794837	0.0	0.006667	0.006667	90.0	0.134499	-0.047721	0.142714	-19.534957	1224924.428054
107.0	1.0	0.0	0.0	0.0	-90.0	0.0	0.0	0.0	-49.9139	0.0	0.006935	0.006935	90.0	0.134456	-0.047704	0.142668	-19.534244	1224923.008751
108.0	1.0	0.0	0.0	0.0	-90.0	0.0	0.0	0.0	118.636464	0.0	0.008072	0.008072	90.0	0.132932	-0.047972	0.141323	-19.843176	1224921.566904
109.0	1.0	0.0	0.0	0.0	-90.0	0.0	0.0	0.0	-7.639499	0.0	0.007237	0.007237	90.0	0.133233	-0.048004	0.141617	-19.814265	1224920.132779
110.0	1.0	0.0	0.0	0.0	-90.0	0.0	0.0	0.0	-0.673111	0.0	0.006929	0.006929	90.0	0.132122	-0.048186	0.140634	-20.037336	1224918.717841
111.0	1.0	0.0	0.0	0.0	-90.0	0.0	0.0	0.0	-0.960945	0.0	0.007535	0.007535	90.0	0.131296	-0.048351	0.139916	-20.216773	1224917.285423
112.0	1.0	0.0	0.0	0.0	-90.0	0.0	0.0	0.0	-161.462894	0.0	0.006365	0.006365	90.0	0.131876	-0.048359	0.140463	-20.138147	1224915.812595
113.0	1.0	0.0	0.0	0.0	-90.0	0.0	0.0	0.0	111.508877	0.0	0.007558	0.007558	90.0	0.129796	-0.048567	0.138585	-20.514811	1224914.375108
114.0	1.0	0.0	0.0	0.0	-90.0	0.0	0.0	0.0	-82.809655	0.0	0.007215	0.007215	90.0	0.130372	-0.048656	0.139155	-20.466035	1224912.914043
115.0	1.0	0.0	0.0	0.0	-90.0	0.0	0.0	0.0	-19.984819	0.0	0.00652	0.00652	90.0	0.13189	-0.048525	0.140533	-20.199712	1224911.454622
116.0	1.0	0.0	0.0	0.0	-90.0	0.0	0.0	0.0	-76.749936	0.0	0.008624	0.008624	90.0	0.127448	-0.048979	0.136535	-21.022254	1224910.022089
117.0	1.0	0.0	0.0	0.0	-90.0	0.0	0.0	0.0	169.809818	0.0	0.008323	0.008323	90.0	0.128388	-0.048921	0.137393	-20.85873	1224908.588696
118.0	1.0	0.0	0.0	0.0	-90.0	0.0	0.0	0.0	-52.142112	0.0	0.008772	0.008772	90.0	0.128524	-0.048896	0.137511	-20.828807	1224907.140804
119.0	1.0	0.0	0.0	0.0	-90.0	0.0	0.0	0.0	10.921357	0.0	0.008112	0.008112	90.0	0.129163	-0.048981	0.138139	-20.767494	1224905.688796
120.0	1.0	0.0	0.0	0.0	-90.0	0.0	0.0	0.0	85.856708	0.0	0.008476	0.008476	90.0	0.128185	-0.049021	0.137239	-20.927918	1224904.258377
121.0	1.0	0.0	0.0	0.0	-90.0	0.0	0.0	0.0	-174.419168	0.0	0.007375	0.007375	90.0	0.129441	-0.049015	0.13841	-20.73984	1224902.789911
122.0	1.0	0.0	0.0	0.0	-90.0	0.0	0.0	0.0	150.367924	0.0	0.007593	0.007593	90.0	0.129144	-0.049059	0.138148	-20.80081	1224901.357185
123.0	1.0	0.0	0.0	0.0	-90.0	0.0	0.0	0.0	-80.267478	0.0	0.007812	0.007812	90.0	0.128281	-0.049154	0.137376	-20.965663	1224899.868114
124.0	1.0	0.0	0.0	0.0	-90.0	0.0	0.0	0.0	-22.983531	0.0	0.008118	0.008118	90.0	0.127704	-0.049305	0.136892	-21.110955	1224898.437759
125.0	1.0	0.0	0.0	0.0	-90.0	0.0	0.0	0.0	33.806849	0.0	0.0084	0.0084	90.0	0.126854	-0.049292	0.136094	-21.234807	1224896.988929
126.0	1.0	0.0	0.0	0.0	-90.0	0.0	0.0	0.0	116.297128	0.0	0.006386	0.006386	90.0	0.127586	-0.049391	0.136812	-21.162297	1224895.523293
127.0	1.0	0.0	0.0	0.0	-90.0	0.0	0.0	0.0	-126.763743	0.0	0.007675	0.007675	90.0	0.126177	-0.049493	0.135536	-21.417535	1224894.084909
128.0	1.0	0.0	0.0	0.0	-90.0	0.0	0.0	0.0	69.326013	0.0	0.008478	0.008478	90.0	0.125263	-0.049527	0.134699	-21.572951	1224892.625217
129.0	1.0	0.0	0.0	0.0	-90.0	0.0	0.0	0.0	142.815343	0.0	0.008657	0.008657	90.0	0.125616	-0.049551	0.135036	-21.527325	1224891.195942
130.0	1.0	0.0	0.0	0.0	-90.0	0.0	0.0	0.0	73.085574	0.0	0.008375	0.008375	90.0	0.126422	-0.0496	0.135804	-21.422112	1224889.780222
131.0	1.0	0.0	0.0	0.0	-90.0	0.0	0.0	0.0	-40.760875	0.0	0.009072	0.009072	90.0	0.121238	-0.04956	0.130976	-22.233766	1224888.342029
132.0	1.0	0.0	0.0	0.0	-90.0	0.0	0.0	0.0	-3.071058	0.0	0.009135	0.009135	90.0	0.120202	-0.049466	0.129983	-22.36842	1224886.908898
133.0	1.0	0.0	0.0	0.0	-90.0	0.0	0.0	0.0	122.774731	0.0	0.009749	0.009749	90.0	0.120367	-0.049507	0.13015	-22.357327	1224885.474211
134.0	1.0	0.0	0.0	0.0	-90.0	0.0	0.0	0.0	150.892042	0.0	0.009338	0.009338	90.0	0.120409	-0.049574	0.130215	-22.37739	1224884.041938
135.0	1.0	0.0	0.0	0.0	-90.0	0.0	0.0	0.0	-68.903292	0.0	0.009423	0.009423	90.0	0.120554	-0.049614	0.130364	-22.369637	1224882.612545
136.0	1.0	0.0	0.0	0.0	-90.0	0.0	0.0	0.0	-13.583421	0.0	0.00881	0.00881	90.0	0.120219	-0.049692	0.130084	-22.457538	1224881.150238
137.0	1.0	0.0	0.0	0.0	-90.0	0.0	0.0	0.0	-139.563088	0.0	0.009277	0.009277	90.0	0.120359	-0.049783	0.130249	-22.470847	1224879.729901
138.0	1.0	0.0	0.0	0.0	-90.0	0.0	0.0	0.0	175.101206	0.0	0.008766	0.008766	90.0	0.120424	-0.049748	0.130295	-22.445692	1224878.268134
139.0	1.0	0.0	0.0	0.0	-90.0	0.0	0.0	0.0	172.430581	0.0	0.00865	0.00865	90.0	0.121682	-0.049912	0.131521	-22.302883	1224876.825983
140.0	1.0	0.0	0.0	0.0	-90.0	0.0	0.0	0.0	145.825224	0.0	0.009746	0.009746	90.0	0.117391	-0.049511	0.127405	-22.86799	1224875.376093
141.0	1.0	0.0	0.0	0.0	-90.0	0.0	0.0	0.0	-9.332451	0.0	0.008717	0.008717	90.0	0.12053	-0.049889	0.130446	-22.48517	1224873.876008
142.0	1.0	0.0	0.0	0.0	-90.0	0.0	0.0	0.0	132.052793	0.0	0.008957	0.008957	90.0	0.117303	-0.04952	0.127328	-22.887237	1224872.399855
143.0	1.0	0.0	0.0	0.0	-90.0	0.0	0.0	0.0	10.875883	0.0	0.008966	0.008966	90.0	0.117759	-0.049807	0.127859	-22.926129	1224870.96855
144.0	1.0	0.0	0.0	0.0	-90.0	0.0	0.0	0.0	-11.543321	0.0	0.009455	0.009455	90.0	0.11425	-0.049007	0.124317	-23.21683	1224869.548543
145.0	1.0	0.0	0.0	0.0	-90.0	0.0	0.0	0.0	-37.948824	0.0	0.009072	0.009072	90.0	0.115009	-0.049641	0.125265	-23.346506	1224868.100479
146.0	1.0	0.0	0.0	0.0	-90.0	0.0	0.0	0.0	109.065399	0.0	0.009356	0.009356	90.0	0.118144	-0.050236	0.128381	-23.03582	1224866.676274
147.0	1.0	0.0	0.0	0.0	-90.0	0.0	0.0	0.0	24.392444	0.0	0.009593	0.009593	90.0	0.11509	-0.049108	0.125129	-23.107421	1224865.210771
148.0	1.0	0.0	0.0	0.0	-90.0	0.0	0.0	0.0	-142.465821	0.0	0.010373	0.010373	90.0	0.115426	-0.049348	0.125533	-23.147848	1224863.784301
149.0	1.0	0.0	0.0	0.0	-90.0	0.0	0.0	0.0	165.62805	0.0	0.008917	0.008917	90.0	0.1195	-0.049557	0.129368	-22.523854	1224862.331133
150.0	1.0	0.0	0.0	0.0	-90.0	0.0	0.0	0.0	-28.701152	0.0	0.009312	0.009312	90.0	0.118933	-0.049684	0.128894	-22.672436	1224860.852503
151.0	1.0	0.0	0.0	0.0	-90.0	0.0	0.0	0.0	-88.722662	0.0	0.009742	0.009742	90.0	0.11733	-0.049435	0.127319	-22.847473	1224859.403503
152.0	1.0	0.0	0.0	0.0	-90.0	0.0	0.0	0.0	-151.229802	0.0	0.010191	0.010191	90.0	0.117641	-0.050086	0.127859	-23.061892	1224857.961873
153.0	1.0	0.0	0.0	0.0	-90.0	0.0	0.0	0.0	-30.659724	0.0	0.010612	0.010612	90.0	0.116962	-0.049679	0.127075	-23.013246	1224856.502569
154.0	1.0	0.0	0.0	0.0	-90.0	0.0	0.0	0.0	29.914858	0.0	0.010234	0.010234	90.0	0.116134	-0.050375	0.126589	-23.449594	1224855.078307
155.0	1.0	0.0	0.0	0.0	-90.0	0.0	0.0	0.0	114.015189	0.0	0.010033	0.010033	90.0	0.115829	-0.050423	0.126328	-23.524577	1224853.61553
156.0	1.0	0.0	0.0	0.0	-90.0	0.0	0.0	0.0	-154.203662	0.0	0.009642	0.009642	90.0	0.116198	-0.050149	0.126558	-23.344201	1224852.199345
157.0	1.0	0.0	0.0	0.0	-90.0	0.0	0.0	0.0	140.469893	0.0	0.010749	0.010749	90.0	0.115418	-0.050122	0.125832	-23.473471	1224850.731866
158.0	1.0	0.0	0.0	0.0	-90.0	0.0	0.0	0.0	-51.185708	0.0	0.00984	0.00984	90.0	0.115023	-0.050124	0.12547	-23.54615	1224849.275535
159.0	1.0	0.0	0.0	0.0	-90.0	0.0	0.0	0.0	138.859998	0.0	0.009867	0.009867	90.0	0.114087	-0.050132	0.124616	-23.721848	1224847.862577
160.0	1.0	0.0	0.0	0.0	-90.0	0.0	0.0	0.0	-147.666844	0.0	0.010202	0.010202	90.0	0.113112	-0.050081	0.123703	-23.88149	1224846.425669
161.0	1.0	0.0	0.0	0.0	-90.0	0.0	0.0	0.0	166.461434	0.0	0.010335	0.010335	90.0	0.114045	-0.050296	0.124643	-23.798312	1224845.009729
162.0	1.0	0.0	0.0	0.0	-90.0	0.0	0.0	0.0	93.398821	0.0	0.010432	0.010432	90.0	0.112746	-0.050057	0.123358	-23.940446	1224843.574786
163.0	1.0	0.0	0.0	0.0	-90.0	0.0	0.0	0.0	34.082127	0.0	0.010164	0.010164	90.0	0.112405	-0.050071	0.123052	-24.01083	1224842.113844
164.0	1.0	0.0	0.0	0.0	-90.0	0.0	0.0	0.0	21.323521	0.0	0.01108	0.01108	90.0	0.113257	-0.050183	0.123877	-23.89743	1224840.653207
165.0	1.0	0.0	0.0	0.0	-90.0	0.0	0.0	0.0	-100.830244	0.0	0.010974	0.010974	90.0	0.114106	-0.050322	0.12471	-23.797741	1224839.189379
166.0	1.0	0.0	0.0	0.0	-90.0	0.0	0.0	0.0	88.037617	0.0	0.010717	0.010717	90.0	0.11379	-0.050317	0.124418	-23.85458	1224837.725833
167.0	1.0	0.0	0.0	0.0	-90.0	0.0	0.0	0.0	51.53199	0.0	0.009562	0.009562	90.0	0.115242	-0.050635	0.125875	-23.719537	1224836.296447
168.0	1.0	0.0	0.0	0.0	-90.0	0.0	0.0	0.0	-18.9437	0.0	0.010094	0.010094	90.0	0.114417	-0.050566	0.125092	-23.842614	1224834.852641
169.0	1.0	0.0	0.0	0.0	-90.0	0.0	0.0	0.0	-177.851255	0.0	0.009772	0.009772	90.0	0.113741	-0.050435	0.124421	-23.91336	1224833.418632
170.0	1.0	0.0	0.0	0.0	-90.0	0.0	0.0	0.0	-79.930816	0.0	0.01007	0.01007	90.0	0.112676	-0.050197	0.123351	-24.012945	1224831.977381
171.0	1.0	0.0	0.0	0.0	-90.0	0.0	0.0	0.0	-42.524791	0.0	0.010218	0.010218	90.0	0.108795	-0.049221	0.119412	-24.342668	1224830.565557
172.0	1.0	0.0	0.0	0.0	-90.0	0.0	0.0	0.0	-175.933161	0.0	0.009978	0.009978	90.0	0.110024	-0.049608	0.12069	-24.269864	1224829.117431
173.0	1.0	0.0	0.0	0.0	-90.0	0.0	0.0	0.0	32.818869	0.0	0.010936	0.010936	90.0	0.107856	-0.049004	0.118467	-24.434455	1224827.681087
174.0	1.0	0.0	0.0	0.0	-90.0	0.0	0.0	0.0	-55.535714	0.0	0.01104	0.01104	90.0	0.106667	-0.04856	0.1172	-24.477433	1224826.256873
175.0	1.0	0.0	0.0	0.0	-90.0	0.0	0.0	0.0	-112.81628	0.0	0.011582	0.011582	90.0	0.105959	-0.048477	0.116522	-24.584271	1224824.804887
176.0	1.0	0.0	0.0	0.0	-90.0	0.0	0.0	0.0	59.282585	0.0	0.01329	0.01329	90.0	0.11159	-0.049923	0.122249	-24.102562	1224823.341477
177.0	1.0	0.0	0.0	0.0	-90.0	0.0	0.0	0.0	94.6459	0.0	0.013076	0.013076	90.0	0.112178	-0.050121	0.122866	-24.075018	1224821.863162
178.0	1.0	0.0	0.0	0.0	-90.0	0.0	0.0	0.0	-136.575959	0.0	0.011394	0.011394	90.0	0.115794	-0.05079	0.126443	-23.683636	1224820.409409
179.0	1.0	0.0	0.0	0.0	-90.0	0.0	0.0	0.0	-26.23983	0.0	0.013444	0.013444	90.0	0.109276	-0.049388	0.119919	-24.320947	1224818.925677
180.0	1.0	0.0	0.0	0.0	-90.0	0.0	0.0	0.0	14.429732	0.0	0.013011	0.013011	90.0	0.108973	-0.049329	0.119618	-24.354807	1224817.461884
181.0	1.0	0.0	0.0	0.0	-90.0	0.0	0.0	0.0	134.332534	0.0	0.012741	0.012741	90.0	0.110253	-0.04962	0.120904	-24.230261	1224816.014764
182.0	1.0	0.0	0.0	0.0	-90.0	0.0	0.0	0.0	0.698701	0.0	0.012323	0.012323	90.0	0.111128	-0.049832	0.12179	-24.152333	1224814.594292
183.0	1.0	0.0	0.0	0.0	-90.0	0.0	0.0	0.0	135.536571	0.0	0.01216	0.01216	90.0	0.112607	-0.050115	0.123255	-23.991223	1224813.152272
184.0	1.0	0.0	0.0	0.0	-90.0	0.0	0.0	0.0	124.399763	0.0	0.011937	0.011937	90.0	0.111959	-0.05004	0.122633	-24.082427	1224811.709043
185.0	1.0	0.0	0.0	0.0	-90.0	0.0	0.0	0.0	97.975036	0.0	0.012557	0.012557	90.0	0.111157	-0.0499	0.121844	-24.176003	1224810.285587
186.0	1.0	0.0	0.0	0.0	-90.0	0.0	0.0	0.0	174.317457	0.0	0.013318	0.013318	90.0	0.109782	-0.049523	0.120435	-24.280459	1224808.812705
187.0	1.0	0.0	0.0	0.0	-90.0	0.0	0.0	0.0	-107.262726	0.0	0.012445	0.012445	90.0	0.110433	-0.049783	0.121136	-24.26567	1224807.358271
188.0	1.0	0.0	0.0	0.0	-90.0	0.0	0.0	0.0	85.077459	0.0	0.013765	0.013765	90.0	0.109962	-0.049621	0.120639	-24.287469	1224805.933213
189.0	1.0	0.0	0.0	0.0	-90.0	0.0	0.0	0.0	100.311336	0.0	0.012567	0.012567	90.0	0.109965	-0.049686	0.120669	-24.31525	1224804.51206
190.0	1.0	0.0	0.0	0.0	-90.0	0.0	0.0	0.0	-157.413099	0.0	0.012603	0.012603	90.0	0.109835	-0.049712	0.120561	-24.352065	1224803.073571
191.0	1.0	0.0	0.0	0.0	-90.0	0.0	0.0	0.0	-99.154154	0.0	0.013138	0.013138	90.0	0.111843	-0.050158	0.122575	-24.154436	1224801.600569
192.0	1.0	0.0	0.0	0.0	-90.0	0.0	0.0	0.0	125.499768	0.0	0.012846	0.012846	90.0	0.110812	-0.04996	0.121554	-24.268465	1224800.115436
193.0	1.0	0.0	0.0	0.0	-90.0	0.0	0.0	0.0	76.231861	0.0	0.012989	0.012989	90.0	0.109853	-0.049755	0.120595	-24.366709	1224798.689455
194.0	1.0	0.0	0.0	0.0	-90.0	0.0	0.0	0.0	108.106046	0.0	0.012971	0.012971	90.0	0.111068	-0.050077	0.121835	-24.269184	1224797.230811
195.0	1.0	0.0	0.0	0.0	-90.0	0.0	0.0	0.0	-91.847798	0.0	0.013769	0.013769	90.0	0.109783	-0.049802	0.120551	-24.400764	1224795.80798
196.0	1.0	0.0	0.0	0.0	-90.0	0.0	0.0	0.0	111.28299	0.0	0.013347	0.013347	90.0	0.109243	-0.049676	0.120007	-24.452947	1224794.405425
197.0	1.0	0.0	0.0	0.0	-90.0	0.0	0.0	0.0	139.510289	0.0	0.013843	0.013843	90.0	0.109245	-0.04968	0.120011	-24.454114	1224792.997363
198.0	1.0	0.0	0.0	0.0	-90.0	0.0	0.0	0.0	-151.06224	0.0	0.013697	0.013697	90.0	0.108247	-0.049417	0.118994	-24.537734	1224791.55686
199.0	1.0	0.0	0.0	0.0	-90.0	0.0	0.0	0.0	109.69777	0.0	0.013385	0.013385	90.0	0.10953	-0.049878	0.120352	-24.483935	1224790.116856
200.0	1.0	0.0	0.0	0.0	-90.0	0.0	0.0	0.0	-111.914901	0.0	0.011532500000000001	0.011532500000000001	90.0	0.09910050000000001	-0.044186500000000004	0.10851050000000001	-23.9719345	1226785.1536405
250.0	1.0	0.0	0.0	0.0	-90.0	0.0	0.0	0.0	-5.266073	0.0	0.008521	0.008521	90.0	0.084364	-0.034827	0.09127	-22.431831	1228780.211022
300.0	1.0	0.0	0.0	0.0	-90.0	0.0	0.0	0.0	-148.450802	0.0	0.010608	0.010608	90.0	0.079922	-0.031103	0.085761	-21.264663	1228778.777571
350.0	1.0	0.0	0.0	0.0	-90.0	0.0	0.0	0.0	-4.737471	0.0	0.009721	0.009721	90.0	0.076324	-0.028181	0.081361	-20.265457	1228777.335338
400.0	1.0	0.0	0.0	0.0	-90.0	0.0	0.0	0.0	-39.102202	0.0	0.01006	0.01006	90.0	0.075053	-0.025478	0.07926	-18.750497	1228775.892124
450.0	1.0	0.0	0.0	0.0	-90.0	0.0	0.0	0.0	125.467145	0.0	0.010454	0.010454	90.0	0.073594	-0.023172	0.077156	-17.477504	1228774.46776
500.0	1.0	0.0	0.0	0.0	-90.0	0.0	0.0	0.0	58.034081	0.0	0.010436	0.010436	90.0	0.072526	-0.021946	0.075774	-16.835176	1228773.032337
550.0	1.0	0.0	0.0	0.0	-90.0	0.0	0.0	0.0	77.422202	0.0	0.010655	0.010655	90.0	0.07153	-0.020319	0.07436	-15.857868	1228771.593172
600.0	1.0	0.0	0.0	0.0	-90.0	0.0	0.0	0.0	-85.873161	0.0	0.010111	0.010111	90.0	0.07085	-0.019003	0.073354	-15.014093	1228770.133374
650.0	1.0	0.0	0.0	0.0	-90.0	0.0	0.0	0.0	57.223146	0.0	0.011121	0.011121	90.0	0.070395	-0.01799	0.072657	-14.33573	1228768.719372
700.0	1.0	0.0	0.0	0.0	-90.0	0.0	0.0	0.0	45.155657	0.0	0.011395	0.011395	90.0	0.069745	-0.017011	0.071789	-13.707108	1228767.271333
750.0	1.0	0.0	0.0	0.0	-90.0	0.0	0.0	0.0	-99.907038	0.0	0.010506	0.010506	90.0	0.069174	-0.015828	0.070962	-12.888063	1228765.820627
800.0	1.0	0.0	0.0	0.0	-90.0	0.0	0.0	0.0	70.595036	0.0	0.010694	0.010694	90.0	0.068794	-0.015177	0.070448	-12.441113	1228764.41506
850.0	1.0	0.0	0.0	0.0	-90.0	0.0	0.0	0.0	60.117061	0.0	0.010561	0.010561	90.0	0.068445	-0.014587	0.069982	-12.03095	1228762.963486
900.0	1.0	0.0	0.0	0.0	-90.0	0.0	0.0	0.0	-87.118168	0.0	0.010451	0.010451	90.0	0.068191	-0.013774	0.069568	-11.419728	1228761.515471
950.0	1.0	0.0	0.0	0.0	-90.0	0.0	0.0	0.0	37.358948	0.0	0.010288	0.010288	90.0	0.067903	-0.013128	0.06916	-10.942455	1228760.082273
1000.0	1.0	0.0	0.0	0.0	-90.0	0.0	0.0	0.0	-136.7886	0.0	0.009934	0.009934	90.0	0.06768	-0.012603	0.068844	-10.548677	1228758.620303
1050.0	1.0	0.0	0.0	0.0	-90.0	0.0	0.0	0.0	-142.180078	0.0	0.01105	0.01105	90.0	0.067521	-0.012317	0.068635	-10.337855	1228757.205063
1100.0	1.0	0.0	0.0	0.0	-90.0	0.0	0.0	0.0	171.873133	0.0	0.011099	0.011099	90.0	0.067345	-0.01198	0.068402	-10.086581	1228755.774981
1150.0	1.0	0.0	0.0	0.0	-90.0	0.0	0.0	0.0	-163.251825	0.0	0.010471	0.010471	90.0	0.067174	-0.011443	0.068142	-9.667669	1228754.33377
1200.0	1.0	0.0	0.0	0.0	-90.0	0.0	0.0	0.0	136.70995	0.0	0.010222	0.010222	90.0	0.067046	-0.011279	0.067988	-9.54947	1228752.890005
1250.0	1.0	0.0	0.0	0.0	-90.0	0.0	0.0	0.0	163.132756	0.0	0.011555	0.011555	90.0	0.066912	-0.010991	0.067809	-9.328359	1228751.43917
1300.0	1.0	0.0	0.0	0.0	-90.0	0.0	0.0	0.0	43.846268	0.0	0.010581	0.010581	90.0	0.066789	-0.010612	0.067627	-9.02772	1228750.023184
1350.0	1.0	0.0	0.0	0.0	-90.0	0.0	0.0	0.0	27.600591	0.0	0.010052	0.010052	90.0	0.066599	-0.01021	0.067377	-8.716275	1228748.573405
1400.0	1.0	0.0	0.0	0.0	-90.0	0.0	0.0	0.0	-147.350485	0.0	0.010341	0.010341	90.0	0.066502	-0.009933	0.067239	-8.495026	1228747.114784
1450.0	1.0	0.0	0.0	0.0	-90.0	0.0	0.0	0.0	-167.924075	0.0	0.010363	0.010363	90.0	0.066388	-0.00973	0.067097	-8.337801	1228745.655694
1500.0	1.0	0.0	0.0	0.0	-90.0	0.0	0.0	0.0	-150.566083	0.0	0.010913	0.010913	90.0	0.066297	-0.009451	0.066967	-8.11299	1228744.207407
1550.0	1.0	0.0	0.0	0.0	-90.0	0.0	0.0	0.0	112.378197	0.0	0.011287	0.011287	90.0	0.066219	-0.009263	0.066864	-7.963477	1228742.729553
1600.0	1.0	0.0	0.0	0.0	-90.0	0.0	0.0	0.0	154.145352	0.0	0.010656	0.010656	90.0	0.066117	-0.009044	0.066733	-7.789044	1228741.297549
1650.0	1.0	0.0	0.0	0.0	-90.0	0.0	0.0	0.0	148.929847	0.0	0.011203	0.011203	90.0	0.066021	-0.008917	0.06662	-7.692242	1228739.876813
1700.0	1.0	0.0	0.0	0.0	-90.0	0.0	0.0	0.0	3.043014	0.0	0.010685	0.010685	90.0	0.065978	-0.008729	0.066553	-7.536605	1228738.443575
1750.0	1.0	0.0	0.0	0.0	-90.0	0.0	0.0	0.0	-176.960017	0.0	0.010239	0.010239	90.0	0.065884	-0.008447	0.066424	-7.306115	1228737.01754
1800.0	1.0	0.0	0.0	0.0	-90.0	0.0	0.0	0.0	80.207282	0.0	0.010046	0.010046	90.0	0.06581	-0.008271	0.066328	-7.163647	1228735.56695
1850.0	1.0	0.0	0.0	0.0	-90.0	0.0	0.0	0.0	-103.679768	0.0	0.009866	0.009866	90.0	0.065761	-0.008205	0.066271	-7.112422	1228734.135807
1900.0	1.0	0.0	0.0	0.0	-90.0	0.0	0.0	0.0	32.849838	0.0	0.010466	0.010466	90.0	0.065694	-0.008064	0.066187	-6.998486	1228732.680217
1950.0	1.0	0.0	0.0	0.0	-90.0	0.0	0.0	0.0	-1.884284	0.0	0.009952	0.009952	90.0	0.065629	-0.007852	0.066097	-6.822603	1228731.219619
2000.0	1.0	0.0	0.0	0.0	-90.0	0.0	0.0	0.0	-130.797027	0.0	0.010072	0.010072	90.0	0.065562	-0.007746	0.066018	-6.737849	1228729.768292
2050.0	1.0	0.0	0.0	0.0	-90.0	0.0	0.0	0.0	0.248316	0.0	0.010454	0.010454	90.0	0.065515	-0.007579	0.065952	-6.598883	1228728.338648
2100.0	1.0	0.0	0.0	0.0	-90.0	0.0	0.0	0.0	138.872104	0.0	0.009589	0.009589	90.0	0.065466	-0.007551	0.0659	-6.579121	1228726.891439
2150.0	1.0	0.0	0.0	0.0	-90.0	0.0	0.0	0.0	-81.74449	0.0	0.010368	0.010368	90.0	0.065412	-0.007428	0.065832	-6.478551	1228725.457902
2200.0	1.0	0.0	0.0	0.0	-90.0	0.0	0.0	0.0	132.054409	0.0	0.011157	0.011157	90.0	0.065374	-0.007402	0.065792	-6.460185	1228724.044728
2250.0	1.0	0.0	0.0	0.0	-90.0	0.0	0.0	0.0	55.161391	0.0	0.010196	0.010196	90.0	0.06531	-0.007254	0.065712	-6.337631	1228722.605463
2300.0	1.0	0.0	0.0	0.0	-90.0	0.0	0.0	0.0	-165.787371	0.0	0.009735	0.009735	90.0	0.065272	-0.00711	0.065658	-6.216692	1228721.195951
2350.0	1.0	0.0	0.0	0.0	-90.0	0.0	0.0	0.0	26.671483	0.0	0.010355	0.010355	90.0	0.065227	-0.007048	0.065607	-6.166909	1228719.735368
2400.0	1.0	0.0	0.0	0.0	-90.0	0.0	0.0	0.0	-58.156468	0.0	0.009504	0.009504	90.0	0.065173	-0.006831	0.06553	-5.983821	1228718.312842
2450.0	1.0	0.0	0.0	0.0	-90.0	0.0	0.0	0.0	34.899058	0.0	0.009501	0.009501	90.0	0.065139	-0.006788	0.065492	-5.949447	1228716.881498
2500.0	1.0	0.0	0.0	0.0	-90.0	0.0	0.0	0.0	161.763658	0.0	0.009403	0.009403	90.0	0.065088	-0.006689	0.06543	-5.867434	1228715.436872
2550.0	1.0	0.0	0.0	0.0	-90.0	0.0	0.0	0.0	143.268824	0.0	0.008584	0.008584	90.0	0.065071	-0.00671	0.065416	-5.887356	1228713.958683
2600.0	1.0	0.0	0.0	0.0	-90.0	0.0	0.0	0.0	143.191583	0.0	0.010068	0.010068	90.0	0.065033	-0.006586	0.065366	-5.782571	1228712.524286
2650.0	1.0	0.0	0.0	0.0	-90.0	0.0	0.0	0.0	19.247464	0.0	0.010506	0.010506	90.0	0.064982	-0.006457	0.065302	-5.674222	1228711.08264
2700.0	1.0	0.0	0.0	0.0	-90.0	0.0	0.0	0.0	-103.243255	0.0	0.011051	0.011051	90.0	0.064943	-0.00634	0.065251	-5.575444	1228709.645371
2750.0	1.0	0.0	0.0	0.0	-90.0	0.0	0.0	0.0	-140.766436	0.0	0.011359	0.011359	90.0	0.064918	-0.006216	0.065215	-5.469284	1228708.186344
2800.0	1.0	0.0	0.0	0.0	-90.0	0.0	0.0	0.0	125.996678	0.0	0.010518	0.010518	90.0	0.064877	-0.006186	0.065171	-5.447078	1228706.760237
2850.0	1.0	0.0	0.0	0.0	-90.0	0.0	0.0	0.0	154.583587	0.0	0.010286	0.010286	90.0	0.06484	-0.00606	0.065123	-5.338985	1228705.319743
2900.0	1.0	0.0	0.0	0.0	-90.0	0.0	0.0	0.0	98.701712	0.0	0.010621	0.010621	90.0	0.064812	-0.006064	0.065095	-5.345521	1228703.8645
2950.0	1.0	0.0	0.0	0.0	-90.0	0.0	0.0	0.0	76.132326	0.0	0.009611	0.009611	90.0	0.064787	-0.006014	0.065066	-5.303611	1228702.434412
3000.0	1.0	0.0	0.0	0.0	-90.0	0.0	0.0	0.0	106.666216	0.0	0.009593	0.009593	90.0	0.064753	-0.005965	0.065028	-5.263568	1228701.011079
3050.0	1.0	0.0	0.0	0.0	-90.0	0.0	0.0	0.0	-88.270375	0.0	0.008997	0.008997	90.0	0.064726	-0.005968	0.065001	-5.268173	1228699.573659
3100.0	1.0	0.0	0.0	0.0	-90.0	0.0	0.0	0.0	-16.952388	0.0	0.009396	0.009396	90.0	0.064697	-0.005883	0.064964	-5.19603	1228698.100368
3150.0	1.0	0.0	0.0	0.0	-90.0	0.0	0.0	0.0	-79.02719	0.0	0.009293	0.009293	90.0	0.064663	-0.005793	0.064921	-5.118999	1228696.666295
3200.0	1.0	0.0	0.0	0.0	-90.0	0.0	0.0	0.0	-81.421965	0.0	0.008924	0.008924	90.0	0.064632	-0.005708	0.064884	-5.047003	1228695.187595
3250.0	1.0	0.0	0.0	0.0	-90.0	0.0	0.0	0.0	15.415924	0.0	0.009077	0.009077	90.0	0.0646	-0.005605	0.064842	-4.958773	1228693.759956
3300.0	1.0	0.0	0.0	0.0	-90.0	0.0	0.0	0.0	-177.874608	0.0	0.009824	0.009824	90.0	0.064579	-0.005588	0.064821	-4.945442	1228692.339027
3350.0	1.0	0.0	0.0	0.0	-90.0	0.0	0.0	0.0	-72.82178	0.0	0.010577	0.010577	90.0	0.064553	-0.005491	0.064786	-4.862423	1228690.904664
3400.0	1.0	0.0	0.0	0.0	-90.0	0.0	0.0	0.0	-118.079693	0.0	0.010179	0.010179	90.0	0.064527	-0.005514	0.064762	-4.884531	1228689.468951
3450.0	1.0	0.0	0.0	0.0	-90.0	0.0	0.0	0.0	145.454838	0.0	0.009812	0.009812	90.0	0.06451	-0.005462	0.064741	-4.839427	1228688.032633
3500.0	1.0	0.0	0.0	0.0	-90.0	0.0	0.0	0.0	-131.469807	0.0	0.009634	0.009634	90.0	0.064486	-0.005433	0.064715	-4.816247	1228686.616419
3550.0	1.0	0.0	0.0	0.0	-90.0	0.0	0.0	0.0	-53.078824	0.0	0.010016	0.010016	90.0	0.064453	-0.005422	0.064681	-4.808894	1228685.146285
3600.0	1.0	0.0	0.0	0.0	-90.0	0.0	0.0	0.0	31.559898	0.0	0.009413	0.009413	90.0	0.064419	-0.005315	0.064638	-4.716681	1228683.6967
3650.0	1.0	0.0	0.0	0.0	-90.0	0.0	0.0	0.0	2.546764	0.0	0.01007	0.01007	90.0	0.064411	-0.005296	0.064628	-4.699976	1228682.280187
3700.0	1.0	0.0	0.0	0.0	-90.0	0.0	0.0	0.0	-108.631548	0.0	0.009999	0.009999	90.0	0.064383	-0.005234	0.064595	-4.64787	1228680.847467
3750.0	1.0	0.0	0.0	0.0	-90.0	0.0	0.0	0.0	-63.058525	0.0	0.009944	0.009944	90.0	0.064352	-0.005148	0.064557	-4.573837	1228679.409423
3800.0	1.0	0.0	0.0	0.0	-90.0	0.0	0.0	0.0	-169.223522	0.0	0.009805	0.009805	90.0	0.064341	-0.005171	0.064549	-4.595132	1228677.979143
3850.0	1.0	0.0	0.0	0.0	-90.0	0.0	0.0	0.0	-121.386816	0.0	0.010144	0.010144	90.0	0.064319	-0.005125	0.064523	-4.555427	1228676.531778
3900.0	1.0	0.0	0.0	0.0	-90.0	0.0	0.0	0.0	-107.297614	0.0	0.010457	0.010457	90.0	0.0643	-0.005086	0.0645	-4.522641	1228675.098315
3950.0	1.0	0.0	0.0	0.0	-90.0	0.0	0.0	0.0	-161.711207	0.0	0.011436	0.011436	90.0	0.064289	-0.005127	0.064493	-4.559583	1228673.68388
4000.0	1.0	0.0	0.0	0.0	-90.0	0.0	0.0	0.0	113.509043	0.0	0.010015	0.010015	90.0	0.064264	-0.005062	0.064463	-4.503438	1228672.245296
4050.0	1.0	0.0	0.0	0.0	-90.0	0.0	0.0	0.0	-133.726903	0.0	0.009678	0.009678	90.0	0.064238	-0.005022	0.064434	-4.470456	1228670.83519
4100.0	1.0	0.0	0.0	0.0	-90.0	0.0	0.0	0.0	-113.31456	0.0	0.009516	0.009516	90.0	0.064216	-0.004959	0.064407	-4.416153	1228669.367478
4150.0	1.0	0.0	0.0	0.0	-90.0	0.0	0.0	0.0	81.827485	0.0	0.009131	0.009131	90.0	0.064201	-0.004946	0.064391	-4.405141	1228667.971409
4200.0	1.0	0.0	0.0	0.0	-90.0	0.0	0.0	0.0	-63.005417	0.0	0.00944	0.00944	90.0	0.064179	-0.0049	0.064366	-4.365793	1228666.540637
4250.0	1.0	0.0	0.0	0.0	-90.0	0.0	0.0	0.0	146.34136	0.0	0.010084	0.010084	90.0	0.06417	-0.004893	0.064357	-4.360071	1228665.08473
4300.0	1.0	0.0	0.0	0.0	-90.0	0.0	0.0	0.0	35.83687	0.0	0.009828	0.009828	90.0	0.064149	-0.004831	0.064331	-4.30675	1228663.637279
4350.0	1.0	0.0	0.0	0.0	-90.0	0.0	0.0	0.0	-161.689634	0.0	0.009645	0.009645	90.0	0.064136	-0.004855	0.064319	-4.328618	1228662.195236
4400.0	1.0	0.0	0.0	0.0	-90.0	0.0	0.0	0.0	-155.704978	0.0	0.009859	0.009859	90.0	0.064116	-0.004838	0.064299	-4.3153	1228660.735513
4450.0	1.0	0.0	0.0	0.0	-90.0	0.0	0.0	0.0	-143.139501	0.0	0.010245	0.010245	90.0	0.064099	-0.004807	0.064279	-4.289107	1228659.302587
4500.0	1.0	0.0	0.0	0.0	-90.0	0.0	0.0	0.0	-11.402206	0.0	0.009583	0.009583	90.0	0.064084	-0.00477	0.064262	-4.256971	1228657.879621
4550.0	1.0	0.0	0.0	0.0	-90.0	0.0	0.0	0.0	76.222766	0.0	0.01022	0.01022	90.0	0.064067	-0.004748	0.064243	-4.238521	1228656.463986
4600.0	1.0	0.0	0.0	0.0	-90.0	0.0	0.0	0.0	164.571268	0.0	0.01059	0.01059	90.0	0.064046	-0.004674	0.064216	-4.174359	1228655.00509
4650.0	1.0	0.0	0.0	0.0	-90.0	0.0	0.0	0.0	78.761991	0.0	0.01174	0.01174	90.0	0.064022	-0.004619	0.064189	-4.126443	1228653.492363
4700.0	1.0	0.0	0.0	0.0	-90.0	0.0	0.0	0.0	118.774287	0.0	0.011906	0.011906	90.0	0.064012	-0.004686	0.064183	-4.186498	1228652.03375
4750.0	1.0	0.0	0.0	0.0	-90.0	0.0	0.0	0.0	-29.350489	0.0	0.009581	0.009581	90.0	0.064	-0.004653	0.064169	-4.15801	1228650.603682
4800.0	1.0	0.0	0.0	0.0	-90.0	0.0	0.0	0.0	-30.804435	0.0	0.010005	0.010005	90.0	0.063986	-0.004614	0.064152	-4.124528	1228649.164235
4850.0	1.0	0.0	0.0	0.0	-90.0	0.0	0.0	0.0	108.436337	0.0	0.010035	0.010035	90.0	0.063972	-0.004623	0.064138	-4.133717	1228647.694802
4900.0	1.0	0.0	0.0	0.0	-90.0	0.0	0.0	0.0	107.66029	0.0	0.010408	0.010408	90.0	0.063949	-0.004592	0.064113	-4.107626	1228646.261997
4950.0	1.0	0.0	0.0	0.0	-90.0	0.0	0.0	0.0	63.810341	0.0	0.010716	0.010716	90.0	0.063938	-0.004578	0.064102	-4.095788	1228644.799879
5000.0	1.0	0.0	0.0	0.0	-90.0	0.0	0.0	0.0	117.423802	0.0	0.00937	0.00937	90.0	0.0638195	-0.0045825	0.063984	-4.1070535	1229925.3410855
10000.0	1.0	0.0	0.0	0.0	-90.0	0.0	0.0	0.0	-152.789353	0.0	0.007762	0.007762	90.0	0.062708	-0.003788	0.062822	-3.457201	1231205.869258
15000.0	1.0	0.0	0.0	0.0	-90.0	0.0	0.0	0.0	171.303129	0.0	0.009004	0.009004	90.0	0.062134	-0.003643	0.06224	-3.355597	1231204.416451
20000.0	1.0	0.0	0.0	0.0	-90.0	0.0	0.0	0.0	-48.521988	0.0	0.009829	0.009829	90.0	0.061739	-0.003701	0.061849	-3.430808	1231202.928799
25000.0	1.0	0.0	0.0	0.0	-90.0	0.0	0.0	0.0	107.025019	0.0	0.010297	0.010297	90.0	0.0614	-0.003815	0.061519	-3.55542	1231201.512685
30000.0	1.0	0.0	0.0	0.0	-90.0	0.0	0.0	0.0	-30.153297	0.0	0.008948	0.008948	90.0	0.061131	-0.003949	0.061258	-3.69585	1231200.044884
35000.0	1.0	0.0	0.0	0.0	-90.0	0.0	0.0	0.0	143.534095	0.0	0.009685	0.009685	90.0	0.060899	-0.004134	0.061039	-3.88361	1231198.603764
40000.0	1.0	0.0	0.0	0.0	-90.0	0.0	0.0	0.0	-25.096504	0.0	0.008811	0.008811	90.0	0.060692	-0.004315	0.060845	-4.066548	1231197.153927
45000.0	1.0	0.0	0.0	0.0	-90.0	0.0	0.0	0.0	-106.839416	0.0	0.009047	0.009047	90.0	0.060505	-0.004507	0.060673	-4.260136	1231195.687074
50000.0	1.0	0.0	0.0	0.0	-90.0	0.0	0.0	0.0	80.626958	0.0	0.008595	0.008595	90.0	0.060338	-0.004705	0.060521	-4.458922	1231194.237673
55000.0	1.0	0.0	0.0	0.0	-90.0	0.0	0.0	0.0	23.999142	0.0	0.009895	0.009895	90.0	0.060182	-0.004916	0.060382	-4.669953	1231192.803454
60000.0	1.0	0.0	0.0	0.0	-90.0	0.0	0.0	0.0	-125.594347	0.0	0.00921	0.00921	90.0	0.060034	-0.005121	0.060252	-4.875987	1231191.308847
65000.0	1.0	0.0	0.0	0.0	-90.0	0.0	0.0	0.0	32.345758	0.0	0.007672	0.007672	90.0	0.059896	-0.005322	0.060132	-5.077684	1231189.822142
70000.0	1.0	0.0	0.0	0.0	-90.0	0.0	0.0	0.0	-81.835382	0.0	0.010067	0.010067	90.0	0.059764	-0.005534	0.06002	-5.290463	1231188.383682
75000.0	1.0	0.0	0.0	0.0	-90.0	0.0	0.0	0.0	-121.095676	0.0	0.009237	0.009237	90.0	0.05964	-0.005739	0.059916	-5.496548	1231186.954328
80000.0	1.0	0.0	0.0	0.0	-90.0	0.0	0.0	0.0	-40.798015	0.0	0.009404	0.009404	90.0	0.05952	-0.005949	0.059816	-5.707487	1231185.506982
85000.0	1.0	0.0	0.0	0.0	-90.0	0.0	0.0	0.0	126.707654	0.0	0.009374	0.009374	90.0	0.059402	-0.006159	0.05972	-5.919826	1231184.044128
90000.0	1.0	0.0	0.0	0.0	-90.0	0.0	0.0	0.0	-137.72499	0.0	0.009737	0.009737	90.0	0.059292	-0.006365	0.059633	-6.127385	1231182.613589
95000.0	1.0	0.0	0.0	0.0	-90.0	0.0	0.0	0.0	52.324619	0.0	0.010036	0.010036	90.0	0.059185	-0.006581	0.05955	-6.344742	1231181.160473
100000.0	1.0	0.0	0.0	0.0	-90.0	0.0	0.0	0.0	-55.460571	0.0	0.011806	0.011806	90.0	0.059079	-0.00679	0.059468	-6.555876	1231179.730421
105000.0	1.0	0.0	0.0	0.0	-90.0	0.0	0.0	0.0	-93.40194	0.0	0.008872	0.008872	90.0	0.058975	-0.006992	0.059388	-6.761582	1231178.228142
110000.0	1.0	0.0	0.0	0.0	-90.0	0.0	0.0	0.0	164.163621	0.0	0.008983	0.008983	90.0	0.058876	-0.007199	0.059315	-6.971447	1231176.751853
115000.0	1.0	0.0	0.0	0.0	-90.0	0.0	0.0	0.0	141.730484	0.0	0.008749	0.008749	90.0	0.058777	-0.007406	0.059242	-7.182014	1231175.317456
120000.0	1.0	0.0	0.0	0.0	-90.0	0.0	0.0	0.0	129.733053	0.0	0.008474	0.008474	90.0	0.058678	-0.007616	0.059171	-7.39501	1231173.879732
125000.0	1.0	0.0	0.0	0.0	-90.0	0.0	0.0	0.0	40.638534	0.0	0.00879	0.00879	90.0	0.058582	-0.00782	0.059102	-7.603329	1231172.444382
130000.0	1.0	0.0	0.0	0.0	-90.0	0.0	0.0	0.0	-37.809154	0.0	0.009979	0.009979	90.0	0.058484	-0.008029	0.059032	-7.816635	1231170.971141
135000.0	1.0	0.0	0.0	0.0	-90.0	0.0	0.0	0.0	-132.335898	0.0	0.010064	0.010064	90.0	0.058389	-0.008234	0.058967	-8.027264	1231169.550731
140000.0	1.0	0.0	0.0	0.0	-90.0	0.0	0.0	0.0	-160.611915	0.0	0.009419	0.009419	90.0	0.058295	-0.008441	0.058903	-8.239257	1231168.110772
145000.0	1.0	0.0	0.0	0.0	-90.0	0.0	0.0	0.0	-114.799751	0.0	0.010452	0.010452	90.0	0.058202	-0.00865	0.058841	-8.453787	1231166.662082
150000.0	1.0	0.0	0.0	0.0	-90.0	0.0	0.0	0.0	152.629002	0.0	0.010064	0.010064	90.0	0.058113	-0.008854	0.058784	-8.662477	1231165.233745
155000.0	1.0	0.0	0.0	0.0	-90.0	0.0	0.0	0.0	-131.193385	0.0	0.009382	0.009382	90.0	0.058024	-0.009056	0.058726	-8.870455	1231163.760167
160000.0	1.0	0.0	0.0	0.0	-90.0	0.0	0.0	0.0	-98.968764	0.0	0.009876	0.009876	90.0	0.057935	-0.009261	0.058671	-9.08178	1231162.287514
165000.0	1.0	0.0	0.0	0.0	-90.0	0.0	0.0	0.0	-122.617602	0.0	0.009799	0.009799	90.0	0.057847	-0.009467	0.058617	-9.294757	1231160.868734
170000.0	1.0	0.0	0.0	0.0	-90.0	0.0	0.0	0.0	-48.915422	0.0	0.009205	0.009205	90.0	0.057757	-0.009668	0.05856	-9.502951	1231159.409489
175000.0	1.0	0.0	0.0	0.0	-90.0	0.0	0.0	0.0	89.236727	0.0	0.010157	0.010157	90.0	0.057668	-0.009871	0.058506	-9.713395	1231157.951652
180000.0	1.0	0.0	0.0	0.0	-90.0	0.0	0.0	0.0	-15.20568	0.0	0.010273	0.010273	90.0	0.057578	-0.010073	0.058452	-9.923251	1231156.514943
185000.0	1.0	0.0	0.0	0.0	-90.0	0.0	0.0	0.0	-158.57528	0.0	0.009758	0.009758	90.0	0.057489	-0.010275	0.0584	-10.133395	1231155.091728
190000.0	1.0	0.0	0.0	0.0	-90.0	0.0	0.0	0.0	-126.327083	0.0	0.009303	0.009303	90.0	0.057402	-0.010476	0.05835	-10.343111	1231153.636947
195000.0	1.0	0.0	0.0	0.0	-90.0	0.0	0.0	0.0	176.818435	0.0	0.009603	0.009603	90.0	0.057315	-0.010677	0.058301	-10.552445	1231152.172452
200000.0	1.0	0.0	0.0	0.0	-90.0	0.0	0.0	0.0	-75.946327	0.0	0.009771	0.009771	90.0	0.057227	-0.01088	0.058252	-10.764615	1231150.728714
205000.0	1.0	0.0	0.0	0.0	-90.0	0.0	0.0	0.0	-97.663101	0.0	0.00973	0.00973	90.0	0.057139	-0.011079	0.058203	-10.972858	1231149.272989
210000.0	1.0	0.0	0.0	0.0	-90.0	0.0	0.0	0.0	2.483488	0.0	0.009596	0.009596	90.0	0.05705	-0.01128	0.058154	-11.184284	1231147.842003
215000.0	1.0	0.0	0.0	0.0	-90.0	0.0	0.0	0.0	-143.878496	0.0	0.010017	0.010017	90.0	0.056961	-0.011481	0.058106	-11.395718	1231146.344424
220000.0	1.0	0.0	0.0	0.0	-90.0	0.0	0.0	0.0	-89.12783	0.0	0.008529	0.008529	90.0	0.056876	-0.011679	0.058063	-11.604037	1231144.909389
225000.0	1.0	0.0	0.0	0.0	-90.0	0.0	0.0	0.0	-126.037284	0.0	0.010199	0.010199	90.0	0.056784	-0.011878	0.058013	-11.814567	1231143.484371
230000.0	1.0	0.0	0.0	0.0	-90.0	0.0	0.0	0.0	-155.294212	0.0	0.009868	0.009868	90.0	0.056695	-0.012075	0.057966	-12.023299	1231142.037422
235000.0	1.0	0.0	0.0	0.0	-90.0	0.0	0.0	0.0	-71.637116	0.0	0.009596	0.009596	90.0	0.056603	-0.012272	0.057918	-12.232695	1231140.607225
240000.0	1.0	0.0	0.0	0.0	-90.0	0.0	0.0	0.0	12.373429	0.0	0.009369	0.009369	90.0	0.056516	-0.012468	0.057875	-12.440964	1231139.143871
245000.0	1.0	0.0	0.0	0.0	-90.0	0.0	0.0	0.0	135.859865	0.0	0.008758	0.008758	90.0	0.056427	-0.012666	0.057831	-12.651116	1231137.680988
250000.0	1.0	0.0	0.0	0.0	-90.0	0.0	0.0	0.0	-4.566149	0.0	0.009756	0.009756	90.0	0.056338	-0.012862	0.057788	-12.859899	1231136.23378
255000.0	1.0	0.0	0.0	0.0	-90.0	0.0	0.0	0.0	162.341495	0.0	0.008992	0.008992	90.0	0.05625	-0.013056	0.057746	-13.067641	1231134.815482
260000.0	1.0	0.0	0.0	0.0	-90.0	0.0	0.0	0.0	32.839612	0.0	0.009529	0.009529	90.0	0.05616	-0.013252	0.057703	-13.277012	1231133.370412
265000.0	1.0	0.0	0.0	0.0	-90.0	0.0	0.0	0.0	-137.404099	0.0	0.009193	0.009193	90.0	0.05607	-0.013445	0.05766	-13.484723	1231131.92271
270000.0	1.0	0.0	0.0	0.0	-90.0	0.0	0.0	0.0	-162.818023	0.0	0.009669	0.009669	90.0	0.055978	-0.013639	0.057616	-13.693543	1231130.423401
275000.0	1.0	0.0	0.0	0.0	-90.0	0.0	0.0	0.0	-103.676812	0.0	0.008977	0.008977	90.0	0.055887	-0.013832	0.057573	-13.901783	1231128.954081
280000.0	1.0	0.0	0.0	0.0	-90.0	0.0	0.0	0.0	-107.295202	0.0	0.008198	0.008198	90.0	0.055796	-0.014025	0.057532	-14.11003	1231127.481518
285000.0	1.0	0.0	0.0	0.0	-90.0	0.0	0.0	0.0	61.355951	0.0	0.007766	0.007766	90.0	0.055706	-0.014218	0.057492	-14.318237	1231126.025207
290000.0	1.0	0.0	0.0	0.0	-90.0	0.0	0.0	0.0	-107.031277	0.0	0.008546	0.008546	90.0	0.055614	-0.01441	0.057451	-14.526284	1231124.562923
295000.0	1.0	0.0	0.0	0.0	-90.0	0.0	0.0	0.0	-130.227657	0.0	0.008089	0.008089	90.0	0.055523	-0.014603	0.057411	-14.735181	1231123.148555
300000.0	1.0	0.0	0.0	0.0	-90.0	0.0	0.0	0.0	-131.077869	0.0	0.008556	0.008556	90.0	0.055432	-0.014795	0.057372	-14.943891	1231121.701995
305000.0	1.0	0.0	0.0	0.0	-90.0	0.0	0.0	0.0	-83.013263	0.0	0.009001	0.009001	90.0	0.05534	-0.014987	0.057333	-15.153076	1231120.27398
310000.0	1.0	0.0	0.0	0.0	-90.0	0.0	0.0	0.0	-172.390136	0.0	0.009983	0.009983	90.0	0.055244	-0.015176	0.057291	-15.361134	1231118.819566
315000.0	1.0	0.0	0.0	0.0	-90.0	0.0	0.0	0.0	-65.102222	0.0	0.009405	0.009405	90.0	0.05515	-0.015366	0.057251	-15.568774	1231117.369892
320000.0	1.0	0.0	0.0	0.0	-90.0	0.0	0.0	0.0	152.697953	0.0	0.009633	0.009633	90.0	0.055054	-0.015555	0.05721	-15.777309	1231115.959417
325000.0	1.0	0.0	0.0	0.0	-90.0	0.0	0.0	0.0	-97.769649	0.0	0.009245	0.009245	90.0	0.054961	-0.015744	0.057172	-15.984757	1231114.483514
330000.0	1.0	0.0	0.0	0.0	-90.0	0.0	0.0	0.0	165.194064	0.0	0.00942	0.00942	90.0	0.054866	-0.015933	0.057133	-16.192833	1231113.034625
335000.0	1.0	0.0	0.0	0.0	-90.0	0.0	0.0	0.0	169.924858	0.0	0.010106	0.010106	90.0	0.054772	-0.016121	0.057095	-16.400567	1231111.570678
340000.0	1.0	0.0	0.0	0.0	-90.0	0.0	0.0	0.0	134.339385	0.0	0.009497	0.009497	90.0	0.054676	-0.016306	0.057055	-16.606511	1231110.112384
345000.0	1.0	0.0	0.0	0.0	-90.0	0.0	0.0	0.0	146.53372	0.0	0.008836	0.008836	90.0	0.054578	-0.016493	0.057016	-16.814503	1231108.676215
350000.0	1.0	0.0	0.0	0.0	-90.0	0.0	0.0	0.0	90.078259	0.0	0.009465	0.009465	90.0	0.05448	-0.016681	0.056977	-17.024018	1231107.22103
355000.0	1.0	0.0	0.0	0.0	-90.0	0.0	0.0	0.0	-131.47282	0.0	0.009554	0.009554	90.0	0.054384	-0.016868	0.05694	-17.232027	1231105.78359
360000.0	1.0	0.0	0.0	0.0	-90.0	0.0	0.0	0.0	-161.318174	0.0	0.009495	0.009495	90.0	0.054288	-0.017054	0.056904	-17.43988	1231104.35865
365000.0	1.0	0.0	0.0	0.0	-90.0	0.0	0.0	0.0	150.769418	0.0	0.009898	0.009898	90.0	0.05419	-0.017239	0.056866	-17.647189	1231102.888335
370000.0	1.0	0.0	0.0	0.0	-90.0	0.0	0.0	0.0	42.818556	0.0	0.010286	0.010286	90.0	0.05409	-0.017424	0.056827	-17.855702	1231101.457255
375000.0	1.0	0.0	0.0	0.0	-90.0	0.0	0.0	0.0	-157.918285	0.0	0.011389	0.011389	90.0	0.053988	-0.017609	0.056787	-18.064725	1231100.004042
380000.0	1.0	0.0	0.0	0.0	-90.0	0.0	0.0	0.0	177.849077	0.0	0.011388	0.011388	90.0	0.053892	-0.017795	0.056754	-18.272991	1231098.553256
385000.0	1.0	0.0	0.0	0.0	-90.0	0.0	0.0	0.0	11.453504	0.0	0.009801	0.009801	90.0	0.053792	-0.017977	0.056717	-18.479173	1231097.121058
390000.0	1.0	0.0	0.0	0.0	-90.0	0.0	0.0	0.0	75.345661	0.0	0.009495	0.009495	90.0	0.053691	-0.01816	0.056679	-18.687256	1231095.688923
395000.0	1.0	0.0	0.0	0.0	-90.0	0.0	0.0	0.0	-94.438562	0.0	0.00979	0.00979	90.0	0.05359	-0.018342	0.056642	-18.894478	1231094.249101
400000.0	1.0	0.0	0.0	0.0	-90.0	0.0	0.0	0.0	-117.258766	0.0	0.010046	0.010046	90.0	0.053486	-0.018524	0.056603	-19.102582	1231092.774045
405000.0	1.0	0.0	0.0	0.0	-90.0	0.0	0.0	0.0	-166.52777	0.0	0.010811	0.010811	90.0	0.053386	-0.018707	0.056568	-19.311192	1231091.317432
410000.0	1.0	0.0	0.0	0.0	-90.0	0.0	0.0	0.0	126.872476	0.0	0.010264	0.010264	90.0	0.053289	-0.018888	0.056538	-19.516656	1231089.857446
415000.0	1.0	0.0	0.0	0.0	-90.0	0.0	0.0	0.0	63.569829	0.0	0.010982	0.010982	90.0	0.053183	-0.01907	0.056498	-19.726133	1231088.399515
420000.0	1.0	0.0	0.0	0.0	-90.0	0.0	0.0	0.0	-127.733821	0.0	0.011806	0.011806	90.0	0.053079	-0.019251	0.056462	-19.934676	1231086.967067
425000.0	1.0	0.0	0.0	0.0	-90.0	0.0	0.0	0.0	140.550685	0.0	0.011288	0.011288	90.0	0.052969	-0.01943	0.05642	-20.143882	1231085.526995
430000.0	1.0	0.0	0.0	0.0	-90.0	0.0	0.0	0.0	-13.269892	0.0	0.010939	0.010939	90.0	0.052864	-0.019609	0.056384	-20.351766	1231084.07323
435000.0	1.0	0.0	0.0	0.0	-90.0	0.0	0.0	0.0	60.805234	0.0	0.011792	0.011792	90.0	0.052764	-0.019789	0.056353	-20.55856	1231082.641958
440000.0	1.0	0.0	0.0	0.0	-90.0	0.0	0.0	0.0	-20.237908	0.0	0.01088	0.01088	90.0	0.052661	-0.019969	0.05632	-20.766724	1231081.199648
445000.0	1.0	0.0	0.0	0.0	-90.0	0.0	0.0	0.0	143.748103	0.0	0.010742	0.010742	90.0	0.052552	-0.020146	0.056281	-20.974338	1231079.769454
450000.0	1.0	0.0	0.0	0.0	-90.0	0.0	0.0	0.0	135.106422	0.0	0.011294	0.011294	90.0	0.052443	-0.020322	0.056243	-21.181964	1231078.32762
455000.0	1.0	0.0	0.0	0.0	-90.0	0.0	0.0	0.0	19.608445	0.0	0.011054	0.011054	90.0	0.052338	-0.0205	0.05621	-21.389863	1231076.853241
460000.0	1.0	0.0	0.0	0.0	-90.0	0.0	0.0	0.0	-115.981753	0.0	0.011069	0.011069	90.0	0.052234	-0.020677	0.056177	-21.59653	1231075.420669
465000.0	1.0	0.0	0.0	0.0	-90.0	0.0	0.0	0.0	115.648687	0.0	0.01182	0.01182	90.0	0.052126	-0.020854	0.056143	-21.804796	1231073.964075
470000.0	1.0	0.0	0.0	0.0	-90.0	0.0	0.0	0.0	161.053166	0.0	0.010464	0.010464	90.0	0.052019	-0.02103	0.056109	-22.012296	1231072.510148
475000.0	1.0	0.0	0.0	0.0	-90.0	0.0	0.0	0.0	-27.135384	0.0	0.010691	0.010691	90.0	0.051911	-0.021204	0.056075	-22.217937	1231071.101219
480000.0	1.0	0.0	0.0	0.0	-90.0	0.0	0.0	0.0	146.525216	0.0	0.010699	0.010699	90.0	0.051801	-0.02138	0.056039	-22.427618	1231069.667552
485000.0	1.0	0.0	0.0	0.0	-90.0	0.0	0.0	0.0	-66.884588	0.0	0.010319	0.010319	90.0	0.051692	-0.021555	0.056006	-22.635685	1231068.243212
490000.0	1.0	0.0	0.0	0.0	-90.0	0.0	0.0	0.0	137.919295	0.0	0.009619	0.009619	90.0	0.051578	-0.021727	0.055967	-22.843568	1231066.805985
495000.0	1.0	0.0	0.0	0.0	-90.0	0.0	0.0	0.0	151.559921	0.0	0.011349	0.011349	90.0	0.051463	-0.021899	0.055928	-23.051407	1231065.374652
500000.0	1.0	0.0	0.0	0.0	-90.0	0.0	0.0	0.0	-178.21197	0.0	0.010984	0.010984	90.0	0.051347	-0.022072	0.05589	-23.261527	1231063.918295
