# Oscilator_frequency (Hz)	DemodAll_A (-)	Demod_1_X_A (A)	Demod_1_Y_A (A)	Demod_1__R_A (A)	Demod_1__Theta_A (deg)	Demod_2_X_A (A)	Demod_2_Y_A (A)	Demod_2__R_A (A)	Demod_2__Theta_A (deg)	Demod_3_X_A (V)	Demod_3_Y_A (V)	Demod_3__R_A (V)	Demod_3__Theta_A (deg)	Demod_4_X_A (V)	Demod_4_Y_A (V)	Demod_4__R_A (V)	Demod_4__Theta_A (deg)	Timer_GET (s)	
5000.000000	 1.000000	 0.000000	 -0.000001	 0.000001	 -90.000000	 0.313895	 -0.001489	 0.313899	 -0.271875	 0.000000	 0.022607	 0.022607	 90.000000	 0.313895	 -0.001489	 0.313899	 -0.271875	 77472.862408	
4979.923695	 1.000000	 0.000000	 -0.000001	 0.000001	 -90.000000	 0.313892	 -0.001487	 0.313896	 -0.271341	 0.000000	 0.023936	 0.023936	 90.000000	 0.313892	 -0.001487	 0.313896	 -0.271341	 77474.314641	
4959.847390	 1.000000	 0.000000	 -0.000001	 0.000001	 -90.000000	 0.313909	 -0.001486	 0.313912	 -0.271254	 0.000000	 0.021247	 0.021247	 90.000000	 0.313909	 -0.001486	 0.313912	 -0.271254	 77475.807788	
4939.771084	 1.000000	 0.000000	 -0.000001	 0.000001	 -90.000000	 0.313912	 -0.001492	 0.313916	 -0.272294	 0.000000	 0.020279	 0.020279	 90.000000	 0.313912	 -0.001492	 0.313916	 -0.272294	 77477.255988	
4919.694779	 1.000000	 0.000000	 -0.000001	 0.000001	 -90.000000	 0.313916	 -0.001488	 0.313919	 -0.271636	 0.000000	 0.019412	 0.019412	 90.000000	 0.313916	 -0.001488	 0.313919	 -0.271636	 77478.696305	
4899.618474	 1.000000	 0.000000	 -0.000001	 0.000001	 -90.000000	 0.313932	 -0.001492	 0.313936	 -0.272248	 0.000000	 0.018681	 0.018681	 90.000000	 0.313932	 -0.001492	 0.313936	 -0.272248	 77480.191019	
4879.542169	 1.000000	 0.000000	 -0.000001	 0.000001	 -90.000000	 0.313911	 -0.001487	 0.313914	 -0.271352	 0.000000	 0.016340	 0.016340	 90.000000	 0.313911	 -0.001487	 0.313914	 -0.271352	 77481.648106	
4859.465863	 1.000000	 0.000000	 -0.000001	 0.000001	 -90.000000	 0.313916	 -0.001479	 0.313920	 -0.269923	 0.000000	 0.015869	 0.015869	 90.000000	 0.313916	 -0.001479	 0.313920	 -0.269923	 77483.087916	
4839.389558	 1.000000	 0.000000	 -0.000000	 0.000000	 -90.000000	 0.313926	 -0.001482	 0.313930	 -0.270572	 0.000000	 0.015367	 0.015367	 90.000000	 0.313926	 -0.001482	 0.313930	 -0.270572	 77484.525468	
4819.313253	 1.000000	 0.000000	 -0.000001	 0.000001	 -90.000000	 0.313934	 -0.001473	 0.313937	 -0.268833	 0.000000	 0.014969	 0.014969	 90.000000	 0.313934	 -0.001473	 0.313937	 -0.268785	 77485.997958	
4799.236948	 1.000000	 0.000000	 -0.000001	 0.000001	 -90.000000	 0.313934	 -0.001473	 0.313938	 -0.268750	 0.000000	 0.014561	 0.014561	 90.000000	 0.313934	 -0.001473	 0.313938	 -0.268750	 77487.450229	
4779.160643	 1.000000	 0.000000	 -0.000000	 0.000000	 -90.000000	 0.313920	 -0.001476	 0.313924	 -0.269373	 0.000000	 0.014083	 0.014083	 90.000000	 0.313920	 -0.001476	 0.313924	 -0.269373	 77488.894370	
4759.084337	 1.000000	 0.000000	 -0.000001	 0.000001	 -90.000000	 0.313928	 -0.001476	 0.313932	 -0.269428	 0.000000	 0.013789	 0.013789	 90.000000	 0.313928	 -0.001476	 0.313932	 -0.269428	 77490.330958	
4739.008032	 1.000000	 0.000000	 -0.000001	 0.000001	 -90.000000	 0.313927	 -0.001470	 0.313931	 -0.268300	 0.000000	 0.013422	 0.013422	 90.000000	 0.313927	 -0.001470	 0.313931	 -0.268300	 77491.781032	
4718.931727	 1.000000	 0.000000	 -0.000001	 0.000001	 -90.000000	 0.313926	 -0.001472	 0.313930	 -0.268640	 0.000000	 0.013094	 0.013094	 90.000000	 0.313926	 -0.001472	 0.313930	 -0.268640	 77493.215330	
4698.855422	 1.000000	 0.000000	 -0.000001	 0.000001	 -90.000000	 0.313935	 -0.001473	 0.313938	 -0.268824	 0.000000	 0.012807	 0.012807	 90.000000	 0.313935	 -0.001473	 0.313938	 -0.268824	 77494.671414	
4678.779116	 1.000000	 0.000000	 -0.000001	 0.000001	 -90.000000	 0.313948	 -0.001471	 0.313952	 -0.268488	 0.000000	 0.012488	 0.012488	 90.000000	 0.313948	 -0.001471	 0.313952	 -0.268488	 77496.092176	
4658.702811	 1.000000	 0.000000	 -0.000001	 0.000001	 -90.000000	 0.313943	 -0.001472	 0.313946	 -0.268686	 0.000000	 0.012205	 0.012205	 90.000000	 0.313943	 -0.001472	 0.313946	 -0.268686	 77497.523225	
4638.626506	 1.000000	 0.000000	 -0.000001	 0.000001	 -90.000000	 0.313952	 -0.001470	 0.313956	 -0.268328	 0.000000	 0.011959	 0.011959	 90.000000	 0.313952	 -0.001470	 0.313956	 -0.268328	 77498.993364	
4618.550201	 1.000000	 0.000000	 -0.000001	 0.000001	 -90.000000	 0.313956	 -0.001468	 0.313959	 -0.267922	 0.000000	 0.011814	 0.011814	 90.000000	 0.313956	 -0.001468	 0.313959	 -0.267922	 77500.417251	
4598.473896	 1.000000	 0.000000	 -0.000001	 0.000001	 -90.000000	 0.313952	 -0.001464	 0.313955	 -0.267223	 0.000000	 0.011501	 0.011501	 90.000000	 0.313952	 -0.001464	 0.313955	 -0.267223	 77501.893879	
4578.397590	 1.000000	 0.000000	 -0.000000	 0.000000	 -90.000000	 0.313955	 -0.001468	 0.313958	 -0.267982	 0.000000	 0.011264	 0.011264	 90.000000	 0.313955	 -0.001469	 0.313958	 -0.268003	 77503.328343	
4558.321285	 1.000000	 0.000000	 -0.000001	 0.000001	 -90.000000	 0.313962	 -0.001465	 0.313966	 -0.267422	 0.000000	 0.011043	 0.011043	 90.000000	 0.313962	 -0.001465	 0.313966	 -0.267422	 77504.776994	
4538.244980	 1.000000	 0.000000	 -0.000001	 0.000001	 -90.000000	 0.313954	 -0.001466	 0.313958	 -0.267558	 0.000000	 0.010850	 0.010850	 90.000000	 0.313954	 -0.001466	 0.313958	 -0.267541	 77506.207755	
4518.168675	 1.000000	 0.000000	 -0.000001	 0.000001	 -90.000000	 0.313959	 -0.001467	 0.313963	 -0.267748	 0.000000	 0.010631	 0.010631	 90.000000	 0.313959	 -0.001467	 0.313962	 -0.267703	 77507.668350	
4498.092369	 1.000000	 0.000000	 -0.000001	 0.000001	 -90.000000	 0.313967	 -0.001461	 0.313971	 -0.266562	 0.000000	 0.010439	 0.010439	 90.000000	 0.313967	 -0.001461	 0.313971	 -0.266562	 77509.097426	
4478.016064	 1.000000	 0.000000	 -0.000000	 0.000000	 -90.000000	 0.313963	 -0.001465	 0.313966	 -0.267404	 0.000000	 0.010331	 0.010331	 90.000000	 0.313963	 -0.001465	 0.313966	 -0.267404	 77510.538138	
4457.939759	 1.000000	 0.000000	 -0.000001	 0.000001	 -90.000000	 0.313965	 -0.001459	 0.313968	 -0.266196	 0.000000	 0.010158	 0.010158	 90.000000	 0.313965	 -0.001459	 0.313968	 -0.266196	 77511.970318	
4437.863454	 1.000000	 0.000000	 -0.000000	 0.000000	 -90.000000	 0.313965	 -0.001467	 0.313968	 -0.267665	 0.000000	 0.009953	 0.009953	 90.000000	 0.313965	 -0.001467	 0.313968	 -0.267665	 77513.417986	
4417.787149	 1.000000	 0.000000	 -0.000001	 0.000001	 -90.000000	 0.313977	 -0.001458	 0.313980	 -0.266027	 0.000000	 0.009784	 0.009784	 90.000000	 0.313977	 -0.001458	 0.313981	 -0.265999	 77514.890896	
4397.710843	 1.000000	 0.000000	 -0.000000	 0.000000	 -90.000000	 0.313973	 -0.001459	 0.313977	 -0.266308	 0.000000	 0.009624	 0.009624	 90.000000	 0.313973	 -0.001459	 0.313977	 -0.266308	 77516.330692	
4377.634538	 1.000000	 0.000000	 -0.000001	 0.000001	 -90.000000	 0.313986	 -0.001457	 0.313989	 -0.265799	 0.000000	 0.009476	 0.009476	 90.000000	 0.313986	 -0.001457	 0.313989	 -0.265799	 77517.781997	
4357.558233	 1.000000	 0.000000	 -0.000001	 0.000001	 -90.000000	 0.313990	 -0.001457	 0.313993	 -0.265822	 0.000000	 0.009330	 0.009330	 90.000000	 0.313990	 -0.001457	 0.313993	 -0.265822	 77519.209959	
4337.481928	 1.000000	 0.000000	 -0.000001	 0.000001	 -90.000000	 0.313998	 -0.001458	 0.314001	 -0.266064	 0.000000	 0.009123	 0.009123	 90.000000	 0.313998	 -0.001458	 0.314001	 -0.266064	 77520.680154	
4317.405622	 1.000000	 0.000000	 -0.000001	 0.000001	 -90.000000	 0.314002	 -0.001456	 0.314005	 -0.265655	 0.000000	 0.009038	 0.009038	 90.000000	 0.314002	 -0.001456	 0.314005	 -0.265655	 77522.098409	
4297.329317	 1.000000	 0.000000	 -0.000001	 0.000001	 -90.000000	 0.313997	 -0.001463	 0.314000	 -0.266885	 0.000000	 0.008926	 0.008926	 90.000000	 0.313997	 -0.001463	 0.314001	 -0.266890	 77523.573082	
4277.253012	 1.000000	 0.000000	 -0.000001	 0.000001	 -90.000000	 0.314004	 -0.001457	 0.314007	 -0.265834	 0.000000	 0.008819	 0.008819	 90.000000	 0.314004	 -0.001457	 0.314007	 -0.265834	 77525.024243	
4257.176707	 1.000000	 0.000000	 -0.000001	 0.000001	 -90.000000	 0.314005	 -0.001450	 0.314009	 -0.264631	 0.000000	 0.008628	 0.008628	 90.000000	 0.314005	 -0.001450	 0.314009	 -0.264631	 77526.448331	
4237.100402	 1.000000	 0.000000	 -0.000001	 0.000001	 -90.000000	 0.314016	 -0.001462	 0.314019	 -0.266765	 0.000000	 0.008562	 0.008562	 90.000000	 0.314016	 -0.001462	 0.314019	 -0.266765	 77527.887744	
4217.024096	 1.000000	 0.000000	 -0.000001	 0.000001	 -90.000000	 0.314014	 -0.001458	 0.314017	 -0.266082	 0.000000	 0.008432	 0.008432	 90.000000	 0.314014	 -0.001458	 0.314017	 -0.266082	 77529.325078	
4196.947791	 1.000000	 0.000000	 -0.000001	 0.000001	 -90.000000	 0.314023	 -0.001451	 0.314027	 -0.264707	 0.000000	 0.008299	 0.008299	 90.000000	 0.314023	 -0.001451	 0.314027	 -0.264707	 77530.790190	
4176.871486	 1.000000	 0.000000	 -0.000001	 0.000001	 -90.000000	 0.314017	 -0.001457	 0.314021	 -0.265897	 0.000000	 0.008192	 0.008192	 90.000000	 0.314017	 -0.001457	 0.314021	 -0.265897	 77532.189584	
4156.795181	 1.000000	 0.000000	 -0.000001	 0.000001	 -90.000000	 0.314026	 -0.001451	 0.314029	 -0.264760	 0.000000	 0.008061	 0.008061	 90.000000	 0.314026	 -0.001451	 0.314029	 -0.264760	 77533.643373	
4136.718876	 1.000000	 0.000000	 -0.000001	 0.000001	 -90.000000	 0.314011	 -0.001456	 0.314014	 -0.265606	 0.000000	 0.007992	 0.007992	 90.000000	 0.314011	 -0.001456	 0.314014	 -0.265606	 77535.072951	
4116.642570	 1.000000	 0.000000	 -0.000000	 0.000000	 -90.000000	 0.314018	 -0.001453	 0.314021	 -0.265030	 0.000000	 0.007873	 0.007873	 90.000000	 0.314018	 -0.001453	 0.314021	 -0.265030	 77536.510703	
4096.566265	 1.000000	 0.000000	 -0.000000	 0.000000	 -90.000000	 0.314029	 -0.001453	 0.314032	 -0.265024	 0.000000	 0.007789	 0.007789	 90.000000	 0.314029	 -0.001452	 0.314032	 -0.264999	 77537.965257	
4076.489960	 1.000000	 0.000000	 -0.000000	 0.000000	 -90.000000	 0.314029	 -0.001447	 0.314032	 -0.264044	 0.000000	 0.007699	 0.007699	 90.000000	 0.314029	 -0.001447	 0.314032	 -0.264044	 77539.452724	
4056.413655	 1.000000	 0.000000	 -0.000001	 0.000001	 -90.000000	 0.314051	 -0.001453	 0.314054	 -0.265049	 0.000000	 0.007596	 0.007596	 90.000000	 0.314051	 -0.001453	 0.314054	 -0.265049	 77540.906832	
4036.337349	 1.000000	 0.000000	 -0.000001	 0.000001	 -90.000000	 0.314038	 -0.001450	 0.314041	 -0.264550	 0.000000	 0.007466	 0.007466	 90.000000	 0.314038	 -0.001450	 0.314041	 -0.264550	 77542.356729	
4016.261044	 1.000000	 0.000000	 -0.000001	 0.000001	 -90.000000	 0.314033	 -0.001449	 0.314037	 -0.264428	 0.000000	 0.007406	 0.007406	 90.000000	 0.314033	 -0.001449	 0.314037	 -0.264428	 77543.788774	
3996.184739	 1.000000	 0.000000	 -0.000000	 0.000000	 -90.000000	 0.314040	 -0.001458	 0.314043	 -0.265944	 0.000000	 0.007276	 0.007276	 90.000000	 0.314040	 -0.001458	 0.314043	 -0.265944	 77545.228191	
3976.108434	 1.000000	 0.000000	 -0.000001	 0.000001	 -90.000000	 0.314057	 -0.001448	 0.314061	 -0.264200	 0.000000	 0.007216	 0.007216	 90.000000	 0.314057	 -0.001448	 0.314061	 -0.264200	 77546.677232	
3956.032129	 1.000000	 0.000000	 -0.000001	 0.000001	 -90.000000	 0.314068	 -0.001448	 0.314071	 -0.264227	 0.000000	 0.007124	 0.007124	 90.000000	 0.314068	 -0.001448	 0.314071	 -0.264227	 77548.117062	
3935.955823	 1.000000	 0.000000	 -0.000000	 0.000000	 -90.000000	 0.314069	 -0.001442	 0.314072	 -0.263144	 0.000000	 0.007058	 0.007058	 90.000000	 0.314069	 -0.001442	 0.314072	 -0.263144	 77549.542543	
3915.879518	 1.000000	 0.000000	 -0.000001	 0.000001	 -90.000000	 0.314072	 -0.001451	 0.314075	 -0.264661	 0.000000	 0.006944	 0.006944	 90.000000	 0.314072	 -0.001451	 0.314075	 -0.264661	 77550.987753	
3895.803213	 1.000000	 0.000000	 -0.000001	 0.000001	 -90.000000	 0.314072	 -0.001451	 0.314075	 -0.264632	 0.000000	 0.006859	 0.006859	 90.000000	 0.314072	 -0.001451	 0.314075	 -0.264632	 77552.459761	
3875.726908	 1.000000	 0.000000	 -0.000001	 0.000001	 -90.000000	 0.314065	 -0.001450	 0.314069	 -0.264552	 0.000000	 0.006786	 0.006786	 90.000000	 0.314065	 -0.001450	 0.314068	 -0.264596	 77553.894298	
3855.650602	 1.000000	 0.000000	 -0.000001	 0.000001	 -90.000000	 0.314076	 -0.001449	 0.314080	 -0.264393	 0.000000	 0.006736	 0.006736	 90.000000	 0.314076	 -0.001449	 0.314080	 -0.264393	 77555.342794	
3835.574297	 1.000000	 0.000000	 -0.000001	 0.000001	 -90.000000	 0.314083	 -0.001446	 0.314087	 -0.263724	 0.000000	 0.006663	 0.006663	 90.000000	 0.314083	 -0.001446	 0.314087	 -0.263724	 77556.772394	
3815.497992	 1.000000	 0.000000	 -0.000001	 0.000001	 -90.000000	 0.314080	 -0.001448	 0.314084	 -0.264236	 0.000000	 0.006583	 0.006583	 90.000000	 0.314080	 -0.001448	 0.314084	 -0.264236	 77558.210080	
3795.421687	 1.000000	 0.000000	 -0.000001	 0.000001	 -90.000000	 0.314092	 -0.001447	 0.314095	 -0.264006	 0.000000	 0.006508	 0.006508	 90.000000	 0.314092	 -0.001447	 0.314095	 -0.264006	 77559.659507	
3775.345382	 1.000000	 0.000000	 -0.000001	 0.000001	 -90.000000	 0.314105	 -0.001446	 0.314109	 -0.263816	 0.000000	 0.006472	 0.006472	 90.000000	 0.314106	 -0.001446	 0.314109	 -0.263804	 77561.070230	
3755.269076	 1.000000	 0.000000	 -0.000001	 0.000001	 -90.000000	 0.314098	 -0.001448	 0.314101	 -0.264174	 0.000000	 0.006341	 0.006341	 90.000000	 0.314098	 -0.001449	 0.314102	 -0.264234	 77562.576758	
3735.192771	 1.000000	 0.000000	 -0.000001	 0.000001	 -90.000000	 0.314093	 -0.001451	 0.314096	 -0.264682	 0.000000	 0.006274	 0.006274	 90.000000	 0.314093	 -0.001451	 0.314096	 -0.264682	 77564.001972	
3715.116466	 1.000000	 0.000000	 -0.000001	 0.000001	 -90.000000	 0.314105	 -0.001449	 0.314108	 -0.264240	 0.000000	 0.006242	 0.006242	 90.000000	 0.314105	 -0.001449	 0.314108	 -0.264240	 77565.479964	
3695.040161	 1.000000	 0.000000	 -0.000000	 0.000000	 -90.000000	 0.314114	 -0.001441	 0.314118	 -0.262821	 0.000000	 0.006213	 0.006213	 90.000000	 0.314117	 -0.001441	 0.314120	 -0.262839	 77566.922820	
3674.963855	 1.000000	 0.000000	 -0.000001	 0.000001	 -90.000000	 0.314126	 -0.001477	 0.314130	 -0.269429	 0.000000	 0.006104	 0.006104	 90.000000	 0.314126	 -0.001477	 0.314130	 -0.269429	 77568.378840	
3654.887550	 1.000000	 0.000000	 -0.000001	 0.000001	 -90.000000	 0.314126	 -0.001444	 0.314129	 -0.263379	 0.000000	 0.006068	 0.006068	 90.000000	 0.314128	 -0.001442	 0.314131	 -0.263073	 77569.813989	
3634.811245	 1.000000	 0.000000	 -0.000001	 0.000001	 -90.000000	 0.314137	 -0.001445	 0.314140	 -0.263570	 0.000000	 0.005984	 0.005984	 90.000000	 0.314136	 -0.001446	 0.314140	 -0.263670	 77571.275973	
3614.734940	 1.000000	 0.000000	 -0.000001	 0.000001	 -90.000000	 0.314154	 -0.001429	 0.314157	 -0.260712	 0.000000	 0.005961	 0.005961	 90.000000	 0.314154	 -0.001429	 0.314157	 -0.260711	 77572.694309	
3594.658635	 1.000000	 0.000000	 -0.000000	 0.000000	 -90.000000	 0.314131	 -0.001448	 0.314135	 -0.264021	 0.000000	 0.005918	 0.005918	 90.000000	 0.314131	 -0.001448	 0.314135	 -0.264021	 77574.127118	
3574.582329	 1.000000	 0.000000	 -0.000001	 0.000001	 -90.000000	 0.314173	 -0.001417	 0.314176	 -0.258425	 0.000000	 0.005841	 0.005841	 90.000000	 0.314173	 -0.001417	 0.314176	 -0.258425	 77575.567196	
3554.506024	 1.000000	 0.000000	 -0.000001	 0.000001	 -90.000000	 0.314132	 -0.001438	 0.314135	 -0.262359	 0.000000	 0.005767	 0.005767	 90.000000	 0.314132	 -0.001438	 0.314135	 -0.262359	 77577.005415	
3534.429719	 1.000000	 0.000000	 -0.000001	 0.000001	 -90.000000	 0.314157	 -0.001455	 0.314160	 -0.265288	 0.000000	 0.005727	 0.005727	 90.000000	 0.314157	 -0.001455	 0.314160	 -0.265288	 77578.417978	
3514.353414	 1.000000	 0.000000	 -0.000001	 0.000001	 -90.000000	 0.314153	 -0.001444	 0.314156	 -0.263315	 0.000000	 0.005680	 0.005680	 90.000000	 0.314153	 -0.001444	 0.314156	 -0.263315	 77579.856128	
3494.277108	 1.000000	 0.000000	 -0.000001	 0.000001	 -90.000000	 0.314176	 -0.001446	 0.314179	 -0.263718	 0.000000	 0.005615	 0.005615	 90.000000	 0.314176	 -0.001446	 0.314179	 -0.263718	 77581.307831	
3474.200803	 1.000000	 0.000000	 -0.000000	 0.000000	 -90.000000	 0.314163	 -0.001445	 0.314167	 -0.263472	 0.000000	 0.005596	 0.005596	 90.000000	 0.314163	 -0.001445	 0.314167	 -0.263472	 77582.742102	
3454.124498	 1.000000	 0.000000	 -0.000000	 0.000000	 -90.000000	 0.314158	 -0.001451	 0.314162	 -0.264609	 0.000000	 0.005527	 0.005527	 90.000000	 0.314158	 -0.001451	 0.314162	 -0.264609	 77584.198699	
3434.048193	 1.000000	 0.000000	 -0.000001	 0.000001	 -90.000000	 0.314184	 -0.001441	 0.314188	 -0.262693	 0.000000	 0.005457	 0.005457	 90.000000	 0.314184	 -0.001441	 0.314187	 -0.262707	 77585.635418	
3413.971888	 1.000000	 0.000000	 -0.000001	 0.000001	 -90.000000	 0.314192	 -0.001444	 0.314195	 -0.263277	 0.000000	 0.005445	 0.005445	 90.000000	 0.314192	 -0.001444	 0.314195	 -0.263277	 77587.083698	
3393.895582	 1.000000	 0.000000	 -0.000001	 0.000001	 -90.000000	 0.314186	 -0.001444	 0.314189	 -0.263363	 0.000000	 0.005419	 0.005419	 90.000000	 0.314186	 -0.001444	 0.314189	 -0.263363	 77588.514311	
3373.819277	 1.000000	 0.000000	 -0.000001	 0.000001	 -90.000000	 0.314204	 -0.001442	 0.314207	 -0.263018	 0.000000	 0.005330	 0.005330	 90.000000	 0.314204	 -0.001442	 0.314207	 -0.263018	 77589.966159	
3353.742972	 1.000000	 0.000000	 -0.000001	 0.000001	 -90.000000	 0.314203	 -0.001441	 0.314206	 -0.262719	 0.000000	 0.005296	 0.005296	 90.000000	 0.314203	 -0.001441	 0.314206	 -0.262719	 77591.413152	
3333.666667	 1.000000	 0.000000	 -0.000001	 0.000001	 -90.000000	 0.314215	 -0.001443	 0.314218	 -0.263127	 0.000000	 0.005247	 0.005247	 90.000000	 0.314215	 -0.001443	 0.314218	 -0.263127	 77592.903296	
3313.590361	 1.000000	 0.000000	 -0.000001	 0.000001	 -90.000000	 0.314213	 -0.001442	 0.314216	 -0.262954	 0.000000	 0.005249	 0.005249	 90.000000	 0.314213	 -0.001442	 0.314216	 -0.262954	 77594.322765	
3293.514056	 1.000000	 0.000000	 -0.000001	 0.000001	 -90.000000	 0.314218	 -0.001439	 0.314221	 -0.262326	 0.000000	 0.005155	 0.005155	 90.000000	 0.314218	 -0.001439	 0.314221	 -0.262326	 77595.789479	
3273.437751	 1.000000	 0.000000	 -0.000000	 0.000000	 -90.000000	 0.314224	 -0.001445	 0.314227	 -0.263527	 0.000000	 0.005111	 0.005111	 90.000000	 0.314224	 -0.001445	 0.314227	 -0.263527	 77597.242589	
3253.361446	 1.000000	 0.000000	 -0.000001	 0.000001	 -90.000000	 0.314236	 -0.001432	 0.314239	 -0.261162	 0.000000	 0.005086	 0.005086	 90.000000	 0.314236	 -0.001432	 0.314239	 -0.261162	 77598.697715	
3233.285141	 1.000000	 0.000000	 -0.000000	 0.000000	 -90.000000	 0.314237	 -0.001442	 0.314241	 -0.262846	 0.000000	 0.005040	 0.005040	 90.000000	 0.314237	 -0.001442	 0.314240	 -0.262894	 77600.198541	
3213.208835	 1.000000	 0.000000	 -0.000000	 0.000000	 -90.000000	 0.314250	 -0.001439	 0.314254	 -0.262365	 0.000000	 0.004976	 0.004976	 90.000000	 0.314250	 -0.001439	 0.314254	 -0.262365	 77601.610259	
3193.132530	 1.000000	 0.000000	 -0.000000	 0.000000	 -90.000000	 0.314257	 -0.001444	 0.314261	 -0.263354	 0.000000	 0.004904	 0.004904	 90.000000	 0.314258	 -0.001444	 0.314261	 -0.263299	 77603.069242	
3173.056225	 1.000000	 0.000000	 -0.000000	 0.000000	 -90.000000	 0.314256	 -0.001442	 0.314259	 -0.262948	 0.000000	 0.004941	 0.004941	 90.000000	 0.314256	 -0.001442	 0.314259	 -0.262948	 77604.496601	
3152.979920	 1.000000	 0.000000	 -0.000000	 0.000000	 -90.000000	 0.314252	 -0.001457	 0.314255	 -0.265653	 0.000000	 0.004865	 0.004865	 90.000000	 0.314252	 -0.001457	 0.314255	 -0.265653	 77605.953122	
3132.903614	 1.000000	 0.000000	 -0.000000	 0.000000	 -90.000000	 0.314279	 -0.001437	 0.314282	 -0.261932	 0.000000	 0.004856	 0.004856	 90.000000	 0.314279	 -0.001437	 0.314282	 -0.261931	 77607.389238	
3112.827309	 1.000000	 0.000000	 -0.000000	 0.000000	 -90.000000	 0.314282	 -0.001439	 0.314285	 -0.262365	 0.000000	 0.004821	 0.004821	 90.000000	 0.314282	 -0.001439	 0.314285	 -0.262365	 77608.833532	
3092.751004	 1.000000	 0.000000	 -0.000000	 0.000000	 -90.000000	 0.314289	 -0.001441	 0.314293	 -0.262721	 0.000000	 0.004813	 0.004813	 90.000000	 0.314289	 -0.001441	 0.314293	 -0.262721	 77610.241154	
3072.674699	 1.000000	 0.000000	 -0.000000	 0.000000	 -90.000000	 0.314293	 -0.001435	 0.314297	 -0.261593	 0.000000	 0.004779	 0.004779	 90.000000	 0.314293	 -0.001435	 0.314297	 -0.261593	 77611.669746	
3052.598394	 1.000000	 0.000000	 -0.000000	 0.000000	 -90.000000	 0.314286	 -0.001460	 0.314289	 -0.266238	 0.000000	 0.004740	 0.004740	 90.000000	 0.314286	 -0.001460	 0.314289	 -0.266238	 77613.108569	
3032.522088	 1.000000	 0.000000	 -0.000000	 0.000000	 -90.000000	 0.314297	 -0.001441	 0.314300	 -0.262742	 0.000000	 0.004727	 0.004727	 90.000000	 0.314297	 -0.001441	 0.314300	 -0.262742	 77614.631689	
3012.445783	 1.000000	 0.000000	 -0.000001	 0.000001	 -90.000000	 0.314313	 -0.001444	 0.314317	 -0.263176	 0.000000	 0.004693	 0.004693	 90.000000	 0.314313	 -0.001444	 0.314317	 -0.263176	 77616.040638	
2992.369478	 1.000000	 0.000000	 -0.000000	 0.000000	 -90.000000	 0.314323	 -0.001437	 0.314326	 -0.261950	 0.000000	 0.004641	 0.004641	 90.000000	 0.314323	 -0.001437	 0.314326	 -0.261950	 77617.482132	
2972.293173	 1.000000	 0.000000	 -0.000000	 0.000000	 -90.000000	 0.314328	 -0.001447	 0.314331	 -0.263807	 0.000000	 0.004575	 0.004575	 90.000000	 0.314327	 -0.001448	 0.314331	 -0.263856	 77618.911253	
2952.216867	 1.000000	 0.000000	 -0.000001	 0.000001	 -90.000000	 0.314322	 -0.001437	 0.314326	 -0.262027	 0.000000	 0.004533	 0.004533	 90.000000	 0.314322	 -0.001437	 0.314326	 -0.262027	 77620.352036	
2932.140562	 1.000000	 0.000000	 -0.000001	 0.000001	 -90.000000	 0.314326	 -0.001430	 0.314330	 -0.260626	 0.000000	 0.004475	 0.004475	 90.000000	 0.314326	 -0.001430	 0.314330	 -0.260626	 77621.791041	
2912.064257	 1.000000	 0.000000	 -0.000001	 0.000001	 -90.000000	 0.314333	 -0.001438	 0.314336	 -0.262119	 0.000000	 0.004471	 0.004471	 90.000000	 0.314333	 -0.001438	 0.314336	 -0.262119	 77623.236392	
2891.987952	 1.000000	 0.000000	 -0.000001	 0.000001	 -90.000000	 0.314346	 -0.001441	 0.314350	 -0.262562	 0.000000	 0.004433	 0.004433	 90.000000	 0.314346	 -0.001441	 0.314350	 -0.262562	 77624.691120	
2871.911647	 1.000000	 0.000000	 -0.000000	 0.000000	 -90.000000	 0.314357	 -0.001443	 0.314360	 -0.262925	 0.000000	 0.004393	 0.004393	 90.000000	 0.314357	 -0.001443	 0.314360	 -0.262925	 77626.116445	
2851.835341	 1.000000	 0.000000	 -0.000000	 0.000000	 -90.000000	 0.314352	 -0.001454	 0.314355	 -0.264988	 0.000000	 0.004426	 0.004426	 90.000000	 0.314353	 -0.001454	 0.314356	 -0.265018	 77627.545922	
2831.759036	 1.000000	 0.000000	 -0.000000	 0.000000	 -90.000000	 0.314375	 -0.001441	 0.314378	 -0.262553	 0.000000	 0.004410	 0.004410	 90.000000	 0.314375	 -0.001441	 0.314378	 -0.262553	 77629.014431	
2811.682731	 1.000000	 0.000000	 -0.000001	 0.000001	 -90.000000	 0.314377	 -0.001439	 0.314381	 -0.262294	 0.000000	 0.004332	 0.004332	 90.000000	 0.314377	 -0.001439	 0.314381	 -0.262294	 77630.421282	
2791.606426	 1.000000	 0.000000	 -0.000001	 0.000001	 -90.000000	 0.314388	 -0.001441	 0.314391	 -0.262592	 0.000000	 0.004320	 0.004320	 90.000000	 0.314388	 -0.001440	 0.314391	 -0.262515	 77631.855105	
2771.530120	 1.000000	 0.000000	 -0.000000	 0.000000	 -90.000000	 0.314388	 -0.001440	 0.314391	 -0.262490	 0.000000	 0.004289	 0.004289	 90.000000	 0.314388	 -0.001440	 0.314391	 -0.262490	 77633.301940	
2751.453815	 1.000000	 0.000000	 -0.000001	 0.000001	 -90.000000	 0.314430	 -0.001441	 0.314434	 -0.262615	 0.000000	 0.004278	 0.004278	 90.000000	 0.314430	 -0.001441	 0.314434	 -0.262615	 77634.751061	
2731.377510	 1.000000	 0.000000	 -0.000001	 0.000001	 -90.000000	 0.314400	 -0.001442	 0.314403	 -0.262781	 0.000000	 0.004212	 0.004212	 90.000000	 0.314399	 -0.001443	 0.314402	 -0.262904	 77636.181270	
2711.301205	 1.000000	 0.000000	 -0.000000	 0.000000	 -90.000000	 0.314411	 -0.001439	 0.314414	 -0.262168	 0.000000	 0.004198	 0.004198	 90.000000	 0.314410	 -0.001439	 0.314414	 -0.262275	 77637.613375	
2691.224900	 1.000000	 0.000000	 -0.000000	 0.000000	 -90.000000	 0.314414	 -0.001444	 0.314417	 -0.263203	 0.000000	 0.004175	 0.004175	 90.000000	 0.314414	 -0.001444	 0.314417	 -0.263203	 77639.055926	
2671.148594	 1.000000	 0.000000	 -0.000000	 0.000000	 -90.000000	 0.314429	 -0.001435	 0.314432	 -0.261467	 0.000000	 0.004167	 0.004167	 90.000000	 0.314430	 -0.001435	 0.314433	 -0.261542	 77640.489168	
2651.072289	 1.000000	 0.000000	 -0.000000	 0.000000	 -90.000000	 0.314450	 -0.001416	 0.314453	 -0.258044	 0.000000	 0.004143	 0.004143	 90.000000	 0.314450	 -0.001416	 0.314453	 -0.258044	 77641.912350	
2630.995984	 1.000000	 0.000000	 -0.000001	 0.000001	 -90.000000	 0.314427	 -0.001439	 0.314430	 -0.262220	 0.000000	 0.004128	 0.004128	 90.000000	 0.314427	 -0.001439	 0.314430	 -0.262155	 77643.346338	
2610.919679	 1.000000	 0.000000	 -0.000001	 0.000001	 -90.000000	 0.314459	 -0.001445	 0.314462	 -0.263226	 0.000000	 0.004113	 0.004113	 90.000000	 0.314459	 -0.001445	 0.314462	 -0.263226	 77644.801057	
2590.843373	 1.000000	 0.000000	 -0.000001	 0.000001	 -90.000000	 0.314463	 -0.001440	 0.314467	 -0.262353	 0.000000	 0.004060	 0.004060	 90.000000	 0.314463	 -0.001440	 0.314467	 -0.262353	 77646.237702	
2570.767068	 1.000000	 0.000000	 -0.000001	 0.000001	 -90.000000	 0.314458	 -0.001449	 0.314461	 -0.264084	 0.000000	 0.004044	 0.004044	 90.000000	 0.314458	 -0.001449	 0.314461	 -0.264084	 77647.712059	
2550.690763	 1.000000	 0.000000	 -0.000001	 0.000001	 -90.000000	 0.314471	 -0.001436	 0.314475	 -0.261550	 0.000000	 0.003985	 0.003985	 90.000000	 0.314472	 -0.001436	 0.314475	 -0.261610	 77649.134760	
2530.614458	 1.000000	 0.000000	 -0.000001	 0.000001	 -90.000000	 0.314483	 -0.001444	 0.314486	 -0.263084	 0.000000	 0.003953	 0.003953	 90.000000	 0.314483	 -0.001444	 0.314486	 -0.263084	 77650.600706	
2510.538153	 1.000000	 0.000000	 -0.000001	 0.000001	 -90.000000	 0.314492	 -0.001442	 0.314495	 -0.262643	 0.000000	 0.003972	 0.003972	 90.000000	 0.314492	 -0.001442	 0.314496	 -0.262677	 77652.006088	
2490.461847	 1.000000	 0.000000	 -0.000001	 0.000001	 -90.000000	 0.314509	 -0.001439	 0.314513	 -0.262165	 0.000000	 0.003928	 0.003928	 90.000000	 0.314509	 -0.001439	 0.314513	 -0.262165	 77653.451995	
2470.385542	 1.000000	 0.000000	 -0.000001	 0.000001	 -90.000000	 0.314496	 -0.001444	 0.314500	 -0.263055	 0.000000	 0.003937	 0.003937	 90.000000	 0.314496	 -0.001444	 0.314500	 -0.263050	 77654.893938	
2450.309237	 1.000000	 0.000000	 -0.000001	 0.000001	 -90.000000	 0.314501	 -0.001425	 0.314505	 -0.259515	 0.000000	 0.003927	 0.003927	 90.000000	 0.314502	 -0.001424	 0.314505	 -0.259456	 77656.311196	
2430.232932	 1.000000	 0.000000	 -0.000001	 0.000001	 -90.000000	 0.314545	 -0.001446	 0.314549	 -0.263408	 0.000000	 0.003875	 0.003875	 90.000000	 0.314545	 -0.001446	 0.314549	 -0.263408	 77657.769895	
2410.156627	 1.000000	 0.000000	 -0.000001	 0.000001	 -90.000000	 0.314538	 -0.001436	 0.314541	 -0.261570	 0.000000	 0.003838	 0.003838	 90.000000	 0.314538	 -0.001436	 0.314541	 -0.261570	 77659.202485	
2390.080321	 1.000000	 0.000000	 -0.000001	 0.000001	 -90.000000	 0.314542	 -0.001448	 0.314545	 -0.263756	 0.000000	 0.003817	 0.003817	 90.000000	 0.314542	 -0.001448	 0.314545	 -0.263756	 77660.641947	
2370.004016	 1.000000	 0.000000	 -0.000001	 0.000001	 -90.000000	 0.314550	 -0.001441	 0.314553	 -0.262423	 0.000000	 0.003827	 0.003827	 90.000000	 0.314550	 -0.001441	 0.314553	 -0.262423	 77662.074622	
2349.927711	 1.000000	 0.000000	 -0.000001	 0.000001	 -90.000000	 0.314597	 -0.001403	 0.314600	 -0.255493	 0.000000	 0.003795	 0.003795	 90.000000	 0.314597	 -0.001403	 0.314600	 -0.255493	 77663.545108	
2329.851406	 1.000000	 0.000000	 -0.000001	 0.000001	 -90.000000	 0.314568	 -0.001454	 0.314572	 -0.264822	 0.000000	 0.003759	 0.003759	 90.000000	 0.314568	 -0.001454	 0.314572	 -0.264822	 77664.968686	
2309.775100	 1.000000	 0.000000	 -0.000001	 0.000001	 -90.000000	 0.314591	 -0.001450	 0.314594	 -0.264009	 0.000000	 0.003769	 0.003769	 90.000000	 0.314591	 -0.001450	 0.314594	 -0.264009	 77666.387090	
2289.698795	 1.000000	 0.000000	 -0.000001	 0.000001	 -90.000000	 0.314602	 -0.001442	 0.314605	 -0.262675	 0.000000	 0.003708	 0.003708	 90.000000	 0.314602	 -0.001442	 0.314605	 -0.262675	 77667.811720	
2269.622490	 1.000000	 0.000000	 -0.000001	 0.000001	 -90.000000	 0.314617	 -0.001437	 0.314621	 -0.261616	 0.000000	 0.003674	 0.003674	 90.000000	 0.314617	 -0.001437	 0.314621	 -0.261616	 77669.277601	
2249.546185	 1.000000	 0.000000	 -0.000001	 0.000001	 -90.000000	 0.314627	 -0.001409	 0.314630	 -0.256657	 0.000000	 0.003660	 0.003660	 90.000000	 0.314627	 -0.001409	 0.314630	 -0.256657	 77670.732478	
2229.469880	 1.000000	 0.000000	 -0.000000	 0.000000	 -90.000000	 0.314640	 -0.001431	 0.314643	 -0.260633	 0.000000	 0.003670	 0.003670	 90.000000	 0.314640	 -0.001431	 0.314643	 -0.260633	 77672.175335	
2209.393574	 1.000000	 0.000000	 -0.000001	 0.000001	 -90.000000	 0.314645	 -0.001445	 0.314648	 -0.263109	 0.000000	 0.003672	 0.003672	 90.000000	 0.314645	 -0.001445	 0.314648	 -0.263109	 77673.588079	
2189.317269	 1.000000	 0.000000	 -0.000000	 0.000000	 -90.000000	 0.314655	 -0.001447	 0.314658	 -0.263404	 0.000000	 0.003607	 0.003607	 90.000000	 0.314655	 -0.001447	 0.314658	 -0.263404	 77675.027378	
2169.240964	 1.000000	 0.000000	 -0.000001	 0.000001	 -90.000000	 0.314665	 -0.001447	 0.314668	 -0.263488	 0.000000	 0.003652	 0.003652	 90.000000	 0.314665	 -0.001447	 0.314668	 -0.263487	 77676.458831	
2149.164659	 1.000000	 0.000000	 -0.000001	 0.000001	 -90.000000	 0.314691	 -0.001470	 0.314695	 -0.267679	 0.000000	 0.003593	 0.003593	 90.000000	 0.314691	 -0.001470	 0.314695	 -0.267679	 77677.907270	
2129.088353	 1.000000	 0.000000	 -0.000001	 0.000001	 -90.000000	 0.314688	 -0.001445	 0.314691	 -0.263108	 0.000000	 0.003577	 0.003577	 90.000000	 0.314688	 -0.001445	 0.314691	 -0.263108	 77679.353565	
2109.012048	 1.000000	 0.000000	 -0.000001	 0.000001	 -90.000000	 0.314686	 -0.001450	 0.314689	 -0.263916	 0.000000	 0.003604	 0.003604	 90.000000	 0.314686	 -0.001450	 0.314689	 -0.263916	 77680.820200	
2088.935743	 1.000000	 0.000000	 -0.000001	 0.000001	 -90.000000	 0.314703	 -0.001446	 0.314706	 -0.263210	 0.000000	 0.003575	 0.003575	 90.000000	 0.314703	 -0.001446	 0.314706	 -0.263210	 77682.246344	
2068.859438	 1.000000	 0.000000	 -0.000001	 0.000001	 -90.000000	 0.314728	 -0.001440	 0.314732	 -0.262122	 0.000000	 0.003520	 0.003520	 90.000000	 0.314728	 -0.001440	 0.314732	 -0.262122	 77683.671909	
2048.783133	 1.000000	 0.000000	 -0.000001	 0.000001	 -90.000000	 0.314743	 -0.001406	 0.314746	 -0.255888	 0.000000	 0.003584	 0.003584	 90.000000	 0.314743	 -0.001406	 0.314746	 -0.255888	 77685.106183	
2028.706827	 1.000000	 0.000000	 -0.000001	 0.000001	 -90.000000	 0.314753	 -0.001442	 0.314756	 -0.262553	 0.000000	 0.003573	 0.003573	 90.000000	 0.314753	 -0.001442	 0.314756	 -0.262553	 77686.588600	
2008.630522	 1.000000	 0.000000	 -0.000001	 0.000001	 -90.000000	 0.314771	 -0.001452	 0.314774	 -0.264254	 0.000000	 0.003455	 0.003455	 90.000000	 0.314771	 -0.001453	 0.314775	 -0.264522	 77688.046798	
1988.554217	 1.000000	 0.000000	 -0.000001	 0.000001	 -90.000000	 0.314787	 -0.001450	 0.314790	 -0.263970	 0.000000	 0.003502	 0.003502	 90.000000	 0.314787	 -0.001450	 0.314790	 -0.263970	 77689.473342	
1968.477912	 1.000000	 0.000000	 -0.000001	 0.000001	 -90.000000	 0.314787	 -0.001426	 0.314790	 -0.259580	 0.000000	 0.003426	 0.003426	 90.000000	 0.314787	 -0.001426	 0.314790	 -0.259580	 77690.929180	
1948.401606	 1.000000	 0.000000	 -0.000001	 0.000001	 -90.000000	 0.314838	 -0.001508	 0.314842	 -0.274444	 0.000000	 0.003463	 0.003463	 90.000000	 0.314838	 -0.001508	 0.314842	 -0.274444	 77692.409020	
1928.325301	 1.000000	 0.000000	 -0.000001	 0.000001	 -90.000000	 0.314812	 -0.001415	 0.314815	 -0.257542	 0.000000	 0.003431	 0.003431	 90.000000	 0.314812	 -0.001414	 0.314815	 -0.257380	 77693.850009	
1908.248996	 1.000000	 0.000000	 -0.000001	 0.000001	 -90.000000	 0.314832	 -0.001444	 0.314836	 -0.262843	 0.000000	 0.003391	 0.003391	 90.000000	 0.314832	 -0.001444	 0.314836	 -0.262843	 77695.281450	
1888.172691	 1.000000	 0.000000	 -0.000000	 0.000000	 -90.000000	 0.314870	 -0.001448	 0.314873	 -0.263531	 0.000000	 0.003345	 0.003345	 90.000000	 0.314870	 -0.001448	 0.314873	 -0.263531	 77696.734843	
1868.096386	 1.000000	 0.000000	 -0.000000	 0.000000	 -90.000000	 0.314861	 -0.001455	 0.314865	 -0.264699	 0.000000	 0.003372	 0.003372	 90.000000	 0.314860	 -0.001456	 0.314863	 -0.264930	 77698.180792	
1848.020080	 1.000000	 0.000000	 -0.000000	 0.000000	 -90.000000	 0.314855	 -0.001431	 0.314858	 -0.260428	 0.000000	 0.003327	 0.003327	 90.000000	 0.314855	 -0.001431	 0.314858	 -0.260428	 77699.653851	
1827.943775	 1.000000	 0.000000	 -0.000001	 0.000001	 -90.000000	 0.314898	 -0.001456	 0.314901	 -0.264894	 0.000000	 0.003292	 0.003292	 90.000000	 0.314898	 -0.001456	 0.314901	 -0.264894	 77701.080420	
1807.867470	 1.000000	 0.000000	 -0.000001	 0.000001	 -90.000000	 0.314910	 -0.001442	 0.314914	 -0.262340	 0.000000	 0.003306	 0.003306	 90.000000	 0.314910	 -0.001442	 0.314914	 -0.262340	 77702.545179	
1787.791165	 1.000000	 0.000000	 -0.000001	 0.000001	 -90.000000	 0.314901	 -0.001454	 0.314905	 -0.264494	 0.000000	 0.003263	 0.003263	 90.000000	 0.314900	 -0.001455	 0.314904	 -0.264791	 77703.947992	
1767.714859	 1.000000	 0.000000	 -0.000001	 0.000001	 -90.000000	 0.314932	 -0.001424	 0.314935	 -0.259124	 0.000000	 0.003264	 0.003264	 90.000000	 0.314932	 -0.001424	 0.314935	 -0.259124	 77705.374993	
1747.638554	 1.000000	 0.000000	 -0.000001	 0.000001	 -90.000000	 0.314946	 -0.001465	 0.314949	 -0.266499	 0.000000	 0.003213	 0.003213	 90.000000	 0.314946	 -0.001465	 0.314949	 -0.266499	 77706.848326	
1727.562249	 1.000000	 0.000000	 -0.000000	 0.000000	 -90.000000	 0.314945	 -0.001459	 0.314948	 -0.265493	 0.000000	 0.003244	 0.003244	 90.000000	 0.314945	 -0.001459	 0.314948	 -0.265493	 77708.326582	
1707.485944	 1.000000	 0.000000	 -0.000000	 0.000000	 -90.000000	 0.314936	 -0.001423	 0.314939	 -0.258846	 0.000000	 0.003260	 0.003260	 90.000000	 0.314936	 -0.001423	 0.314939	 -0.258846	 77709.744794	
1687.409639	 1.000000	 0.000000	 -0.000001	 0.000001	 -90.000000	 0.314988	 -0.001413	 0.314992	 -0.257097	 0.000000	 0.003212	 0.003212	 90.000000	 0.314988	 -0.001413	 0.314992	 -0.257097	 77711.249260	
1667.333333	 1.000000	 0.000000	 -0.000001	 0.000001	 -90.000000	 0.315038	 -0.001442	 0.315041	 -0.262172	 0.000000	 0.003162	 0.003162	 90.000000	 0.315038	 -0.001442	 0.315041	 -0.262172	 77712.693561	
1647.257028	 1.000000	 0.000000	 -0.000001	 0.000001	 -90.000000	 0.314913	 -0.001400	 0.314916	 -0.254707	 0.000000	 0.003190	 0.003190	 90.000000	 0.314913	 -0.001400	 0.314916	 -0.254707	 77714.151937	
1627.180723	 1.000000	 0.000000	 -0.000001	 0.000001	 -90.000000	 0.315101	 -0.001519	 0.315104	 -0.276271	 0.000000	 0.003211	 0.003211	 90.000000	 0.315101	 -0.001519	 0.315104	 -0.276271	 77715.587111	
1607.104418	 1.000000	 0.000000	 -0.000001	 0.000001	 -90.000000	 0.315046	 -0.001453	 0.315050	 -0.264217	 0.000000	 0.003174	 0.003174	 90.000000	 0.315046	 -0.001454	 0.315049	 -0.264477	 77717.009388	
1587.028112	 1.000000	 0.000000	 -0.000000	 0.000000	 -90.000000	 0.315116	 -0.001390	 0.315119	 -0.252682	 0.000000	 0.003107	 0.003107	 90.000000	 0.315115	 -0.001389	 0.315118	 -0.252569	 77718.448535	
1566.951807	 1.000000	 0.000000	 -0.000001	 0.000001	 -90.000000	 0.315027	 -0.001394	 0.315030	 -0.253545	 0.000000	 0.003160	 0.003160	 90.000000	 0.315032	 -0.001392	 0.315035	 -0.253250	 77719.888032	
1546.875502	 1.000000	 0.000000	 -0.000001	 0.000001	 -90.000000	 0.315242	 -0.001293	 0.315245	 -0.234962	 0.000000	 0.003136	 0.003136	 90.000000	 0.315242	 -0.001293	 0.315245	 -0.234962	 77721.325837	
1526.799197	 1.000000	 0.000000	 -0.000001	 0.000001	 -90.000000	 0.315231	 -0.001538	 0.315235	 -0.279563	 0.000000	 0.003104	 0.003104	 90.000000	 0.315231	 -0.001538	 0.315235	 -0.279563	 77722.773770	
1506.722892	 1.000000	 0.000000	 -0.000001	 0.000001	 -90.000000	 0.315132	 -0.001422	 0.315135	 -0.258564	 0.000000	 0.003089	 0.003089	 90.000000	 0.315136	 -0.001427	 0.315139	 -0.259487	 77724.206561	
1486.646586	 1.000000	 0.000000	 -0.000001	 0.000001	 -90.000000	 0.315233	 -0.001416	 0.315236	 -0.257338	 0.000000	 0.003089	 0.003089	 90.000000	 0.315233	 -0.001416	 0.315236	 -0.257338	 77725.622518	
1466.570281	 1.000000	 0.000000	 -0.000001	 0.000001	 -90.000000	 0.315158	 -0.001345	 0.315160	 -0.244523	 0.000000	 0.003055	 0.003055	 90.000000	 0.315157	 -0.001338	 0.315160	 -0.243206	 77727.085982	
1446.493976	 1.000000	 0.000000	 -0.000001	 0.000001	 -90.000000	 0.315181	 -0.001382	 0.315184	 -0.251233	 0.000000	 0.003069	 0.003069	 90.000000	 0.315181	 -0.001382	 0.315184	 -0.251233	 77728.501695	
1426.417671	 1.000000	 0.000000	 -0.000000	 0.000000	 -90.000000	 0.315216	 -0.001436	 0.315219	 -0.261078	 0.000000	 0.003028	 0.003028	 90.000000	 0.315219	 -0.001440	 0.315222	 -0.261745	 77729.949559	
1406.341365	 1.000000	 0.000000	 -0.000001	 0.000001	 -90.000000	 0.315292	 -0.001420	 0.315296	 -0.258105	 0.000000	 0.003033	 0.003033	 90.000000	 0.315292	 -0.001420	 0.315296	 -0.258105	 77731.393380	
1386.265060	 1.000000	 0.000000	 -0.000001	 0.000001	 -90.000000	 0.315317	 -0.001390	 0.315321	 -0.252636	 0.000000	 0.002993	 0.002993	 90.000000	 0.315317	 -0.001390	 0.315321	 -0.252636	 77732.817222	
1366.188755	 1.000000	 0.000000	 -0.000001	 0.000001	 -90.000000	 0.315320	 -0.001404	 0.315323	 -0.255052	 0.000000	 0.002998	 0.002998	 90.000000	 0.315320	 -0.001404	 0.315323	 -0.255052	 77734.261076	
1346.112450	 1.000000	 0.000000	 -0.000000	 0.000000	 -90.000000	 0.315366	 -0.001347	 0.315368	 -0.244680	 0.000000	 0.002994	 0.002994	 90.000000	 0.315366	 -0.001347	 0.315368	 -0.244680	 77735.666655	
1326.036145	 1.000000	 0.000000	 -0.000001	 0.000001	 -90.000000	 0.315341	 -0.001392	 0.315344	 -0.252888	 0.000000	 0.002977	 0.002977	 90.000000	 0.315341	 -0.001392	 0.315344	 -0.252888	 77737.117027	
1305.959839	 1.000000	 0.000000	 -0.000000	 0.000000	 -90.000000	 0.315414	 -0.001429	 0.315417	 -0.259550	 0.000000	 0.002974	 0.002974	 90.000000	 0.315418	 -0.001426	 0.315422	 -0.259071	 77738.549919	
1285.883534	 1.000000	 0.000000	 -0.000001	 0.000001	 -90.000000	 0.315438	 -0.001382	 0.315441	 -0.251014	 0.000000	 0.002938	 0.002938	 90.000000	 0.315438	 -0.001382	 0.315441	 -0.251014	 77740.012595	
1265.807229	 1.000000	 0.000000	 -0.000000	 0.000000	 -90.000000	 0.315460	 -0.001365	 0.315463	 -0.247997	 0.000000	 0.002988	 0.002988	 90.000000	 0.315460	 -0.001365	 0.315463	 -0.247997	 77741.443024	
1245.730924	 1.000000	 0.000000	 -0.000000	 0.000000	 -90.000000	 0.315461	 -0.001393	 0.315464	 -0.253062	 0.000000	 0.002959	 0.002959	 90.000000	 0.315461	 -0.001393	 0.315464	 -0.253062	 77742.882583	
1225.654618	 1.000000	 0.000000	 -0.000000	 0.000000	 -90.000000	 0.315509	 -0.001329	 0.315512	 -0.241318	 0.000000	 0.002908	 0.002908	 90.000000	 0.315509	 -0.001329	 0.315512	 -0.241318	 77744.305268	
1205.578313	 1.000000	 0.000000	 -0.000000	 0.000000	 -90.000000	 0.315551	 -0.001394	 0.315554	 -0.253184	 0.000000	 0.002890	 0.002890	 90.000000	 0.315551	 -0.001394	 0.315554	 -0.253184	 77745.783474	
1185.502008	 1.000000	 0.000000	 -0.000000	 0.000000	 -90.000000	 0.315621	 -0.001343	 0.315624	 -0.243785	 0.000000	 0.002927	 0.002927	 90.000000	 0.315620	 -0.001342	 0.315623	 -0.243620	 77747.255659	
1165.425703	 1.000000	 0.000000	 -0.000000	 0.000000	 -90.000000	 0.315634	 -0.001336	 0.315637	 -0.242530	 0.000000	 0.002874	 0.002874	 90.000000	 0.315634	 -0.001336	 0.315637	 -0.242530	 77748.702888	
1145.349398	 1.000000	 0.000000	 -0.000000	 0.000000	 -90.000000	 0.315710	 -0.001244	 0.315713	 -0.225818	 0.000000	 0.002856	 0.002856	 90.000000	 0.315710	 -0.001244	 0.315713	 -0.225818	 77750.140001	
1125.273092	 1.000000	 0.000000	 -0.000001	 0.000001	 -90.000000	 0.315720	 -0.001307	 0.315723	 -0.237202	 0.000000	 0.002890	 0.002890	 90.000000	 0.315720	 -0.001307	 0.315723	 -0.237202	 77751.576745	
1105.196787	 1.000000	 0.000000	 -0.000000	 0.000000	 -90.000000	 0.315755	 -0.001284	 0.315757	 -0.232968	 0.000000	 0.002853	 0.002853	 90.000000	 0.315755	 -0.001284	 0.315757	 -0.232968	 77753.019414	
1085.120482	 1.000000	 0.000000	 -0.000001	 0.000001	 -90.000000	 0.315780	 -0.001285	 0.315783	 -0.233190	 0.000000	 0.002848	 0.002848	 90.000000	 0.315780	 -0.001285	 0.315783	 -0.233190	 77754.465392	
1065.044177	 1.000000	 0.000000	 -0.000001	 0.000001	 -90.000000	 0.315809	 -0.001292	 0.315812	 -0.234348	 0.000000	 0.002820	 0.002820	 90.000000	 0.315809	 -0.001292	 0.315812	 -0.234348	 77755.895452	
1044.967871	 1.000000	 0.000000	 -0.000001	 0.000001	 -90.000000	 0.315834	 -0.001214	 0.315836	 -0.220212	 0.000000	 0.002851	 0.002851	 90.000000	 0.315840	 -0.001208	 0.315843	 -0.219119	 77757.332530	
1024.891566	 1.000000	 0.000000	 -0.000001	 0.000001	 -90.000000	 0.315872	 -0.001230	 0.315874	 -0.223051	 0.000000	 0.002792	 0.002792	 90.000000	 0.315872	 -0.001230	 0.315874	 -0.223051	 77758.800958	
1004.815261	 1.000000	 0.000000	 -0.000001	 0.000001	 -90.000000	 0.315885	 -0.001217	 0.315887	 -0.220689	 0.000000	 0.002783	 0.002783	 90.000000	 0.315885	 -0.001217	 0.315887	 -0.220689	 77760.239239	
984.738956	 1.000000	 0.000000	 -0.000001	 0.000001	 -90.000000	 0.315989	 -0.001223	 0.315992	 -0.221738	 0.000000	 0.002835	 0.002835	 90.000000	 0.315989	 -0.001223	 0.315992	 -0.221738	 77761.675180	
964.662651	 1.000000	 0.000000	 -0.000001	 0.000001	 -90.000000	 0.316024	 -0.001199	 0.316026	 -0.217397	 0.000000	 0.002820	 0.002820	 90.000000	 0.316024	 -0.001199	 0.316026	 -0.217397	 77763.098956	
944.586345	 1.000000	 0.000000	 -0.000001	 0.000001	 -90.000000	 0.316059	 -0.001154	 0.316061	 -0.209193	 0.000000	 0.002784	 0.002784	 90.000000	 0.316059	 -0.001154	 0.316061	 -0.209193	 77764.569033	
924.510040	 1.000000	 0.000000	 -0.000001	 0.000001	 -90.000000	 0.316131	 -0.001139	 0.316133	 -0.206349	 0.000000	 0.002776	 0.002776	 90.000000	 0.316131	 -0.001139	 0.316133	 -0.206349	 77765.984755	
904.433735	 1.000000	 0.000000	 -0.000001	 0.000001	 -90.000000	 0.316088	 -0.001114	 0.316090	 -0.201959	 0.000000	 0.002735	 0.002735	 90.000000	 0.316088	 -0.001114	 0.316090	 -0.201959	 77767.427398	
884.357430	 1.000000	 0.000000	 -0.000001	 0.000001	 -90.000000	 0.316212	 -0.001100	 0.316214	 -0.199393	 0.000000	 0.002784	 0.002784	 90.000000	 0.316213	 -0.001101	 0.316215	 -0.199566	 77768.842975	
864.281124	 1.000000	 0.000000	 -0.000001	 0.000001	 -90.000000	 0.316288	 -0.001064	 0.316289	 -0.192806	 0.000000	 0.002717	 0.002717	 90.000000	 0.316288	 -0.001064	 0.316289	 -0.192805	 77770.278031	
844.204819	 1.000000	 0.000000	 -0.000001	 0.000001	 -90.000000	 0.316265	 -0.001091	 0.316267	 -0.197692	 0.000000	 0.002752	 0.002752	 90.000000	 0.316253	 -0.001083	 0.316255	 -0.196172	 77771.713334	
824.128514	 1.000000	 0.000000	 -0.000001	 0.000001	 -90.000000	 0.316392	 -0.001007	 0.316394	 -0.182436	 0.000000	 0.002720	 0.002720	 90.000000	 0.316392	 -0.001007	 0.316394	 -0.182436	 77773.121838	
804.052209	 1.000000	 0.000000	 -0.000001	 0.000001	 -90.000000	 0.316470	 -0.001048	 0.316472	 -0.189734	 0.000000	 0.002726	 0.002726	 90.000000	 0.316470	 -0.001048	 0.316472	 -0.189734	 77774.568067	
783.975904	 1.000000	 0.000000	 -0.000001	 0.000001	 -90.000000	 0.316498	 -0.000929	 0.316500	 -0.168222	 0.000000	 0.002740	 0.002740	 90.000000	 0.316498	 -0.000929	 0.316500	 -0.168222	 77775.995300	
763.899598	 1.000000	 0.000000	 -0.000001	 0.000001	 -90.000000	 0.316536	 -0.000877	 0.316537	 -0.158720	 0.000000	 0.002733	 0.002733	 90.000000	 0.316536	 -0.000877	 0.316537	 -0.158720	 77777.433653	
743.823293	 1.000000	 0.000000	 -0.000001	 0.000001	 -90.000000	 0.316767	 -0.000867	 0.316768	 -0.156811	 0.000000	 0.002680	 0.002680	 90.000000	 0.316767	 -0.000867	 0.316768	 -0.156811	 77778.843889	
723.746988	 1.000000	 0.000000	 -0.000001	 0.000001	 -90.000000	 0.316681	 -0.000773	 0.316682	 -0.139899	 0.000000	 0.002692	 0.002692	 90.000000	 0.316681	 -0.000773	 0.316682	 -0.139899	 77780.273313	
703.670683	 1.000000	 0.000000	 -0.000001	 0.000001	 -90.000000	 0.316678	 -0.000693	 0.316679	 -0.125335	 0.000000	 0.002743	 0.002743	 90.000000	 0.316672	 -0.000701	 0.316673	 -0.126765	 77781.711570	
683.594378	 1.000000	 0.000000	 -0.000001	 0.000001	 -90.000000	 0.316839	 -0.000661	 0.316840	 -0.119518	 0.000000	 0.002707	 0.002707	 90.000000	 0.316838	 -0.000661	 0.316839	 -0.119548	 77783.130887	
663.518072	 1.000000	 0.000000	 -0.000001	 0.000001	 -90.000000	 0.316907	 -0.000591	 0.316907	 -0.106930	 0.000000	 0.002693	 0.002693	 90.000000	 0.316907	 -0.000591	 0.316907	 -0.106930	 77784.570392	
643.441767	 1.000000	 0.000000	 -0.000001	 0.000001	 -90.000000	 0.316895	 -0.000545	 0.316896	 -0.098449	 0.000000	 0.002686	 0.002686	 90.000000	 0.316895	 -0.000545	 0.316896	 -0.098449	 77785.997455	
623.365462	 1.000000	 0.000000	 -0.000001	 0.000001	 -90.000000	 0.317066	 -0.000435	 0.317067	 -0.078644	 0.000000	 0.002663	 0.002663	 90.000000	 0.317066	 -0.000435	 0.317067	 -0.078644	 77787.463532	
603.289157	 1.000000	 0.000000	 -0.000001	 0.000001	 -90.000000	 0.317187	 -0.000484	 0.317187	 -0.087446	 0.000000	 0.002622	 0.002622	 90.000000	 0.317187	 -0.000484	 0.317187	 -0.087446	 77788.902102	
583.212851	 1.000000	 0.000000	 -0.000001	 0.000001	 -90.000000	 0.317247	 -0.000250	 0.317247	 -0.045079	 0.000000	 0.002628	 0.002628	 90.000000	 0.317247	 -0.000250	 0.317247	 -0.045078	 77790.356836	
563.136546	 1.000000	 0.000000	 -0.000001	 0.000001	 -90.000000	 0.317334	 -0.000150	 0.317334	 -0.027097	 0.000000	 0.002629	 0.002629	 90.000000	 0.317334	 -0.000150	 0.317334	 -0.027097	 77791.803839	
543.060241	 1.000000	 0.000000	 -0.000001	 0.000001	 -90.000000	 0.317418	 -0.000097	 0.317418	 -0.017471	 0.000000	 0.002622	 0.002622	 90.000000	 0.317408	 -0.000102	 0.317408	 -0.018447	 77793.261675	
522.983936	 1.000000	 0.000000	 -0.000001	 0.000001	 -90.000000	 0.317542	 0.000059	 0.317542	 0.010693	 0.000000	 0.002571	 0.002571	 90.000000	 0.317542	 0.000059	 0.317542	 0.010693	 77794.727084	
502.907631	 1.000000	 0.000000	 -0.000001	 0.000001	 -90.000000	 0.317528	 0.000319	 0.317528	 0.057497	 0.000000	 0.002565	 0.002565	 90.000000	 0.317528	 0.000319	 0.317528	 0.057497	 77796.180996	
482.831325	 1.000000	 0.000000	 -0.000001	 0.000001	 -90.000000	 0.317735	 0.000386	 0.317735	 0.069642	 0.000000	 0.002564	 0.002564	 90.000000	 0.317735	 0.000386	 0.317735	 0.069642	 77797.597052	
462.755020	 1.000000	 0.000000	 -0.000001	 0.000001	 -90.000000	 0.317826	 0.000554	 0.317826	 0.099872	 0.000000	 0.002569	 0.002569	 90.000000	 0.317826	 0.000554	 0.317826	 0.099872	 77799.070605	
442.678715	 1.000000	 0.000000	 -0.000001	 0.000001	 -90.000000	 0.317844	 0.000887	 0.317846	 0.159866	 0.000000	 0.002538	 0.002538	 90.000000	 0.317873	 0.000936	 0.317874	 0.168621	 77800.503164	
422.602410	 1.000000	 0.000000	 -0.000001	 0.000001	 -90.000000	 0.318024	 0.000948	 0.318025	 0.170872	 0.000000	 0.002521	 0.002521	 90.000000	 0.318024	 0.000948	 0.318025	 0.170872	 77801.935263	
402.526104	 1.000000	 0.000000	 -0.000001	 0.000001	 -90.000000	 0.318149	 0.001200	 0.318151	 0.216095	 0.000000	 0.002517	 0.002517	 90.000000	 0.318146	 0.001199	 0.318148	 0.215987	 77803.348133	
382.449799	 1.000000	 0.000000	 -0.000001	 0.000001	 -90.000000	 0.318252	 0.001406	 0.318255	 0.253039	 0.000000	 0.002487	 0.002487	 90.000000	 0.318252	 0.001406	 0.318255	 0.253039	 77804.769855	
362.373494	 1.000000	 0.000000	 -0.000000	 0.000000	 -90.000000	 0.318343	 0.001627	 0.318347	 0.292761	 0.000000	 0.002506	 0.002506	 90.000000	 0.318343	 0.001627	 0.318347	 0.292761	 77806.211735	
342.297189	 1.000000	 0.000000	 -0.000001	 0.000001	 -90.000000	 0.318690	 0.001988	 0.318696	 0.357465	 0.000000	 0.002488	 0.002488	 90.000000	 0.318690	 0.001988	 0.318696	 0.357465	 77807.648439	
322.220884	 1.000000	 0.000000	 -0.000001	 0.000001	 -90.000000	 0.318554	 0.002367	 0.318563	 0.425808	 0.000000	 0.002540	 0.002540	 90.000000	 0.318554	 0.002367	 0.318563	 0.425808	 77809.146057	
302.144578	 1.000000	 0.000000	 -0.000001	 0.000001	 -90.000000	 0.318530	 0.002935	 0.318544	 0.527983	 0.000000	 0.002457	 0.002457	 90.000000	 0.318530	 0.002935	 0.318544	 0.527983	 77810.580198	
282.068273	 1.000000	 0.000000	 -0.000001	 0.000001	 -90.000000	 0.318795	 0.003188	 0.318811	 0.572873	 0.000000	 0.002488	 0.002488	 90.000000	 0.318795	 0.003188	 0.318811	 0.572873	 77812.032181	
261.991968	 1.000000	 0.000000	 -0.000001	 0.000001	 -90.000000	 0.318952	 0.003733	 0.318974	 0.670576	 0.000000	 0.002437	 0.002437	 90.000000	 0.318952	 0.003733	 0.318974	 0.670576	 77813.458561	
241.915663	 1.000000	 0.000000	 -0.000001	 0.000001	 -90.000000	 0.319147	 0.003921	 0.319171	 0.703846	 0.000000	 0.002437	 0.002437	 90.000000	 0.319147	 0.003921	 0.319171	 0.703846	 77814.884399	
221.839357	 1.000000	 0.000000	 -0.000001	 0.000001	 -90.000000	 0.319003	 0.004904	 0.319040	 0.880675	 0.000000	 0.002507	 0.002507	 90.000000	 0.319003	 0.004904	 0.319040	 0.880675	 77816.301002	
201.763052	 1.000000	 0.000000	 -0.000001	 0.000001	 -90.000000	 0.319253	 0.005438	 0.319300	 0.975902	 0.000000	 0.002530	 0.002530	 90.000000	 0.319253	 0.005438	 0.319300	 0.975902	 77817.743503	
181.686747	 1.000000	 0.000000	 -0.000001	 0.000001	 -90.000000	 0.319183	 0.006676	 0.319253	 1.198226	 0.000000	 0.002479	 0.002479	 90.000000	 0.319188	 0.006676	 0.319257	 1.198287	 77819.188490	
161.610442	 1.000000	 0.000000	 -0.000001	 0.000001	 -90.000000	 0.319197	 0.007991	 0.319297	 1.434085	 0.000000	 0.002483	 0.002483	 90.000000	 0.319197	 0.007991	 0.319297	 1.434085	 77820.627452	
141.534137	 1.000000	 0.000000	 -0.000001	 0.000001	 -90.000000	 0.319163	 0.009812	 0.319314	 1.760887	 0.000000	 0.002477	 0.002477	 90.000000	 0.319251	 0.009842	 0.319403	 1.765812	 77822.068826	
121.457831	 1.000000	 0.000000	 -0.000001	 0.000001	 -90.000000	 0.319225	 0.011508	 0.319432	 2.064518	 0.000000	 0.002464	 0.002464	 90.000000	 0.319225	 0.011508	 0.319432	 2.064518	 77823.484104	
101.381526	 1.000000	 0.000000	 -0.000001	 0.000001	 -90.000000	 0.319369	 0.013997	 0.319675	 2.509545	 0.000000	 0.002535	 0.002535	 90.000000	 0.319369	 0.013997	 0.319675	 2.509545	 77824.966058	
81.305221	 1.000000	 0.000000	 -0.000001	 0.000001	 -90.000000	 0.318299	 0.018292	 0.318824	 3.289067	 0.000000	 0.002432	 0.002432	 90.000000	 0.318299	 0.018292	 0.318824	 3.289067	 77826.419150	
61.228916	 1.000000	 0.000000	 -0.000001	 0.000001	 -90.000000	 0.315859	 0.017723	 0.316356	 3.211595	 0.000000	 0.002398	 0.002398	 90.000000	 0.315859	 0.017723	 0.316356	 3.211595	 77827.878990	
41.152610	 1.000000	 0.000000	 -0.000001	 0.000001	 -90.000000	 0.306499	 0.012853	 0.306768	 2.401231	 0.000000	 0.002385	 0.002385	 90.000000	 0.306499	 0.012853	 0.306768	 2.401231	 77829.348113	
21.076305	 1.000000	 0.000000	 -0.000001	 0.000001	 -90.000000	 0.297761	 0.063586	 0.304474	 12.054229	 0.000000	 0.002370	 0.002370	 90.000000	 0.297761	 0.063586	 0.304474	 12.054229	 77830.852086	
1.000000	 1.000000	 0.000000	 -0.000001	 0.000001	 -90.000000	 0.082401	 0.139675	 0.162169	 59.461724	 0.000000	 -0.167587	 0.167587	 -90.000000	 0.082401	 0.139675	 0.162169	 59.461724	 77832.313170	
