# Oscilator_frequency (Hz)	DemodAll_A (-)	Demod_1_X_A (A)	Demod_1_Y_A (A)	Demod_1__R_A (A)	Demod_1__Theta_A (deg)	Demod_2_X_A (A)	Demod_2_Y_A (A)	Demod_2__R_A (A)	Demod_2__Theta_A (deg)	Demod_3_X_A (V)	Demod_3_Y_A (V)	Demod_3__R_A (V)	Demod_3__Theta_A (deg)	Demod_4_X_A (V)	Demod_4_Y_A (V)	Demod_4__R_A (V)	Demod_4__Theta_A (deg)	Timer_GET (s)	
200.000000	 1.000000	 0.000000	 -0.000000	 0.000000	 -90.000000	 0.336118	 -0.094035	 0.349024	 -15.629870	 0.000000	 0.016356	 0.016356	 90.000000	 0.336118	 -0.094035	 0.349024	 -15.629870	 328531.327952	
199.000000	 1.000000	 0.000000	 -0.000000	 0.000000	 -90.000000	 0.331812	 -0.086100	 0.342801	 -14.546600	 0.000000	 0.016344	 0.016344	 90.000000	 0.331812	 -0.086100	 0.342801	 -14.546600	 328532.768712	
198.000000	 1.000000	 0.000000	 -0.000000	 0.000000	 -90.000000	 0.329429	 -0.081682	 0.339405	 -13.925716	 0.000000	 0.013795	 0.013795	 90.000000	 0.329452	 -0.081730	 0.339438	 -13.932523	 328534.192740	
197.000000	 1.000000	 0.000000	 -0.000000	 0.000000	 -90.000000	 0.334006	 -0.090367	 0.346015	 -15.139262	 0.000000	 0.014389	 0.014389	 90.000000	 0.334042	 -0.090447	 0.346070	 -15.150420	 328535.624666	
196.000000	 1.000000	 0.000000	 -0.000000	 0.000000	 -90.000000	 0.332502	 -0.087202	 0.343746	 -14.695422	 0.000000	 0.014945	 0.014945	 90.000000	 0.332501	 -0.087173	 0.343739	 -14.690784	 328537.070959	
195.000000	 1.000000	 0.000000	 -0.000000	 0.000000	 -90.000000	 0.330703	 -0.084334	 0.341287	 -14.306320	 0.000000	 0.005871	 0.005871	 90.000000	 0.330703	 -0.084334	 0.341287	 -14.306320	 328538.487380	
194.000000	 1.000000	 0.000000	 -0.000000	 0.000000	 -90.000000	 0.335743	 -0.093246	 0.348451	 -15.521531	 0.000000	 0.009096	 0.009096	 90.000000	 0.335652	 -0.093102	 0.348325	 -15.502790	 328539.922180	
193.000000	 1.000000	 0.000000	 -0.000000	 0.000000	 -90.000000	 0.341911	 -0.102996	 0.357087	 -16.764224	 0.000000	 0.007177	 0.007177	 90.000000	 0.341911	 -0.102996	 0.357087	 -16.764224	 328541.373192	
192.000000	 1.000000	 0.000000	 -0.000000	 0.000000	 -90.000000	 0.345619	 -0.108428	 0.362228	 -17.417679	 0.000000	 0.009695	 0.009695	 90.000000	 0.345619	 -0.108428	 0.362228	 -17.417680	 328542.816764	
191.000000	 1.000000	 0.000000	 -0.000000	 0.000000	 -90.000000	 0.336241	 -0.093470	 0.348990	 -15.535086	 0.000000	 0.010909	 0.010909	 90.000000	 0.336241	 -0.093470	 0.348990	 -15.535086	 328544.261878	
190.000000	 1.000000	 0.000000	 -0.000000	 0.000000	 -90.000000	 0.330190	 -0.082088	 0.340241	 -13.961258	 0.000000	 0.012983	 0.012983	 90.000000	 0.330190	 -0.082088	 0.340241	 -13.961258	 328545.710741	
189.000000	 1.000000	 0.000000	 -0.000000	 0.000000	 -90.000000	 0.331738	 -0.084871	 0.342422	 -14.350691	 0.000000	 0.012580	 0.012580	 90.000000	 0.331738	 -0.084871	 0.342422	 -14.350691	 328547.169606	
188.000000	 1.000000	 0.000000	 -0.000000	 0.000000	 -90.000000	 0.333572	 -0.088439	 0.345097	 -14.848968	 0.000000	 0.010576	 0.010576	 90.000000	 0.333572	 -0.088439	 0.345097	 -14.848968	 328548.602966	
187.000000	 1.000000	 0.000000	 -0.000000	 0.000000	 -90.000000	 0.333743	 -0.088559	 0.345293	 -14.860980	 0.000000	 0.013172	 0.013172	 90.000000	 0.333743	 -0.088559	 0.345293	 -14.860980	 328550.025035	
186.000000	 1.000000	 0.000000	 -0.000000	 0.000000	 -90.000000	 0.333674	 -0.088499	 0.345211	 -14.854311	 0.000000	 0.007466	 0.007466	 90.000000	 0.333674	 -0.088499	 0.345211	 -14.854311	 328551.476839	
185.000000	 1.000000	 0.000000	 -0.000000	 0.000000	 -90.000000	 0.333674	 -0.088261	 0.345149	 -14.816161	 0.000000	 0.012825	 0.012825	 90.000000	 0.333669	 -0.088249	 0.345141	 -14.814372	 328552.928323	
184.000000	 1.000000	 0.000000	 -0.000000	 0.000000	 -90.000000	 0.334443	 -0.089634	 0.346247	 -15.003289	 0.000000	 0.013777	 0.013777	 90.000000	 0.334443	 -0.089634	 0.346247	 -15.003289	 328554.369157	
183.000000	 1.000000	 0.000000	 -0.000000	 0.000000	 -90.000000	 0.336831	 -0.093915	 0.349679	 -15.579473	 0.000000	 0.015470	 0.015470	 90.000000	 0.336853	 -0.093959	 0.349711	 -15.585506	 328555.851626	
182.000000	 1.000000	 0.000000	 -0.000000	 0.000000	 -90.000000	 0.338995	 -0.097558	 0.352754	 -16.055067	 0.000000	 0.014131	 0.014131	 90.000000	 0.338995	 -0.097558	 0.352754	 -16.055067	 328557.284042	
181.000000	 1.000000	 0.000000	 -0.000000	 0.000000	 -90.000000	 0.342056	 -0.102528	 0.357091	 -16.685610	 0.000000	 0.009170	 0.009170	 90.000000	 0.342149	 -0.102653	 0.357216	 -16.700474	 328558.734481	
180.000000	 1.000000	 0.000000	 -0.000000	 0.000000	 -90.000000	 0.342963	 -0.103328	 0.358190	 -16.766499	 0.000000	 0.007719	 0.007719	 90.000000	 0.342963	 -0.103328	 0.358190	 -16.766499	 328560.159600	
179.000000	 1.000000	 0.000000	 -0.000000	 0.000000	 -90.000000	 0.342870	 -0.103397	 0.358121	 -16.781359	 0.000000	 0.007782	 0.007782	 90.000000	 0.342978	 -0.103578	 0.358277	 -16.804180	 328561.597149	
178.000000	 1.000000	 0.000000	 -0.000000	 0.000000	 -90.000000	 0.343692	 -0.104445	 0.359212	 -16.903618	 0.000000	 0.010243	 0.010243	 90.000000	 0.343710	 -0.104495	 0.359243	 -16.910288	 328563.041870	
177.000000	 1.000000	 0.000000	 -0.000000	 0.000000	 -90.000000	 0.346040	 -0.107597	 0.362382	 -17.272412	 0.000000	 0.000899	 0.000899	 90.000000	 0.346040	 -0.107597	 0.362382	 -17.272412	 328564.502223	
176.000000	 1.000000	 0.000000	 -0.000000	 0.000000	 -90.000000	 0.342533	 -0.102404	 0.357513	 -16.644571	 0.000000	 0.003947	 0.003947	 90.000000	 0.343217	 -0.103522	 0.358490	 -16.784471	 328565.965541	
175.000000	 1.000000	 0.000000	 -0.000000	 0.000000	 -90.000000	 0.341976	 -0.101668	 0.356768	 -16.556967	 0.000000	 0.012854	 0.012854	 90.000000	 0.341976	 -0.101668	 0.356768	 -16.556967	 328567.423908	
174.000000	 1.000000	 0.000000	 -0.000000	 0.000000	 -90.000000	 0.340280	 -0.098824	 0.354340	 -16.194306	 0.000000	 0.014904	 0.014904	 90.000000	 0.340168	 -0.098648	 0.354184	 -16.172037	 328568.898425	
173.000000	 1.000000	 0.000000	 -0.000000	 0.000000	 -90.000000	 0.342574	 -0.102572	 0.357600	 -16.668441	 0.000000	 0.012200	 0.012200	 90.000000	 0.342574	 -0.102572	 0.357600	 -16.668441	 328570.363344	
172.000000	 1.000000	 0.000000	 -0.000000	 0.000000	 -90.000000	 0.341582	 -0.100032	 0.355928	 -16.322634	 0.000000	 0.006265	 0.006265	 90.000000	 0.341582	 -0.100032	 0.355928	 -16.322634	 328571.815782	
171.000000	 1.000000	 0.000000	 -0.000000	 0.000000	 -90.000000	 0.336414	 -0.091835	 0.348723	 -15.268679	 0.000000	 0.011937	 0.011937	 90.000000	 0.336414	 -0.091835	 0.348723	 -15.268679	 328573.237896	
170.000000	 1.000000	 0.000000	 -0.000000	 0.000000	 -90.000000	 0.333176	 -0.085641	 0.344007	 -14.415461	 0.000000	 0.012209	 0.012209	 90.000000	 0.333176	 -0.085641	 0.344007	 -14.415461	 328574.676919	
169.000000	 1.000000	 0.000000	 -0.000000	 0.000000	 -90.000000	 0.342974	 -0.102595	 0.357990	 -16.653656	 0.000000	 0.014344	 0.014344	 90.000000	 0.342974	 -0.102595	 0.357990	 -16.653656	 328576.109707	
168.000000	 1.000000	 0.000000	 -0.000000	 0.000000	 -90.000000	 0.342041	 -0.101764	 0.356858	 -16.568869	 0.000000	 0.008916	 0.008916	 90.000000	 0.342041	 -0.101764	 0.356858	 -16.568869	 328577.550047	
167.000000	 1.000000	 0.000000	 -0.000000	 0.000000	 -90.000000	 0.341006	 -0.099793	 0.355308	 -16.311735	 0.000000	 0.014267	 0.014267	 90.000000	 0.341064	 -0.099926	 0.355401	 -16.329733	 328578.982314	
166.000000	 1.000000	 0.000000	 -0.000000	 0.000000	 -90.000000	 0.343417	 -0.102976	 0.358523	 -16.691684	 0.000000	 0.012270	 0.012270	 90.000000	 0.343417	 -0.102976	 0.358523	 -16.691684	 328580.401262	
165.000000	 1.000000	 0.000000	 -0.000000	 0.000000	 -90.000000	 0.341746	 -0.100322	 0.356167	 -16.360014	 0.000000	 0.017180	 0.017180	 90.000000	 0.341746	 -0.100322	 0.356167	 -16.360014	 328581.870090	
164.000000	 1.000000	 0.000000	 -0.000000	 0.000000	 -90.000000	 0.342594	 -0.101487	 0.357310	 -16.500879	 0.000000	 0.005405	 0.005405	 90.000000	 0.342594	 -0.101487	 0.357310	 -16.500879	 328583.325269	
163.000000	 1.000000	 0.000000	 -0.000000	 0.000000	 -90.000000	 0.340223	 -0.097736	 0.353983	 -16.027710	 0.000000	 0.012850	 0.012850	 90.000000	 0.340223	 -0.097736	 0.353983	 -16.027710	 328584.769899	
162.000000	 1.000000	 0.000000	 -0.000000	 0.000000	 -90.000000	 0.340425	 -0.097597	 0.354139	 -15.997132	 0.000000	 0.016723	 0.016723	 90.000000	 0.340425	 -0.097597	 0.354139	 -15.997132	 328586.214991	
161.000000	 1.000000	 0.000000	 -0.000000	 0.000000	 -90.000000	 0.343966	 -0.103662	 0.359247	 -16.771444	 0.000000	 0.017797	 0.017797	 90.000000	 0.343966	 -0.103662	 0.359247	 -16.771444	 328587.667816	
160.000000	 1.000000	 0.000000	 -0.000000	 0.000000	 -90.000000	 0.339992	 -0.096447	 0.353407	 -15.837340	 0.000000	 0.009229	 0.009229	 90.000000	 0.339992	 -0.096447	 0.353407	 -15.837340	 328589.105901	
159.000000	 1.000000	 0.000000	 -0.000000	 0.000000	 -90.000000	 0.343403	 -0.102080	 0.358254	 -16.555069	 0.000000	 0.016156	 0.016156	 90.000000	 0.343403	 -0.102080	 0.358254	 -16.555069	 328590.556954	
158.000000	 1.000000	 0.000000	 -0.000000	 0.000000	 -90.000000	 0.342373	 -0.099896	 0.356649	 -16.266009	 0.000000	 0.006604	 0.006604	 90.000000	 0.342180	 -0.099631	 0.356389	 -16.233728	 328591.986130	
157.000000	 1.000000	 0.000000	 -0.000000	 0.000000	 -90.000000	 0.340291	 -0.096453	 0.353696	 -15.824934	 0.000000	 0.016101	 0.016101	 90.000000	 0.340291	 -0.096453	 0.353696	 -15.824934	 328593.416201	
156.000000	 1.000000	 0.000000	 -0.000000	 0.000000	 -90.000000	 0.340350	 -0.096346	 0.353724	 -15.805729	 0.000000	 0.013820	 0.013820	 90.000000	 0.340338	 -0.096314	 0.353703	 -15.801327	 328594.838482	
155.000000	 1.000000	 0.000000	 -0.000000	 0.000000	 -90.000000	 0.342881	 -0.101714	 0.357649	 -16.522732	 0.000000	 0.005336	 0.005336	 90.000000	 0.342881	 -0.101714	 0.357649	 -16.522733	 328596.294558	
154.000000	 1.000000	 0.000000	 -0.000000	 0.000000	 -90.000000	 0.346834	 -0.106812	 0.362909	 -17.116918	 0.000000	 0.004008	 0.004008	 90.000000	 0.346834	 -0.106812	 0.362909	 -17.116918	 328597.743499	
153.000000	 1.000000	 0.000000	 -0.000000	 0.000000	 -90.000000	 0.348207	 -0.108768	 0.364800	 -17.347053	 0.000000	 0.002811	 0.002811	 90.000000	 0.348207	 -0.108768	 0.364800	 -17.347053	 328599.190633	
152.000000	 1.000000	 0.000000	 -0.000000	 0.000000	 -90.000000	 0.348829	 -0.110647	 0.365957	 -17.598787	 0.000000	 0.005469	 0.005469	 90.000000	 0.348829	 -0.110647	 0.365957	 -17.598787	 328600.625510	
151.000000	 1.000000	 0.000000	 -0.000000	 0.000000	 -90.000000	 0.356368	 -0.119276	 0.375799	 -18.505335	 0.000000	 0.010237	 0.010237	 90.000000	 0.356368	 -0.119276	 0.375799	 -18.505335	 328602.070957	
150.000000	 1.000000	 0.000000	 -0.000000	 0.000000	 -90.000000	 0.350708	 -0.113465	 0.368606	 -17.928017	 0.000000	 0.005567	 0.005567	 90.000000	 0.350708	 -0.113465	 0.368606	 -17.928017	 328603.541090	
149.000000	 1.000000	 0.000000	 -0.000000	 0.000000	 -90.000000	 0.349805	 -0.112078	 0.367322	 -17.765507	 0.000000	 0.000214	 0.000214	 90.000000	 0.349805	 -0.112078	 0.367322	 -17.765507	 328604.973383	
148.000000	 1.000000	 0.000000	 -0.000000	 0.000000	 -90.000000	 0.350593	 -0.109544	 0.367308	 -17.351562	 0.000000	 0.005828	 0.005828	 90.000000	 0.350593	 -0.109544	 0.367308	 -17.351562	 328606.406375	
147.000000	 1.000000	 0.000000	 -0.000000	 0.000000	 -90.000000	 0.352881	 -0.112847	 0.370485	 -17.733713	 0.000000	 0.007462	 0.007462	 90.000000	 0.352881	 -0.112847	 0.370485	 -17.733713	 328607.875672	
146.000000	 1.000000	 0.000000	 -0.000000	 0.000000	 -90.000000	 0.351701	 -0.112536	 0.369266	 -17.743450	 0.000000	 0.013854	 0.013854	 90.000000	 0.351710	 -0.112646	 0.369309	 -17.759199	 328609.360525	
145.000000	 1.000000	 0.000000	 -0.000000	 0.000000	 -90.000000	 0.352897	 -0.113893	 0.370821	 -17.886797	 0.000000	 0.004961	 0.004961	 90.000000	 0.352897	 -0.113893	 0.370821	 -17.886797	 328610.816455	
144.000000	 1.000000	 0.000000	 -0.000000	 0.000000	 -90.000000	 0.355919	 -0.116785	 0.374590	 -18.165865	 0.000000	 0.007306	 0.007306	 90.000000	 0.355919	 -0.116785	 0.374590	 -18.165865	 328612.286400	
143.000000	 1.000000	 0.000000	 -0.000000	 0.000000	 -90.000000	 0.357197	 -0.118819	 0.376441	 -18.399358	 0.000000	 0.009453	 0.009453	 90.000000	 0.357197	 -0.118819	 0.376441	 -18.399358	 328613.709568	
142.000000	 1.000000	 0.000000	 -0.000000	 0.000000	 -90.000000	 0.355154	 -0.116080	 0.373642	 -18.099708	 0.000000	 0.014067	 0.014067	 90.000000	 0.355154	 -0.116080	 0.373642	 -18.099708	 328615.142041	
141.000000	 1.000000	 0.000000	 -0.000000	 0.000000	 -90.000000	 0.351318	 -0.111635	 0.368628	 -17.628223	 0.000000	 0.008919	 0.008919	 90.000000	 0.351422	 -0.111758	 0.368765	 -17.641501	 328616.614387	
140.000000	 1.000000	 0.000000	 -0.000000	 0.000000	 -90.000000	 0.354386	 -0.115900	 0.372857	 -18.109969	 0.000000	 0.017269	 0.017269	 90.000000	 0.354386	 -0.115900	 0.372857	 -18.109969	 328618.024375	
139.000000	 1.000000	 0.000000	 -0.000000	 0.000000	 -90.000000	 0.361239	 -0.123432	 0.381745	 -18.864743	 0.000000	 0.005122	 0.005122	 90.000000	 0.361239	 -0.123432	 0.381745	 -18.864743	 328619.485266	
138.000000	 1.000000	 0.000000	 -0.000000	 0.000000	 -90.000000	 0.370943	 -0.133124	 0.394107	 -19.742020	 0.000000	 0.008016	 0.008016	 90.000000	 0.370943	 -0.133124	 0.394107	 -19.742020	 328620.899325	
137.000000	 1.000000	 0.000000	 -0.000000	 0.000000	 -90.000000	 0.375019	 -0.137217	 0.399334	 -20.097237	 0.000000	 0.014706	 0.014706	 90.000000	 0.375019	 -0.137217	 0.399334	 -20.097237	 328622.349111	
136.000000	 1.000000	 0.000000	 -0.000000	 0.000000	 -90.000000	 0.369177	 -0.131750	 0.391982	 -19.640235	 0.000000	 0.014065	 0.014065	 90.000000	 0.369165	 -0.131736	 0.391966	 -19.638911	 328623.798319	
135.000000	 1.000000	 0.000000	 -0.000000	 0.000000	 -90.000000	 0.361209	 -0.122862	 0.381533	 -18.785225	 0.000000	 0.024853	 0.024853	 90.000000	 0.361209	 -0.122862	 0.381533	 -18.785225	 328625.263917	
134.000000	 1.000000	 0.000000	 -0.000000	 0.000000	 -90.000000	 0.363175	 -0.125302	 0.384183	 -19.035401	 0.000000	 0.014087	 0.014087	 90.000000	 0.363175	 -0.125302	 0.384183	 -19.035401	 328626.708254	
133.000000	 1.000000	 0.000000	 -0.000000	 0.000000	 -90.000000	 0.363552	 -0.125208	 0.384509	 -19.003866	 0.000000	 0.011148	 0.011148	 90.000000	 0.363552	 -0.125208	 0.384509	 -19.003866	 328628.152203	
132.000000	 1.000000	 0.000000	 -0.000000	 0.000000	 -90.000000	 0.365808	 -0.127313	 0.387329	 -19.189631	 0.000000	 0.018173	 0.018173	 90.000000	 0.365808	 -0.127313	 0.387329	 -19.189631	 328629.594221	
131.000000	 1.000000	 0.000000	 -0.000000	 0.000000	 -90.000000	 0.365275	 -0.126803	 0.386658	 -19.144124	 0.000000	 0.010997	 0.010997	 90.000000	 0.365275	 -0.126803	 0.386658	 -19.144124	 328631.039049	
130.000000	 1.000000	 0.000000	 -0.000000	 0.000000	 -90.000000	 0.378552	 -0.139959	 0.403596	 -20.290478	 0.000000	 0.023533	 0.023533	 90.000000	 0.378552	 -0.139959	 0.403596	 -20.290478	 328632.522783	
129.000000	 1.000000	 0.000000	 -0.000000	 0.000000	 -90.000000	 0.388579	 -0.147886	 0.415769	 -20.835873	 0.000000	 0.017882	 0.017882	 90.000000	 0.388579	 -0.147886	 0.415769	 -20.835873	 328633.957644	
128.000000	 1.000000	 0.000000	 -0.000000	 0.000000	 -90.000000	 0.374515	 -0.136080	 0.398471	 -19.968542	 0.000000	 0.024567	 0.024567	 90.000000	 0.374515	 -0.136080	 0.398471	 -19.968542	 328635.370826	
127.000000	 1.000000	 0.000000	 -0.000000	 0.000000	 -90.000000	 0.374432	 -0.135980	 0.398359	 -19.959111	 0.000000	 0.014759	 0.014759	 90.000000	 0.374432	 -0.135980	 0.398359	 -19.959111	 328636.778710	
126.000000	 1.000000	 0.000000	 -0.000000	 0.000000	 -90.000000	 0.385911	 -0.145480	 0.412422	 -20.655350	 0.000000	 0.009053	 0.009053	 90.000000	 0.385911	 -0.145480	 0.412422	 -20.655350	 328638.216951	
125.000000	 1.000000	 0.000000	 -0.000000	 0.000000	 -90.000000	 0.367408	 -0.128585	 0.389260	 -19.288961	 0.000000	 0.013786	 0.013786	 90.000000	 0.367726	 -0.128929	 0.389673	 -19.321250	 328639.630649	
124.000000	 1.000000	 0.000000	 -0.000000	 0.000000	 -90.000000	 0.376969	 -0.137269	 0.401184	 -20.008494	 0.000000	 0.013052	 0.013052	 90.000000	 0.376969	 -0.137269	 0.401184	 -20.008494	 328641.083159	
123.000000	 1.000000	 0.000000	 -0.000000	 0.000000	 -90.000000	 0.391811	 -0.149922	 0.419514	 -20.938826	 0.000000	 0.006054	 0.006054	 90.000000	 0.391811	 -0.149922	 0.419514	 -20.938826	 328642.531323	
122.000000	 1.000000	 0.000000	 -0.000000	 0.000000	 -90.000000	 0.376199	 -0.136915	 0.400339	 -19.998583	 0.000000	 0.020050	 0.020050	 90.000000	 0.376199	 -0.136915	 0.400339	 -19.998583	 328643.980408	
121.000000	 1.000000	 0.000000	 -0.000000	 0.000000	 -90.000000	 0.374722	 -0.135086	 0.398327	 -19.824020	 0.000000	 0.016165	 0.016165	 90.000000	 0.374722	 -0.135086	 0.398327	 -19.824020	 328645.391958	
120.000000	 1.000000	 0.000000	 -0.000000	 0.000000	 -90.000000	 0.379927	 -0.140010	 0.404904	 -20.229733	 0.000000	 0.010451	 0.010451	 90.000000	 0.379927	 -0.140010	 0.404904	 -20.229733	 328646.851633	
119.000000	 1.000000	 0.000000	 -0.000000	 0.000000	 -90.000000	 0.373191	 -0.133591	 0.396381	 -19.695783	 0.000000	 0.022411	 0.022411	 90.000000	 0.373409	 -0.133823	 0.396664	 -19.716729	 328648.299514	
118.000000	 1.000000	 0.000000	 -0.000000	 0.000000	 -90.000000	 0.379640	 -0.139165	 0.404343	 -20.131504	 0.000000	 0.013172	 0.013172	 90.000000	 0.379640	 -0.139165	 0.404343	 -20.131504	 328649.742198	
117.000000	 1.000000	 0.000000	 -0.000000	 0.000000	 -90.000000	 0.399272	 -0.155063	 0.428326	 -21.224405	 0.000000	 0.007748	 0.007748	 90.000000	 0.399435	 -0.155204	 0.428529	 -21.234110	 328651.190122	
116.000000	 1.000000	 0.000000	 -0.000000	 0.000000	 -90.000000	 0.384925	 -0.143190	 0.410695	 -20.404865	 0.000000	 0.011789	 0.011789	 90.000000	 0.384988	 -0.143219	 0.410765	 -20.405608	 328652.632957	
115.000000	 1.000000	 0.000000	 -0.000000	 0.000000	 -90.000000	 0.381613	 -0.140615	 0.406696	 -20.227544	 0.000000	 0.021271	 0.021271	 90.000000	 0.381613	 -0.140615	 0.406696	 -20.227544	 328654.106598	
114.000000	 1.000000	 0.000000	 -0.000000	 0.000000	 -90.000000	 0.388579	 -0.146095	 0.415136	 -20.604876	 0.000000	 0.010695	 0.010695	 90.000000	 0.388579	 -0.146095	 0.415136	 -20.604876	 328655.572221	
113.000000	 1.000000	 0.000000	 -0.000000	 0.000000	 -90.000000	 0.384205	 -0.142573	 0.409805	 -20.359101	 0.000000	 0.011163	 0.011163	 90.000000	 0.384205	 -0.142573	 0.409805	 -20.359101	 328657.026374	
112.000000	 1.000000	 0.000000	 -0.000000	 0.000000	 -90.000000	 0.386994	 -0.144268	 0.413010	 -20.444964	 0.000000	 0.018967	 0.018967	 90.000000	 0.386994	 -0.144268	 0.413010	 -20.444965	 328658.445394	
111.000000	 1.000000	 0.000000	 -0.000000	 0.000000	 -90.000000	 0.379135	 -0.137578	 0.403325	 -19.944432	 0.000000	 0.013411	 0.013411	 90.000000	 0.379135	 -0.137578	 0.403325	 -19.944433	 328659.885859	
110.000000	 1.000000	 0.000000	 -0.000000	 0.000000	 -90.000000	 0.384533	 -0.142838	 0.410205	 -20.377904	 0.000000	 0.018943	 0.018943	 90.000000	 0.384729	 -0.143049	 0.410463	 -20.395951	 328661.315911	
109.000000	 1.000000	 0.000000	 -0.000000	 0.000000	 -90.000000	 0.400897	 -0.154831	 0.429757	 -21.117135	 0.000000	 0.006111	 0.006111	 90.000000	 0.400897	 -0.154831	 0.429757	 -21.117135	 328662.768460	
108.000000	 1.000000	 0.000000	 -0.000000	 0.000000	 -90.000000	 0.398530	 -0.153028	 0.426900	 -21.005876	 0.000000	 0.010479	 0.010479	 90.000000	 0.398530	 -0.153028	 0.426900	 -21.005876	 328664.189474	
107.000000	 1.000000	 0.000000	 -0.000000	 0.000000	 -90.000000	 0.386014	 -0.143340	 0.411768	 -20.371598	 0.000000	 0.017196	 0.017196	 90.000000	 0.386014	 -0.143340	 0.411768	 -20.371598	 328665.662763	
106.000000	 1.000000	 0.000000	 -0.000000	 0.000000	 -90.000000	 0.386346	 -0.143144	 0.412012	 -20.330065	 0.000000	 0.013867	 0.013867	 90.000000	 0.386613	 -0.143381	 0.412344	 -20.348028	 328667.124279	
105.000000	 1.000000	 0.000000	 -0.000000	 0.000000	 -90.000000	 0.382793	 -0.140429	 0.407739	 -20.145698	 0.000000	 0.016238	 0.016238	 90.000000	 0.382652	 -0.140379	 0.407589	 -20.145935	 328668.588057	
104.000000	 1.000000	 0.000000	 -0.000000	 0.000000	 -90.000000	 0.392890	 -0.148227	 0.419921	 -20.670129	 0.000000	 0.016662	 0.016662	 90.000000	 0.392890	 -0.148227	 0.419921	 -20.670129	 328670.023251	
103.000000	 1.000000	 0.000000	 -0.000000	 0.000000	 -90.000000	 0.399458	 -0.153292	 0.427861	 -20.994261	 0.000000	 0.014082	 0.014082	 90.000000	 0.399458	 -0.153292	 0.427861	 -20.994261	 328671.473278	
102.000000	 1.000000	 0.000000	 -0.000000	 0.000000	 -90.000000	 0.405065	 -0.157544	 0.434624	 -21.252745	 0.000000	 0.016830	 0.016830	 90.000000	 0.405065	 -0.157544	 0.434624	 -21.252745	 328672.947552	
101.000000	 1.000000	 0.000000	 -0.000000	 0.000000	 -90.000000	 0.403658	 -0.155298	 0.432501	 -21.043127	 0.000000	 0.021772	 0.021772	 90.000000	 0.403683	 -0.155324	 0.432534	 -21.045060	 328674.389941	
100.000000	 1.000000	 0.000000	 -0.000000	 0.000000	 -90.000000	 0.391962	 -0.147912	 0.418942	 -20.674645	 0.000000	 0.024686	 0.024686	 90.000000	 0.391962	 -0.147912	 0.418942	 -20.674645	 328675.844377	
99.000000	 1.000000	 0.000000	 -0.000000	 0.000000	 -90.000000	 0.418015	 -0.163684	 0.448920	 -21.384113	 0.000000	 0.009826	 0.009826	 90.000000	 0.418015	 -0.163684	 0.448920	 -21.384113	 328677.286789	
98.000000	 1.000000	 0.000000	 -0.000000	 0.000000	 -90.000000	 0.419273	 -0.163635	 0.450073	 -21.319877	 0.000000	 0.014868	 0.014868	 90.000000	 0.419204	 -0.163577	 0.449988	 -21.316180	 328678.721648	
97.000000	 1.000000	 0.000000	 -0.000000	 0.000000	 -90.000000	 0.424292	 -0.166471	 0.455781	 -21.422574	 0.000000	 0.014416	 0.014416	 90.000000	 0.424292	 -0.166471	 0.455781	 -21.422574	 328680.182270	
96.000000	 1.000000	 0.000000	 -0.000000	 0.000000	 -90.000000	 0.434195	 -0.170739	 0.466558	 -21.466339	 0.000000	 0.004860	 0.004860	 90.000000	 0.434195	 -0.170739	 0.466558	 -21.466339	 328681.605508	
95.000000	 1.000000	 0.000000	 -0.000000	 0.000000	 -90.000000	 0.433949	 -0.170455	 0.466226	 -21.444928	 0.000000	 0.006789	 0.006789	 90.000000	 0.433949	 -0.170455	 0.466226	 -21.444928	 328683.026767	
94.000000	 1.000000	 0.000000	 -0.000000	 0.000000	 -90.000000	 0.417600	 -0.162027	 0.447931	 -21.206039	 0.000000	 0.012737	 0.012737	 90.000000	 0.417600	 -0.162027	 0.447931	 -21.206039	 328684.452881	
93.000000	 1.000000	 0.000000	 -0.000000	 0.000000	 -90.000000	 0.419942	 -0.163980	 0.450823	 -21.329786	 0.000000	 0.013000	 0.013000	 90.000000	 0.419942	 -0.163980	 0.450823	 -21.329786	 328685.903973	
92.000000	 1.000000	 0.000000	 -0.000000	 0.000000	 -90.000000	 0.421199	 -0.163832	 0.451940	 -21.254383	 0.000000	 0.012610	 0.012610	 90.000000	 0.421088	 -0.163738	 0.451803	 -21.248329	 328687.341446	
91.000000	 1.000000	 0.000000	 -0.000000	 0.000000	 -90.000000	 0.417262	 -0.162188	 0.447675	 -21.240904	 0.000000	 0.011207	 0.011207	 90.000000	 0.417262	 -0.162188	 0.447675	 -21.240904	 328688.811361	
90.000000	 1.000000	 0.000000	 -0.000000	 0.000000	 -90.000000	 0.415905	 -0.161195	 0.446051	 -21.185170	 0.000000	 0.010591	 0.010591	 90.000000	 0.415905	 -0.161195	 0.446051	 -21.185170	 328690.276072	
89.000000	 1.000000	 0.000000	 -0.000000	 0.000000	 -90.000000	 0.429696	 -0.167887	 0.461329	 -21.341107	 0.000000	 0.013528	 0.013528	 90.000000	 0.429696	 -0.167887	 0.461329	 -21.341107	 328691.739688	
88.000000	 1.000000	 0.000000	 -0.000000	 0.000000	 -90.000000	 0.421661	 -0.163829	 0.452369	 -21.232820	 0.000000	 0.018787	 0.018787	 90.000000	 0.421661	 -0.163829	 0.452369	 -21.232820	 328693.196489	
87.000000	 1.000000	 0.000000	 -0.000000	 0.000000	 -90.000000	 0.437600	 -0.171348	 0.469951	 -21.383520	 0.000000	 0.022918	 0.022918	 90.000000	 0.437600	 -0.171348	 0.469951	 -21.383520	 328694.672518	
86.000000	 1.000000	 0.000000	 -0.000000	 0.000000	 -90.000000	 0.424350	 -0.165207	 0.455375	 -21.271812	 0.000000	 0.023328	 0.023328	 90.000000	 0.424350	 -0.165207	 0.455375	 -21.271812	 328696.119780	
85.000000	 1.000000	 0.000000	 -0.000000	 0.000000	 -90.000000	 0.430640	 -0.167926	 0.462223	 -21.303022	 0.000000	 0.018654	 0.018654	 90.000000	 0.430640	 -0.167926	 0.462223	 -21.303022	 328697.588013	
84.000000	 1.000000	 0.000000	 -0.000000	 0.000000	 -90.000000	 0.431319	 -0.168309	 0.462994	 -21.316719	 0.000000	 0.023820	 0.023820	 90.000000	 0.431117	 -0.168227	 0.462777	 -21.316375	 328699.033736	
83.000000	 1.000000	 0.000000	 -0.000000	 0.000000	 -90.000000	 0.429953	 -0.167105	 0.461284	 -21.239087	 0.000000	 0.022473	 0.022473	 90.000000	 0.429953	 -0.167105	 0.461284	 -21.239087	 328700.491276	
82.000000	 1.000000	 0.000000	 -0.000000	 0.000000	 -90.000000	 0.447620	 -0.173962	 0.480236	 -21.238020	 0.000000	 0.007841	 0.007841	 90.000000	 0.447620	 -0.173962	 0.480236	 -21.238020	 328701.951498	
81.000000	 1.000000	 0.000000	 -0.000000	 0.000000	 -90.000000	 0.457176	 -0.176748	 0.490153	 -21.136920	 0.000000	 0.014738	 0.014738	 90.000000	 0.457345	 -0.176795	 0.490327	 -21.134937	 328703.457454	
80.000000	 1.000000	 0.000000	 -0.000000	 0.000000	 -90.000000	 0.444079	 -0.172040	 0.476239	 -21.176836	 0.000000	 0.012121	 0.012121	 90.000000	 0.444079	 -0.172040	 0.476239	 -21.176836	 328704.941762	
79.000000	 1.000000	 0.000000	 -0.000000	 0.000000	 -90.000000	 0.450982	 -0.174890	 0.483705	 -21.196198	 0.000000	 0.017052	 0.017052	 90.000000	 0.451121	 -0.174918	 0.483845	 -21.193399	 328706.375714	
78.000000	 1.000000	 0.000000	 -0.000000	 0.000000	 -90.000000	 0.452786	 -0.174756	 0.485340	 -21.104447	 0.000000	 0.018706	 0.018706	 90.000000	 0.452786	 -0.174756	 0.485340	 -21.104447	 328707.830988	
77.000000	 1.000000	 0.000000	 -0.000000	 0.000000	 -90.000000	 0.464765	 -0.177854	 0.497632	 -20.940579	 0.000000	 0.013717	 0.013717	 90.000000	 0.464765	 -0.177854	 0.497632	 -20.940579	 328709.273541	
76.000000	 1.000000	 0.000000	 -0.000000	 0.000000	 -90.000000	 0.469855	 -0.179309	 0.502907	 -20.888200	 0.000000	 0.014771	 0.014771	 90.000000	 0.469855	 -0.179309	 0.502907	 -20.888200	 328710.717233	
75.000000	 1.000000	 0.000000	 -0.000000	 0.000000	 -90.000000	 0.468233	 -0.178132	 0.500973	 -20.828548	 0.000000	 0.011346	 0.011346	 90.000000	 0.468233	 -0.178132	 0.500973	 -20.828548	 328712.123347	
74.000000	 1.000000	 0.000000	 -0.000000	 0.000000	 -90.000000	 0.452213	 -0.173200	 0.484247	 -20.957077	 0.000000	 0.015844	 0.015844	 90.000000	 0.452213	 -0.173200	 0.484247	 -20.957077	 328713.576338	
73.000000	 1.000000	 0.000000	 -0.000000	 0.000000	 -90.000000	 0.453371	 -0.173915	 0.485584	 -20.987006	 0.000000	 0.021720	 0.021720	 90.000000	 0.453371	 -0.173915	 0.485584	 -20.987006	 328715.013235	
72.000000	 1.000000	 0.000000	 -0.000000	 0.000000	 -90.000000	 0.453298	 -0.173842	 0.485489	 -20.982114	 0.000000	 0.020999	 0.020999	 90.000000	 0.453298	 -0.173842	 0.485489	 -20.982114	 328716.463630	
71.000000	 1.000000	 0.000000	 -0.000000	 0.000000	 -90.000000	 0.455586	 -0.174266	 0.487778	 -20.932325	 0.000000	 0.019461	 0.019461	 90.000000	 0.455586	 -0.174266	 0.487778	 -20.932325	 328717.912741	
70.000000	 1.000000	 0.000000	 -0.000000	 0.000000	 -90.000000	 0.450345	 -0.172107	 0.482111	 -20.915173	 0.000000	 0.016520	 0.016520	 90.000000	 0.450345	 -0.172107	 0.482111	 -20.915173	 328719.359454	
69.000000	 1.000000	 0.000000	 -0.000000	 0.000000	 -90.000000	 0.460742	 -0.175358	 0.492985	 -20.836738	 0.000000	 0.017653	 0.017653	 90.000000	 0.460742	 -0.175358	 0.492985	 -20.836738	 328720.836794	
68.000000	 1.000000	 0.000000	 -0.000000	 0.000000	 -90.000000	 0.451490	 -0.172155	 0.483198	 -20.872000	 0.000000	 0.019608	 0.019608	 90.000000	 0.451490	 -0.172155	 0.483198	 -20.872000	 328722.280107	
67.000000	 1.000000	 0.000000	 -0.000000	 0.000000	 -90.000000	 0.453525	 -0.172672	 0.485284	 -20.843519	 0.000000	 0.022673	 0.022673	 90.000000	 0.453525	 -0.172672	 0.485284	 -20.843519	 328723.724548	
66.000000	 1.000000	 0.000000	 -0.000000	 0.000000	 -90.000000	 0.473304	 -0.177363	 0.505445	 -20.542634	 0.000000	 0.016018	 0.016018	 90.000000	 0.473304	 -0.177363	 0.505445	 -20.542634	 328725.144373	
65.000000	 1.000000	 0.000000	 -0.000000	 0.000000	 -90.000000	 0.470333	 -0.176846	 0.502481	 -20.606320	 0.000000	 0.023320	 0.023320	 90.000000	 0.470333	 -0.176846	 0.502481	 -20.606320	 328726.583974	
64.000000	 1.000000	 0.000000	 -0.000000	 0.000000	 -90.000000	 0.467597	 -0.176053	 0.499642	 -20.631685	 0.000000	 0.020860	 0.020860	 90.000000	 0.467597	 -0.176053	 0.499642	 -20.631685	 328728.007101	
63.000000	 1.000000	 0.000000	 -0.000000	 0.000000	 -90.000000	 0.490485	 -0.179233	 0.522207	 -20.073330	 0.000000	 0.013052	 0.013052	 90.000000	 0.490485	 -0.179233	 0.522207	 -20.073330	 328729.439424	
62.000000	 1.000000	 0.000000	 -0.000000	 0.000000	 -90.000000	 0.476401	 -0.176501	 0.508046	 -20.329072	 0.000000	 0.019543	 0.019543	 90.000000	 0.476401	 -0.176501	 0.508046	 -20.329072	 328730.872058	
61.000000	 1.000000	 0.000000	 -0.000000	 0.000000	 -90.000000	 0.492400	 -0.178479	 0.523749	 -19.923880	 0.000000	 0.018189	 0.018189	 90.000000	 0.492400	 -0.178479	 0.523749	 -19.923880	 328732.312885	
60.000000	 1.000000	 0.000000	 -0.000000	 0.000000	 -90.000000	 0.497787	 -0.179698	 0.529229	 -19.849255	 0.000000	 0.020227	 0.020227	 90.000000	 0.497787	 -0.179698	 0.529229	 -19.849255	 328733.757331	
59.000000	 1.000000	 0.000000	 -0.000000	 0.000000	 -90.000000	 0.493765	 -0.178562	 0.525060	 -19.881724	 0.000000	 0.017171	 0.017171	 90.000000	 0.493765	 -0.178562	 0.525060	 -19.881724	 328735.195080	
58.000000	 1.000000	 0.000000	 -0.000000	 0.000000	 -90.000000	 0.506003	 -0.183420	 0.538221	 -19.924930	 0.000000	 0.012610	 0.012610	 90.000000	 0.506003	 -0.183420	 0.538221	 -19.924930	 328736.658946	
57.000000	 1.000000	 0.000000	 -0.000000	 0.000000	 -90.000000	 0.490081	 -0.172228	 0.519463	 -19.362900	 0.000000	 0.015634	 0.015634	 90.000000	 0.486143	 -0.174490	 0.516509	 -19.744465	 328738.091391	
56.000000	 1.000000	 0.000000	 -0.000000	 0.000000	 -90.000000	 0.484732	 -0.168924	 0.513323	 -19.212962	 0.000000	 0.007814	 0.007814	 90.000000	 0.482627	 -0.170140	 0.511739	 -19.419013	 328739.543725	
55.000000	 1.000000	 0.000000	 -0.000000	 0.000000	 -90.000000	 0.517731	 -0.181580	 0.548650	 -19.326871	 0.000000	 0.013465	 0.013465	 90.000000	 0.517731	 -0.181580	 0.548650	 -19.326871	 328740.991762	
54.000000	 1.000000	 0.000000	 -0.000000	 0.000000	 -90.000000	 0.508475	 -0.167583	 0.535379	 -18.241210	 0.000000	 0.016363	 0.016363	 90.000000	 0.508475	 -0.167583	 0.535379	 -18.241210	 328742.416485	
53.000000	 1.000000	 0.000000	 -0.000000	 0.000000	 -90.000000	 0.477107	 -0.189207	 0.513254	 -21.631829	 0.000000	 0.020645	 0.020645	 90.000000	 0.477707	 -0.192348	 0.514978	 -21.932132	 328743.840782	
52.000000	 1.000000	 0.000000	 -0.000000	 0.000000	 -90.000000	 0.481619	 -0.144522	 0.502835	 -16.703228	 0.000000	 0.016523	 0.016523	 90.000000	 0.481619	 -0.144522	 0.502835	 -16.703228	 328745.301624	
51.000000	 1.000000	 0.000000	 -0.000000	 0.000000	 -90.000000	 0.490374	 -0.222909	 0.538660	 -24.445096	 0.000000	 0.022491	 0.022491	 90.000000	 0.490374	 -0.222909	 0.538660	 -24.445096	 328746.726242	
50.000000	 1.000000	 0.000000	 -0.000000	 0.000000	 -90.000000	 0.451622	 -0.148395	 0.475377	 -18.189648	 0.000000	 0.015082	 0.015082	 90.000000	 0.451622	 -0.148395	 0.475377	 -18.189648	 328748.149673	
49.000000	 1.000000	 0.000000	 -0.000000	 0.000000	 -90.000000	 0.449188	 -0.204021	 0.493350	 -24.427501	 0.000000	 0.028466	 0.028466	 90.000000	 0.449188	 -0.204021	 0.493350	 -24.427501	 328749.633171	
48.000000	 1.000000	 0.000000	 -0.000000	 0.000000	 -90.000000	 0.502217	 -0.128010	 0.518275	 -14.299604	 0.000000	 0.015184	 0.015184	 90.000000	 0.502217	 -0.128010	 0.518275	 -14.299604	 328751.032393	
47.000000	 1.000000	 0.000000	 -0.000000	 0.000000	 -90.000000	 0.500923	 -0.135895	 0.519029	 -15.178453	 0.000000	 0.016471	 0.016471	 90.000000	 0.500923	 -0.135895	 0.519029	 -15.178453	 328752.484558	
46.000000	 1.000000	 0.000000	 -0.000000	 0.000000	 -90.000000	 0.510206	 -0.204100	 0.549516	 -21.803125	 0.000000	 0.019822	 0.019822	 90.000000	 0.510206	 -0.204100	 0.549516	 -21.803125	 328753.907026	
45.000000	 1.000000	 0.000000	 -0.000000	 0.000000	 -90.000000	 0.511818	 -0.193363	 0.547126	 -20.696345	 0.000000	 0.022214	 0.022214	 90.000000	 0.511818	 -0.193363	 0.547126	 -20.696345	 328755.344524	
44.000000	 1.000000	 0.000000	 -0.000000	 0.000000	 -90.000000	 0.543943	 -0.165304	 0.568506	 -16.903986	 0.000000	 0.014062	 0.014062	 90.000000	 0.545036	 -0.165875	 0.569718	 -16.927007	 328756.782721	
43.000000	 1.000000	 0.000000	 -0.000000	 0.000000	 -90.000000	 0.536364	 -0.168916	 0.562334	 -17.480684	 0.000000	 0.018822	 0.018822	 90.000000	 0.536364	 -0.168916	 0.562334	 -17.480684	 328758.238349	
42.000000	 1.000000	 0.000000	 -0.000000	 0.000000	 -90.000000	 0.526834	 -0.166942	 0.552651	 -17.582230	 0.000000	 0.019289	 0.019289	 90.000000	 0.526834	 -0.166942	 0.552651	 -17.582230	 328759.672750	
41.000000	 1.000000	 0.000000	 -0.000000	 0.000000	 -90.000000	 0.533486	 -0.168953	 0.559600	 -17.572841	 0.000000	 0.014131	 0.014131	 90.000000	 0.533486	 -0.168953	 0.559600	 -17.572841	 328761.131363	
40.000000	 1.000000	 0.000000	 -0.000000	 0.000000	 -90.000000	 0.528553	 -0.170023	 0.555226	 -17.831739	 0.000000	 0.018505	 0.018505	 90.000000	 0.528553	 -0.170023	 0.555226	 -17.831739	 328762.541544	
39.000000	 1.000000	 0.000000	 -0.000000	 0.000000	 -90.000000	 0.537540	 -0.171295	 0.564173	 -17.675239	 0.000000	 0.014774	 0.014774	 90.000000	 0.537858	 -0.171521	 0.564545	 -17.687277	 328763.993988	
38.000000	 1.000000	 0.000000	 -0.000000	 0.000000	 -90.000000	 0.562850	 -0.165981	 0.586813	 -16.430429	 0.000000	 0.007496	 0.007496	 90.000000	 0.562850	 -0.165981	 0.586813	 -16.430428	 328765.415458	
37.000000	 1.000000	 0.000000	 -0.000000	 0.000000	 -90.000000	 0.567477	 -0.163019	 0.590428	 -16.027724	 0.000000	 0.009045	 0.009045	 90.000000	 0.567084	 -0.162980	 0.590040	 -16.034625	 328766.850618	
36.000000	 1.000000	 0.000000	 -0.000000	 0.000000	 -90.000000	 0.553059	 -0.166355	 0.577536	 -16.740846	 0.000000	 0.008321	 0.008321	 90.000000	 0.553711	 -0.166274	 0.578138	 -16.714516	 328768.327796	
35.000000	 1.000000	 0.000000	 -0.000000	 0.000000	 -90.000000	 0.538665	 -0.167798	 0.564195	 -17.302142	 0.000000	 0.014027	 0.014027	 90.000000	 0.538665	 -0.167798	 0.564195	 -17.302142	 328769.751833	
34.000000	 1.000000	 0.000000	 -0.000000	 0.000000	 -90.000000	 0.569658	 -0.161215	 0.592031	 -15.801654	 0.000000	 0.015411	 0.015411	 90.000000	 0.569658	 -0.161215	 0.592031	 -15.801654	 328771.193503	
33.000000	 1.000000	 0.000000	 -0.000000	 0.000000	 -90.000000	 0.556373	 -0.163327	 0.579851	 -16.359954	 0.000000	 0.012669	 0.012669	 90.000000	 0.556373	 -0.163327	 0.579851	 -16.359954	 328772.647165	
32.000000	 1.000000	 0.000000	 -0.000000	 0.000000	 -90.000000	 0.565548	 -0.160478	 0.587876	 -15.841656	 0.000000	 0.009963	 0.009963	 90.000000	 0.565548	 -0.160478	 0.587876	 -15.841656	 328774.085826	
31.000000	 1.000000	 0.000000	 -0.000000	 0.000000	 -90.000000	 0.573987	 -0.156882	 0.595040	 -15.286708	 0.000000	 0.009808	 0.009808	 90.000000	 0.573987	 -0.156882	 0.595040	 -15.286708	 328775.507251	
30.000000	 1.000000	 0.000000	 -0.000000	 0.000000	 -90.000000	 0.569936	 -0.157909	 0.591407	 -15.486169	 0.000000	 0.012827	 0.012827	 90.000000	 0.569936	 -0.157909	 0.591407	 -15.486169	 328776.932668	
29.000000	 1.000000	 0.000000	 -0.000000	 0.000000	 -90.000000	 0.581130	 -0.153930	 0.601171	 -14.835831	 0.000000	 0.011192	 0.011192	 90.000000	 0.581130	 -0.153930	 0.601171	 -14.835831	 328778.388767	
28.000000	 1.000000	 0.000000	 -0.000000	 0.000000	 -90.000000	 0.591872	 -0.148063	 0.610111	 -14.044927	 0.000000	 0.013515	 0.013515	 90.000000	 0.591872	 -0.148063	 0.610111	 -14.044927	 328779.852779	
27.000000	 1.000000	 0.000000	 -0.000000	 0.000000	 -90.000000	 0.570841	 -0.153844	 0.591209	 -15.083060	 0.000000	 0.011977	 0.011977	 90.000000	 0.570275	 -0.154242	 0.590766	 -15.134697	 328781.289148	
26.000000	 1.000000	 0.000000	 -0.000000	 0.000000	 -90.000000	 0.586738	 -0.149387	 0.605456	 -14.284390	 0.000000	 0.012230	 0.012230	 90.000000	 0.586738	 -0.149387	 0.605456	 -14.284390	 328782.750070	
25.000000	 1.000000	 0.000000	 -0.000000	 0.000000	 -90.000000	 0.588712	 -0.146772	 0.606732	 -13.999022	 0.000000	 0.006922	 0.006922	 90.000000	 0.588712	 -0.146772	 0.606732	 -13.999022	 328784.188199	
24.000000	 1.000000	 0.000000	 -0.000000	 0.000000	 -90.000000	 0.598364	 -0.143994	 0.615446	 -13.530701	 0.000000	 0.016545	 0.016545	 90.000000	 0.598258	 -0.144179	 0.615386	 -13.549767	 328785.615623	
23.000000	 1.000000	 0.000000	 -0.000000	 0.000000	 -90.000000	 0.600776	 -0.137454	 0.616300	 -12.887100	 0.000000	 0.014213	 0.014213	 90.000000	 0.600776	 -0.137454	 0.616300	 -12.887100	 328787.085934	
22.000000	 1.000000	 0.000000	 -0.000000	 0.000000	 -90.000000	 0.599618	 -0.137839	 0.615257	 -12.946098	 0.000000	 0.011458	 0.011458	 90.000000	 0.599618	 -0.137839	 0.615257	 -12.946099	 328788.515362	
21.000000	 1.000000	 0.000000	 -0.000000	 0.000000	 -90.000000	 0.598593	 -0.138002	 0.614295	 -12.982352	 0.000000	 0.008209	 0.008209	 90.000000	 0.598593	 -0.138002	 0.614295	 -12.982352	 328789.934821	
20.000000	 1.000000	 0.000000	 -0.000000	 0.000000	 -90.000000	 0.599742	 -0.135363	 0.614828	 -12.718671	 0.000000	 0.009075	 0.009075	 90.000000	 0.599742	 -0.135363	 0.614828	 -12.718671	 328791.398446	
19.000000	 1.000000	 0.000000	 -0.000000	 0.000000	 -90.000000	 0.624079	 -0.120691	 0.635642	 -10.945347	 0.000000	 0.007706	 0.007706	 90.000000	 0.624079	 -0.120691	 0.635642	 -10.945347	 328792.836786	
18.000000	 1.000000	 0.000000	 -0.000000	 0.000000	 -90.000000	 0.622048	 -0.119591	 0.633440	 -10.882531	 0.000000	 0.007135	 0.007135	 90.000000	 0.622048	 -0.119591	 0.633440	 -10.882531	 328794.278768	
17.000000	 1.000000	 0.000000	 -0.000000	 0.000000	 -90.000000	 0.627515	 -0.114888	 0.637945	 -10.375071	 0.000000	 0.007947	 0.007947	 90.000000	 0.627515	 -0.114888	 0.637945	 -10.375071	 328795.684744	
16.000000	 1.000000	 0.000000	 -0.000000	 0.000000	 -90.000000	 0.631725	 -0.110378	 0.641295	 -9.910911	 0.000000	 0.006247	 0.006247	 90.000000	 0.631725	 -0.110378	 0.641295	 -9.910911	 328797.147446	
15.000000	 1.000000	 0.000000	 -0.000000	 0.000000	 -90.000000	 0.623015	 -0.113874	 0.633336	 -10.358163	 0.000000	 0.010363	 0.010363	 90.000000	 0.622827	 -0.114009	 0.633175	 -10.373189	 328798.584502	
14.000000	 1.000000	 0.000000	 -0.000000	 0.000000	 -90.000000	 0.623162	 -0.110551	 0.632892	 -10.059804	 0.000000	 0.009614	 0.009614	 90.000000	 0.623162	 -0.110551	 0.632892	 -10.059804	 328800.039612	
13.000000	 1.000000	 0.000000	 -0.000000	 0.000000	 -90.000000	 0.639278	 -0.096837	 0.646571	 -8.613636	 0.000000	 -0.000171	 0.000171	 -90.000000	 0.639278	 -0.096837	 0.646571	 -8.613636	 328801.478876	
12.000000	 1.000000	 0.000000	 -0.000000	 0.000000	 -90.000000	 0.643736	 -0.089998	 0.649996	 -7.958679	 0.000000	 0.025359	 0.025359	 90.000000	 0.643736	 -0.089998	 0.649996	 -7.958679	 328802.909084	
11.000000	 1.000000	 0.000000	 -0.000000	 0.000000	 -90.000000	 0.650369	 -0.081432	 0.655447	 -7.136784	 0.000000	 0.028185	 0.028185	 90.000000	 0.650369	 -0.081432	 0.655447	 -7.136784	 328804.346370	
10.000000	 1.000000	 0.000000	 -0.000000	 0.000000	 -90.000000	 0.650946	 -0.077548	 0.655549	 -6.793704	 0.000000	 0.031212	 0.031212	 90.000000	 0.651094	 -0.077675	 0.655711	 -6.803204	 328805.829705	
9.000000	 1.000000	 0.000000	 -0.000000	 0.000000	 -90.000000	 0.655136	 -0.070038	 0.658869	 -6.102114	 0.000000	 0.109877	 0.109877	 90.000000	 0.655136	 -0.070038	 0.658869	 -6.102114	 328807.255359	
8.000000	 1.000000	 0.000000	 -0.000000	 0.000000	 -90.000000	 0.660736	 -0.060144	 0.663468	 -5.201055	 0.000000	 0.087067	 0.087067	 90.000000	 0.660922	 -0.060999	 0.663731	 -5.273082	 328808.712155	
7.000000	 1.000000	 0.000000	 -0.000000	 0.000000	 -90.000000	 0.660092	 -0.056868	 0.662537	 -4.924000	 0.000000	 0.198693	 0.198693	 90.000000	 0.660092	 -0.056868	 0.662537	 -4.924000	 328810.137354	
6.000000	 1.000000	 0.000000	 -0.000000	 0.000000	 -90.000000	 0.667494	 -0.042192	 0.668826	 -3.616820	 0.000000	 0.073317	 0.073317	 90.000000	 0.666178	 -0.038397	 0.667284	 -3.298712	 328811.555904	
5.000000	 1.000000	 0.000000	 -0.000000	 0.000000	 -90.000000	 0.649036	 -0.035035	 0.649981	 -3.089859	 0.000000	 0.188125	 0.188125	 90.000000	 0.649036	 -0.035035	 0.649981	 -3.089859	 328812.997141	
4.000000	 1.000000	 0.000000	 -0.000000	 0.000000	 -90.000000	 0.616867	 -0.074013	 0.621292	 -6.841769	 0.000000	 0.429645	 0.429645	 90.000000	 0.616867	 -0.074013	 0.621292	 -6.841769	 328814.427988	
3.000000	 1.000000	 0.000000	 -0.000000	 0.000000	 -90.000000	 0.577645	 -0.174889	 0.603540	 -16.844273	 0.000000	 -0.588223	 0.588223	 -90.000000	 0.577645	 -0.174889	 0.603540	 -16.844273	 328815.870279	
2.000000	 1.000000	 0.000000	 -0.000000	 0.000000	 -90.000000	 0.336923	 0.075636	 0.345308	 12.652645	 0.000000	 0.015921	 0.015921	 90.000000	 0.317949	 0.038313	 0.320249	 6.871117	 328817.296258	
1.000000	 1.000000	 0.000000	 -0.000000	 0.000000	 -90.000000	 1.100256	 0.353672	 1.155702	 17.819764	 0.000000	 -1.197642	 1.197642	 -90.000000	 1.100256	 0.353672	 1.155702	 17.819764	 328818.753221	
