# Oscilator_frequency (Hz)	DemodAll_A (-)	Demod_1_X_A (A)	Demod_1_Y_A (A)	Demod_1__R_A (A)	Demod_1__Theta_A (deg)	Demod_2_X_A (A)	Demod_2_Y_A (A)	Demod_2__R_A (A)	Demod_2__Theta_A (deg)	Demod_3_X_A (V)	Demod_3_Y_A (V)	Demod_3__R_A (V)	Demod_3__Theta_A (deg)	Demod_4_X_A (V)	Demod_4_Y_A (V)	Demod_4__R_A (V)	Demod_4__Theta_A (deg)	Timer_GET (s)
1.0	1.0	0.0	0.0	0.0	-90.0	0.0	0.0	0.0	32.838471	0.0	1.786924	1.786924	90.0	-1.429344	-0.939004	1.71019	-146.697185	1226130.501672
2.0	1.0	0.0	0.0	0.0	-90.0	0.0	0.0	0.0	-97.510959	0.0	2.100475	2.100475	90.0	0.333851	1.742815	1.774503	79.155859	1226129.079119
3.0	1.0	0.0	0.0	0.0	-90.0	0.0	0.0	0.0	-62.147409	0.0	1.950081	1.950081	90.0	-0.519366	1.246149	1.350047	112.625256	1226127.646565
4.0	1.0	0.0	0.0	0.0	-90.0	0.0	0.0	0.0	157.82495	0.0	2.236352	2.236352	90.0	1.20493	-0.402825	1.270482	-18.485515	1226126.193378
5.0	1.0	0.0	0.0	0.0	-90.0	0.0	0.0	0.0	168.10586	0.0	2.187382	2.187382	90.0	0.904017	-0.193503	0.924494	-12.081731	1226124.742036
6.0	1.0	0.0	0.0	0.0	-90.0	0.0	0.0	0.0	-67.357957	0.0	2.020616	2.020616	90.0	-0.081361	0.437353	0.444856	100.538303	1226123.305978
7.0	1.0	0.0	0.0	0.0	-90.0	0.0	0.0	0.0	-149.858315	0.0	2.101009	2.101009	90.0	0.399751	0.173299	0.435698	23.437564	1226121.893127
8.0	1.0	0.0	0.0	0.0	-90.0	0.0	0.0	0.0	-15.308992	0.0	2.038057	2.038057	90.0	0.008597	0.019756	0.021545	66.481793	1226120.43379
9.0	1.0	0.0	0.0	0.0	-90.0	0.0	0.0	0.0	-105.492964	0.0	2.069612	2.069612	90.0	0.177172	0.110726	0.208926	32.003807	1226118.991055
10.0	1.0	0.0	0.0	0.0	-90.0	0.0	0.0	0.0	72.573546	0.0	2.064821	2.064821	90.0	0.162947	-0.079779	0.181429	-26.08636	1226117.54118
11.0	1.0	0.0	0.0	0.0	-90.0	0.0	0.0	0.0	-61.136114	0.0	2.065908	2.065908	90.0	0.179651	0.018059	0.180557	5.740372	1226116.078838
12.0	1.0	0.0	0.0	0.0	-90.0	0.0	0.0	0.0	-115.396426	0.0	2.064553	2.064553	90.0	0.170197	0.002898	0.170221	0.975448	1226114.632863
13.0	1.0	0.0	0.0	0.0	-90.0	0.0	0.0	0.0	-137.920475	0.0	2.066311	2.066311	90.0	0.18283	-0.013739	0.183346	-4.297622	1226113.185158
14.0	1.0	0.0	0.0	0.0	-90.0	0.0	0.0	0.0	160.02993	0.0	2.063089	2.063089	90.0	0.169015	-0.017547	0.169924	-5.927291	1226111.73837
15.0	1.0	0.0	0.0	0.0	-90.0	0.0	0.0	0.0	-23.926887	0.0	2.067153	2.067153	90.0	0.167538	-0.016421	0.168341	-5.59799	1226110.253115
16.0	1.0	0.0	0.0	0.0	-90.0	0.0	0.0	0.0	11.512208	0.0	2.06591	2.06591	90.0	0.169945	-0.017948	0.17089	-6.02861	1226108.786218
17.0	1.0	0.0	0.0	0.0	-90.0	0.0	0.0	0.0	-156.751358	0.0	2.06515	2.06515	90.0	0.168751	-0.015669	0.169477	-5.304807	1226107.358815
18.0	1.0	0.0	0.0	0.0	-90.0	0.0	0.0	0.0	111.972147	0.0	2.06773	2.06773	90.0	0.169171	-0.018387	0.170167	-6.203225	1226105.930887
19.0	1.0	0.0	0.0	0.0	-90.0	0.0	0.0	0.0	-117.802285	0.0	2.067797	2.067797	90.0	0.169553	-0.018224	0.17053	-6.134656	1226104.478289
20.0	1.0	0.0	0.0	0.0	-90.0	0.0	0.0	0.0	-38.005689	0.0	2.068911	2.068911	90.0	0.167396	-0.017844	0.168344	-6.084736	1226103.047677
21.0	1.0	0.0	0.0	0.0	-90.0	0.0	0.0	0.0	31.163572	0.0	2.068539	2.068539	90.0	0.168142	-0.019975	0.169325	-6.774879	1226101.622089
22.0	1.0	0.0	0.0	0.0	-90.0	0.0	0.0	0.0	-22.448132	0.0	2.064512	2.064512	90.0	0.165899	-0.021472	0.167282	-7.374772	1226100.184544
23.0	1.0	0.0	0.0	0.0	-90.0	0.0	0.0	0.0	151.957394	0.0	2.066197	2.066197	90.0	0.165979	-0.020968	0.167298	-7.199893	1226098.708667
24.0	1.0	0.0	0.0	0.0	-90.0	0.0	0.0	0.0	-112.1642	0.0	2.066805	2.066805	90.0	0.167451	-0.02295	0.169016	-7.804132	1226097.262899
25.0	1.0	0.0	0.0	0.0	-90.0	0.0	0.0	0.0	-171.840956	0.0	2.066838	2.066838	90.0	0.163527	-0.024026	0.165282	-8.358403	1226095.82035
26.0	1.0	0.0	0.0	0.0	-90.0	0.0	0.0	0.0	52.703143	0.0	2.065342	2.065342	90.0	0.165994	-0.0248	0.167836	-8.497243	1226094.355828
27.0	1.0	0.0	0.0	0.0	-90.0	0.0	0.0	0.0	159.024229	0.0	2.067458	2.067458	90.0	0.163865	-0.023971	0.165609	-8.322648	1226092.92224
28.0	1.0	0.0	0.0	0.0	-90.0	0.0	0.0	0.0	169.955925	0.0	2.066272	2.066272	90.0	0.162953	-0.025727	0.164971	-8.971722	1226091.481065
29.0	1.0	0.0	0.0	0.0	-90.0	0.0	0.0	0.0	108.36328	0.0	2.066318	2.066318	90.0	0.162631	-0.026408	0.164761	-9.223003	1226090.055884
30.0	1.0	0.0	0.0	0.0	-90.0	0.0	0.0	0.0	74.117315	0.0	2.06709	2.06709	90.0	0.162871	-0.026995	0.165093	-9.410867	1226088.629185
31.0	1.0	0.0	0.0	0.0	-90.0	0.0	0.0	0.0	-112.335189	0.0	2.067402	2.067402	90.0	0.162441	-0.02778	0.164799	-9.704661	1226087.182569
32.0	1.0	0.0	0.0	0.0	-90.0	0.0	0.0	0.0	151.353425	0.0	2.068142	2.068142	90.0	0.161964	-0.028154	0.164393	-9.86102	1226085.76566
33.0	1.0	0.0	0.0	0.0	-90.0	0.0	0.0	0.0	172.745755	0.0	2.068104	2.068104	90.0	0.161547	-0.028718	0.164079	-10.079993	1226084.350156
34.0	1.0	0.0	0.0	0.0	-90.0	0.0	0.0	0.0	68.156328	0.0	2.066891	2.066891	90.0	0.160395	-0.030154	0.163205	-10.647332	1226082.92376
35.0	1.0	0.0	0.0	0.0	-90.0	0.0	0.0	0.0	97.690814	0.0	2.068641	2.068641	90.0	0.16057	-0.030217	0.163389	-10.657509	1226081.461575
36.0	1.0	0.0	0.0	0.0	-90.0	0.0	0.0	0.0	163.153626	0.0	2.070751	2.070751	90.0	0.161127	-0.030011	0.163898	-10.550769	1226080.01973
37.0	1.0	0.0	0.0	0.0	-90.0	0.0	0.0	0.0	-77.488501	0.0	2.070757	2.070757	90.0	0.16064	-0.030372	0.163486	-10.706549	1226078.568473
38.0	1.0	0.0	0.0	0.0	-90.0	0.0	0.0	0.0	-3.584725	0.0	2.069455	2.069455	90.0	0.15884	-0.031498	0.161933	-11.216394	1226077.129206
39.0	1.0	0.0	0.0	0.0	-90.0	0.0	0.0	0.0	-127.052852	0.0	2.068847	2.068847	90.0	0.157815	-0.033097	0.161249	-11.844543	1226075.722631
40.0	1.0	0.0	0.0	0.0	-90.0	0.0	0.0	0.0	-172.672562	0.0	2.067446	2.067446	90.0	0.157582	-0.032958	0.160992	-11.812894	1226074.307761
41.0	1.0	0.0	0.0	0.0	-90.0	0.0	0.0	0.0	161.075642	0.0	2.070355	2.070355	90.0	0.159088	-0.03365	0.162608	-11.943017	1226072.875658
42.0	1.0	0.0	0.0	0.0	-90.0	0.0	0.0	0.0	-75.386668	0.0	2.069758	2.069758	90.0	0.158048	-0.031257	0.16111	-11.186885	1226071.44294
43.0	1.0	0.0	0.0	0.0	-90.0	0.0	0.0	0.0	44.357974	0.0	2.070174	2.070174	90.0	0.155056	-0.039838	0.160092	-14.409124	1226069.99777
44.0	1.0	0.0	0.0	0.0	-90.0	0.0	0.0	0.0	-60.712446	0.0	2.069666	2.069666	90.0	0.16193	-0.038762	0.166505	-13.461776	1226068.540023
45.0	1.0	0.0	0.0	0.0	-90.0	0.0	0.0	0.0	-140.754218	0.0	2.069934	2.069934	90.0	0.145144	-0.033615	0.148986	-13.039804	1226067.104265
46.0	1.0	0.0	0.0	0.0	-90.0	0.0	0.0	0.0	153.625318	0.0	2.07294	2.07294	90.0	0.14053	-0.039402	0.14595	-15.662549	1226065.685191
47.0	1.0	0.0	0.0	0.0	-90.0	0.0	0.0	0.0	-178.631181	0.0	2.069284	2.069284	90.0	0.174362	-0.033682	0.177586	-10.933371	1226064.242208
48.0	1.0	0.0	0.0	0.0	-90.0	0.0	0.0	0.0	108.966768	0.0	2.074139	2.074139	90.0	0.165993	-0.057793	0.175766	-19.196308	1226062.762918
49.0	1.0	0.0	0.0	0.0	-90.0	0.0	0.0	0.0	159.766072	0.0	2.067041	2.067041	90.0	0.160096	-0.01032	0.160428	-3.688165	1226061.32626
50.0	1.0	0.0	0.0	0.0	-90.0	0.0	0.0	0.0	-122.76624	0.0	2.066707	2.066707	90.0	0.181253	-0.034791	0.184562	-10.865464	1226059.884297
51.0	1.0	0.0	0.0	0.0	-90.0	0.0	0.0	0.0	0.092488	0.0	2.072264	2.072264	90.0	0.141546	-0.013899	0.142226	-5.608328	1226058.474945
52.0	1.0	0.0	0.0	0.0	-90.0	0.0	0.0	0.0	-102.334561	0.0	2.068561	2.068561	90.0	0.173185	-0.026607	0.175217	-8.734084	1226056.917591
53.0	1.0	0.0	0.0	0.0	-90.0	0.0	0.0	0.0	23.538951	0.0	2.069383	2.069383	90.0	0.157021	-0.019701	0.158252	-7.151363	1226055.471687
54.0	1.0	0.0	0.0	0.0	-90.0	0.0	0.0	0.0	-94.411966	0.0	2.078193	2.078193	90.0	0.145498	-0.051893	0.154475	-19.6292	1226054.060686
55.0	1.0	0.0	0.0	0.0	-90.0	0.0	0.0	0.0	14.996292	0.0	2.076264	2.076264	90.0	0.145485	-0.046343	0.152688	-17.668851	1226052.636436
56.0	1.0	0.0	0.0	0.0	-90.0	0.0	0.0	0.0	61.570031	0.0	2.073312	2.073312	90.0	0.155604	-0.034563	0.159396	-12.523342	1226051.187784
57.0	1.0	0.0	0.0	0.0	-90.0	0.0	0.0	0.0	3.230598	0.0	2.074911	2.074911	90.0	0.1523	-0.043301	0.158336	-15.871018	1226049.763724
58.0	1.0	0.0	0.0	0.0	-90.0	0.0	0.0	0.0	-117.519273	0.0	2.071206	2.071206	90.0	0.149127	-0.037691	0.153816	-14.184227	1226048.322141
59.0	1.0	0.0	0.0	0.0	-90.0	0.0	0.0	0.0	124.064294	0.0	2.073632	2.073632	90.0	0.149069	-0.040734	0.154535	-15.28337	1226046.869053
60.0	1.0	0.0	0.0	0.0	-90.0	0.0	0.0	0.0	108.012494	0.0	2.072868	2.072868	90.0	0.147833	-0.040468	0.153272	-15.309389	1226045.421652
61.0	1.0	0.0	0.0	0.0	-90.0	0.0	0.0	0.0	-47.449332	0.0	2.073514	2.073514	90.0	0.147849	-0.042	0.153699	-15.858444	1226043.986335
62.0	1.0	0.0	0.0	0.0	-90.0	0.0	0.0	0.0	110.283915	0.0	2.070054	2.070054	90.0	0.144363	-0.043277	0.15071	-16.687692	1226042.55421
63.0	1.0	0.0	0.0	0.0	-90.0	0.0	0.0	0.0	-77.268587	0.0	2.071014	2.071014	90.0	0.143665	-0.042837	0.149916	-16.603226	1226041.083026
64.0	1.0	0.0	0.0	0.0	-90.0	0.0	0.0	0.0	12.118438	0.0	2.073122	2.073122	90.0	0.144505	-0.042855	0.150725	-16.518631	1226039.657572
65.0	1.0	0.0	0.0	0.0	-90.0	0.0	0.0	0.0	119.430711	0.0	2.072478	2.072478	90.0	0.143635	-0.043446	0.150062	-16.829287	1226038.226029
66.0	1.0	0.0	0.0	0.0	-90.0	0.0	0.0	0.0	17.659116	0.0	2.072566	2.072566	90.0	0.143422	-0.043577	0.149896	-16.900879	1226036.797495
67.0	1.0	0.0	0.0	0.0	-90.0	0.0	0.0	0.0	150.310925	0.0	2.072818	2.072818	90.0	0.142601	-0.04382	0.149182	-17.081652	1226035.354637
68.0	1.0	0.0	0.0	0.0	-90.0	0.0	0.0	0.0	158.138504	0.0	2.072285	2.072285	90.0	0.141426	-0.044198	0.148172	-17.354807	1226033.912838
69.0	1.0	0.0	0.0	0.0	-90.0	0.0	0.0	0.0	-167.146675	0.0	2.076229	2.076229	90.0	0.14368	-0.043582	0.150144	-16.873974	1226032.484065
70.0	1.0	0.0	0.0	0.0	-90.0	0.0	0.0	0.0	-103.601012	0.0	2.077333	2.077333	90.0	0.143866	-0.043635	0.150338	-16.872693	1226031.025647
71.0	1.0	0.0	0.0	0.0	-90.0	0.0	0.0	0.0	115.014189	0.0	2.077941	2.077941	90.0	0.143923	-0.043725	0.150418	-16.899392	1226029.609043
72.0	1.0	0.0	0.0	0.0	-90.0	0.0	0.0	0.0	-128.426326	0.0	2.075443	2.075443	90.0	0.141366	-0.044826	0.148302	-17.593423	1226028.158127
73.0	1.0	0.0	0.0	0.0	-90.0	0.0	0.0	0.0	-51.80773	0.0	2.07499	2.07499	90.0	0.140194	-0.044696	0.147146	-17.683085	1226026.730777
74.0	1.0	0.0	0.0	0.0	-90.0	0.0	0.0	0.0	146.957621	0.0	2.075283	2.075283	90.0	0.139817	-0.045233	0.146951	-17.927068	1226025.299155
75.0	1.0	0.0	0.0	0.0	-90.0	0.0	0.0	0.0	-122.990053	0.0	2.078178	2.078178	90.0	0.143428	-0.044287	0.15011	-17.159432	1226023.867548
76.0	1.0	0.0	0.0	0.0	-90.0	0.0	0.0	0.0	133.048432	0.0	2.07805	2.07805	90.0	0.14113	-0.044824	0.148078	-17.620381	1226022.433752
77.0	1.0	0.0	0.0	0.0	-90.0	0.0	0.0	0.0	-179.211922	0.0	2.077595	2.077595	90.0	0.14016	-0.045327	0.147307	-17.920758	1226020.995713
78.0	1.0	0.0	0.0	0.0	-90.0	0.0	0.0	0.0	114.387192	0.0	2.078844	2.078844	90.0	0.141407	-0.045113	0.148429	-17.694286	1226019.54119
79.0	1.0	0.0	0.0	0.0	-90.0	0.0	0.0	0.0	-120.217334	0.0	2.077162	2.077162	90.0	0.138248	-0.04586	0.145656	-18.351915	1226018.099754
80.0	1.0	0.0	0.0	0.0	-90.0	0.0	0.0	0.0	128.90049	0.0	2.072937	2.072937	90.0	0.134683	-0.047018	0.142654	-19.244342	1226016.660067
81.0	1.0	0.0	0.0	0.0	-90.0	0.0	0.0	0.0	106.002911	0.0	2.075127	2.075127	90.0	0.135663	-0.046826	0.143517	-19.042745	1226015.195964
82.0	1.0	0.0	0.0	0.0	-90.0	0.0	0.0	0.0	151.762368	0.0	2.073928	2.073928	90.0	0.134387	-0.047095	0.1424	-19.312576	1226013.74977
83.0	1.0	0.0	0.0	0.0	-90.0	0.0	0.0	0.0	-135.590794	0.0	2.074085	2.074085	90.0	0.133304	-0.047384	0.141475	-19.568256	1226012.286827
84.0	1.0	0.0	0.0	0.0	-90.0	0.0	0.0	0.0	19.667076	0.0	2.076341	2.076341	90.0	0.134352	-0.047001	0.142337	-19.281675	1226010.860564
85.0	1.0	0.0	0.0	0.0	-90.0	0.0	0.0	0.0	-3.159657	0.0	2.075323	2.075323	90.0	0.133798	-0.047237	0.141892	-19.445398	1226009.4041
86.0	1.0	0.0	0.0	0.0	-90.0	0.0	0.0	0.0	46.739706	0.0	2.072071	2.072071	90.0	0.130429	-0.047528	0.138819	-20.021509	1226007.957837
87.0	1.0	0.0	0.0	0.0	-90.0	0.0	0.0	0.0	-49.298096	0.0	2.073176	2.073176	90.0	0.13008	-0.047823	0.138592	-20.185467	1226006.488426
88.0	1.0	0.0	0.0	0.0	-90.0	0.0	0.0	0.0	-34.084494	0.0	2.072945	2.072945	90.0	0.129668	-0.047789	0.138194	-20.231347	1226005.009586
89.0	1.0	0.0	0.0	0.0	-90.0	0.0	0.0	0.0	151.698399	0.0	2.071621	2.071621	90.0	0.128503	-0.048255	0.137265	-20.581761	1226003.536321
90.0	1.0	0.0	0.0	0.0	-90.0	0.0	0.0	0.0	3.137831	0.0	2.07784	2.07784	90.0	0.133314	-0.047616	0.141562	-19.65519	1226002.11726
91.0	1.0	0.0	0.0	0.0	-90.0	0.0	0.0	0.0	177.356357	0.0	2.078016	2.078016	90.0	0.132213	-0.047822	0.140596	-19.885391	1226000.668598
92.0	1.0	0.0	0.0	0.0	-90.0	0.0	0.0	0.0	-1.300358	0.0	2.077081	2.077081	90.0	0.131103	-0.047976	0.139606	-20.099642	1225999.224069
93.0	1.0	0.0	0.0	0.0	-90.0	0.0	0.0	0.0	81.546307	0.0	2.076971	2.076971	90.0	0.130366	-0.048206	0.138993	-20.293234	1225997.792675
94.0	1.0	0.0	0.0	0.0	-90.0	0.0	0.0	0.0	59.263509	0.0	2.077674	2.077674	90.0	0.130382	-0.048161	0.138993	-20.273267	1225996.345183
95.0	1.0	0.0	0.0	0.0	-90.0	0.0	0.0	0.0	-88.040803	0.0	2.075501	2.075501	90.0	0.128203	-0.048384	0.137029	-20.676721	1225994.911931
96.0	1.0	0.0	0.0	0.0	-90.0	0.0	0.0	0.0	-170.631657	0.0	2.075304	2.075304	90.0	0.127204	-0.048933	0.136292	-21.040937	1225993.471722
97.0	1.0	0.0	0.0	0.0	-90.0	0.0	0.0	0.0	-23.476932	0.0	2.074278	2.074278	90.0	0.12597	-0.048102	0.134841	-20.899467	1225992.066138
98.0	1.0	0.0	0.0	0.0	-90.0	0.0	0.0	0.0	-91.685305	0.0	2.075215	2.075215	90.0	0.126098	-0.048074	0.134951	-20.869069	1225990.637072
99.0	1.0	0.0	0.0	0.0	-90.0	0.0	0.0	0.0	-118.576671	0.0	2.077743	2.077743	90.0	0.127564	-0.049085	0.136681	-21.046017	1225989.201774
100.0	1.0	0.0	0.0	0.0	-90.0	0.0	0.0	0.0	151.842588	0.0	2.078357	2.078357	90.0	0.127342	-0.048901	0.136409	-21.007649	1225987.776897
101.0	1.0	0.0	0.0	0.0	-90.0	0.0	0.0	0.0	52.159316	0.0	2.078749	2.078749	90.0	0.127136	-0.049232	0.136336	-21.168395	1225986.346067
102.0	1.0	0.0	0.0	0.0	-90.0	0.0	0.0	0.0	55.641436	0.0	2.078186	2.078186	90.0	0.126458	-0.04907	0.135645	-21.207743	1225984.861807
103.0	1.0	0.0	0.0	0.0	-90.0	0.0	0.0	0.0	97.78806	0.0	2.079176	2.079176	90.0	0.126473	-0.049149	0.135687	-21.23666	1225983.408928
104.0	1.0	0.0	0.0	0.0	-90.0	0.0	0.0	0.0	-58.908368	0.0	2.078947	2.078947	90.0	0.125774	-0.048637	0.134851	-21.141572	1225981.972814
105.0	1.0	0.0	0.0	0.0	-90.0	0.0	0.0	0.0	112.334043	0.0	2.079085	2.079085	90.0	0.125633	-0.048754	0.134761	-21.209741	1225980.52839
106.0	1.0	0.0	0.0	0.0	-90.0	0.0	0.0	0.0	55.964198	0.0	2.078837	2.078837	90.0	0.124833	-0.049162	0.134164	-21.495589	1225979.086096
107.0	1.0	0.0	0.0	0.0	-90.0	0.0	0.0	0.0	94.580966	0.0	2.078318	2.078318	90.0	0.124185	-0.049061	0.133525	-21.557298	1225977.645995
108.0	1.0	0.0	0.0	0.0	-90.0	0.0	0.0	0.0	-62.946725	0.0	2.079133	2.079133	90.0	0.124146	-0.049162	0.133526	-21.603698	1225976.204839
109.0	1.0	0.0	0.0	0.0	-90.0	0.0	0.0	0.0	170.176473	0.0	2.0795	2.0795	90.0	0.124238	-0.049099	0.133588	-21.56384	1225974.765628
110.0	1.0	0.0	0.0	0.0	-90.0	0.0	0.0	0.0	-50.160981	0.0	2.080358	2.080358	90.0	0.12418	-0.049229	0.133582	-21.625045	1225973.330669
111.0	1.0	0.0	0.0	0.0	-90.0	0.0	0.0	0.0	1.626321	0.0	2.081393	2.081393	90.0	0.125605	-0.049256	0.134918	-21.412618	1225971.872187
112.0	1.0	0.0	0.0	0.0	-90.0	0.0	0.0	0.0	-160.035623	0.0	2.081582	2.081582	90.0	0.124459	-0.049298	0.133867	-21.60864	1225970.439997
113.0	1.0	0.0	0.0	0.0	-90.0	0.0	0.0	0.0	50.297099	0.0	2.079363	2.079363	90.0	0.122137	-0.049193	0.131671	-21.937996	1225968.971373
114.0	1.0	0.0	0.0	0.0	-90.0	0.0	0.0	0.0	-108.464812	0.0	2.079787	2.079787	90.0	0.121544	-0.049223	0.131133	-22.047209	1225967.519225
115.0	1.0	0.0	0.0	0.0	-90.0	0.0	0.0	0.0	29.840194	0.0	2.07914	2.07914	90.0	0.12076	-0.049221	0.130406	-22.175585	1225966.081455
116.0	1.0	0.0	0.0	0.0	-90.0	0.0	0.0	0.0	35.140622	0.0	2.077828	2.077828	90.0	0.119481	-0.049245	0.129231	-22.399248	1225964.658379
117.0	1.0	0.0	0.0	0.0	-90.0	0.0	0.0	0.0	106.406419	0.0	2.077411	2.077411	90.0	0.11912	-0.049221	0.128889	-22.450832	1225963.245326
118.0	1.0	0.0	0.0	0.0	-90.0	0.0	0.0	0.0	-163.04999	0.0	2.077136	2.077136	90.0	0.119372	-0.049115	0.129081	-22.364532	1225961.787266
119.0	1.0	0.0	0.0	0.0	-90.0	0.0	0.0	0.0	174.611842	0.0	2.078851	2.078851	90.0	0.118498	-0.049233	0.128318	-22.561495	1225960.357056
120.0	1.0	0.0	0.0	0.0	-90.0	0.0	0.0	0.0	-154.886861	0.0	2.076805	2.076805	90.0	0.117034	-0.04907	0.126905	-22.747277	1225958.915083
121.0	1.0	0.0	0.0	0.0	-90.0	0.0	0.0	0.0	69.899681	0.0	2.076866	2.076866	90.0	0.116426	-0.048951	0.126298	-22.804038	1225957.467174
122.0	1.0	0.0	0.0	0.0	-90.0	0.0	0.0	0.0	-56.509496	0.0	2.076409	2.076409	90.0	0.115555	-0.049003	0.125516	-22.980101	1225956.043019
123.0	1.0	0.0	0.0	0.0	-90.0	0.0	0.0	0.0	179.227558	0.0	2.078229	2.078229	90.0	0.116404	-0.049103	0.126337	-22.871817	1225954.597724
124.0	1.0	0.0	0.0	0.0	-90.0	0.0	0.0	0.0	103.67922	0.0	2.078319	2.078319	90.0	0.116286	-0.04917	0.126254	-22.920649	1225953.132827
125.0	1.0	0.0	0.0	0.0	-90.0	0.0	0.0	0.0	-101.731795	0.0	2.076598	2.076598	90.0	0.114744	-0.048755	0.124673	-23.020589	1225951.684868
126.0	1.0	0.0	0.0	0.0	-90.0	0.0	0.0	0.0	-84.989302	0.0	2.077906	2.077906	90.0	0.11515	-0.048976	0.125133	-23.040905	1225950.206907
127.0	1.0	0.0	0.0	0.0	-90.0	0.0	0.0	0.0	-79.997071	0.0	2.077441	2.077441	90.0	0.114465	-0.048716	0.124401	-23.054563	1225948.760745
128.0	1.0	0.0	0.0	0.0	-90.0	0.0	0.0	0.0	115.453718	0.0	2.075803	2.075803	90.0	0.113269	-0.048742	0.123311	-23.283163	1225947.308955
129.0	1.0	0.0	0.0	0.0	-90.0	0.0	0.0	0.0	-30.76516	0.0	2.075604	2.075604	90.0	0.113113	-0.048756	0.123173	-23.31774	1225945.84741
130.0	1.0	0.0	0.0	0.0	-90.0	0.0	0.0	0.0	-73.29083	0.0	2.077068	2.077068	90.0	0.113306	-0.04898	0.12344	-23.377906	1225944.401856
131.0	1.0	0.0	0.0	0.0	-90.0	0.0	0.0	0.0	-138.516469	0.0	2.080527	2.080527	90.0	0.114832	-0.049163	0.124913	-23.177112	1225942.934207
132.0	1.0	0.0	0.0	0.0	-90.0	0.0	0.0	0.0	-74.470862	0.0	2.080985	2.080985	90.0	0.114544	-0.049033	0.124597	-23.174556	1225941.493338
133.0	1.0	0.0	0.0	0.0	-90.0	0.0	0.0	0.0	-156.458823	0.0	2.078314	2.078314	90.0	0.113097	-0.048623	0.123106	-23.263791	1225939.99647
134.0	1.0	0.0	0.0	0.0	-90.0	0.0	0.0	0.0	115.289024	0.0	2.078334	2.078334	90.0	0.112741	-0.048911	0.122894	-23.453048	1225938.521662
135.0	1.0	0.0	0.0	0.0	-90.0	0.0	0.0	0.0	173.175585	0.0	2.078056	2.078056	90.0	0.113545	-0.049138	0.123721	-23.401272	1225937.052565
136.0	1.0	0.0	0.0	0.0	-90.0	0.0	0.0	0.0	-58.433776	0.0	2.080439	2.080439	90.0	0.113036	-0.049066	0.123226	-23.464335	1225935.576277
137.0	1.0	0.0	0.0	0.0	-90.0	0.0	0.0	0.0	9.784694	0.0	2.078962	2.078962	90.0	0.111609	-0.048647	0.12175	-23.550764	1225934.129097
138.0	1.0	0.0	0.0	0.0	-90.0	0.0	0.0	0.0	30.216429	0.0	2.080362	2.080362	90.0	0.111809	-0.048777	0.121985	-23.569243	1225932.691558
139.0	1.0	0.0	0.0	0.0	-90.0	0.0	0.0	0.0	-139.055367	0.0	2.080306	2.080306	90.0	0.112206	-0.048982	0.122432	-23.582968	1225931.264638
140.0	1.0	0.0	0.0	0.0	-90.0	0.0	0.0	0.0	161.800567	0.0	2.081952	2.081952	90.0	0.112116	-0.048979	0.122348	-23.598766	1225929.846206
141.0	1.0	0.0	0.0	0.0	-90.0	0.0	0.0	0.0	-78.063335	0.0	2.078969	2.078969	90.0	0.109643	-0.048301	0.11981	-23.775173	1225928.397612
142.0	1.0	0.0	0.0	0.0	-90.0	0.0	0.0	0.0	146.465465	0.0	2.080196	2.080196	90.0	0.109919	-0.048328	0.120074	-23.7334	1225926.955963
143.0	1.0	0.0	0.0	0.0	-90.0	0.0	0.0	0.0	-102.645279	0.0	2.079946	2.079946	90.0	0.109495	-0.048254	0.119657	-23.78296	1225925.502252
144.0	1.0	0.0	0.0	0.0	-90.0	0.0	0.0	0.0	79.654177	0.0	2.077695	2.077695	90.0	0.107696	-0.047705	0.117789	-23.891274	1225924.026763
145.0	1.0	0.0	0.0	0.0	-90.0	0.0	0.0	0.0	-179.407409	0.0	2.074964	2.074964	90.0	0.106622	-0.047888	0.116882	-24.186793	1225922.617155
146.0	1.0	0.0	0.0	0.0	-90.0	0.0	0.0	0.0	148.263516	0.0	2.076013	2.076013	90.0	0.106361	-0.047891	0.116646	-24.240482	1225921.149409
147.0	1.0	0.0	0.0	0.0	-90.0	0.0	0.0	0.0	123.056376	0.0	2.074164	2.074164	90.0	0.105881	-0.046675	0.115712	-23.789083	1225919.707494
148.0	1.0	0.0	0.0	0.0	-90.0	0.0	0.0	0.0	141.375434	0.0	2.071648	2.071648	90.0	0.104089	-0.045902	0.11376	-23.79675	1225918.244264
149.0	1.0	0.0	0.0	0.0	-90.0	0.0	0.0	0.0	-73.769829	0.0	2.078335	2.078335	90.0	0.106574	-0.048068	0.116912	-24.277038	1225916.821233
150.0	1.0	0.0	0.0	0.0	-90.0	0.0	0.0	0.0	34.886503	0.0	2.07991	2.07991	90.0	0.106777	-0.047326	0.116795	-23.903956	1225915.367554
151.0	1.0	0.0	0.0	0.0	-90.0	0.0	0.0	0.0	18.577061	0.0	2.080543	2.080543	90.0	0.106891	-0.048652	0.117442	-24.472763	1225913.904625
152.0	1.0	0.0	0.0	0.0	-90.0	0.0	0.0	0.0	172.438464	0.0	2.07944	2.07944	90.0	0.106159	-0.047437	0.116276	-24.077549	1225912.463296
153.0	1.0	0.0	0.0	0.0	-90.0	0.0	0.0	0.0	178.72755	0.0	2.081974	2.081974	90.0	0.107774	-0.048504	0.118186	-24.230184	1225911.037425
154.0	1.0	0.0	0.0	0.0	-90.0	0.0	0.0	0.0	-167.47215	0.0	2.08075	2.08075	90.0	0.106704	-0.047216	0.116683	-23.86932	1225909.587337
155.0	1.0	0.0	0.0	0.0	-90.0	0.0	0.0	0.0	-128.000788	0.0	2.07813	2.07813	90.0	0.105254	-0.047244	0.115371	-24.173224	1225908.111507
156.0	1.0	0.0	0.0	0.0	-90.0	0.0	0.0	0.0	70.864119	0.0	2.074091	2.074091	90.0	0.102236	-0.046253	0.112212	-24.342596	1225906.681383
157.0	1.0	0.0	0.0	0.0	-90.0	0.0	0.0	0.0	-57.26233	0.0	2.076352	2.076352	90.0	0.102933	-0.046563	0.112975	-24.340257	1225905.241933
158.0	1.0	0.0	0.0	0.0	-90.0	0.0	0.0	0.0	53.231786	0.0	2.078759	2.078759	90.0	0.104188	-0.046947	0.114277	-24.256354	1225903.817569
159.0	1.0	0.0	0.0	0.0	-90.0	0.0	0.0	0.0	73.245642	0.0	2.078976	2.078976	90.0	0.104256	-0.047028	0.114372	-24.279261	1225902.308604
160.0	1.0	0.0	0.0	0.0	-90.0	0.0	0.0	0.0	-59.771199	0.0	2.080395	2.080395	90.0	0.104452	-0.047196	0.114619	-24.315585	1225900.873999
161.0	1.0	0.0	0.0	0.0	-90.0	0.0	0.0	0.0	-92.496553	0.0	2.078887	2.078887	90.0	0.103361	-0.04677	0.11345	-24.346591	1225899.394906
162.0	1.0	0.0	0.0	0.0	-90.0	0.0	0.0	0.0	149.355592	0.0	2.080064	2.080064	90.0	0.103289	-0.046704	0.113358	-24.330862	1225897.948747
163.0	1.0	0.0	0.0	0.0	-90.0	0.0	0.0	0.0	19.20211	0.0	2.081044	2.081044	90.0	0.104441	-0.047249	0.114631	-24.341841	1225896.51619
164.0	1.0	0.0	0.0	0.0	-90.0	0.0	0.0	0.0	-55.158031	0.0	2.081502	2.081502	90.0	0.104181	-0.047114	0.114339	-24.333962	1225895.076917
165.0	1.0	0.0	0.0	0.0	-90.0	0.0	0.0	0.0	26.641073	0.0	2.077423	2.077423	90.0	0.10164	-0.046238	0.111663	-24.46181	1225893.628206
166.0	1.0	0.0	0.0	0.0	-90.0	0.0	0.0	0.0	153.666928	0.0	2.08257	2.08257	90.0	0.104036	-0.047149	0.114222	-24.380075	1225892.180149
167.0	1.0	0.0	0.0	0.0	-90.0	0.0	0.0	0.0	132.047068	0.0	2.081771	2.081771	90.0	0.103615	-0.047036	0.113792	-24.41572	1225890.735089
168.0	1.0	0.0	0.0	0.0	-90.0	0.0	0.0	0.0	-128.92016	0.0	2.082023	2.082023	90.0	0.102989	-0.04676	0.113108	-24.419462	1225889.230805
169.0	1.0	0.0	0.0	0.0	-90.0	0.0	0.0	0.0	-63.897874	0.0	2.0822	2.0822	90.0	0.103532	-0.047099	0.113742	-24.461833	1225887.78412
170.0	1.0	0.0	0.0	0.0	-90.0	0.0	0.0	0.0	-92.377023	0.0	2.081653	2.081653	90.0	0.102538	-0.046726	0.112683	-24.498395	1225886.348777
171.0	1.0	0.0	0.0	0.0	-90.0	0.0	0.0	0.0	70.396696	0.0	2.082031	2.082031	90.0	0.103621	-0.047164	0.11385	-24.473104	1225884.914422
172.0	1.0	0.0	0.0	0.0	-90.0	0.0	0.0	0.0	-132.703232	0.0	2.079836	2.079836	90.0	0.101807	-0.046509	0.111927	-24.552466	1225883.465773
173.0	1.0	0.0	0.0	0.0	-90.0	0.0	0.0	0.0	-34.433442	0.0	2.081091	2.081091	90.0	0.101052	-0.046099	0.11107	-24.521869	1225882.012137
174.0	1.0	0.0	0.0	0.0	-90.0	0.0	0.0	0.0	-115.24879	0.0	2.082502	2.082502	90.0	0.101636	-0.046347	0.111705	-24.513527	1225880.533189
175.0	1.0	0.0	0.0	0.0	-90.0	0.0	0.0	0.0	-45.138612	0.0	2.079833	2.079833	90.0	0.099559	-0.04533	0.109393	-24.480242	1225879.085508
176.0	1.0	0.0	0.0	0.0	-90.0	0.0	0.0	0.0	-57.853963	0.0	2.080592	2.080592	90.0	0.100004	-0.045547	0.109888	-24.486984	1225877.640764
177.0	1.0	0.0	0.0	0.0	-90.0	0.0	0.0	0.0	105.763761	0.0	2.079153	2.079153	90.0	0.097856	-0.044511	0.107503	-24.459019	1225876.187617
178.0	1.0	0.0	0.0	0.0	-90.0	0.0	0.0	0.0	-22.744517	0.0	2.075193	2.075193	90.0	0.095953	-0.043519	0.10536	-24.396306	1225874.74802
179.0	1.0	0.0	0.0	0.0	-90.0	0.0	0.0	0.0	-8.561133	0.0	2.076824	2.076824	90.0	0.096473	-0.043844	0.105969	-24.440097	1225873.264421
180.0	1.0	0.0	0.0	0.0	-90.0	0.0	0.0	0.0	134.716785	0.0	2.077461	2.077461	90.0	0.096986	-0.044058	0.106524	-24.43069	1225871.820812
181.0	1.0	0.0	0.0	0.0	-90.0	0.0	0.0	0.0	-138.175386	0.0	2.081289	2.081289	90.0	0.098632	-0.045109	0.108458	-24.576992	1225870.322015
182.0	1.0	0.0	0.0	0.0	-90.0	0.0	0.0	0.0	144.918331	0.0	2.081412	2.081412	90.0	0.098499	-0.045013	0.108297	-24.560107	1225868.87322
183.0	1.0	0.0	0.0	0.0	-90.0	0.0	0.0	0.0	141.878694	0.0	2.08206	2.08206	90.0	0.098749	-0.045268	0.10863	-24.627119	1225867.45093
184.0	1.0	0.0	0.0	0.0	-90.0	0.0	0.0	0.0	125.439629	0.0	2.081246	2.081246	90.0	0.098084	-0.044925	0.107883	-24.608849	1225866.024045
185.0	1.0	0.0	0.0	0.0	-90.0	0.0	0.0	0.0	-136.587817	0.0	2.081342	2.081342	90.0	0.098208	-0.044888	0.10798	-24.563633	1225864.610011
186.0	1.0	0.0	0.0	0.0	-90.0	0.0	0.0	0.0	-121.506328	0.0	2.083092	2.083092	90.0	0.098923	-0.045447	0.108863	-24.674799	1225863.195668
187.0	1.0	0.0	0.0	0.0	-90.0	0.0	0.0	0.0	-147.003698	0.0	2.083684	2.083684	90.0	0.098994	-0.045445	0.108927	-24.658491	1225861.758594
188.0	1.0	0.0	0.0	0.0	-90.0	0.0	0.0	0.0	14.164091	0.0	2.08325	2.08325	90.0	0.098438	-0.045252	0.108342	-24.688267	1225860.292878
189.0	1.0	0.0	0.0	0.0	-90.0	0.0	0.0	0.0	38.555987	0.0	2.083593	2.083593	90.0	0.098315	-0.045227	0.108219	-24.703213	1225858.849174
190.0	1.0	0.0	0.0	0.0	-90.0	0.0	0.0	0.0	37.276259	0.0	2.083757	2.083757	90.0	0.09825	-0.045225	0.108159	-24.716993	1225857.401538
191.0	1.0	0.0	0.0	0.0	-90.0	0.0	0.0	0.0	-68.060928	0.0	2.084272	2.084272	90.0	0.098099	-0.045195	0.108009	-24.735912	1225855.968341
192.0	1.0	0.0	0.0	0.0	-90.0	0.0	0.0	0.0	167.476075	0.0	2.084511	2.084511	90.0	0.098246	-0.04527	0.108174	-24.739182	1225854.524071
193.0	1.0	0.0	0.0	0.0	-90.0	0.0	0.0	0.0	93.473629	0.0	2.0848	2.0848	90.0	0.098649	-0.045611	0.108682	-24.813665	1225853.093501
194.0	1.0	0.0	0.0	0.0	-90.0	0.0	0.0	0.0	-18.563323	0.0	2.084719	2.084719	90.0	0.098333	-0.045422	0.108317	-24.79319	1225851.660583
195.0	1.0	0.0	0.0	0.0	-90.0	0.0	0.0	0.0	14.107744	0.0	2.086798	2.086798	90.0	0.099558	-0.046129	0.109726	-24.860157	1225850.216462
196.0	1.0	0.0	0.0	0.0	-90.0	0.0	0.0	0.0	43.948422	0.0	2.085008	2.085008	90.0	0.098658	-0.045783	0.108764	-24.894103	1225848.75628
197.0	1.0	0.0	0.0	0.0	-90.0	0.0	0.0	0.0	-21.786307	0.0	2.0832	2.0832	90.0	0.096197	-0.044227	0.105877	-24.690977	1225847.270566
198.0	1.0	0.0	0.0	0.0	-90.0	0.0	0.0	0.0	-163.496877	0.0	2.084051	2.084051	90.0	0.096784	-0.044695	0.106606	-24.787689	1225845.79921
199.0	1.0	0.0	0.0	0.0	-90.0	0.0	0.0	0.0	148.312313	0.0	2.083117	2.083117	90.0	0.094923	-0.043474	0.104405	-24.607351	1225844.32919
200.0	1.0	0.0	0.0	0.0	-90.0	0.0	0.0	0.0	48.151877	0.0	2.0736464999999997	2.0736464999999997	90.0	0.0927055	-0.0414605	0.1015595	-24.076488	1227619.5497625
250.0	1.0	0.0	0.0	0.0	-90.0	0.0	0.0	0.0	-113.62497	0.0	2.064782	2.064782	90.0	0.08287	-0.035126	0.090007	-22.970633	1229394.775151
300.0	1.0	0.0	0.0	0.0	-90.0	0.0	0.0	0.0	-19.223723	0.0	2.064492	2.064492	90.0	0.079818	-0.031217	0.085705	-21.360891	1229393.341127
350.0	1.0	0.0	0.0	0.0	-90.0	0.0	0.0	0.0	157.647309	0.0	2.066089	2.066089	90.0	0.077645	-0.027723	0.082446	-19.649437	1229391.920891
400.0	1.0	0.0	0.0	0.0	-90.0	0.0	0.0	0.0	1.054872	0.0	2.066121	2.066121	90.0	0.075232	-0.026012	0.079602	-19.072769	1229390.483935
450.0	1.0	0.0	0.0	0.0	-90.0	0.0	0.0	0.0	63.82165	0.0	2.065635	2.065635	90.0	0.073799	-0.023269	0.07738	-17.500466	1229389.038422
500.0	1.0	0.0	0.0	0.0	-90.0	0.0	0.0	0.0	-53.644516	0.0	2.066235	2.066235	90.0	0.072394	-0.021853	0.075621	-16.797256	1229387.634766
550.0	1.0	0.0	0.0	0.0	-90.0	0.0	0.0	0.0	-141.065463	0.0	2.066436	2.066436	90.0	0.071457	-0.020222	0.074264	-15.801041	1229386.186167
600.0	1.0	0.0	0.0	0.0	-90.0	0.0	0.0	0.0	-105.03947	0.0	2.067249	2.067249	90.0	0.070776	-0.019141	0.073318	-15.133053	1229384.736717
650.0	1.0	0.0	0.0	0.0	-90.0	0.0	0.0	0.0	-152.859208	0.0	2.065273	2.065273	90.0	0.070054	-0.017454	0.072196	-13.990307	1229383.330668
700.0	1.0	0.0	0.0	0.0	-90.0	0.0	0.0	0.0	-153.405078	0.0	2.065671	2.065671	90.0	0.069537	-0.016788	0.071535	-13.573012	1229381.863191
750.0	1.0	0.0	0.0	0.0	-90.0	0.0	0.0	0.0	-92.354228	0.0	2.066973	2.066973	90.0	0.069207	-0.016172	0.071072	-13.15225	1229380.410929
800.0	1.0	0.0	0.0	0.0	-90.0	0.0	0.0	0.0	-132.851155	0.0	2.065936	2.065936	90.0	0.068703	-0.015091	0.070341	-12.388528	1229378.98316
850.0	1.0	0.0	0.0	0.0	-90.0	0.0	0.0	0.0	-94.370149	0.0	2.067041	2.067041	90.0	0.068415	-0.014599	0.069955	-12.04551	1229377.523227
900.0	1.0	0.0	0.0	0.0	-90.0	0.0	0.0	0.0	-99.835085	0.0	2.06783	2.06783	90.0	0.068162	-0.014047	0.069594	-11.644224	1229376.060235
950.0	1.0	0.0	0.0	0.0	-90.0	0.0	0.0	0.0	-121.760658	0.0	2.06649	2.06649	90.0	0.067823	-0.013326	0.06912	-11.116185	1229374.61172
1000.0	1.0	0.0	0.0	0.0	-90.0	0.0	0.0	0.0	35.500238	0.0	2.066983	2.066983	90.0	0.067592	-0.012846	0.068802	-10.760745	1229373.141009
1050.0	1.0	0.0	0.0	0.0	-90.0	0.0	0.0	0.0	-164.018871	0.0	2.066554	2.066554	90.0	0.067394	-0.012459	0.068535	-10.473627	1229371.706327
1100.0	1.0	0.0	0.0	0.0	-90.0	0.0	0.0	0.0	23.089609	0.0	2.066204	2.066204	90.0	0.067217	-0.011956	0.068273	-10.085972	1229370.26526
1150.0	1.0	0.0	0.0	0.0	-90.0	0.0	0.0	0.0	-81.417939	0.0	2.069387	2.069387	90.0	0.067104	-0.011661	0.06811	-9.857792	1229368.826028
1200.0	1.0	0.0	0.0	0.0	-90.0	0.0	0.0	0.0	105.881924	0.0	2.069098	2.069098	90.0	0.066937	-0.011308	0.067885	-9.589011	1229367.393105
1250.0	1.0	0.0	0.0	0.0	-90.0	0.0	0.0	0.0	162.215496	0.0	2.06964	2.06964	90.0	0.066775	-0.011021	0.067678	-9.372138	1229365.983261
1300.0	1.0	0.0	0.0	0.0	-90.0	0.0	0.0	0.0	178.221181	0.0	2.069616	2.069616	90.0	0.066639	-0.010653	0.067486	-9.08233	1229364.538196
1350.0	1.0	0.0	0.0	0.0	-90.0	0.0	0.0	0.0	-89.148098	0.0	2.071001	2.071001	90.0	0.066574	-0.01054	0.067403	-8.996141	1229363.095626
1400.0	1.0	0.0	0.0	0.0	-90.0	0.0	0.0	0.0	147.565349	0.0	2.069233	2.069233	90.0	0.066405	-0.010079	0.067166	-8.630725	1229361.6401
1450.0	1.0	0.0	0.0	0.0	-90.0	0.0	0.0	0.0	122.98438	0.0	2.06918	2.06918	90.0	0.066253	-0.009771	0.066969	-8.389671	1229360.224854
1500.0	1.0	0.0	0.0	0.0	-90.0	0.0	0.0	0.0	150.594852	0.0	2.070958	2.070958	90.0	0.066214	-0.009658	0.066915	-8.298917	1229358.76003
1550.0	1.0	0.0	0.0	0.0	-90.0	0.0	0.0	0.0	119.971936	0.0	2.069918	2.069918	90.0	0.06611	-0.009367	0.066771	-8.064722	1229357.316781
1600.0	1.0	0.0	0.0	0.0	-90.0	0.0	0.0	0.0	111.612653	0.0	2.07004	2.07004	90.0	0.066016	-0.009244	0.06666	-7.971371	1229355.901017
1650.0	1.0	0.0	0.0	0.0	-90.0	0.0	0.0	0.0	-79.672907	0.0	2.071023	2.071023	90.0	0.065909	-0.009065	0.06653	-7.831599	1229354.402725
1700.0	1.0	0.0	0.0	0.0	-90.0	0.0	0.0	0.0	170.635735	0.0	2.071628	2.071628	90.0	0.065878	-0.009039	0.066495	-7.812269	1229352.951848
1750.0	1.0	0.0	0.0	0.0	-90.0	0.0	0.0	0.0	95.493875	0.0	2.071215	2.071215	90.0	0.06578	-0.008772	0.066363	-7.595738	1229351.511709
1800.0	1.0	0.0	0.0	0.0	-90.0	0.0	0.0	0.0	-48.208957	0.0	2.069245	2.069245	90.0	0.065697	-0.008466	0.06624	-7.342883	1229350.062993
1850.0	1.0	0.0	0.0	0.0	-90.0	0.0	0.0	0.0	168.003656	0.0	2.070482	2.070482	90.0	0.065646	-0.008389	0.06618	-7.282504	1229348.628364
1900.0	1.0	0.0	0.0	0.0	-90.0	0.0	0.0	0.0	-161.624847	0.0	2.070085	2.070085	90.0	0.065582	-0.008206	0.066093	-7.131898	1229347.222392
1950.0	1.0	0.0	0.0	0.0	-90.0	0.0	0.0	0.0	-170.356499	0.0	2.068042	2.068042	90.0	0.065481	-0.007957	0.065962	-6.928348	1229345.783952
2000.0	1.0	0.0	0.0	0.0	-90.0	0.0	0.0	0.0	-143.561739	0.0	2.069093	2.069093	90.0	0.06545	-0.007885	0.065923	-6.869733	1229344.31692
2050.0	1.0	0.0	0.0	0.0	-90.0	0.0	0.0	0.0	63.678272	0.0	2.070279	2.070279	90.0	0.065393	-0.007776	0.065854	-6.780888	1229342.883487
2100.0	1.0	0.0	0.0	0.0	-90.0	0.0	0.0	0.0	111.978293	0.0	2.070433	2.070433	90.0	0.065356	-0.007675	0.065805	-6.698166	1229341.45915
2150.0	1.0	0.0	0.0	0.0	-90.0	0.0	0.0	0.0	80.244311	0.0	2.069703	2.069703	90.0	0.065286	-0.007495	0.065715	-6.548743	1229340.009912
2200.0	1.0	0.0	0.0	0.0	-90.0	0.0	0.0	0.0	12.830968	0.0	2.069235	2.069235	90.0	0.065234	-0.007331	0.065645	-6.412063	1229338.536789
2250.0	1.0	0.0	0.0	0.0	-90.0	0.0	0.0	0.0	44.589412	0.0	2.071625	2.071625	90.0	0.065222	-0.007379	0.065638	-6.454642	1229337.08386
2300.0	1.0	0.0	0.0	0.0	-90.0	0.0	0.0	0.0	-117.886658	0.0	2.071248	2.071248	90.0	0.065164	-0.007253	0.065566	-6.350828	1229335.636175
2350.0	1.0	0.0	0.0	0.0	-90.0	0.0	0.0	0.0	-62.657005	0.0	2.072267	2.072267	90.0	0.065136	-0.007251	0.065539	-6.351641	1229334.168761
2400.0	1.0	0.0	0.0	0.0	-90.0	0.0	0.0	0.0	19.253524	0.0	2.071382	2.071382	90.0	0.065074	-0.00707	0.065457	-6.200587	1229332.746439
2450.0	1.0	0.0	0.0	0.0	-90.0	0.0	0.0	0.0	75.125575	0.0	2.073572	2.073572	90.0	0.065046	-0.007036	0.065425	-6.173672	1229331.298132
2500.0	1.0	0.0	0.0	0.0	-90.0	0.0	0.0	0.0	-73.612418	0.0	2.070929	2.070929	90.0	0.064989	-0.006823	0.065346	-5.993763	1229329.852911
2550.0	1.0	0.0	0.0	0.0	-90.0	0.0	0.0	0.0	108.390428	0.0	2.068539	2.068539	90.0	0.064936	-0.006654	0.065276	-5.850319	1229328.421473
2600.0	1.0	0.0	0.0	0.0	-90.0	0.0	0.0	0.0	-90.820878	0.0	2.069905	2.069905	90.0	0.064896	-0.00661	0.065232	-5.815523	1229326.966162
2650.0	1.0	0.0	0.0	0.0	-90.0	0.0	0.0	0.0	-135.593475	0.0	2.071261	2.071261	90.0	0.064867	-0.006479	0.065189	-5.703775	1229325.51559
2700.0	1.0	0.0	0.0	0.0	-90.0	0.0	0.0	0.0	-87.360588	0.0	2.070802	2.070802	90.0	0.064834	-0.006492	0.065158	-5.717857	1229324.048956
2750.0	1.0	0.0	0.0	0.0	-90.0	0.0	0.0	0.0	110.46495	0.0	2.07034	2.07034	90.0	0.064794	-0.006402	0.065109	-5.642549	1229322.624022
2800.0	1.0	0.0	0.0	0.0	-90.0	0.0	0.0	0.0	-71.101147	0.0	2.073018	2.073018	90.0	0.064786	-0.006474	0.065108	-5.706784	1229321.199834
2850.0	1.0	0.0	0.0	0.0	-90.0	0.0	0.0	0.0	-15.365948	0.0	2.071421	2.071421	90.0	0.064742	-0.006326	0.06505	-5.581025	1229319.73871
2900.0	1.0	0.0	0.0	0.0	-90.0	0.0	0.0	0.0	-114.555405	0.0	2.071673	2.071673	90.0	0.064708	-0.006271	0.065011	-5.535027	1229318.316796
2950.0	1.0	0.0	0.0	0.0	-90.0	0.0	0.0	0.0	0.931906	0.0	2.067971	2.067971	90.0	0.064657	-0.006036	0.064938	-5.333088	1229316.851069
3000.0	1.0	0.0	0.0	0.0	-90.0	0.0	0.0	0.0	-142.514631	0.0	2.07074	2.07074	90.0	0.064636	-0.006069	0.06492	-5.364197	1229315.398029
3050.0	1.0	0.0	0.0	0.0	-90.0	0.0	0.0	0.0	55.180099	0.0	2.069844	2.069844	90.0	0.06461	-0.005972	0.064886	-5.281037	1229313.925363
3100.0	1.0	0.0	0.0	0.0	-90.0	0.0	0.0	0.0	-92.8043	0.0	2.072868	2.072868	90.0	0.064588	-0.006004	0.064866	-5.311188	1229312.482256
3150.0	1.0	0.0	0.0	0.0	-90.0	0.0	0.0	0.0	129.16553	0.0	2.072977	2.072977	90.0	0.064567	-0.005969	0.064842	-5.281445	1229311.037085
3200.0	1.0	0.0	0.0	0.0	-90.0	0.0	0.0	0.0	-124.702163	0.0	2.071219	2.071219	90.0	0.064526	-0.005837	0.064789	-5.169169	1229309.612635
3250.0	1.0	0.0	0.0	0.0	-90.0	0.0	0.0	0.0	-19.148515	0.0	2.07175	2.07175	90.0	0.064508	-0.00586	0.064773	-5.19046	1229308.15959
3300.0	1.0	0.0	0.0	0.0	-90.0	0.0	0.0	0.0	140.562831	0.0	2.071049	2.071049	90.0	0.064473	-0.005755	0.064729	-5.101115	1229306.725622
3350.0	1.0	0.0	0.0	0.0	-90.0	0.0	0.0	0.0	-134.74676	0.0	2.072968	2.072968	90.0	0.064458	-0.005785	0.064717	-5.128877	1229305.281222
3400.0	1.0	0.0	0.0	0.0	-90.0	0.0	0.0	0.0	176.463482	0.0	2.071625	2.071625	90.0	0.064426	-0.005702	0.064678	-5.057482	1229303.846027
3450.0	1.0	0.0	0.0	0.0	-90.0	0.0	0.0	0.0	28.279997	0.0	2.070401	2.070401	90.0	0.064401	-0.005601	0.064644	-4.970703	1229302.439975
3500.0	1.0	0.0	0.0	0.0	-90.0	0.0	0.0	0.0	-111.724059	0.0	2.072492	2.072492	90.0	0.064375	-0.00562	0.06462	-4.989765	1229300.984807
3550.0	1.0	0.0	0.0	0.0	-90.0	0.0	0.0	0.0	20.233552	0.0	2.069285	2.069285	90.0	0.064351	-0.005445	0.064581	-4.836398	1229299.51959
3600.0	1.0	0.0	0.0	0.0	-90.0	0.0	0.0	0.0	42.660558	0.0	2.071504	2.071504	90.0	0.064327	-0.005452	0.064558	-4.844813	1229298.056856
3650.0	1.0	0.0	0.0	0.0	-90.0	0.0	0.0	0.0	116.732536	0.0	2.070839	2.070839	90.0	0.064303	-0.005387	0.064528	-4.788548	1229296.620552
3700.0	1.0	0.0	0.0	0.0	-90.0	0.0	0.0	0.0	154.349214	0.0	2.070461	2.070461	90.0	0.06428	-0.005356	0.064503	-4.763052	1229295.171681
3750.0	1.0	0.0	0.0	0.0	-90.0	0.0	0.0	0.0	-5.1919	0.0	2.070297	2.070297	90.0	0.064263	-0.0053	0.064481	-4.714591	1229293.733907
3800.0	1.0	0.0	0.0	0.0	-90.0	0.0	0.0	0.0	129.710788	0.0	2.069502	2.069502	90.0	0.064238	-0.005259	0.064453	-4.680002	1229292.285923
3850.0	1.0	0.0	0.0	0.0	-90.0	0.0	0.0	0.0	91.091575	0.0	2.072197	2.072197	90.0	0.064222	-0.005302	0.064441	-4.71923	1229290.880745
3900.0	1.0	0.0	0.0	0.0	-90.0	0.0	0.0	0.0	-117.489755	0.0	2.072007	2.072007	90.0	0.064202	-0.005271	0.064418	-4.693133	1229289.437627
3950.0	1.0	0.0	0.0	0.0	-90.0	0.0	0.0	0.0	-126.04961	0.0	2.072508	2.072508	90.0	0.064188	-0.005275	0.064404	-4.697949	1229288.031546
4000.0	1.0	0.0	0.0	0.0	-90.0	0.0	0.0	0.0	-75.041809	0.0	2.07047	2.07047	90.0	0.064156	-0.00518	0.064365	-4.616244	1229286.623941
4050.0	1.0	0.0	0.0	0.0	-90.0	0.0	0.0	0.0	116.575254	0.0	2.071238	2.071238	90.0	0.064141	-0.005154	0.064348	-4.593966	1229285.168988
4100.0	1.0	0.0	0.0	0.0	-90.0	0.0	0.0	0.0	-41.707295	0.0	2.072523	2.072523	90.0	0.064119	-0.005162	0.064326	-4.60308	1229283.710262
4150.0	1.0	0.0	0.0	0.0	-90.0	0.0	0.0	0.0	-92.332969	0.0	2.073281	2.073281	90.0	0.064106	-0.00515	0.064313	-4.593316	1229282.262807
4200.0	1.0	0.0	0.0	0.0	-90.0	0.0	0.0	0.0	87.62459	0.0	2.072716	2.072716	90.0	0.064082	-0.005092	0.064284	-4.543395	1229280.816917
4250.0	1.0	0.0	0.0	0.0	-90.0	0.0	0.0	0.0	-11.713632	0.0	2.070378	2.070378	90.0	0.064056	-0.00499	0.06425	-4.454325	1229279.372829
4300.0	1.0	0.0	0.0	0.0	-90.0	0.0	0.0	0.0	173.921874	0.0	2.069958	2.069958	90.0	0.064034	-0.00496	0.064226	-4.428835	1229277.923145
4350.0	1.0	0.0	0.0	0.0	-90.0	0.0	0.0	0.0	-153.228823	0.0	2.073827	2.073827	90.0	0.06403	-0.005034	0.064228	-4.494956	1229276.479189
4400.0	1.0	0.0	0.0	0.0	-90.0	0.0	0.0	0.0	-115.62303	0.0	2.071882	2.071882	90.0	0.06401	-0.004953	0.064202	-4.425035	1229275.032536
4450.0	1.0	0.0	0.0	0.0	-90.0	0.0	0.0	0.0	-176.873997	0.0	2.073177	2.073177	90.0	0.063998	-0.004921	0.064187	-4.397259	1229273.588913
4500.0	1.0	0.0	0.0	0.0	-90.0	0.0	0.0	0.0	-114.605718	0.0	2.071033	2.071033	90.0	0.063976	-0.004797	0.064156	-4.288186	1229272.139489
4550.0	1.0	0.0	0.0	0.0	-90.0	0.0	0.0	0.0	37.851438	0.0	2.069344	2.069344	90.0	0.063957	-0.004781	0.064135	-4.275365	1229270.713379
4600.0	1.0	0.0	0.0	0.0	-90.0	0.0	0.0	0.0	147.279141	0.0	2.070604	2.070604	90.0	0.063941	-0.004758	0.064118	-4.255249	1229269.266827
4650.0	1.0	0.0	0.0	0.0	-90.0	0.0	0.0	0.0	104.959733	0.0	2.069162	2.069162	90.0	0.063919	-0.00471	0.064092	-4.214273	1229267.806734
4700.0	1.0	0.0	0.0	0.0	-90.0	0.0	0.0	0.0	-66.939834	0.0	2.070161	2.070161	90.0	0.063904	-0.004703	0.064076	-4.209032	1229266.366515
4750.0	1.0	0.0	0.0	0.0	-90.0	0.0	0.0	0.0	-145.176621	0.0	2.069422	2.069422	90.0	0.063889	-0.00465	0.064058	-4.163142	1229264.901409
4800.0	1.0	0.0	0.0	0.0	-90.0	0.0	0.0	0.0	162.15438	0.0	2.069062	2.069062	90.0	0.063874	-0.004625	0.064041	-4.141895	1229263.463619
4850.0	1.0	0.0	0.0	0.0	-90.0	0.0	0.0	0.0	125.296319	0.0	2.070665	2.070665	90.0	0.063858	-0.004621	0.064025	-4.138981	1229262.021268
4900.0	1.0	0.0	0.0	0.0	-90.0	0.0	0.0	0.0	-119.687137	0.0	2.071119	2.071119	90.0	0.063844	-0.004601	0.064009	-4.122041	1229260.57904
4950.0	1.0	0.0	0.0	0.0	-90.0	0.0	0.0	0.0	-176.012309	0.0	2.070403	2.070403	90.0	0.063821	-0.004556	0.063983	-4.083053	1229259.132908
5000.0	1.0	0.0	0.0	0.0	-90.0	0.0	0.0	0.0	0.5194330000000065	0.0	2.0666465	2.0666465	90.0	0.06374099999999999	-0.0045035000000000006	0.0638995	-4.041593000000001	1230546.7924104999
10000.0	1.0	0.0	0.0	0.0	-90.0	0.0	0.0	0.0	29.904465	0.0	2.066028	2.066028	90.0	0.062735	-0.003672	0.062842	-3.349593	1231834.418781
15000.0	1.0	0.0	0.0	0.0	-90.0	0.0	0.0	0.0	-164.836618	0.0	2.067595	2.067595	90.0	0.06219	-0.00358	0.062293	-3.294515	1231832.983107
20000.0	1.0	0.0	0.0	0.0	-90.0	0.0	0.0	0.0	-170.134969	0.0	2.065688	2.065688	90.0	0.061808	-0.003624	0.061914	-3.355791	1231831.550556
25000.0	1.0	0.0	0.0	0.0	-90.0	0.0	0.0	0.0	-82.942254	0.0	2.067893	2.067893	90.0	0.061488	-0.003791	0.061604	-3.527966	1231830.100037
30000.0	1.0	0.0	0.0	0.0	-90.0	0.0	0.0	0.0	156.396742	0.0	2.064981	2.064981	90.0	0.061227	-0.003954	0.061354	-3.695287	1231828.630621
35000.0	1.0	0.0	0.0	0.0	-90.0	0.0	0.0	0.0	68.139911	0.0	2.067091	2.067091	90.0	0.061	-0.004163	0.061142	-3.904224	1231827.160497
40000.0	1.0	0.0	0.0	0.0	-90.0	0.0	0.0	0.0	-74.99869	0.0	2.06991	2.06991	90.0	0.060796	-0.004382	0.060954	-4.122795	1231825.731241
45000.0	1.0	0.0	0.0	0.0	-90.0	0.0	0.0	0.0	-120.20828	0.0	2.0674	2.0674	90.0	0.060611	-0.00459	0.060784	-4.33107	1231824.287799
50000.0	1.0	0.0	0.0	0.0	-90.0	0.0	0.0	0.0	-58.714573	0.0	2.068587	2.068587	90.0	0.060443	-0.004809	0.060634	-4.548584	1231822.836609
55000.0	1.0	0.0	0.0	0.0	-90.0	0.0	0.0	0.0	-146.100011	0.0	2.068117	2.068117	90.0	0.06029	-0.005032	0.060499	-4.770594	1231821.391935
60000.0	1.0	0.0	0.0	0.0	-90.0	0.0	0.0	0.0	-137.352206	0.0	2.068993	2.068993	90.0	0.060143	-0.005257	0.060373	-4.995646	1231819.95316
65000.0	1.0	0.0	0.0	0.0	-90.0	0.0	0.0	0.0	-161.993655	0.0	2.068753	2.068753	90.0	0.060008	-0.005478	0.060257	-5.216193	1231818.518063
70000.0	1.0	0.0	0.0	0.0	-90.0	0.0	0.0	0.0	107.186329	0.0	2.069839	2.069839	90.0	0.059873	-0.005705	0.060144	-5.44255	1231817.084353
75000.0	1.0	0.0	0.0	0.0	-90.0	0.0	0.0	0.0	-61.49842	0.0	2.072985	2.072985	90.0	0.059748	-0.005935	0.060042	-5.673179	1231815.629277
80000.0	1.0	0.0	0.0	0.0	-90.0	0.0	0.0	0.0	-147.246058	0.0	2.070504	2.070504	90.0	0.059626	-0.006156	0.059943	-5.894949	1231814.211567
85000.0	1.0	0.0	0.0	0.0	-90.0	0.0	0.0	0.0	92.466314	0.0	2.071241	2.071241	90.0	0.059511	-0.006383	0.059852	-6.121735	1231812.757383
90000.0	1.0	0.0	0.0	0.0	-90.0	0.0	0.0	0.0	112.808914	0.0	2.069781	2.069781	90.0	0.059397	-0.006606	0.059763	-6.346312	1231811.309493
95000.0	1.0	0.0	0.0	0.0	-90.0	0.0	0.0	0.0	10.625318	0.0	2.068644	2.068644	90.0	0.059288	-0.00683	0.05968	-6.571301	1231809.876043
100000.0	1.0	0.0	0.0	0.0	-90.0	0.0	0.0	0.0	163.731328	0.0	2.069436	2.069436	90.0	0.05918	-0.007054	0.059599	-6.797692	1231808.451028
105000.0	1.0	0.0	0.0	0.0	-90.0	0.0	0.0	0.0	-102.223236	0.0	2.06918	2.06918	90.0	0.059068	-0.007281	0.059515	-7.027391	1231807.00219
110000.0	1.0	0.0	0.0	0.0	-90.0	0.0	0.0	0.0	145.166148	0.0	2.070303	2.070303	90.0	0.058963	-0.007507	0.059439	-7.256147	1231805.558482
115000.0	1.0	0.0	0.0	0.0	-90.0	0.0	0.0	0.0	-179.723191	0.0	2.068975	2.068975	90.0	0.058859	-0.007729	0.059365	-7.481164	1231804.115424
120000.0	1.0	0.0	0.0	0.0	-90.0	0.0	0.0	0.0	-161.885238	0.0	2.06918	2.06918	90.0	0.058762	-0.007954	0.059298	-7.709064	1231802.674183
125000.0	1.0	0.0	0.0	0.0	-90.0	0.0	0.0	0.0	110.646462	0.0	2.065638	2.065638	90.0	0.058666	-0.008172	0.059233	-7.930198	1231801.23018
130000.0	1.0	0.0	0.0	0.0	-90.0	0.0	0.0	0.0	-168.750723	0.0	2.069005	2.069005	90.0	0.058565	-0.008398	0.059165	-8.160365	1231799.783182
135000.0	1.0	0.0	0.0	0.0	-90.0	0.0	0.0	0.0	-133.378916	0.0	2.065647	2.065647	90.0	0.058465	-0.008615	0.059096	-8.382579	1231798.358702
140000.0	1.0	0.0	0.0	0.0	-90.0	0.0	0.0	0.0	-146.075586	0.0	2.065656	2.065656	90.0	0.058366	-0.008837	0.059031	-8.609492	1231796.904864
145000.0	1.0	0.0	0.0	0.0	-90.0	0.0	0.0	0.0	150.850564	0.0	2.069995	2.069995	90.0	0.058267	-0.009061	0.058967	-8.839393	1231795.451841
150000.0	1.0	0.0	0.0	0.0	-90.0	0.0	0.0	0.0	-56.5762	0.0	2.068505	2.068505	90.0	0.058177	-0.009281	0.058912	-9.063979	1231794.005443
155000.0	1.0	0.0	0.0	0.0	-90.0	0.0	0.0	0.0	52.978286	0.0	2.069241	2.069241	90.0	0.058079	-0.009501	0.058851	-9.290099	1231792.581738
160000.0	1.0	0.0	0.0	0.0	-90.0	0.0	0.0	0.0	-91.120728	0.0	2.065208	2.065208	90.0	0.057987	-0.009714	0.058795	-9.510187	1231791.141068
165000.0	1.0	0.0	0.0	0.0	-90.0	0.0	0.0	0.0	-143.536483	0.0	2.06985	2.06985	90.0	0.057889	-0.009939	0.058736	-9.741761	1231789.689109
170000.0	1.0	0.0	0.0	0.0	-90.0	0.0	0.0	0.0	-85.011557	0.0	2.071129	2.071129	90.0	0.057793	-0.010157	0.058679	-9.967852	1231788.248281
175000.0	1.0	0.0	0.0	0.0	-90.0	0.0	0.0	0.0	55.242702	0.0	2.06841	2.06841	90.0	0.057698	-0.010372	0.058623	-10.191047	1231786.840191
180000.0	1.0	0.0	0.0	0.0	-90.0	0.0	0.0	0.0	41.364755	0.0	2.068738	2.068738	90.0	0.057601	-0.01059	0.058567	-10.417167	1231785.404558
185000.0	1.0	0.0	0.0	0.0	-90.0	0.0	0.0	0.0	-45.425047	0.0	2.069179	2.069179	90.0	0.057504	-0.010804	0.05851	-10.640328	1231783.953618
190000.0	1.0	0.0	0.0	0.0	-90.0	0.0	0.0	0.0	-15.307095	0.0	2.069416	2.069416	90.0	0.057411	-0.011019	0.058459	-10.864782	1231782.493775
195000.0	1.0	0.0	0.0	0.0	-90.0	0.0	0.0	0.0	-80.764971	0.0	2.068677	2.068677	90.0	0.057315	-0.011234	0.058406	-11.08964	1231781.047475
200000.0	1.0	0.0	0.0	0.0	-90.0	0.0	0.0	0.0	65.494861	0.0	2.068978	2.068978	90.0	0.057224	-0.011444	0.058357	-11.309362	1231779.557688
205000.0	1.0	0.0	0.0	0.0	-90.0	0.0	0.0	0.0	91.755971	0.0	2.067418	2.067418	90.0	0.057124	-0.01166	0.058302	-11.536839	1231778.116908
210000.0	1.0	0.0	0.0	0.0	-90.0	0.0	0.0	0.0	-174.936818	0.0	2.065804	2.065804	90.0	0.057027	-0.011872	0.058249	-11.760168	1231776.672383
215000.0	1.0	0.0	0.0	0.0	-90.0	0.0	0.0	0.0	124.658975	0.0	2.067358	2.067358	90.0	0.056928	-0.012084	0.058196	-11.984048	1231775.228193
220000.0	1.0	0.0	0.0	0.0	-90.0	0.0	0.0	0.0	-110.614677	0.0	2.067148	2.067148	90.0	0.056832	-0.012297	0.058147	-12.208816	1231773.789169
225000.0	1.0	0.0	0.0	0.0	-90.0	0.0	0.0	0.0	179.986846	0.0	2.068167	2.068167	90.0	0.05675	-0.01251	0.058112	-12.431582	1231772.325726
230000.0	1.0	0.0	0.0	0.0	-90.0	0.0	0.0	0.0	24.489778	0.0	2.067045	2.067045	90.0	0.056659	-0.012721	0.058069	-12.654409	1231770.894454
235000.0	1.0	0.0	0.0	0.0	-90.0	0.0	0.0	0.0	-114.969258	0.0	2.067433	2.067433	90.0	0.056567	-0.012933	0.058027	-12.877886	1231769.446466
240000.0	1.0	0.0	0.0	0.0	-90.0	0.0	0.0	0.0	-27.054634	0.0	2.066024	2.066024	90.0	0.056473	-0.013143	0.057982	-13.10098	1231767.997693
245000.0	1.0	0.0	0.0	0.0	-90.0	0.0	0.0	0.0	29.830273	0.0	2.068935	2.068935	90.0	0.056378	-0.013354	0.057938	-13.325295	1231766.537885
250000.0	1.0	0.0	0.0	0.0	-90.0	0.0	0.0	0.0	-118.011944	0.0	2.06727	2.06727	90.0	0.056289	-0.013564	0.057901	-13.548579	1231765.08337
255000.0	1.0	0.0	0.0	0.0	-90.0	0.0	0.0	0.0	132.022849	0.0	2.068516	2.068516	90.0	0.056187	-0.013771	0.057849	-13.771001	1231763.638133
260000.0	1.0	0.0	0.0	0.0	-90.0	0.0	0.0	0.0	-140.078797	0.0	2.068935	2.068935	90.0	0.056092	-0.013979	0.057808	-13.994042	1231762.187491
265000.0	1.0	0.0	0.0	0.0	-90.0	0.0	0.0	0.0	-136.722097	0.0	2.067699	2.067699	90.0	0.055998	-0.014185	0.057767	-14.215114	1231760.716205
270000.0	1.0	0.0	0.0	0.0	-90.0	0.0	0.0	0.0	-146.044854	0.0	2.068073	2.068073	90.0	0.055898	-0.014391	0.05772	-14.436961	1231759.24432
275000.0	1.0	0.0	0.0	0.0	-90.0	0.0	0.0	0.0	-130.391323	0.0	2.069772	2.069772	90.0	0.055803	-0.014598	0.05768	-14.660349	1231757.814986
280000.0	1.0	0.0	0.0	0.0	-90.0	0.0	0.0	0.0	72.310843	0.0	2.06691	2.06691	90.0	0.055702	-0.014803	0.057635	-14.882359	1231756.395365
285000.0	1.0	0.0	0.0	0.0	-90.0	0.0	0.0	0.0	-105.585699	0.0	2.067053	2.067053	90.0	0.055604	-0.015007	0.057594	-15.104045	1231754.924762
290000.0	1.0	0.0	0.0	0.0	-90.0	0.0	0.0	0.0	-81.67674	0.0	2.068357	2.068357	90.0	0.055503	-0.015213	0.05755	-15.327712	1231753.510521
295000.0	1.0	0.0	0.0	0.0	-90.0	0.0	0.0	0.0	138.815451	0.0	2.067303	2.067303	90.0	0.055401	-0.015415	0.057506	-15.549214	1231752.074912
300000.0	1.0	0.0	0.0	0.0	-90.0	0.0	0.0	0.0	156.099623	0.0	2.068623	2.068623	90.0	0.055303	-0.015619	0.057466	-15.771375	1231750.632534
305000.0	1.0	0.0	0.0	0.0	-90.0	0.0	0.0	0.0	141.252747	0.0	2.069887	2.069887	90.0	0.055202	-0.015822	0.057424	-15.993614	1231749.190176
310000.0	1.0	0.0	0.0	0.0	-90.0	0.0	0.0	0.0	-96.210342	0.0	2.069037	2.069037	90.0	0.055102	-0.016024	0.057385	-16.215133	1231747.721597
315000.0	1.0	0.0	0.0	0.0	-90.0	0.0	0.0	0.0	-163.604882	0.0	2.069818	2.069818	90.0	0.055	-0.016226	0.057343	-16.43754	1231746.279319
320000.0	1.0	0.0	0.0	0.0	-90.0	0.0	0.0	0.0	132.780763	0.0	2.070831	2.070831	90.0	0.054897	-0.01643	0.057303	-16.661456	1231744.844917
325000.0	1.0	0.0	0.0	0.0	-90.0	0.0	0.0	0.0	-44.691085	0.0	2.071446	2.071446	90.0	0.054793	-0.016625	0.05726	-16.878333	1231743.416519
330000.0	1.0	0.0	0.0	0.0	-90.0	0.0	0.0	0.0	-148.57985	0.0	2.067241	2.067241	90.0	0.054694	-0.016826	0.057224	-17.100289	1231741.983287
335000.0	1.0	0.0	0.0	0.0	-90.0	0.0	0.0	0.0	-140.20993	0.0	2.066293	2.066293	90.0	0.05459	-0.017026	0.057183	-17.321765	1231740.551884
340000.0	1.0	0.0	0.0	0.0	-90.0	0.0	0.0	0.0	-90.096384	0.0	2.067459	2.067459	90.0	0.054486	-0.017225	0.057144	-17.543855	1231739.115567
345000.0	1.0	0.0	0.0	0.0	-90.0	0.0	0.0	0.0	-175.71306	0.0	2.065616	2.065616	90.0	0.05438	-0.017422	0.057103	-17.763676	1231737.669775
350000.0	1.0	0.0	0.0	0.0	-90.0	0.0	0.0	0.0	34.521771	0.0	2.06643	2.06643	90.0	0.054278	-0.017621	0.057066	-17.985893	1231736.20768
355000.0	1.0	0.0	0.0	0.0	-90.0	0.0	0.0	0.0	-129.383222	0.0	2.065491	2.065491	90.0	0.054173	-0.017818	0.057028	-18.206469	1231734.760982
360000.0	1.0	0.0	0.0	0.0	-90.0	0.0	0.0	0.0	-50.243786	0.0	2.067085	2.067085	90.0	0.054068	-0.018016	0.05699	-18.428939	1231733.310313
365000.0	1.0	0.0	0.0	0.0	-90.0	0.0	0.0	0.0	-91.964319	0.0	2.067424	2.067424	90.0	0.053957	-0.01821	0.056947	-18.649182	1231731.856749
370000.0	1.0	0.0	0.0	0.0	-90.0	0.0	0.0	0.0	144.583553	0.0	2.067742	2.067742	90.0	0.053852	-0.018407	0.05691	-18.870657	1231730.418636
375000.0	1.0	0.0	0.0	0.0	-90.0	0.0	0.0	0.0	-128.772647	0.0	2.067203	2.067203	90.0	0.053743	-0.018603	0.056872	-19.093506	1231728.976685
380000.0	1.0	0.0	0.0	0.0	-90.0	0.0	0.0	0.0	-176.231734	0.0	2.068854	2.068854	90.0	0.053634	-0.018796	0.056832	-19.31354	1231727.536507
385000.0	1.0	0.0	0.0	0.0	-90.0	0.0	0.0	0.0	168.393987	0.0	2.06819	2.06819	90.0	0.053525	-0.01899	0.056794	-19.533858	1231726.107439
390000.0	1.0	0.0	0.0	0.0	-90.0	0.0	0.0	0.0	95.976494	0.0	2.064372	2.064372	90.0	0.053414	-0.019182	0.056754	-19.753957	1231724.677874
395000.0	1.0	0.0	0.0	0.0	-90.0	0.0	0.0	0.0	-145.458492	0.0	2.067445	2.067445	90.0	0.053303	-0.019375	0.056715	-19.975499	1231723.229204
400000.0	1.0	0.0	0.0	0.0	-90.0	0.0	0.0	0.0	133.02367	0.0	2.067697	2.067697	90.0	0.053191	-0.019567	0.056676	-20.196918	1231721.776283
405000.0	1.0	0.0	0.0	0.0	-90.0	0.0	0.0	0.0	-62.292951	0.0	2.066034	2.066034	90.0	0.053083	-0.019758	0.056641	-20.415492	1231720.336707
410000.0	1.0	0.0	0.0	0.0	-90.0	0.0	0.0	0.0	-165.644521	0.0	2.071564	2.071564	90.0	0.052968	-0.019951	0.056601	-20.639649	1231718.910555
415000.0	1.0	0.0	0.0	0.0	-90.0	0.0	0.0	0.0	-82.300141	0.0	2.07115	2.07115	90.0	0.052854	-0.020141	0.056561	-20.860337	1231717.444532
420000.0	1.0	0.0	0.0	0.0	-90.0	0.0	0.0	0.0	-91.363169	0.0	2.070441	2.070441	90.0	0.052743	-0.020329	0.056525	-21.077925	1231715.99481
425000.0	1.0	0.0	0.0	0.0	-90.0	0.0	0.0	0.0	61.319169	0.0	2.069807	2.069807	90.0	0.052629	-0.020523	0.056489	-21.303258	1231714.546801
430000.0	1.0	0.0	0.0	0.0	-90.0	0.0	0.0	0.0	150.521757	0.0	2.069129	2.069129	90.0	0.052512	-0.020708	0.056448	-21.521893	1231713.074917
435000.0	1.0	0.0	0.0	0.0	-90.0	0.0	0.0	0.0	162.055509	0.0	2.070274	2.070274	90.0	0.052394	-0.020895	0.056407	-21.742663	1231711.668416
440000.0	1.0	0.0	0.0	0.0	-90.0	0.0	0.0	0.0	90.41652	0.0	2.072177	2.072177	90.0	0.052276	-0.021085	0.056368	-21.966331	1231710.167399
445000.0	1.0	0.0	0.0	0.0	-90.0	0.0	0.0	0.0	166.367613	0.0	2.068792	2.068792	90.0	0.052162	-0.02127	0.056332	-22.184398	1231708.72039
450000.0	1.0	0.0	0.0	0.0	-90.0	0.0	0.0	0.0	170.97958	0.0	2.070134	2.070134	90.0	0.052039	-0.021458	0.05629	-22.408415	1231707.302688
455000.0	1.0	0.0	0.0	0.0	-90.0	0.0	0.0	0.0	-134.264494	0.0	2.069868	2.069868	90.0	0.051928	-0.021643	0.056257	-22.625952	1231705.86474
460000.0	1.0	0.0	0.0	0.0	-90.0	0.0	0.0	0.0	6.367818	0.0	2.070598	2.070598	90.0	0.051808	-0.021828	0.056219	-22.847069	1231704.430811
465000.0	1.0	0.0	0.0	0.0	-90.0	0.0	0.0	0.0	-171.832034	0.0	2.06815	2.06815	90.0	0.051688	-0.022012	0.05618	-23.067603	1231703.003298
470000.0	1.0	0.0	0.0	0.0	-90.0	0.0	0.0	0.0	104.007141	0.0	2.066427	2.066427	90.0	0.05157	-0.022196	0.056144	-23.286756	1231701.549922
475000.0	1.0	0.0	0.0	0.0	-90.0	0.0	0.0	0.0	-66.662192	0.0	2.068114	2.068114	90.0	0.051451	-0.022379	0.056107	-23.506896	1231700.092126
480000.0	1.0	0.0	0.0	0.0	-90.0	0.0	0.0	0.0	18.987994	0.0	2.066731	2.066731	90.0	0.051339	-0.022563	0.056078	-23.725232	1231698.645786
485000.0	1.0	0.0	0.0	0.0	-90.0	0.0	0.0	0.0	-26.158865	0.0	2.067781	2.067781	90.0	0.051211	-0.022745	0.056035	-23.947978	1231697.193971
490000.0	1.0	0.0	0.0	0.0	-90.0	0.0	0.0	0.0	54.145048	0.0	2.070934	2.070934	90.0	0.051087	-0.022927	0.055995	-24.169773	1231695.732964
495000.0	1.0	0.0	0.0	0.0	-90.0	0.0	0.0	0.0	-11.133437	0.0	2.069903	2.069903	90.0	0.050961	-0.023107	0.055955	-24.391058	1231694.24673
500000.0	1.0	0.0	0.0	0.0	-90.0	0.0	0.0	0.0	90.762301	0.0	2.069394	2.069394	90.0	0.050831	-0.023288	0.055911	-24.614471	1231692.785708
