# Oscilator_frequency (Hz)	DemodAll_A (-)	Demod_1_X_A (A)	Demod_1_Y_A (A)	Demod_1__R_A (A)	Demod_1__Theta_A (deg)	Demod_2_X_A (A)	Demod_2_Y_A (A)	Demod_2__R_A (A)	Demod_2__Theta_A (deg)	Demod_3_X_A (V)	Demod_3_Y_A (V)	Demod_3__R_A (V)	Demod_3__Theta_A (deg)	Demod_4_X_A (V)	Demod_4_Y_A (V)	Demod_4__R_A (V)	Demod_4__Theta_A (deg)	Timer_GET (s)	
500.000000	 1.000000	 0.000000	 -0.000000	 0.000000	 -90.000000	 1.525623	 -0.001281	 1.525624	 -0.048117	 0.000000	 0.011445	 0.011445	 90.000000	 1.525623	 -0.001281	 1.525624	 -0.048117	 91977.449830	
497.995984	 1.000000	 0.000000	 -0.000000	 0.000000	 -90.000000	 1.525694	 -0.001307	 1.525695	 -0.049097	 0.000000	 0.013606	 0.013606	 90.000000	 1.525694	 -0.001307	 1.525695	 -0.049097	 91978.859466	
495.991968	 1.000000	 0.000000	 -0.000000	 0.000000	 -90.000000	 1.525856	 -0.001218	 1.525857	 -0.045737	 0.000000	 0.012145	 0.012145	 90.000000	 1.525856	 -0.001218	 1.525857	 -0.045737	 91980.307922	
493.987952	 1.000000	 0.000000	 -0.000000	 0.000000	 -90.000000	 1.525975	 -0.001163	 1.525975	 -0.043661	 0.000000	 0.010702	 0.010702	 90.000000	 1.525975	 -0.001163	 1.525975	 -0.043661	 91981.746446	
491.983936	 1.000000	 0.000000	 -0.000000	 0.000000	 -90.000000	 1.526064	 -0.001173	 1.526065	 -0.044031	 0.000000	 0.010269	 0.010269	 90.000000	 1.526064	 -0.001173	 1.526065	 -0.044031	 91983.175631	
489.979920	 1.000000	 0.000000	 -0.000000	 0.000000	 -90.000000	 1.526043	 -0.001138	 1.526044	 -0.042722	 0.000000	 0.009925	 0.009925	 90.000000	 1.526043	 -0.001138	 1.526044	 -0.042722	 91984.614446	
487.975904	 1.000000	 0.000000	 -0.000000	 0.000000	 -90.000000	 1.526127	 -0.001078	 1.526128	 -0.040489	 0.000000	 0.009565	 0.009565	 90.000000	 1.526127	 -0.001078	 1.526128	 -0.040489	 91986.051301	
485.971888	 1.000000	 0.000000	 -0.000000	 0.000000	 -90.000000	 1.526159	 -0.001032	 1.526159	 -0.038740	 0.000000	 0.009342	 0.009342	 90.000000	 1.526159	 -0.001032	 1.526159	 -0.038740	 91987.484217	
483.967871	 1.000000	 0.000000	 -0.000000	 0.000000	 -90.000000	 1.526200	 -0.000984	 1.526200	 -0.036951	 0.000000	 0.009070	 0.009070	 90.000000	 1.526200	 -0.000984	 1.526200	 -0.036951	 91988.930650	
481.963855	 1.000000	 0.000000	 -0.000000	 0.000000	 -90.000000	 1.526288	 -0.000942	 1.526288	 -0.035351	 0.000000	 0.008819	 0.008819	 90.000000	 1.526288	 -0.000943	 1.526288	 -0.035382	 91990.385560	
479.959839	 1.000000	 0.000000	 -0.000000	 0.000000	 -90.000000	 1.526381	 -0.000917	 1.526382	 -0.034428	 0.000000	 0.008610	 0.008610	 90.000000	 1.526381	 -0.000917	 1.526382	 -0.034428	 91991.842320	
477.955823	 1.000000	 0.000000	 -0.000000	 0.000000	 -90.000000	 1.526451	 -0.000863	 1.526451	 -0.032400	 0.000000	 0.008417	 0.008417	 90.000000	 1.526451	 -0.000863	 1.526451	 -0.032400	 91993.292198	
475.951807	 1.000000	 0.000000	 -0.000000	 0.000000	 -90.000000	 1.526472	 -0.000800	 1.526472	 -0.030030	 0.000000	 0.008240	 0.008240	 90.000000	 1.526475	 -0.000799	 1.526476	 -0.029982	 91994.795487	
473.947791	 1.000000	 0.000000	 -0.000000	 0.000000	 -90.000000	 1.526545	 -0.000731	 1.526545	 -0.027420	 0.000000	 0.008073	 0.008073	 90.000000	 1.526545	 -0.000731	 1.526545	 -0.027420	 91996.229179	
471.943775	 1.000000	 0.000000	 -0.000000	 0.000000	 -90.000000	 1.526578	 -0.000674	 1.526578	 -0.025299	 0.000000	 0.007900	 0.007900	 90.000000	 1.526578	 -0.000674	 1.526578	 -0.025299	 91997.705201	
469.939759	 1.000000	 0.000000	 -0.000000	 0.000000	 -90.000000	 1.526648	 -0.000681	 1.526648	 -0.025558	 0.000000	 0.007708	 0.007708	 90.000000	 1.526648	 -0.000681	 1.526648	 -0.025558	 91999.118100	
467.935743	 1.000000	 0.000000	 -0.000000	 0.000000	 -90.000000	 1.526641	 -0.000576	 1.526641	 -0.021612	 0.000000	 0.007558	 0.007558	 90.000000	 1.526641	 -0.000576	 1.526641	 -0.021612	 92000.575193	
465.931727	 1.000000	 0.000000	 -0.000000	 0.000000	 -90.000000	 1.526741	 -0.000487	 1.526741	 -0.018258	 0.000000	 0.007426	 0.007426	 90.000000	 1.526741	 -0.000487	 1.526741	 -0.018258	 92001.978987	
463.927711	 1.000000	 0.000000	 -0.000000	 0.000000	 -90.000000	 1.526801	 -0.000440	 1.526801	 -0.016506	 0.000000	 0.007315	 0.007315	 90.000000	 1.526801	 -0.000440	 1.526801	 -0.016506	 92003.463420	
461.923695	 1.000000	 0.000000	 -0.000000	 0.000000	 -90.000000	 1.526811	 -0.000406	 1.526811	 -0.015226	 0.000000	 0.007146	 0.007146	 90.000000	 1.526811	 -0.000406	 1.526811	 -0.015226	 92004.913850	
459.919679	 1.000000	 0.000000	 -0.000000	 0.000000	 -90.000000	 1.526982	 -0.000326	 1.526982	 -0.012227	 0.000000	 0.007065	 0.007065	 90.000000	 1.526982	 -0.000326	 1.526982	 -0.012227	 92006.355441	
457.915663	 1.000000	 0.000000	 -0.000000	 0.000000	 -90.000000	 1.526880	 -0.000393	 1.526880	 -0.014741	 0.000000	 0.006918	 0.006918	 90.000000	 1.526880	 -0.000393	 1.526880	 -0.014741	 92007.813190	
455.911647	 1.000000	 0.000000	 -0.000000	 0.000000	 -90.000000	 1.527157	 0.000039	 1.527157	 0.001460	 0.000000	 0.006801	 0.006801	 90.000000	 1.527110	 0.000101	 1.527110	 0.003804	 92009.236464	
453.907631	 1.000000	 0.000000	 -0.000000	 0.000000	 -90.000000	 1.526459	 -0.000581	 1.526459	 -0.021802	 0.000000	 0.006619	 0.006619	 90.000000	 1.526459	 -0.000581	 1.526459	 -0.021802	 92010.670667	
451.903614	 1.000000	 0.000000	 -0.000000	 0.000000	 -90.000000	 1.528061	 -0.000945	 1.528061	 -0.035434	 0.000000	 0.006603	 0.006603	 90.000000	 1.528061	 -0.000945	 1.528061	 -0.035434	 92012.105530	
449.899598	 1.000000	 0.000000	 -0.000000	 0.000000	 -90.000000	 1.528438	 -0.001049	 1.528438	 -0.039319	 0.000000	 0.006481	 0.006481	 90.000000	 1.528447	 -0.001037	 1.528447	 -0.038859	 92013.547429	
447.895582	 1.000000	 0.000000	 -0.000000	 0.000000	 -90.000000	 1.527910	 -0.001242	 1.527911	 -0.046568	 0.000000	 0.006401	 0.006401	 90.000000	 1.527910	 -0.001242	 1.527911	 -0.046568	 92014.985255	
445.891566	 1.000000	 0.000000	 -0.000000	 0.000000	 -90.000000	 1.526958	 -0.000636	 1.526958	 -0.023880	 0.000000	 0.006305	 0.006305	 90.000000	 1.526958	 -0.000636	 1.526958	 -0.023880	 92016.404867	
443.887550	 1.000000	 0.000000	 -0.000000	 0.000000	 -90.000000	 1.526968	 -0.000004	 1.526968	 -0.000143	 0.000000	 0.006267	 0.006267	 90.000000	 1.526910	 0.000052	 1.526910	 0.001942	 92017.850418	
441.883534	 1.000000	 0.000000	 -0.000000	 0.000000	 -90.000000	 1.527379	 0.000467	 1.527379	 0.017500	 0.000000	 0.006158	 0.006158	 90.000000	 1.527379	 0.000467	 1.527379	 0.017500	 92019.284730	
439.879518	 1.000000	 0.000000	 -0.000000	 0.000000	 -90.000000	 1.527563	 0.000324	 1.527563	 0.012149	 0.000000	 0.006097	 0.006097	 90.000000	 1.527563	 0.000324	 1.527563	 0.012149	 92020.715999	
437.875502	 1.000000	 0.000000	 -0.000000	 0.000000	 -90.000000	 1.527518	 0.000443	 1.527518	 0.016617	 0.000000	 0.006020	 0.006020	 90.000000	 1.527518	 0.000443	 1.527518	 0.016617	 92022.161343	
435.871486	 1.000000	 0.000000	 -0.000000	 0.000000	 -90.000000	 1.527584	 0.000491	 1.527584	 0.018406	 0.000000	 0.005934	 0.005934	 90.000000	 1.527584	 0.000491	 1.527584	 0.018406	 92023.576093	
433.867470	 1.000000	 0.000000	 -0.000000	 0.000000	 -90.000000	 1.527616	 0.000571	 1.527616	 0.021401	 0.000000	 0.005835	 0.005835	 90.000000	 1.527618	 0.000574	 1.527618	 0.021515	 92025.026723	
431.863454	 1.000000	 0.000000	 -0.000000	 0.000000	 -90.000000	 1.527730	 0.000670	 1.527730	 0.025130	 0.000000	 0.005817	 0.005817	 90.000000	 1.527730	 0.000670	 1.527730	 0.025130	 92026.455203	
429.859438	 1.000000	 0.000000	 -0.000000	 0.000000	 -90.000000	 1.527766	 0.000735	 1.527766	 0.027558	 0.000000	 0.005739	 0.005739	 90.000000	 1.527766	 0.000735	 1.527766	 0.027558	 92027.890503	
427.855422	 1.000000	 0.000000	 -0.000000	 0.000000	 -90.000000	 1.527808	 0.000818	 1.527808	 0.030693	 0.000000	 0.005686	 0.005686	 90.000000	 1.527808	 0.000818	 1.527808	 0.030693	 92029.375659	
425.851406	 1.000000	 0.000000	 -0.000000	 0.000000	 -90.000000	 1.527864	 0.000917	 1.527864	 0.034390	 0.000000	 0.005562	 0.005562	 90.000000	 1.527862	 0.000918	 1.527862	 0.034419	 92030.838310	
423.847390	 1.000000	 0.000000	 -0.000000	 0.000000	 -90.000000	 1.527889	 0.000979	 1.527889	 0.036727	 0.000000	 0.005518	 0.005518	 90.000000	 1.527889	 0.000979	 1.527889	 0.036727	 92032.303750	
421.843373	 1.000000	 0.000000	 -0.000000	 0.000000	 -90.000000	 1.527992	 0.001064	 1.527992	 0.039910	 0.000000	 0.005489	 0.005489	 90.000000	 1.527990	 0.001064	 1.527990	 0.039900	 92033.751742	
419.839357	 1.000000	 0.000000	 -0.000000	 0.000000	 -90.000000	 1.528117	 0.001117	 1.528118	 0.041874	 0.000000	 0.005394	 0.005394	 90.000000	 1.528117	 0.001117	 1.528118	 0.041874	 92035.184563	
417.835341	 1.000000	 0.000000	 -0.000000	 0.000000	 -90.000000	 1.528117	 0.001240	 1.528117	 0.046493	 0.000000	 0.005320	 0.005320	 90.000000	 1.528117	 0.001240	 1.528117	 0.046493	 92036.633746	
415.831325	 1.000000	 0.000000	 -0.000000	 0.000000	 -90.000000	 1.528258	 0.001307	 1.528259	 0.048995	 0.000000	 0.005257	 0.005257	 90.000000	 1.528258	 0.001307	 1.528259	 0.048995	 92038.112040	
413.827309	 1.000000	 0.000000	 -0.000000	 0.000000	 -90.000000	 1.528244	 0.001416	 1.528245	 0.053077	 0.000000	 0.005177	 0.005177	 90.000000	 1.528242	 0.001416	 1.528242	 0.053088	 92039.523547	
411.823293	 1.000000	 0.000000	 -0.000000	 0.000000	 -90.000000	 1.528229	 0.001503	 1.528230	 0.056353	 0.000000	 0.005195	 0.005195	 90.000000	 1.528229	 0.001503	 1.528230	 0.056353	 92040.965853	
409.819277	 1.000000	 0.000000	 -0.000000	 0.000000	 -90.000000	 1.528277	 0.001580	 1.528278	 0.059247	 0.000000	 0.005117	 0.005117	 90.000000	 1.528276	 0.001579	 1.528277	 0.059200	 92042.416613	
407.815261	 1.000000	 0.000000	 -0.000000	 0.000000	 -90.000000	 1.528326	 0.001681	 1.528327	 0.063019	 0.000000	 0.005062	 0.005062	 90.000000	 1.528326	 0.001681	 1.528327	 0.063019	 92043.849981	
405.811245	 1.000000	 0.000000	 -0.000000	 0.000000	 -90.000000	 1.528416	 0.001771	 1.528417	 0.066408	 0.000000	 0.005038	 0.005038	 90.000000	 1.528416	 0.001771	 1.528417	 0.066408	 92045.301146	
403.807229	 1.000000	 0.000000	 -0.000000	 0.000000	 -90.000000	 1.528448	 0.001858	 1.528449	 0.069641	 0.000000	 0.004990	 0.004990	 90.000000	 1.528448	 0.001858	 1.528449	 0.069641	 92046.755710	
401.803213	 1.000000	 0.000000	 -0.000000	 0.000000	 -90.000000	 1.528515	 0.001963	 1.528516	 0.073566	 0.000000	 0.004880	 0.004880	 90.000000	 1.528515	 0.001963	 1.528516	 0.073566	 92048.178720	
399.799197	 1.000000	 0.000000	 -0.000000	 0.000000	 -90.000000	 1.528647	 0.002080	 1.528648	 0.077953	 0.000000	 0.004848	 0.004848	 90.000000	 1.528647	 0.002080	 1.528648	 0.077953	 92049.608224	
397.795181	 1.000000	 0.000000	 -0.000000	 0.000000	 -90.000000	 1.528665	 0.002150	 1.528667	 0.080591	 0.000000	 0.004851	 0.004851	 90.000000	 1.528665	 0.002150	 1.528667	 0.080591	 92051.042169	
395.791165	 1.000000	 0.000000	 -0.000000	 0.000000	 -90.000000	 1.528709	 0.002238	 1.528711	 0.083867	 0.000000	 0.004833	 0.004833	 90.000000	 1.528709	 0.002238	 1.528711	 0.083867	 92052.480177	
393.787149	 1.000000	 0.000000	 -0.000000	 0.000000	 -90.000000	 1.528782	 0.002348	 1.528784	 0.088010	 0.000000	 0.004778	 0.004778	 90.000000	 1.528782	 0.002348	 1.528784	 0.088010	 92053.947236	
391.783133	 1.000000	 0.000000	 -0.000000	 0.000000	 -90.000000	 1.528833	 0.002434	 1.528835	 0.091227	 0.000000	 0.004776	 0.004776	 90.000000	 1.528833	 0.002434	 1.528835	 0.091227	 92055.384524	
389.779116	 1.000000	 0.000000	 -0.000000	 0.000000	 -90.000000	 1.528913	 0.002554	 1.528915	 0.095722	 0.000000	 0.004678	 0.004678	 90.000000	 1.528913	 0.002554	 1.528915	 0.095722	 92056.833421	
387.775100	 1.000000	 0.000000	 -0.000000	 0.000000	 -90.000000	 1.528981	 0.002656	 1.528983	 0.099539	 0.000000	 0.004602	 0.004602	 90.000000	 1.528981	 0.002656	 1.528983	 0.099539	 92058.241014	
385.771084	 1.000000	 0.000000	 -0.000000	 0.000000	 -90.000000	 1.528999	 0.002749	 1.529001	 0.103025	 0.000000	 0.004586	 0.004586	 90.000000	 1.528999	 0.002749	 1.529001	 0.103025	 92059.675266	
383.767068	 1.000000	 0.000000	 -0.000000	 0.000000	 -90.000000	 1.529089	 0.002837	 1.529091	 0.106316	 0.000000	 0.004601	 0.004601	 90.000000	 1.529089	 0.002837	 1.529091	 0.106316	 92061.115781	
381.763052	 1.000000	 0.000000	 -0.000000	 0.000000	 -90.000000	 1.529124	 0.002988	 1.529127	 0.111963	 0.000000	 0.004561	 0.004561	 90.000000	 1.529124	 0.002988	 1.529127	 0.111963	 92062.550028	
379.759036	 1.000000	 0.000000	 -0.000000	 0.000000	 -90.000000	 1.529186	 0.003047	 1.529189	 0.114174	 0.000000	 0.004528	 0.004528	 90.000000	 1.529184	 0.003047	 1.529187	 0.114181	 92063.968312	
377.755020	 1.000000	 0.000000	 -0.000000	 0.000000	 -90.000000	 1.529310	 0.003162	 1.529314	 0.118446	 0.000000	 0.004480	 0.004480	 90.000000	 1.529310	 0.003162	 1.529314	 0.118446	 92065.380134	
375.751004	 1.000000	 0.000000	 -0.000000	 0.000000	 -90.000000	 1.529249	 0.003286	 1.529253	 0.123104	 0.000000	 0.004449	 0.004449	 90.000000	 1.529250	 0.003286	 1.529254	 0.123127	 92066.831915	
373.746988	 1.000000	 0.000000	 -0.000000	 0.000000	 -90.000000	 1.529351	 0.003364	 1.529354	 0.126040	 0.000000	 0.004414	 0.004414	 90.000000	 1.529351	 0.003364	 1.529354	 0.126040	 92068.282238	
371.742972	 1.000000	 0.000000	 -0.000000	 0.000000	 -90.000000	 1.529354	 0.003480	 1.529358	 0.130393	 0.000000	 0.004423	 0.004423	 90.000000	 1.529354	 0.003480	 1.529358	 0.130393	 92069.713642	
369.738956	 1.000000	 0.000000	 -0.000000	 0.000000	 -90.000000	 1.529422	 0.003613	 1.529426	 0.135341	 0.000000	 0.004384	 0.004384	 90.000000	 1.529422	 0.003613	 1.529426	 0.135341	 92071.141504	
367.734940	 1.000000	 0.000000	 -0.000000	 0.000000	 -90.000000	 1.529461	 0.003733	 1.529466	 0.139843	 0.000000	 0.004341	 0.004341	 90.000000	 1.529461	 0.003733	 1.529466	 0.139843	 92072.596000	
365.730924	 1.000000	 0.000000	 -0.000000	 0.000000	 -90.000000	 1.529574	 0.003786	 1.529578	 0.141812	 0.000000	 0.004334	 0.004334	 90.000000	 1.529574	 0.003786	 1.529578	 0.141812	 92074.034506	
363.726908	 1.000000	 0.000000	 -0.000000	 0.000000	 -90.000000	 1.529668	 0.004004	 1.529673	 0.149966	 0.000000	 0.004236	 0.004236	 90.000000	 1.529668	 0.004004	 1.529673	 0.149966	 92075.465543	
361.722892	 1.000000	 0.000000	 -0.000000	 0.000000	 -90.000000	 1.529714	 0.004130	 1.529719	 0.154674	 0.000000	 0.004290	 0.004290	 90.000000	 1.529728	 0.004122	 1.529733	 0.154389	 92076.867169	
359.718876	 1.000000	 0.000000	 -0.000000	 0.000000	 -90.000000	 1.529594	 0.004350	 1.529600	 0.162954	 0.000000	 0.004224	 0.004224	 90.000000	 1.529594	 0.004350	 1.529600	 0.162954	 92078.307275	
357.714859	 1.000000	 0.000000	 -0.000000	 0.000000	 -90.000000	 1.529837	 0.004671	 1.529844	 0.174931	 0.000000	 0.004245	 0.004245	 90.000000	 1.529837	 0.004671	 1.529844	 0.174931	 92079.749843	
355.710843	 1.000000	 0.000000	 -0.000000	 0.000000	 -90.000000	 1.529591	 0.005135	 1.529599	 0.192338	 0.000000	 0.004154	 0.004154	 90.000000	 1.529591	 0.005135	 1.529599	 0.192338	 92081.172893	
353.706827	 1.000000	 0.000000	 -0.000000	 0.000000	 -90.000000	 1.531253	 0.005453	 1.531263	 0.204020	 0.000000	 0.004166	 0.004166	 90.000000	 1.531253	 0.005453	 1.531263	 0.204020	 92082.627825	
351.702811	 1.000000	 0.000000	 -0.000000	 0.000000	 -90.000000	 1.529725	 0.002070	 1.529727	 0.077535	 0.000000	 0.004120	 0.004120	 90.000000	 1.529725	 0.002070	 1.529727	 0.077535	 92084.076007	
349.698795	 1.000000	 0.000000	 -0.000000	 0.000000	 -90.000000	 1.530034	 0.007951	 1.530054	 0.297743	 0.000000	 0.004111	 0.004111	 90.000000	 1.530034	 0.007951	 1.530054	 0.297743	 92085.578049	
347.694779	 1.000000	 0.000000	 -0.000000	 0.000000	 -90.000000	 1.529252	 0.002451	 1.529254	 0.091832	 0.000000	 0.004041	 0.004041	 90.000000	 1.529252	 0.002451	 1.529254	 0.091832	 92087.012732	
345.690763	 1.000000	 0.000000	 -0.000000	 0.000000	 -90.000000	 1.531654	 0.005739	 1.531665	 0.214696	 0.000000	 0.004009	 0.004009	 90.000000	 1.531654	 0.005739	 1.531665	 0.214696	 92088.453907	
343.686747	 1.000000	 0.000000	 -0.000000	 0.000000	 -90.000000	 1.530465	 0.005967	 1.530476	 0.223395	 0.000000	 0.004006	 0.004006	 90.000000	 1.530465	 0.005967	 1.530476	 0.223395	 92089.884628	
341.682731	 1.000000	 0.000000	 -0.000000	 0.000000	 -90.000000	 1.530125	 0.005604	 1.530135	 0.209840	 0.000000	 0.004040	 0.004040	 90.000000	 1.530125	 0.005604	 1.530135	 0.209840	 92091.332916	
339.678715	 1.000000	 0.000000	 -0.000000	 0.000000	 -90.000000	 1.530250	 0.005476	 1.530259	 0.205039	 0.000000	 0.004057	 0.004057	 90.000000	 1.530250	 0.005476	 1.530259	 0.205039	 92092.768576	
337.674699	 1.000000	 0.000000	 -0.000000	 0.000000	 -90.000000	 1.530371	 0.005678	 1.530382	 0.212582	 0.000000	 0.004021	 0.004021	 90.000000	 1.530372	 0.005694	 1.530382	 0.213165	 92094.207964	
335.670683	 1.000000	 0.000000	 -0.000000	 0.000000	 -90.000000	 1.530522	 0.005747	 1.530532	 0.215134	 0.000000	 0.003989	 0.003989	 90.000000	 1.530522	 0.005747	 1.530532	 0.215134	 92095.633160	
333.666667	 1.000000	 0.000000	 -0.000000	 0.000000	 -90.000000	 1.530517	 0.005881	 1.530528	 0.220171	 0.000000	 0.003978	 0.003978	 90.000000	 1.530517	 0.005881	 1.530528	 0.220171	 92097.075035	
331.662651	 1.000000	 0.000000	 -0.000000	 0.000000	 -90.000000	 1.530589	 0.006047	 1.530601	 0.226352	 0.000000	 0.003965	 0.003965	 90.000000	 1.530589	 0.006047	 1.530601	 0.226352	 92098.503931	
329.658635	 1.000000	 0.000000	 -0.000000	 0.000000	 -90.000000	 1.530612	 0.006184	 1.530624	 0.231489	 0.000000	 0.003911	 0.003911	 90.000000	 1.530612	 0.006184	 1.530624	 0.231489	 92099.922428	
327.654618	 1.000000	 0.000000	 -0.000000	 0.000000	 -90.000000	 1.530680	 0.006316	 1.530693	 0.236416	 0.000000	 0.003932	 0.003932	 90.000000	 1.530680	 0.006316	 1.530693	 0.236416	 92101.367292	
325.650602	 1.000000	 0.000000	 -0.000000	 0.000000	 -90.000000	 1.530732	 0.006561	 1.530746	 0.245582	 0.000000	 0.003904	 0.003904	 90.000000	 1.530732	 0.006561	 1.530746	 0.245582	 92102.786232	
323.646586	 1.000000	 0.000000	 -0.000000	 0.000000	 -90.000000	 1.530833	 0.006595	 1.530847	 0.246830	 0.000000	 0.003830	 0.003830	 90.000000	 1.530833	 0.006595	 1.530847	 0.246830	 92104.311820	
321.642570	 1.000000	 0.000000	 -0.000000	 0.000000	 -90.000000	 1.530928	 0.006783	 1.530943	 0.253844	 0.000000	 0.003864	 0.003864	 90.000000	 1.530927	 0.006785	 1.530942	 0.253918	 92105.730225	
319.638554	 1.000000	 0.000000	 -0.000000	 0.000000	 -90.000000	 1.530900	 0.006921	 1.530916	 0.259040	 0.000000	 0.003853	 0.003853	 90.000000	 1.530900	 0.006921	 1.530916	 0.259040	 92107.171056	
317.634538	 1.000000	 0.000000	 -0.000000	 0.000000	 -90.000000	 1.530967	 0.007097	 1.530983	 0.265608	 0.000000	 0.003789	 0.003789	 90.000000	 1.530967	 0.007097	 1.530983	 0.265608	 92108.615671	
315.630522	 1.000000	 0.000000	 -0.000000	 0.000000	 -90.000000	 1.531022	 0.007252	 1.531039	 0.271376	 0.000000	 0.003771	 0.003771	 90.000000	 1.531022	 0.007252	 1.531039	 0.271376	 92110.020371	
313.626506	 1.000000	 0.000000	 -0.000000	 0.000000	 -90.000000	 1.531107	 0.007435	 1.531125	 0.278205	 0.000000	 0.003815	 0.003815	 90.000000	 1.531107	 0.007435	 1.531125	 0.278205	 92111.469894	
311.622490	 1.000000	 0.000000	 -0.000000	 0.000000	 -90.000000	 1.531196	 0.007591	 1.531215	 0.284041	 0.000000	 0.003739	 0.003739	 90.000000	 1.531196	 0.007591	 1.531215	 0.284041	 92112.916632	
309.618474	 1.000000	 0.000000	 -0.000000	 0.000000	 -90.000000	 1.531212	 0.007761	 1.531232	 0.290391	 0.000000	 0.003734	 0.003734	 90.000000	 1.531212	 0.007761	 1.531232	 0.290391	 92114.352342	
307.614458	 1.000000	 0.000000	 -0.000000	 0.000000	 -90.000000	 1.531302	 0.007901	 1.531323	 0.295620	 0.000000	 0.003718	 0.003718	 90.000000	 1.531302	 0.007901	 1.531323	 0.295620	 92115.768804	
305.610442	 1.000000	 0.000000	 -0.000000	 0.000000	 -90.000000	 1.531257	 0.008048	 1.531278	 0.301134	 0.000000	 0.003693	 0.003693	 90.000000	 1.531257	 0.008048	 1.531278	 0.301134	 92117.227650	
303.606426	 1.000000	 0.000000	 -0.000000	 0.000000	 -90.000000	 1.531183	 0.008281	 1.531205	 0.309850	 0.000000	 0.003650	 0.003650	 90.000000	 1.531183	 0.008281	 1.531205	 0.309850	 92118.653566	
301.602410	 1.000000	 0.000000	 -0.000000	 0.000000	 -90.000000	 1.531546	 0.008606	 1.531570	 0.321952	 0.000000	 0.003767	 0.003767	 90.000000	 1.531546	 0.008606	 1.531570	 0.321952	 92120.116781	
299.598394	 1.000000	 0.000000	 -0.000000	 0.000000	 -90.000000	 1.531606	 0.008391	 1.531629	 0.313910	 0.000000	 0.003628	 0.003628	 90.000000	 1.531606	 0.008391	 1.531629	 0.313910	 92121.555675	
297.594378	 1.000000	 0.000000	 -0.000000	 0.000000	 -90.000000	 1.531509	 0.008977	 1.531535	 0.335847	 0.000000	 0.003601	 0.003601	 90.000000	 1.531509	 0.008977	 1.531535	 0.335847	 92123.012635	
295.590361	 1.000000	 0.000000	 -0.000000	 0.000000	 -90.000000	 1.531589	 0.008845	 1.531615	 0.330889	 0.000000	 0.003611	 0.003611	 90.000000	 1.531589	 0.008845	 1.531615	 0.330889	 92124.430711	
293.586345	 1.000000	 0.000000	 -0.000000	 0.000000	 -90.000000	 1.531702	 0.009176	 1.531729	 0.343233	 0.000000	 0.003683	 0.003683	 90.000000	 1.531713	 0.009173	 1.531741	 0.343140	 92125.872422	
291.582329	 1.000000	 0.000000	 -0.000000	 0.000000	 -90.000000	 1.531733	 0.009325	 1.531761	 0.348799	 0.000000	 0.003613	 0.003613	 90.000000	 1.531733	 0.009325	 1.531761	 0.348799	 92127.326276	
289.578313	 1.000000	 0.000000	 -0.000000	 0.000000	 -90.000000	 1.531818	 0.009503	 1.531847	 0.355460	 0.000000	 0.003582	 0.003582	 90.000000	 1.531818	 0.009503	 1.531847	 0.355460	 92128.754381	
287.574297	 1.000000	 0.000000	 -0.000000	 0.000000	 -90.000000	 1.531886	 0.009686	 1.531916	 0.362258	 0.000000	 0.003589	 0.003589	 90.000000	 1.531886	 0.009686	 1.531916	 0.362258	 92130.173476	
285.570281	 1.000000	 0.000000	 -0.000000	 0.000000	 -90.000000	 1.531945	 0.009866	 1.531976	 0.368974	 0.000000	 0.003540	 0.003540	 90.000000	 1.531945	 0.009866	 1.531976	 0.368974	 92131.609420	
283.566265	 1.000000	 0.000000	 -0.000000	 0.000000	 -90.000000	 1.531974	 0.010091	 1.532007	 0.377383	 0.000000	 0.003492	 0.003492	 90.000000	 1.531975	 0.010091	 1.532008	 0.377380	 92133.042446	
281.562249	 1.000000	 0.000000	 -0.000000	 0.000000	 -90.000000	 1.532034	 0.010303	 1.532069	 0.385301	 0.000000	 0.003497	 0.003497	 90.000000	 1.532033	 0.010303	 1.532067	 0.385305	 92134.472185	
279.558233	 1.000000	 0.000000	 -0.000000	 0.000000	 -90.000000	 1.532089	 0.010485	 1.532125	 0.392115	 0.000000	 0.003537	 0.003537	 90.000000	 1.532089	 0.010485	 1.532125	 0.392115	 92135.894522	
277.554217	 1.000000	 0.000000	 -0.000000	 0.000000	 -90.000000	 1.532158	 0.010694	 1.532195	 0.399915	 0.000000	 0.003489	 0.003489	 90.000000	 1.532158	 0.010694	 1.532195	 0.399915	 92137.321765	
275.550201	 1.000000	 0.000000	 -0.000000	 0.000000	 -90.000000	 1.532231	 0.010895	 1.532269	 0.407398	 0.000000	 0.003475	 0.003475	 90.000000	 1.532227	 0.010894	 1.532266	 0.407378	 92138.768115	
273.546185	 1.000000	 0.000000	 -0.000000	 0.000000	 -90.000000	 1.532293	 0.011129	 1.532334	 0.416134	 0.000000	 0.003440	 0.003440	 90.000000	 1.532293	 0.011130	 1.532334	 0.416186	 92140.208075	
271.542169	 1.000000	 0.000000	 -0.000000	 0.000000	 -90.000000	 1.532349	 0.011314	 1.532391	 0.423024	 0.000000	 0.003484	 0.003484	 90.000000	 1.532349	 0.011314	 1.532391	 0.423024	 92141.651898	
269.538153	 1.000000	 0.000000	 -0.000000	 0.000000	 -90.000000	 1.532310	 0.011528	 1.532353	 0.431060	 0.000000	 0.003490	 0.003490	 90.000000	 1.532310	 0.011528	 1.532353	 0.431060	 92143.056866	
267.534137	 1.000000	 0.000000	 -0.000000	 0.000000	 -90.000000	 1.532463	 0.011732	 1.532508	 0.438618	 0.000000	 0.003496	 0.003496	 90.000000	 1.532463	 0.011732	 1.532508	 0.438618	 92144.495276	
265.530120	 1.000000	 0.000000	 -0.000000	 0.000000	 -90.000000	 1.532480	 0.011960	 1.532527	 0.447157	 0.000000	 0.003475	 0.003475	 90.000000	 1.532480	 0.011960	 1.532527	 0.447156	 92145.931810	
263.526104	 1.000000	 0.000000	 -0.000000	 0.000000	 -90.000000	 1.532534	 0.012176	 1.532583	 0.455192	 0.000000	 0.003404	 0.003404	 90.000000	 1.532534	 0.012176	 1.532583	 0.455192	 92147.373357	
261.522088	 1.000000	 0.000000	 -0.000000	 0.000000	 -90.000000	 1.532477	 0.012473	 1.532528	 0.466325	 0.000000	 0.003425	 0.003425	 90.000000	 1.532477	 0.012473	 1.532528	 0.466325	 92148.808985	
259.518072	 1.000000	 0.000000	 -0.000000	 0.000000	 -90.000000	 1.532417	 0.012600	 1.532469	 0.471091	 0.000000	 0.003428	 0.003428	 90.000000	 1.532403	 0.012568	 1.532454	 0.469884	 92150.213040	
257.514056	 1.000000	 0.000000	 -0.000000	 0.000000	 -90.000000	 1.532966	 0.013249	 1.533024	 0.495178	 0.000000	 0.003405	 0.003405	 90.000000	 1.532966	 0.013249	 1.533024	 0.495178	 92151.673967	
255.510040	 1.000000	 0.000000	 -0.000000	 0.000000	 -90.000000	 1.531352	 0.012674	 1.531404	 0.474199	 0.000000	 0.003441	 0.003441	 90.000000	 1.531352	 0.012674	 1.531404	 0.474199	 92153.103684	
253.506024	 1.000000	 0.000000	 -0.000000	 0.000000	 -90.000000	 1.533295	 0.010902	 1.533334	 0.407359	 0.000000	 0.003422	 0.003422	 90.000000	 1.533577	 0.010905	 1.533615	 0.407396	 92154.553014	
251.502008	 1.000000	 0.000000	 -0.000000	 0.000000	 -90.000000	 1.536708	 0.012871	 1.536761	 0.479893	 0.000000	 0.003417	 0.003417	 90.000000	 1.536708	 0.012871	 1.536761	 0.479893	 92155.983583	
249.497992	 1.000000	 0.000000	 -0.000000	 0.000000	 -90.000000	 1.537295	 0.013437	 1.537354	 0.500802	 0.000000	 0.003423	 0.003423	 90.000000	 1.537295	 0.013437	 1.537354	 0.500802	 92157.435020	
247.493976	 1.000000	 0.000000	 -0.000000	 0.000000	 -90.000000	 1.535241	 0.011402	 1.535283	 0.425530	 0.000000	 0.003424	 0.003424	 90.000000	 1.535079	 0.011231	 1.535120	 0.419184	 92158.850365	
245.489960	 1.000000	 0.000000	 -0.000000	 0.000000	 -90.000000	 1.531469	 0.012908	 1.531523	 0.482901	 0.000000	 0.003425	 0.003425	 90.000000	 1.531469	 0.012908	 1.531523	 0.482901	 92160.290909	
243.485944	 1.000000	 0.000000	 -0.000000	 0.000000	 -90.000000	 1.533115	 0.015606	 1.533194	 0.583199	 0.000000	 0.003402	 0.003402	 90.000000	 1.533115	 0.015606	 1.533194	 0.583199	 92161.751098	
241.481928	 1.000000	 0.000000	 -0.000000	 0.000000	 -90.000000	 1.533404	 0.014985	 1.533478	 0.559882	 0.000000	 0.003376	 0.003376	 90.000000	 1.533404	 0.014985	 1.533478	 0.559882	 92163.205792	
239.477912	 1.000000	 0.000000	 -0.000000	 0.000000	 -90.000000	 1.533158	 0.015087	 1.533233	 0.563806	 0.000000	 0.003338	 0.003338	 90.000000	 1.533158	 0.015087	 1.533233	 0.563806	 92164.676541	
237.473896	 1.000000	 0.000000	 -0.000000	 0.000000	 -90.000000	 1.533318	 0.015462	 1.533396	 0.577765	 0.000000	 0.003368	 0.003368	 90.000000	 1.533318	 0.015462	 1.533396	 0.577765	 92166.105383	
235.469880	 1.000000	 0.000000	 -0.000000	 0.000000	 -90.000000	 1.533317	 0.015711	 1.533398	 0.587048	 0.000000	 0.003342	 0.003342	 90.000000	 1.533317	 0.015711	 1.533398	 0.587048	 92167.573508	
233.465863	 1.000000	 0.000000	 -0.000000	 0.000000	 -90.000000	 1.533385	 0.015996	 1.533468	 0.597686	 0.000000	 0.003351	 0.003351	 90.000000	 1.533385	 0.015996	 1.533468	 0.597686	 92169.007552	
231.461847	 1.000000	 0.000000	 -0.000000	 0.000000	 -90.000000	 1.533333	 0.016209	 1.533419	 0.605646	 0.000000	 0.003289	 0.003289	 90.000000	 1.533333	 0.016209	 1.533419	 0.605646	 92170.510996	
229.457831	 1.000000	 0.000000	 -0.000000	 0.000000	 -90.000000	 1.533472	 0.016568	 1.533561	 0.619019	 0.000000	 0.003312	 0.003312	 90.000000	 1.533472	 0.016567	 1.533561	 0.618964	 92171.962637	
227.453815	 1.000000	 0.000000	 -0.000000	 0.000000	 -90.000000	 1.533534	 0.016843	 1.533626	 0.629250	 0.000000	 0.003254	 0.003254	 90.000000	 1.533534	 0.016843	 1.533626	 0.629250	 92173.449240	
225.449799	 1.000000	 0.000000	 -0.000000	 0.000000	 -90.000000	 1.533533	 0.017210	 1.533630	 0.642977	 0.000000	 0.003243	 0.003243	 90.000000	 1.533533	 0.017210	 1.533630	 0.642977	 92174.887158	
223.445783	 1.000000	 0.000000	 -0.000000	 0.000000	 -90.000000	 1.533569	 0.017468	 1.533669	 0.652610	 0.000000	 0.003253	 0.003253	 90.000000	 1.533569	 0.017468	 1.533669	 0.652610	 92176.362842	
221.441767	 1.000000	 0.000000	 -0.000000	 0.000000	 -90.000000	 1.533649	 0.017789	 1.533752	 0.664568	 0.000000	 0.003255	 0.003255	 90.000000	 1.533649	 0.017789	 1.533752	 0.664568	 92177.824987	
219.437751	 1.000000	 0.000000	 -0.000000	 0.000000	 -90.000000	 1.533720	 0.018140	 1.533827	 0.677644	 0.000000	 0.003271	 0.003271	 90.000000	 1.533720	 0.018140	 1.533827	 0.677644	 92179.272610	
217.433735	 1.000000	 0.000000	 -0.000000	 0.000000	 -90.000000	 1.533712	 0.018392	 1.533822	 0.687057	 0.000000	 0.003233	 0.003233	 90.000000	 1.533712	 0.018392	 1.533822	 0.687057	 92180.728673	
215.429719	 1.000000	 0.000000	 -0.000000	 0.000000	 -90.000000	 1.533862	 0.018740	 1.533976	 0.699963	 0.000000	 0.003263	 0.003263	 90.000000	 1.533862	 0.018740	 1.533976	 0.699963	 92182.161023	
213.425703	 1.000000	 0.000000	 -0.000000	 0.000000	 -90.000000	 1.533821	 0.019069	 1.533940	 0.712273	 0.000000	 0.003268	 0.003268	 90.000000	 1.533821	 0.019069	 1.533940	 0.712273	 92183.646904	
211.421687	 1.000000	 0.000000	 -0.000000	 0.000000	 -90.000000	 1.533872	 0.019464	 1.533996	 0.727031	 0.000000	 0.003242	 0.003242	 90.000000	 1.533872	 0.019464	 1.533996	 0.727031	 92185.139706	
209.417671	 1.000000	 0.000000	 -0.000000	 0.000000	 -90.000000	 1.533815	 0.019759	 1.533942	 0.738050	 0.000000	 0.003207	 0.003207	 90.000000	 1.533815	 0.019759	 1.533942	 0.738050	 92186.569380	
207.413655	 1.000000	 0.000000	 -0.000000	 0.000000	 -90.000000	 1.534012	 0.020143	 1.534144	 0.752317	 0.000000	 0.003198	 0.003198	 90.000000	 1.534012	 0.020143	 1.534144	 0.752317	 92188.002922	
205.409639	 1.000000	 0.000000	 -0.000000	 0.000000	 -90.000000	 1.534178	 0.020373	 1.534313	 0.760810	 0.000000	 0.003202	 0.003202	 90.000000	 1.534192	 0.020385	 1.534327	 0.761243	 92189.446474	
203.405622	 1.000000	 0.000000	 -0.000000	 0.000000	 -90.000000	 1.533767	 0.020953	 1.533910	 0.782660	 0.000000	 0.003160	 0.003160	 90.000000	 1.533767	 0.020953	 1.533910	 0.782660	 92190.896815	
201.401606	 1.000000	 0.000000	 -0.000000	 0.000000	 -90.000000	 1.534196	 0.020782	 1.534337	 0.776087	 0.000000	 0.003167	 0.003167	 90.000000	 1.534212	 0.020781	 1.534353	 0.776013	 92192.321606	
199.397590	 1.000000	 0.000000	 -0.000000	 0.000000	 -90.000000	 1.534615	 0.021653	 1.534767	 0.808361	 0.000000	 0.003243	 0.003243	 90.000000	 1.534615	 0.021647	 1.534767	 0.808133	 92193.784498	
197.393574	 1.000000	 0.000000	 -0.000000	 0.000000	 -90.000000	 1.534268	 0.022309	 1.534430	 0.833047	 0.000000	 0.003173	 0.003173	 90.000000	 1.534282	 0.022307	 1.534444	 0.832963	 92195.233703	
195.389558	 1.000000	 0.000000	 -0.000000	 0.000000	 -90.000000	 1.534282	 0.022596	 1.534448	 0.843764	 0.000000	 0.003175	 0.003175	 90.000000	 1.534282	 0.022596	 1.534448	 0.843764	 92196.692918	
193.385542	 1.000000	 0.000000	 -0.000000	 0.000000	 -90.000000	 1.534264	 0.022870	 1.534435	 0.853985	 0.000000	 0.003165	 0.003165	 90.000000	 1.534264	 0.022870	 1.534435	 0.853985	 92198.138236	
191.381526	 1.000000	 0.000000	 -0.000000	 0.000000	 -90.000000	 1.534343	 0.023233	 1.534519	 0.867511	 0.000000	 -0.000244	 0.000244	 -90.000000	 1.534343	 0.023233	 1.534519	 0.867511	 92199.585853	
189.377510	 1.000000	 0.000000	 -0.000000	 0.000000	 -90.000000	 1.534432	 0.023671	 1.534614	 0.883796	 0.000000	 -0.003481	 0.003481	 -90.000000	 1.534431	 0.023671	 1.534613	 0.883804	 92201.012957	
187.373494	 1.000000	 0.000000	 -0.000000	 0.000000	 -90.000000	 1.534324	 0.024031	 1.534512	 0.897323	 0.000000	 0.006226	 0.006226	 90.000000	 1.534329	 0.024015	 1.534517	 0.896721	 92202.491999	
185.369478	 1.000000	 0.000000	 -0.000000	 0.000000	 -90.000000	 1.534437	 0.024531	 1.534633	 0.915924	 0.000000	 0.004073	 0.004073	 90.000000	 1.534437	 0.024531	 1.534633	 0.915924	 92203.965751	
183.365462	 1.000000	 0.000000	 -0.000000	 0.000000	 -90.000000	 1.534452	 0.025011	 1.534656	 0.933805	 0.000000	 0.003473	 0.003473	 90.000000	 1.534450	 0.025005	 1.534654	 0.933583	 92205.403239	
181.361446	 1.000000	 0.000000	 -0.000000	 0.000000	 -90.000000	 1.534423	 0.025496	 1.534635	 0.951954	 0.000000	 0.003126	 0.003126	 90.000000	 1.534423	 0.025496	 1.534635	 0.951954	 92206.865531	
179.357430	 1.000000	 0.000000	 -0.000000	 0.000000	 -90.000000	 1.534566	 0.025992	 1.534786	 0.970382	 0.000000	 0.004131	 0.004131	 90.000000	 1.534566	 0.025992	 1.534786	 0.970382	 92208.335939	
177.353414	 1.000000	 0.000000	 -0.000000	 0.000000	 -90.000000	 1.534542	 0.026457	 1.534770	 0.987739	 0.000000	 0.003171	 0.003171	 90.000000	 1.534542	 0.026457	 1.534770	 0.987739	 92209.754193	
175.349398	 1.000000	 0.000000	 -0.000000	 0.000000	 -90.000000	 1.534568	 0.026934	 1.534804	 1.005528	 0.000000	 -0.000259	 0.000259	 -90.000000	 1.534568	 0.026934	 1.534804	 1.005528	 92211.205579	
173.345382	 1.000000	 0.000000	 -0.000000	 0.000000	 -90.000000	 1.534601	 0.027277	 1.534844	 1.018299	 0.000000	 0.003065	 0.003065	 90.000000	 1.534601	 0.027277	 1.534844	 1.018299	 92212.660014	
171.341365	 1.000000	 0.000000	 -0.000000	 0.000000	 -90.000000	 1.534609	 0.027836	 1.534861	 1.039176	 0.000000	 0.004074	 0.004074	 90.000000	 1.534609	 0.027836	 1.534861	 1.039176	 92214.138456	
169.337349	 1.000000	 0.000000	 -0.000000	 0.000000	 -90.000000	 1.534707	 0.028365	 1.534969	 1.058839	 0.000000	 0.003066	 0.003066	 90.000000	 1.534707	 0.028365	 1.534969	 1.058839	 92215.586902	
167.333333	 1.000000	 0.000000	 -0.000000	 0.000000	 -90.000000	 1.534676	 0.028891	 1.534948	 1.078510	 0.000000	 0.003026	 0.003026	 90.000000	 1.534676	 0.028891	 1.534948	 1.078510	 92217.030912	
165.329317	 1.000000	 0.000000	 -0.000000	 0.000000	 -90.000000	 1.534708	 0.029393	 1.534990	 1.097195	 0.000000	 0.002986	 0.002986	 90.000000	 1.534708	 0.029393	 1.534990	 1.097195	 92218.507036	
163.325301	 1.000000	 0.000000	 -0.000000	 0.000000	 -90.000000	 1.534867	 0.029972	 1.535160	 1.118695	 0.000000	 0.003022	 0.003022	 90.000000	 1.534867	 0.029972	 1.535160	 1.118695	 92219.961653	
161.321285	 1.000000	 0.000000	 -0.000000	 0.000000	 -90.000000	 1.534768	 0.030403	 1.535070	 1.134861	 0.000000	 0.002968	 0.002968	 90.000000	 1.534742	 0.030349	 1.535042	 1.132842	 92221.417387	
159.317269	 1.000000	 0.000000	 -0.000000	 0.000000	 -90.000000	 1.534799	 0.030903	 1.535110	 1.153497	 0.000000	 0.002984	 0.002984	 90.000000	 1.534799	 0.030903	 1.535110	 1.153497	 92222.849230	
157.313253	 1.000000	 0.000000	 -0.000000	 0.000000	 -90.000000	 1.534650	 0.030993	 1.534963	 1.156946	 0.000000	 0.002980	 0.002980	 90.000000	 1.534760	 0.030915	 1.535072	 1.153973	 92224.292742	
155.309237	 1.000000	 0.000000	 -0.000000	 0.000000	 -90.000000	 1.533811	 0.031439	 1.534133	 1.174256	 0.000000	 0.003042	 0.003042	 90.000000	 1.533811	 0.031439	 1.534133	 1.174256	 92225.719518	
153.305221	 1.000000	 0.000000	 -0.000000	 0.000000	 -90.000000	 1.534519	 0.035141	 1.534921	 1.311867	 0.000000	 0.003042	 0.003042	 90.000000	 1.534271	 0.035172	 1.534674	 1.313243	 92227.150466	
151.301205	 1.000000	 0.000000	 -0.000000	 0.000000	 -90.000000	 1.537630	 0.031147	 1.537945	 1.160467	 0.000000	 0.002988	 0.002988	 90.000000	 1.537778	 0.031305	 1.538097	 1.166208	 92228.555073	
149.297189	 1.000000	 0.000000	 -0.000000	 0.000000	 -90.000000	 1.532904	 0.037474	 1.533361	 1.400410	 0.000000	 0.002949	 0.002949	 90.000000	 1.532904	 0.037474	 1.533361	 1.400410	 92230.027055	
147.293173	 1.000000	 0.000000	 -0.000000	 0.000000	 -90.000000	 1.532813	 0.032602	 1.533159	 1.218466	 0.000000	 0.003077	 0.003077	 90.000000	 1.532813	 0.032602	 1.533159	 1.218466	 92231.472859	
145.289157	 1.000000	 0.000000	 -0.000000	 0.000000	 -90.000000	 1.536405	 0.034886	 1.536801	 1.300731	 0.000000	 0.002994	 0.002994	 90.000000	 1.536405	 0.034886	 1.536801	 1.300731	 92232.929101	
143.285141	 1.000000	 0.000000	 -0.000000	 0.000000	 -90.000000	 1.534387	 0.036326	 1.534817	 1.356188	 0.000000	 0.002968	 0.002968	 90.000000	 1.534387	 0.036326	 1.534817	 1.356188	 92234.448323	
141.281124	 1.000000	 0.000000	 -0.000000	 0.000000	 -90.000000	 1.534511	 0.036735	 1.534950	 1.371342	 0.000000	 0.002950	 0.002950	 90.000000	 1.534511	 0.036735	 1.534950	 1.371342	 92235.889494	
139.277108	 1.000000	 0.000000	 -0.000000	 0.000000	 -90.000000	 1.534894	 0.037453	 1.535351	 1.397813	 0.000000	 0.002948	 0.002948	 90.000000	 1.534894	 0.037453	 1.535351	 1.397813	 92237.360702	
137.273092	 1.000000	 0.000000	 -0.000000	 0.000000	 -90.000000	 1.534777	 0.038255	 1.535254	 1.427826	 0.000000	 0.002968	 0.002968	 90.000000	 1.534777	 0.038255	 1.535254	 1.427826	 92238.800526	
135.269076	 1.000000	 0.000000	 -0.000000	 0.000000	 -90.000000	 1.534791	 0.039030	 1.535288	 1.456736	 0.000000	 0.003036	 0.003036	 90.000000	 1.534791	 0.039030	 1.535288	 1.456736	 92240.249414	
133.265060	 1.000000	 0.000000	 -0.000000	 0.000000	 -90.000000	 1.534713	 0.039830	 1.535229	 1.486653	 0.000000	 0.002948	 0.002948	 90.000000	 1.534713	 0.039830	 1.535229	 1.486653	 92241.703473	
131.261044	 1.000000	 0.000000	 -0.000000	 0.000000	 -90.000000	 1.534687	 0.040617	 1.535224	 1.516033	 0.000000	 0.002941	 0.002941	 90.000000	 1.534687	 0.040617	 1.535224	 1.516033	 92243.141237	
129.257028	 1.000000	 0.000000	 -0.000000	 0.000000	 -90.000000	 1.534726	 0.041471	 1.535287	 1.547868	 0.000000	 0.002993	 0.002993	 90.000000	 1.534726	 0.041471	 1.535287	 1.547868	 92244.571806	
127.253012	 1.000000	 0.000000	 -0.000000	 0.000000	 -90.000000	 1.534649	 0.042235	 1.535230	 1.576427	 0.000000	 0.002982	 0.002982	 90.000000	 1.534649	 0.042235	 1.535230	 1.576427	 92245.998245	
125.248996	 1.000000	 0.000000	 -0.000000	 0.000000	 -90.000000	 1.534610	 0.043183	 1.535218	 1.611836	 0.000000	 0.003010	 0.003010	 90.000000	 1.534610	 0.043183	 1.535218	 1.611836	 92247.449600	
123.244980	 1.000000	 0.000000	 -0.000000	 0.000000	 -90.000000	 1.534550	 0.044031	 1.535182	 1.643549	 0.000000	 0.002961	 0.002961	 90.000000	 1.534550	 0.044031	 1.535182	 1.643549	 92248.923465	
121.240964	 1.000000	 0.000000	 -0.000000	 0.000000	 -90.000000	 1.534562	 0.045044	 1.535223	 1.681309	 0.000000	 0.002936	 0.002936	 90.000000	 1.534562	 0.045044	 1.535223	 1.681309	 92250.384452	
119.236948	 1.000000	 0.000000	 -0.000000	 0.000000	 -90.000000	 1.534437	 0.045929	 1.535124	 1.714470	 0.000000	 0.002922	 0.002922	 90.000000	 1.534437	 0.045929	 1.535124	 1.714470	 92251.826775	
117.232932	 1.000000	 0.000000	 -0.000000	 0.000000	 -90.000000	 1.534348	 0.047184	 1.535073	 1.761411	 0.000000	 0.002913	 0.002913	 90.000000	 1.534348	 0.047184	 1.535073	 1.761411	 92253.253427	
115.228916	 1.000000	 0.000000	 -0.000000	 0.000000	 -90.000000	 1.534255	 0.048058	 1.535007	 1.794101	 0.000000	 0.002880	 0.002880	 90.000000	 1.534255	 0.048058	 1.535007	 1.794101	 92254.689754	
113.224900	 1.000000	 0.000000	 -0.000000	 0.000000	 -90.000000	 1.534177	 0.049067	 1.534962	 1.831857	 0.000000	 0.002890	 0.002890	 90.000000	 1.534177	 0.049067	 1.534962	 1.831857	 92256.203317	
111.220884	 1.000000	 0.000000	 -0.000000	 0.000000	 -90.000000	 1.534114	 0.050208	 1.534936	 1.874506	 0.000000	 0.002894	 0.002894	 90.000000	 1.534114	 0.050208	 1.534936	 1.874506	 92257.699494	
109.216867	 1.000000	 0.000000	 -0.000000	 0.000000	 -90.000000	 1.534004	 0.051310	 1.534862	 1.915730	 0.000000	 0.003051	 0.003051	 90.000000	 1.534004	 0.051310	 1.534862	 1.915730	 92259.139394	
107.212851	 1.000000	 0.000000	 -0.000000	 0.000000	 -90.000000	 1.533809	 0.052466	 1.534706	 1.959116	 0.000000	 0.002958	 0.002958	 90.000000	 1.533809	 0.052466	 1.534706	 1.959116	 92260.578458	
105.208835	 1.000000	 0.000000	 -0.000000	 0.000000	 -90.000000	 1.533799	 0.053655	 1.534737	 2.003506	 0.000000	 0.003465	 0.003465	 90.000000	 1.533799	 0.053655	 1.534737	 2.003506	 92262.006097	
103.204819	 1.000000	 0.000000	 -0.000000	 0.000000	 -90.000000	 1.533684	 0.054958	 1.534668	 2.052265	 0.000000	 0.004016	 0.004016	 90.000000	 1.533684	 0.054958	 1.534668	 2.052265	 92263.462305	
101.200803	 1.000000	 0.000000	 -0.000000	 0.000000	 -90.000000	 1.533400	 0.056274	 1.534432	 2.101734	 0.000000	 0.001059	 0.001059	 90.000000	 1.533400	 0.056274	 1.534432	 2.101734	 92264.902662	
99.196787	 1.000000	 0.000000	 -0.000000	 0.000000	 -90.000000	 1.533261	 0.057830	 1.534351	 2.159989	 0.000000	 0.003287	 0.003287	 90.000000	 1.533261	 0.057830	 1.534351	 2.159989	 92266.349787	
97.192771	 1.000000	 0.000000	 -0.000000	 0.000000	 -90.000000	 1.533227	 0.058882	 1.534358	 2.199318	 0.000000	 0.001618	 0.001618	 90.000000	 1.533227	 0.058882	 1.534358	 2.199318	 92267.829031	
95.188755	 1.000000	 0.000000	 -0.000000	 0.000000	 -90.000000	 1.533010	 0.060432	 1.534201	 2.257446	 0.000000	 0.003803	 0.003803	 90.000000	 1.533014	 0.060419	 1.534204	 2.256953	 92269.270026	
93.184739	 1.000000	 0.000000	 -0.000000	 0.000000	 -90.000000	 1.532685	 0.061974	 1.533938	 2.315502	 0.000000	 0.003122	 0.003122	 90.000000	 1.532685	 0.061974	 1.533938	 2.315502	 92270.704597	
91.180723	 1.000000	 0.000000	 -0.000000	 0.000000	 -90.000000	 1.532464	 0.063609	 1.533783	 2.376837	 0.000000	 0.002835	 0.002835	 90.000000	 1.532464	 0.063609	 1.533783	 2.376837	 92272.161102	
89.176707	 1.000000	 0.000000	 -0.000000	 0.000000	 -90.000000	 1.532209	 0.065337	 1.533602	 2.441732	 0.000000	 0.002819	 0.002819	 90.000000	 1.532209	 0.065337	 1.533602	 2.441732	 92273.621733	
87.172691	 1.000000	 0.000000	 -0.000000	 0.000000	 -90.000000	 1.532004	 0.067184	 1.533477	 2.511038	 0.000000	 0.002774	 0.002774	 90.000000	 1.532004	 0.067184	 1.533477	 2.511038	 92275.050267	
85.168675	 1.000000	 0.000000	 -0.000000	 0.000000	 -90.000000	 1.531603	 0.068624	 1.533139	 2.565452	 0.000000	 0.002815	 0.002815	 90.000000	 1.531603	 0.068624	 1.533139	 2.565452	 92276.497030	
83.164659	 1.000000	 0.000000	 -0.000000	 0.000000	 -90.000000	 1.531439	 0.070579	 1.533064	 2.638691	 0.000000	 0.002851	 0.002851	 90.000000	 1.531439	 0.070579	 1.533064	 2.638691	 92277.918468	
81.160643	 1.000000	 0.000000	 -0.000000	 0.000000	 -90.000000	 1.530982	 0.072503	 1.532697	 2.711349	 0.000000	 0.002810	 0.002810	 90.000000	 1.530982	 0.072503	 1.532697	 2.711349	 92279.398844	
79.156627	 1.000000	 0.000000	 -0.000000	 0.000000	 -90.000000	 1.530640	 0.074415	 1.532447	 2.783364	 0.000000	 0.002794	 0.002794	 90.000000	 1.530640	 0.074415	 1.532447	 2.783364	 92280.808011	
77.152610	 1.000000	 0.000000	 -0.000000	 0.000000	 -90.000000	 1.530367	 0.076805	 1.532293	 2.873097	 0.000000	 0.002753	 0.002753	 90.000000	 1.530367	 0.076805	 1.532293	 2.873097	 92282.260839	
75.148594	 1.000000	 0.000000	 -0.000000	 0.000000	 -90.000000	 1.529651	 0.078874	 1.531683	 2.951761	 0.000000	 0.002908	 0.002908	 90.000000	 1.529651	 0.078874	 1.531683	 2.951761	 92283.674194	
73.144578	 1.000000	 0.000000	 -0.000000	 0.000000	 -90.000000	 1.529378	 0.081381	 1.531542	 3.045940	 0.000000	 0.003120	 0.003120	 90.000000	 1.529378	 0.081381	 1.531542	 3.045940	 92285.150733	
71.140562	 1.000000	 0.000000	 -0.000000	 0.000000	 -90.000000	 1.528926	 0.083860	 1.531224	 3.139471	 0.000000	 0.003828	 0.003828	 90.000000	 1.528926	 0.083860	 1.531224	 3.139471	 92286.573209	
69.136546	 1.000000	 0.000000	 -0.000000	 0.000000	 -90.000000	 1.528278	 0.086703	 1.530736	 3.247061	 0.000000	 0.003074	 0.003074	 90.000000	 1.528278	 0.086703	 1.530736	 3.247061	 92288.030933	
67.132530	 1.000000	 0.000000	 -0.000000	 0.000000	 -90.000000	 1.527908	 0.089105	 1.530504	 3.337615	 0.000000	 0.002679	 0.002679	 90.000000	 1.527908	 0.089105	 1.530504	 3.337615	 92289.469091	
65.128514	 1.000000	 0.000000	 -0.000000	 0.000000	 -90.000000	 1.526398	 0.092309	 1.529187	 3.460734	 0.000000	 0.002900	 0.002900	 90.000000	 1.526398	 0.092309	 1.529187	 3.460734	 92290.937553	
63.124498	 1.000000	 0.000000	 -0.000000	 0.000000	 -90.000000	 1.526765	 0.095737	 1.529763	 3.588098	 0.000000	 0.003016	 0.003016	 90.000000	 1.526765	 0.095737	 1.529763	 3.588098	 92292.346209	
61.120482	 1.000000	 0.000000	 -0.000000	 0.000000	 -90.000000	 1.525955	 0.094199	 1.528860	 3.532460	 0.000000	 0.003126	 0.003126	 90.000000	 1.525955	 0.094199	 1.528860	 3.532460	 92293.780943	
59.116466	 1.000000	 0.000000	 -0.000000	 0.000000	 -90.000000	 1.527099	 0.114529	 1.531387	 4.289012	 0.000000	 0.002461	 0.002461	 90.000000	 1.527099	 0.114529	 1.531387	 4.289012	 92295.220372	
57.112450	 1.000000	 0.000000	 -0.000000	 0.000000	 -90.000000	 1.490828	 0.100060	 1.494182	 3.839761	 0.000000	 0.002773	 0.002773	 90.000000	 1.490828	 0.100060	 1.494182	 3.839761	 92296.669132	
55.108434	 1.000000	 0.000000	 -0.000000	 0.000000	 -90.000000	 1.482516	 0.056304	 1.483584	 2.174971	 0.000000	 0.002102	 0.002102	 90.000000	 1.482516	 0.056304	 1.483584	 2.174971	 92298.133451	
53.104418	 1.000000	 0.000000	 -0.000000	 0.000000	 -90.000000	 1.498091	 -0.026461	 1.498324	 -1.011916	 0.000000	 0.001204	 0.001204	 90.000000	 1.498091	 -0.026461	 1.498324	 -1.011916	 92299.561246	
51.100402	 1.000000	 0.000000	 -0.000000	 0.000000	 -90.000000	 1.431836	 -0.067057	 1.433406	 -2.681368	 0.000000	 0.004147	 0.004147	 90.000000	 1.431836	 -0.067057	 1.433406	 -2.681368	 92300.993479	
49.096386	 1.000000	 0.000000	 -0.000000	 0.000000	 -90.000000	 1.312326	 0.171236	 1.323451	 7.434130	 0.000000	 0.004025	 0.004025	 90.000000	 1.312326	 0.171236	 1.323451	 7.434130	 92302.443604	
47.092369	 1.000000	 0.000000	 -0.000000	 0.000000	 -90.000000	 1.617884	 0.238319	 1.635343	 8.379576	 0.000000	 0.001951	 0.001951	 90.000000	 1.617884	 0.238319	 1.635343	 8.379576	 92303.873433	
45.088353	 1.000000	 0.000000	 -0.000000	 0.000000	 -90.000000	 1.506719	 0.053965	 1.507685	 2.051239	 0.000000	 0.003158	 0.003158	 90.000000	 1.506719	 0.053965	 1.507685	 2.051239	 92305.314127	
43.084337	 1.000000	 0.000000	 -0.000000	 0.000000	 -90.000000	 1.533707	 0.163512	 1.542399	 6.085449	 0.000000	 0.003995	 0.003995	 90.000000	 1.533707	 0.163512	 1.542399	 6.085449	 92306.726996	
41.080321	 1.000000	 0.000000	 -0.000000	 0.000000	 -90.000000	 1.496797	 0.141127	 1.503435	 5.386278	 0.000000	 0.002053	 0.002053	 90.000000	 1.493511	 0.143405	 1.500380	 5.484656	 92308.163368	
39.076305	 1.000000	 0.000000	 -0.000000	 0.000000	 -90.000000	 1.506742	 0.149406	 1.514132	 5.662841	 0.000000	 0.001916	 0.001916	 90.000000	 1.506742	 0.149406	 1.514132	 5.662841	 92309.593589	
37.072289	 1.000000	 0.000000	 -0.000000	 0.000000	 -90.000000	 1.501174	 0.160647	 1.509746	 6.108233	 0.000000	 0.006407	 0.006407	 90.000000	 1.501660	 0.161372	 1.510306	 6.133590	 92311.061714	
35.068273	 1.000000	 0.000000	 -0.000000	 0.000000	 -90.000000	 1.497496	 0.168710	 1.506970	 6.427922	 0.000000	 0.003908	 0.003908	 90.000000	 1.497840	 0.168754	 1.507316	 6.428107	 92312.462999	
33.064257	 1.000000	 0.000000	 -0.000000	 0.000000	 -90.000000	 1.493161	 0.177460	 1.503670	 6.777725	 0.000000	 0.002490	 0.002490	 90.000000	 1.493161	 0.177460	 1.503670	 6.777725	 92313.900881	
31.060241	 1.000000	 0.000000	 -0.000000	 0.000000	 -90.000000	 1.487610	 0.188195	 1.499467	 7.210079	 0.000000	 0.002567	 0.002567	 90.000000	 1.487610	 0.188195	 1.499467	 7.210079	 92315.343686	
29.056225	 1.000000	 0.000000	 -0.000000	 0.000000	 -90.000000	 1.481948	 0.199393	 1.495301	 7.663025	 0.000000	 0.000176	 0.000176	 90.000000	 1.481948	 0.199393	 1.495301	 7.663025	 92316.785042	
27.052209	 1.000000	 0.000000	 -0.000000	 0.000000	 -90.000000	 1.474221	 0.213292	 1.489571	 8.232510	 0.000000	 0.001445	 0.001445	 90.000000	 1.474221	 0.213292	 1.489571	 8.232510	 92318.237718	
25.048193	 1.000000	 0.000000	 -0.000000	 0.000000	 -90.000000	 1.466739	 0.227287	 1.484245	 8.808523	 0.000000	 0.005098	 0.005098	 90.000000	 1.466739	 0.227287	 1.484245	 8.808523	 92319.672588	
23.044177	 1.000000	 0.000000	 -0.000000	 0.000000	 -90.000000	 1.454174	 0.241286	 1.474056	 9.421067	 0.000000	 0.003995	 0.003995	 90.000000	 1.454174	 0.241286	 1.474056	 9.421067	 92321.121730	
21.040161	 1.000000	 0.000000	 -0.000000	 0.000000	 -90.000000	 1.440586	 0.260703	 1.463986	 10.257809	 0.000000	 -0.000067	 0.000067	 -90.000000	 1.440586	 0.260703	 1.463986	 10.257809	 92322.532556	
19.036145	 1.000000	 0.000000	 -0.000000	 0.000000	 -90.000000	 1.424193	 0.280036	 1.451463	 11.124018	 0.000000	 0.001758	 0.001758	 90.000000	 1.424193	 0.280036	 1.451463	 11.124018	 92323.975861	
17.032129	 1.000000	 0.000000	 -0.000000	 0.000000	 -90.000000	 1.403036	 0.301230	 1.435009	 12.117365	 0.000000	 0.002102	 0.002102	 90.000000	 1.403127	 0.301213	 1.435094	 12.115934	 92325.419893	
15.028112	 1.000000	 0.000000	 -0.000000	 0.000000	 -90.000000	 1.375524	 0.329789	 1.414506	 13.482459	 0.000000	 -0.001801	 0.001801	 -90.000000	 1.375524	 0.329789	 1.414506	 13.482459	 92326.859025	
13.024096	 1.000000	 0.000000	 -0.000000	 0.000000	 -90.000000	 1.340902	 0.357217	 1.387668	 14.917198	 0.000000	 -0.017243	 0.017243	 -90.000000	 1.340902	 0.357217	 1.387668	 14.917198	 92328.301239	
11.020080	 1.000000	 0.000000	 -0.000000	 0.000000	 -90.000000	 1.293055	 0.388687	 1.350210	 16.730569	 0.000000	 0.000346	 0.000346	 90.000000	 1.292860	 0.388723	 1.350034	 16.734424	 92329.773499	
9.016064	 1.000000	 0.000000	 -0.000000	 0.000000	 -90.000000	 1.228890	 0.418934	 1.298336	 18.824490	 0.000000	 -0.053894	 0.053894	 -90.000000	 1.228890	 0.418934	 1.298336	 18.824490	 92331.223415	
7.012048	 1.000000	 0.000000	 -0.000000	 0.000000	 -90.000000	 1.145853	 0.444717	 1.229127	 21.211741	 0.000000	 0.404196	 0.404196	 90.000000	 1.145853	 0.444717	 1.229127	 21.211741	 92332.662383	
5.008032	 1.000000	 0.000000	 -0.000000	 0.000000	 -90.000000	 1.067243	 0.483099	 1.171491	 24.354415	 0.000000	 0.662799	 0.662799	 90.000000	 1.067243	 0.483099	 1.171491	 24.354415	 92334.113369	
3.004016	 1.000000	 0.000000	 -0.000000	 0.000000	 -90.000000	 0.869823	 0.144754	 0.881786	 9.448446	 0.000000	 -0.868144	 0.868144	 -90.000000	 0.869823	 0.144754	 0.881786	 9.448446	 92335.542247	
1.000000	 1.000000	 0.000000	 -0.000000	 0.000000	 -90.000000	 1.135022	 0.553914	 1.262971	 26.013349	 0.000000	 -1.305420	 1.305420	 -90.000000	 1.112034	 0.582945	 1.255566	 27.664187	 92336.957868	
