# Oscilator_frequency (Hz)	DemodAll_A (-)	Demod_1_X_A (A)	Demod_1_Y_A (A)	Demod_1__R_A (A)	Demod_1__Theta_A (deg)	Demod_2_X_A (A)	Demod_2_Y_A (A)	Demod_2__R_A (A)	Demod_2__Theta_A (deg)	Demod_3_X_A (V)	Demod_3_Y_A (V)	Demod_3__R_A (V)	Demod_3__Theta_A (deg)	Demod_4_X_A (V)	Demod_4_Y_A (V)	Demod_4__R_A (V)	Demod_4__Theta_A (deg)	Timer_GET (s)
1.0	1.0	0.0	0.0	0.0	-90.0	0.045218	0.02538	0.051853	29.30446	0.0	-0.0081	0.0081	-90.0	0.045218	0.02538	0.051853	29.30446	329146.772
2.0	1.0	0.0	0.0	0.0	-90.0	0.434095	-0.028287	0.435016	-3.72833	0.0	0.477453	0.477453	90.0	0.460257	-0.027333	0.461068	-3.398601	329145.369571
3.0	1.0	0.0	0.0	0.0	-90.0	0.528816	0.227142	0.575534	23.244954	0.0	0.60168	0.60168	90.0	0.528816	0.227142	0.575534	23.244954	329143.924868
4.0	1.0	0.0	0.0	0.0	-90.0	0.494991	0.160585	0.520388	17.974132	0.0	-0.38569	0.38569	-90.0	0.494991	0.160585	0.520388	17.974132	329142.477783
5.0	1.0	0.0	0.0	0.0	-90.0	0.498535	0.092488	0.507042	10.509954	0.0	-0.352923	0.352923	-90.0	0.504394	0.095214	0.513302	10.689906	329141.040809
6.0	1.0	0.0	0.0	0.0	-90.0	0.495849	0.077559	0.501879	8.889912	0.0	0.245586	0.245586	90.0	0.495849	0.077559	0.501879	8.889912	329139.608817
7.0	1.0	0.0	0.0	0.0	-90.0	0.501062	0.068271	0.505692	7.758901	0.0	0.019202	0.019202	90.0	0.501062	0.068271	0.505692	7.758901	329138.167112
8.0	1.0	0.0	0.0	0.0	-90.0	0.504359	0.056797	0.507547	6.42513	0.0	0.077162	0.077162	90.0	0.504359	0.056797	0.507547	6.42513	329136.753338
9.0	1.0	0.0	0.0	0.0	-90.0	0.504965	0.048022	0.507244	5.432455	0.0	0.007655	0.007655	90.0	0.505214	0.047903	0.50748	5.416437	329135.297133
10.0	1.0	0.0	0.0	0.0	-90.0	0.50601	0.040806	0.507653	4.610542	0.0	-0.025788	0.025788	-90.0	0.50601	0.040806	0.507653	4.610542	329133.890578
11.0	1.0	0.0	0.0	0.0	-90.0	0.506144	0.0346	0.507325	3.910619	0.0	-0.008615	0.008615	-90.0	0.506144	0.0346	0.507325	3.910619	329132.429342
12.0	1.0	0.0	0.0	0.0	-90.0	0.506058	0.029608	0.506923	3.348343	0.0	0.001189	0.001189	90.0	0.506011	0.029592	0.506875	3.346895	329130.996923
13.0	1.0	0.0	0.0	0.0	-90.0	0.505762	0.025164	0.506388	2.848423	0.0	-0.001101	0.001101	-90.0	0.505751	0.025144	0.506376	2.846208	329129.486341
14.0	1.0	0.0	0.0	0.0	-90.0	0.505215	0.021514	0.505673	2.438394	0.0	-0.001953	0.001953	-90.0	0.505215	0.021514	0.505673	2.438394	329128.053928
15.0	1.0	0.0	0.0	0.0	-90.0	0.504583	0.018338	0.504916	2.081346	0.0	0.002138	0.002138	90.0	0.504583	0.018338	0.504916	2.081346	329126.609037
16.0	1.0	0.0	0.0	0.0	-90.0	0.504207	0.015101	0.504433	1.715538	0.0	0.002646	0.002646	90.0	0.504171	0.015079	0.504397	1.713167	329125.180938
17.0	1.0	0.0	0.0	0.0	-90.0	0.503126	0.012691	0.503286	1.444925	0.0	0.002104	0.002104	90.0	0.503134	0.012675	0.503294	1.44307	329123.728477
18.0	1.0	0.0	0.0	0.0	-90.0	0.502711	0.010413	0.502819	1.186692	0.0	0.001849	0.001849	90.0	0.502711	0.010413	0.502819	1.186692	329122.282551
19.0	1.0	0.0	0.0	0.0	-90.0	0.502087	0.008768	0.502164	1.000508	0.0	0.002486	0.002486	90.0	0.502087	0.008768	0.502164	1.000508	329120.842361
20.0	1.0	0.0	0.0	0.0	-90.0	0.501348	0.007028	0.501398	0.803138	0.0	0.001816	0.001816	90.0	0.501348	0.007028	0.501398	0.803138	329119.40658
21.0	1.0	0.0	0.0	0.0	-90.0	0.500821	0.005449	0.50085	0.623341	0.0	0.002156	0.002156	90.0	0.500813	0.005448	0.500842	0.623205	329117.974723
22.0	1.0	0.0	0.0	0.0	-90.0	0.500167	0.004022	0.500184	0.460725	0.0	0.002048	0.002048	90.0	0.500167	0.004022	0.500184	0.460725	329116.549005
23.0	1.0	0.0	0.0	0.0	-90.0	0.49944	0.002717	0.499448	0.311714	0.0	0.002594	0.002594	90.0	0.49944	0.002717	0.499448	0.311714	329115.095142
24.0	1.0	0.0	0.0	0.0	-90.0	0.498871	0.001535	0.498873	0.176349	0.0	0.000421	0.000421	90.0	0.498871	0.001535	0.498873	0.176349	329113.585845
25.0	1.0	0.0	0.0	0.0	-90.0	0.49816	0.00038	0.49816	0.043649	0.0	0.002544	0.002544	90.0	0.49816	0.00038	0.49816	0.043649	329112.140919
26.0	1.0	0.0	0.0	0.0	-90.0	0.497633	-0.000412	0.497633	-0.047434	0.0	0.000798	0.000798	90.0	0.497633	-0.000412	0.497633	-0.047434	329110.665032
27.0	1.0	0.0	0.0	0.0	-90.0	0.497165	-0.001363	0.497167	-0.157033	0.0	0.002348	0.002348	90.0	0.497165	-0.001363	0.497167	-0.157033	329109.223659
28.0	1.0	0.0	0.0	0.0	-90.0	0.496721	-0.002242	0.496726	-0.258594	0.0	0.002363	0.002363	90.0	0.496721	-0.002242	0.496726	-0.258594	329107.807843
29.0	1.0	0.0	0.0	0.0	-90.0	0.496117	-0.002842	0.496126	-0.328217	0.0	0.002171	0.002171	90.0	0.496131	-0.002836	0.496139	-0.327457	329106.37244
30.0	1.0	0.0	0.0	0.0	-90.0	0.495579	-0.003712	0.495593	-0.429172	0.0	0.002184	0.002184	90.0	0.495579	-0.003712	0.495593	-0.429172	329104.931167
31.0	1.0	0.0	0.0	0.0	-90.0	0.495156	-0.00452	0.495176	-0.523036	0.0	0.002188	0.002188	90.0	0.495156	-0.00452	0.495176	-0.523036	329103.491091
32.0	1.0	0.0	0.0	0.0	-90.0	0.494518	-0.004823	0.494542	-0.558829	0.0	0.002177	0.002177	90.0	0.494518	-0.004823	0.494541	-0.558829	329102.03773
33.0	1.0	0.0	0.0	0.0	-90.0	0.494119	-0.005598	0.494151	-0.649039	0.0	0.002173	0.002173	90.0	0.494119	-0.005598	0.494151	-0.649039	329100.598354
34.0	1.0	0.0	0.0	0.0	-90.0	0.49363	-0.006203	0.493669	-0.719965	0.0	0.002153	0.002153	90.0	0.49363	-0.006203	0.493669	-0.719965	329099.171964
35.0	1.0	0.0	0.0	0.0	-90.0	0.493274	-0.00647	0.493316	-0.75147	0.0	0.002215	0.002215	90.0	0.493274	-0.00647	0.493316	-0.75147	329097.732656
36.0	1.0	0.0	0.0	0.0	-90.0	0.492904	-0.007176	0.492956	-0.834083	0.0	0.002275	0.002275	90.0	0.493208	-0.007558	0.493266	-0.877988	329096.281573
37.0	1.0	0.0	0.0	0.0	-90.0	0.492632	-0.007482	0.492689	-0.870131	0.0	0.002263	0.002263	90.0	0.492632	-0.007482	0.492689	-0.870131	329094.84245
38.0	1.0	0.0	0.0	0.0	-90.0	0.491596	-0.008499	0.491669	-0.990429	0.0	0.002191	0.002191	90.0	0.491596	-0.008499	0.491669	-0.990429	329093.417063
39.0	1.0	0.0	0.0	0.0	-90.0	0.490475	-0.007406	0.490531	-0.865113	0.0	0.002154	0.002154	90.0	0.490475	-0.007406	0.490531	-0.865113	329091.976429
40.0	1.0	0.0	0.0	0.0	-90.0	0.49234	-0.010117	0.492444	-1.177178	0.0	0.002233	0.002233	90.0	0.49234	-0.010117	0.492444	-1.177178	329090.552851
41.0	1.0	0.0	0.0	0.0	-90.0	0.489712	-0.012367	0.489868	-1.446583	0.0	0.002243	0.002243	90.0	0.489712	-0.012367	0.489868	-1.446583	329089.123523
42.0	1.0	0.0	0.0	0.0	-90.0	0.496077	-0.009166	0.496161	-1.058555	0.0	0.002183	0.002183	90.0	0.496077	-0.009166	0.496161	-1.058555	329087.706903
43.0	1.0	0.0	0.0	0.0	-90.0	0.481778	-0.020685	0.482222	-2.45842	0.0	0.002164	0.002164	90.0	0.481778	-0.020685	0.482222	-2.45842	329086.26505
44.0	1.0	0.0	0.0	0.0	-90.0	0.495286	-0.027458	0.496047	-3.173146	0.0	0.002222	0.002222	90.0	0.495286	-0.027458	0.496047	-3.173146	329084.828441
45.0	1.0	0.0	0.0	0.0	-90.0	0.494445	0.01552	0.494688	1.797899	0.0	0.002166	0.002166	90.0	0.494445	0.01552	0.494688	1.797899	329083.379963
46.0	1.0	0.0	0.0	0.0	-90.0	0.497343	0.029132	0.498195	3.352316	0.0	0.002171	0.002171	90.0	0.497343	0.029132	0.498195	3.352316	329081.926569
47.0	1.0	0.0	0.0	0.0	-90.0	0.435459	-0.016096	0.435757	-2.116811	0.0	0.002198	0.002198	90.0	0.435459	-0.016096	0.435757	-2.116811	329080.467199
48.0	1.0	0.0	0.0	0.0	-90.0	0.429536	0.018028	0.429914	2.403307	0.0	0.002228	0.002228	90.0	0.429536	0.018028	0.429914	2.403307	329079.0286
49.0	1.0	0.0	0.0	0.0	-90.0	0.46759	-0.083713	0.475025	-10.150127	0.0	0.002198	0.002198	90.0	0.465423	-0.083194	0.4728	-10.134507	329077.569368
50.0	1.0	0.0	0.0	0.0	-90.0	0.411069	0.004294	0.411091	0.598433	0.0	0.002227	0.002227	90.0	0.411069	0.004294	0.411091	0.598433	329076.11235
51.0	1.0	0.0	0.0	0.0	-90.0	0.459458	-0.081815	0.466685	-10.096796	0.0	0.002114	0.002114	90.0	0.459458	-0.081815	0.466685	-10.096796	329074.682786
52.0	1.0	0.0	0.0	0.0	-90.0	0.441627	0.035685	0.443066	4.619708	0.0	0.002313	0.002313	90.0	0.441627	0.035685	0.443066	4.619708	329073.189858
53.0	1.0	0.0	0.0	0.0	-90.0	0.439212	0.01059	0.43934	1.381224	0.0	0.002321	0.002321	90.0	0.439212	0.01059	0.43934	1.381224	329071.776208
54.0	1.0	0.0	0.0	0.0	-90.0	0.521196	-0.032334	0.522198	-3.549946	0.0	0.00225	0.00225	90.0	0.524522	-0.028743	0.525309	-3.136577	329070.329102
55.0	1.0	0.0	0.0	0.0	-90.0	0.507195	-0.028123	0.507974	-3.173715	0.0	0.002172	0.002172	90.0	0.507195	-0.028123	0.507974	-3.173715	329068.905843
56.0	1.0	0.0	0.0	0.0	-90.0	0.468904	-0.003846	0.46892	-0.469968	0.0	0.002277	0.002277	90.0	0.468904	-0.003846	0.46892	-0.469968	329067.43566
57.0	1.0	0.0	0.0	0.0	-90.0	0.474793	-0.00358	0.474807	-0.431979	0.0	0.002212	0.002212	90.0	0.472247	-0.005486	0.472279	-0.665595	329065.991137
58.0	1.0	0.0	0.0	0.0	-90.0	0.47934	-0.019083	0.479719	-2.279848	0.0	0.00221	0.00221	90.0	0.47934	-0.019083	0.479719	-2.279848	329064.552307
59.0	1.0	0.0	0.0	0.0	-90.0	0.479294	-0.014061	0.479501	-1.680444	0.0	0.002174	0.002174	90.0	0.479294	-0.014061	0.479501	-1.680444	329063.084313
60.0	1.0	0.0	0.0	0.0	-90.0	0.481564	-0.014063	0.481769	-1.672754	0.0	0.002235	0.002235	90.0	0.481564	-0.014063	0.481769	-1.672754	329061.663909
61.0	1.0	0.0	0.0	0.0	-90.0	0.485306	-0.013656	0.485498	-1.61181	0.0	0.0023	0.0023	90.0	0.485306	-0.013656	0.485498	-1.61181	329060.232286
62.0	1.0	0.0	0.0	0.0	-90.0	0.484177	-0.013877	0.484376	-1.641698	0.0	0.002292	0.002292	90.0	0.484177	-0.013877	0.484376	-1.641698	329058.807333
63.0	1.0	0.0	0.0	0.0	-90.0	0.484657	-0.013498	0.484845	-1.59529	0.0	0.002213	0.002213	90.0	0.484657	-0.013498	0.484845	-1.59529	329057.378551
64.0	1.0	0.0	0.0	0.0	-90.0	0.484302	-0.013523	0.484491	-1.5994	0.0	0.002227	0.002227	90.0	0.484302	-0.013523	0.484491	-1.5994	329055.946141
65.0	1.0	0.0	0.0	0.0	-90.0	0.483689	-0.013576	0.48388	-1.607761	0.0	0.002281	0.002281	90.0	0.483689	-0.013576	0.48388	-1.607761	329054.497603
66.0	1.0	0.0	0.0	0.0	-90.0	0.483763	-0.013829	0.483961	-1.637393	0.0	0.002204	0.002204	90.0	0.483763	-0.013829	0.483961	-1.637393	329053.071919
67.0	1.0	0.0	0.0	0.0	-90.0	0.483681	-0.013939	0.483882	-1.65071	0.0	0.00226	0.00226	90.0	0.483681	-0.013939	0.483882	-1.65071	329051.628503
68.0	1.0	0.0	0.0	0.0	-90.0	0.483282	-0.013966	0.483484	-1.655337	0.0	0.002214	0.002214	90.0	0.483282	-0.013966	0.483484	-1.655337	329050.172064
69.0	1.0	0.0	0.0	0.0	-90.0	0.483084	-0.014248	0.483294	-1.689424	0.0	0.002265	0.002265	90.0	0.483044	-0.014314	0.483256	-1.697286	329048.686186
70.0	1.0	0.0	0.0	0.0	-90.0	0.482864	-0.014424	0.48308	-1.71102	0.0	0.002231	0.002231	90.0	0.482864	-0.014424	0.48308	-1.71102	329047.253195
71.0	1.0	0.0	0.0	0.0	-90.0	0.482728	-0.014445	0.482944	-1.714028	0.0	0.002262	0.002262	90.0	0.482728	-0.014445	0.482944	-1.714028	329045.827134
72.0	1.0	0.0	0.0	0.0	-90.0	0.482569	-0.014504	0.482787	-1.721496	0.0	0.002278	0.002278	90.0	0.482578	-0.014497	0.482795	-1.720709	329044.406065
73.0	1.0	0.0	0.0	0.0	-90.0	0.482308	-0.014539	0.482527	-1.726663	0.0	0.002288	0.002288	90.0	0.482308	-0.014539	0.482527	-1.726663	329042.997589
74.0	1.0	0.0	0.0	0.0	-90.0	0.481979	-0.014602	0.4822	-1.735287	0.0	0.002244	0.002244	90.0	0.481979	-0.014602	0.4822	-1.735288	329041.568149
75.0	1.0	0.0	0.0	0.0	-90.0	0.481937	-0.014511	0.482155	-1.724699	0.0	0.002287	0.002287	90.0	0.481933	-0.0145	0.482151	-1.723317	329040.111009
76.0	1.0	0.0	0.0	0.0	-90.0	0.481601	-0.014741	0.481826	-1.753175	0.0	0.002294	0.002294	90.0	0.481601	-0.014741	0.481826	-1.753175	329038.642709
77.0	1.0	0.0	0.0	0.0	-90.0	0.481453	-0.014821	0.481682	-1.763216	0.0	0.002336	0.002336	90.0	0.481453	-0.014821	0.481682	-1.763216	329037.207645
78.0	1.0	0.0	0.0	0.0	-90.0	0.48138	-0.014867	0.48161	-1.768966	0.0	0.002229	0.002229	90.0	0.481394	-0.014868	0.481624	-1.768983	329035.76932
79.0	1.0	0.0	0.0	0.0	-90.0	0.481242	-0.015022	0.481477	-1.78796	0.0	0.00222	0.00222	90.0	0.481259	-0.015016	0.481493	-1.787183	329034.32027
80.0	1.0	0.0	0.0	0.0	-90.0	0.481091	-0.015043	0.481326	-1.790995	0.0	0.002236	0.002236	90.0	0.481091	-0.015043	0.481326	-1.790995	329032.869343
81.0	1.0	0.0	0.0	0.0	-90.0	0.480836	-0.015078	0.481072	-1.796104	0.0	0.002282	0.002282	90.0	0.48084	-0.015081	0.481076	-1.796391	329031.454278
82.0	1.0	0.0	0.0	0.0	-90.0	0.480714	-0.015168	0.480953	-1.807262	0.0	0.002195	0.002195	90.0	0.480714	-0.015168	0.480953	-1.807262	329030.037834
83.0	1.0	0.0	0.0	0.0	-90.0	0.480598	-0.01527	0.480841	-1.819855	0.0	0.002265	0.002265	90.0	0.480598	-0.01527	0.480841	-1.819855	329028.603657
84.0	1.0	0.0	0.0	0.0	-90.0	0.480386	-0.01518	0.480625	-1.809899	0.0	0.002316	0.002316	90.0	0.480386	-0.01518	0.480625	-1.809899	329027.173419
85.0	1.0	0.0	0.0	0.0	-90.0	0.480204	-0.015217	0.480445	-1.81499	0.0	0.00229	0.00229	90.0	0.480204	-0.015217	0.480445	-1.81499	329025.742237
86.0	1.0	0.0	0.0	0.0	-90.0	0.480027	-0.015283	0.48027	-1.823597	0.0	0.002297	0.002297	90.0	0.480027	-0.015283	0.48027	-1.823597	329024.299213
87.0	1.0	0.0	0.0	0.0	-90.0	0.480018	-0.015502	0.480268	-1.849685	0.0	0.002287	0.002287	90.0	0.480018	-0.015502	0.480268	-1.849685	329022.871089
88.0	1.0	0.0	0.0	0.0	-90.0	0.479797	-0.015439	0.480046	-1.843065	0.0	0.002343	0.002343	90.0	0.479797	-0.015439	0.480046	-1.843065	329021.452198
89.0	1.0	0.0	0.0	0.0	-90.0	0.479666	-0.015546	0.479918	-1.856366	0.0	0.002292	0.002292	90.0	0.479666	-0.015546	0.479918	-1.856366	329019.977635
90.0	1.0	0.0	0.0	0.0	-90.0	0.47956	-0.015551	0.479812	-1.857256	0.0	0.002324	0.002324	90.0	0.47956	-0.015551	0.479812	-1.857256	329018.502705
91.0	1.0	0.0	0.0	0.0	-90.0	0.479338	-0.015661	0.479594	-1.871323	0.0	0.002309	0.002309	90.0	0.479338	-0.015661	0.479594	-1.871323	329017.060371
92.0	1.0	0.0	0.0	0.0	-90.0	0.479253	-0.015696	0.47951	-1.875825	0.0	0.002355	0.002355	90.0	0.479255	-0.015699	0.479512	-1.876179	329015.624308
93.0	1.0	0.0	0.0	0.0	-90.0	0.479026	-0.015687	0.479283	-1.875627	0.0	0.00226	0.00226	90.0	0.479026	-0.015687	0.479283	-1.875627	329014.175006
94.0	1.0	0.0	0.0	0.0	-90.0	0.478885	-0.015813	0.479146	-1.891197	0.0	0.002283	0.002283	90.0	0.478885	-0.015813	0.479146	-1.891197	329012.731429
95.0	1.0	0.0	0.0	0.0	-90.0	0.478837	-0.015757	0.479096	-1.884766	0.0	0.00233	0.00233	90.0	0.478837	-0.015757	0.479096	-1.884766	329011.306709
96.0	1.0	0.0	0.0	0.0	-90.0	0.47873	-0.015911	0.478995	-1.903567	0.0	0.002412	0.002412	90.0	0.47873	-0.015911	0.478995	-1.903567	329009.825533
97.0	1.0	0.0	0.0	0.0	-90.0	0.47844	-0.01574	0.478698	-1.884319	0.0	0.002094	0.002094	90.0	0.47844	-0.01574	0.478698	-1.884319	329008.380688
98.0	1.0	0.0	0.0	0.0	-90.0	0.478499	-0.015819	0.47876	-1.893464	0.0	0.002295	0.002295	90.0	0.478499	-0.015819	0.47876	-1.893464	329006.890715
99.0	1.0	0.0	0.0	0.0	-90.0	0.478379	-0.016104	0.47865	-1.928053	0.0	0.002377	0.002377	90.0	0.478379	-0.016104	0.47865	-1.928053	329004.950965
100.0	1.0	0.0	0.0	0.0	-90.0	0.477961	-0.016227	0.478236	-1.944485	0.0	0.002413	0.002413	90.0	0.477961	-0.016227	0.478236	-1.944484	329003.536482
101.0	1.0	0.0	0.0	0.0	-90.0	0.478037	-0.016228	0.478312	-1.944304	0.0	0.002535	0.002535	90.0	0.478041	-0.016225	0.478316	-1.943967	329002.100755
102.0	1.0	0.0	0.0	0.0	-90.0	0.477583	-0.016105	0.477855	-1.93134	0.0	0.002287	0.002287	90.0	0.477583	-0.016105	0.477855	-1.93134	329000.681527
103.0	1.0	0.0	0.0	0.0	-90.0	0.477512	-0.01616	0.477786	-1.938308	0.0	0.002282	0.002282	90.0	0.477512	-0.01616	0.477786	-1.938308	328999.261243
104.0	1.0	0.0	0.0	0.0	-90.0	0.477711	-0.016134	0.477983	-1.934376	0.0	0.002211	0.002211	90.0	0.477711	-0.016134	0.477983	-1.934376	328997.814731
105.0	1.0	0.0	0.0	0.0	-90.0	0.477565	-0.016164	0.477839	-1.938527	0.0	0.00228	0.00228	90.0	0.477565	-0.016164	0.477839	-1.938527	328996.354902
106.0	1.0	0.0	0.0	0.0	-90.0	0.477308	-0.01628	0.477586	-1.953443	0.0	0.002456	0.002456	90.0	0.477308	-0.01628	0.477586	-1.953443	328994.887828
107.0	1.0	0.0	0.0	0.0	-90.0	0.477175	-0.016276	0.477453	-1.953488	0.0	0.002359	0.002359	90.0	0.477175	-0.016276	0.477453	-1.953488	328993.447678
108.0	1.0	0.0	0.0	0.0	-90.0	0.477085	-0.016312	0.477363	-1.958236	0.0	0.002296	0.002296	90.0	0.477081	-0.016316	0.47736	-1.95872	328992.034723
109.0	1.0	0.0	0.0	0.0	-90.0	0.477039	-0.016323	0.477318	-1.959711	0.0	0.00239	0.00239	90.0	0.477039	-0.016323	0.477318	-1.959711	328990.584549
110.0	1.0	0.0	0.0	0.0	-90.0	0.476917	-0.016371	0.477198	-1.965959	0.0	0.002411	0.002411	90.0	0.476916	-0.016368	0.477197	-1.965621	328989.166014
111.0	1.0	0.0	0.0	0.0	-90.0	0.476809	-0.016411	0.477091	-1.971306	0.0	0.002354	0.002354	90.0	0.476809	-0.016411	0.477091	-1.971306	328987.713997
112.0	1.0	0.0	0.0	0.0	-90.0	0.476698	-0.016433	0.476981	-1.974354	0.0	0.002378	0.002378	90.0	0.476703	-0.016435	0.476987	-1.974612	328986.299941
113.0	1.0	0.0	0.0	0.0	-90.0	0.476599	-0.016449	0.476882	-1.976708	0.0	0.002437	0.002437	90.0	0.476599	-0.016449	0.476882	-1.976708	328984.837202
114.0	1.0	0.0	0.0	0.0	-90.0	0.476459	-0.016499	0.476745	-1.983226	0.0	0.002444	0.002444	90.0	0.476461	-0.0165	0.476746	-1.983367	328983.402962
115.0	1.0	0.0	0.0	0.0	-90.0	0.476384	-0.016523	0.47667	-1.986518	0.0	0.002342	0.002342	90.0	0.476384	-0.016523	0.47667	-1.986518	328981.973752
116.0	1.0	0.0	0.0	0.0	-90.0	0.476221	-0.016547	0.476509	-1.990026	0.0	0.002414	0.002414	90.0	0.476221	-0.016547	0.476509	-1.990026	328980.530623
117.0	1.0	0.0	0.0	0.0	-90.0	0.476118	-0.016582	0.476407	-1.994712	0.0	0.002446	0.002446	90.0	0.476118	-0.016582	0.476407	-1.994712	328979.087328
118.0	1.0	0.0	0.0	0.0	-90.0	0.476026	-0.016584	0.476314	-1.995301	0.0	0.002462	0.002462	90.0	0.476026	-0.016584	0.476314	-1.995301	328977.65244
119.0	1.0	0.0	0.0	0.0	-90.0	0.475926	-0.016675	0.476218	-2.006664	0.0	0.002449	0.002449	90.0	0.475926	-0.016675	0.476218	-2.006664	328976.226529
120.0	1.0	0.0	0.0	0.0	-90.0	0.475791	-0.016697	0.476083	-2.009873	0.0	0.002439	0.002439	90.0	0.475791	-0.016697	0.476083	-2.009873	328974.776561
121.0	1.0	0.0	0.0	0.0	-90.0	0.475687	-0.016654	0.475979	-2.005183	0.0	0.002536	0.002536	90.0	0.475687	-0.016654	0.475979	-2.005183	328973.36182
122.0	1.0	0.0	0.0	0.0	-90.0	0.475606	-0.016681	0.475899	-2.00876	0.0	0.002602	0.002602	90.0	0.475606	-0.016681	0.475899	-2.00876	328971.905614
123.0	1.0	0.0	0.0	0.0	-90.0	0.475523	-0.016714	0.475816	-2.012992	0.0	0.002573	0.002573	90.0	0.475525	-0.016717	0.475819	-2.01335	328970.466147
124.0	1.0	0.0	0.0	0.0	-90.0	0.475306	-0.016728	0.4756	-2.015701	0.0	0.002532	0.002532	90.0	0.475306	-0.016728	0.4756	-2.015701	328969.011014
125.0	1.0	0.0	0.0	0.0	-90.0	0.475195	-0.016814	0.475492	-2.026476	0.0	0.002535	0.002535	90.0	0.475195	-0.016814	0.475492	-2.026476	328967.555055
126.0	1.0	0.0	0.0	0.0	-90.0	0.475122	-0.016782	0.475418	-2.022943	0.0	0.002497	0.002497	90.0	0.475122	-0.016782	0.475418	-2.022943	328966.117808
127.0	1.0	0.0	0.0	0.0	-90.0	0.475087	-0.016843	0.475386	-2.030374	0.0	0.002465	0.002465	90.0	0.475087	-0.016843	0.475386	-2.030374	328964.660418
128.0	1.0	0.0	0.0	0.0	-90.0	0.474906	-0.016878	0.475205	-2.03542	0.0	0.002461	0.002461	90.0	0.474906	-0.016878	0.475205	-2.03542	328963.220592
129.0	1.0	0.0	0.0	0.0	-90.0	0.474873	-0.016849	0.475172	-2.032014	0.0	0.002515	0.002515	90.0	0.474872	-0.016847	0.475171	-2.031828	328961.745486
130.0	1.0	0.0	0.0	0.0	-90.0	0.474783	-0.016947	0.475086	-2.044242	0.0	0.002523	0.002523	90.0	0.474783	-0.016947	0.475086	-2.044242	328960.336141
131.0	1.0	0.0	0.0	0.0	-90.0	0.474712	-0.016974	0.475016	-2.047762	0.0	0.0025	0.0025	90.0	0.474712	-0.016974	0.475016	-2.047762	328958.885957
132.0	1.0	0.0	0.0	0.0	-90.0	0.474588	-0.016941	0.47489	-2.044358	0.0	0.002549	0.002549	90.0	0.474588	-0.016941	0.47489	-2.044358	328957.465297
133.0	1.0	0.0	0.0	0.0	-90.0	0.474525	-0.016969	0.474828	-2.047998	0.0	0.002662	0.002662	90.0	0.474525	-0.016969	0.474828	-2.047998	328956.027631
134.0	1.0	0.0	0.0	0.0	-90.0	0.474402	-0.016986	0.474706	-2.050652	0.0	0.002618	0.002618	90.0	0.474401	-0.016985	0.474705	-2.050469	328954.599691
135.0	1.0	0.0	0.0	0.0	-90.0	0.474269	-0.017006	0.474574	-2.05361	0.0	0.002669	0.002669	90.0	0.474269	-0.017006	0.474574	-2.05361	328953.162554
136.0	1.0	0.0	0.0	0.0	-90.0	0.474185	-0.017056	0.474491	-2.059951	0.0	0.002574	0.002574	90.0	0.474185	-0.017056	0.474491	-2.059951	328951.679782
137.0	1.0	0.0	0.0	0.0	-90.0	0.474084	-0.017083	0.474392	-2.063663	0.0	0.002548	0.002548	90.0	0.474083	-0.017081	0.47439	-2.063441	328950.231619
138.0	1.0	0.0	0.0	0.0	-90.0	0.474027	-0.017093	0.474335	-2.065194	0.0	0.002581	0.002581	90.0	0.474031	-0.017092	0.474339	-2.065048	328948.811541
139.0	1.0	0.0	0.0	0.0	-90.0	0.473912	-0.017078	0.47422	-2.063834	0.0	0.002522	0.002522	90.0	0.473912	-0.017078	0.47422	-2.063834	328947.390169
140.0	1.0	0.0	0.0	0.0	-90.0	0.473777	-0.017134	0.474087	-2.071221	0.0	0.002514	0.002514	90.0	0.473777	-0.017134	0.474087	-2.071221	328945.945441
141.0	1.0	0.0	0.0	0.0	-90.0	0.473669	-0.017072	0.473977	-2.064169	0.0	0.002553	0.002553	90.0	0.473669	-0.017072	0.473977	-2.064169	328944.517132
142.0	1.0	0.0	0.0	0.0	-90.0	0.473496	-0.017198	0.473808	-2.0801	0.0	0.002563	0.002563	90.0	0.473496	-0.017198	0.473808	-2.0801	328943.083724
143.0	1.0	0.0	0.0	0.0	-90.0	0.473491	-0.016983	0.473795	-2.054177	0.0	0.002575	0.002575	90.0	0.47351	-0.016969	0.473814	-2.052399	328941.639824
144.0	1.0	0.0	0.0	0.0	-90.0	0.473257	-0.016983	0.473561	-2.055213	0.0	0.002566	0.002566	90.0	0.4733	-0.016907	0.473602	-2.045767	328940.189956
145.0	1.0	0.0	0.0	0.0	-90.0	0.473798	-0.017416	0.474117	-2.105122	0.0	0.002614	0.002614	90.0	0.473798	-0.017416	0.474117	-2.105122	328938.751155
146.0	1.0	0.0	0.0	0.0	-90.0	0.4739	-0.017532	0.474224	-2.118733	0.0	0.002577	0.002577	90.0	0.473879	-0.017611	0.474206	-2.128349	328937.316789
147.0	1.0	0.0	0.0	0.0	-90.0	0.472631	-0.016541	0.47292	-2.004422	0.0	0.002692	0.002692	90.0	0.472631	-0.016541	0.47292	-2.004422	328935.871257
148.0	1.0	0.0	0.0	0.0	-90.0	0.473582	-0.016284	0.473862	-1.969332	0.0	0.002626	0.002626	90.0	0.473582	-0.016284	0.473862	-1.969332	328934.383967
149.0	1.0	0.0	0.0	0.0	-90.0	0.471783	-0.017334	0.472101	-2.104188	0.0	0.002637	0.002637	90.0	0.471783	-0.017334	0.472101	-2.104188	328932.966992
150.0	1.0	0.0	0.0	0.0	-90.0	0.472393	-0.016122	0.472668	-1.954692	0.0	0.002683	0.002683	90.0	0.472393	-0.016122	0.472668	-1.954692	328931.506162
151.0	1.0	0.0	0.0	0.0	-90.0	0.471739	-0.017797	0.472074	-2.160545	0.0	0.002648	0.002648	90.0	0.471752	-0.017833	0.472089	-2.164828	328930.082371
152.0	1.0	0.0	0.0	0.0	-90.0	0.473037	-0.016258	0.473316	-1.968494	0.0	0.00259	0.00259	90.0	0.473006	-0.016248	0.473285	-1.967335	328928.658605
153.0	1.0	0.0	0.0	0.0	-90.0	0.472342	-0.016557	0.472632	-2.007599	0.0	0.002627	0.002627	90.0	0.472342	-0.016557	0.472632	-2.007599	328927.212402
154.0	1.0	0.0	0.0	0.0	-90.0	0.472669	-0.018038	0.473013	-2.18551	0.0	0.002784	0.002784	90.0	0.472669	-0.018038	0.473013	-2.18551	328925.796182
155.0	1.0	0.0	0.0	0.0	-90.0	0.472435	-0.017827	0.472771	-2.160974	0.0	0.002596	0.002596	90.0	0.472435	-0.017827	0.472771	-2.160974	328924.352443
156.0	1.0	0.0	0.0	0.0	-90.0	0.472168	-0.017215	0.472481	-2.08803	0.0	0.002585	0.002585	90.0	0.472168	-0.017215	0.472481	-2.08803	328922.874209
157.0	1.0	0.0	0.0	0.0	-90.0	0.472543	-0.01725	0.472857	-2.090668	0.0	0.00274	0.00274	90.0	0.472517	-0.017211	0.47283	-2.086049	328921.430268
158.0	1.0	0.0	0.0	0.0	-90.0	0.472274	-0.017384	0.472594	-2.108108	0.0	0.002753	0.002753	90.0	0.472249	-0.017405	0.47257	-2.110747	328919.981805
159.0	1.0	0.0	0.0	0.0	-90.0	0.472314	-0.017384	0.472634	-2.10792	0.0	0.002686	0.002686	90.0	0.472314	-0.017384	0.472634	-2.10792	328918.561742
160.0	1.0	0.0	0.0	0.0	-90.0	0.472224	-0.017436	0.472546	-2.114547	0.0	0.002632	0.002632	90.0	0.472224	-0.017436	0.472546	-2.114547	328917.087077
161.0	1.0	0.0	0.0	0.0	-90.0	0.472148	-0.017492	0.472472	-2.121678	0.0	0.00254	0.00254	90.0	0.472159	-0.017494	0.472483	-2.121934	328915.653007
162.0	1.0	0.0	0.0	0.0	-90.0	0.472059	-0.017481	0.472382	-2.12079	0.0	0.00267	0.00267	90.0	0.472059	-0.017481	0.472382	-2.12079	328914.213163
163.0	1.0	0.0	0.0	0.0	-90.0	0.471985	-0.017484	0.472308	-2.121462	0.0	0.002665	0.002665	90.0	0.471985	-0.017484	0.472308	-2.121462	328912.766669
164.0	1.0	0.0	0.0	0.0	-90.0	0.471922	-0.01751	0.472247	-2.124873	0.0	0.002727	0.002727	90.0	0.471922	-0.01751	0.472247	-2.124873	328911.330605
165.0	1.0	0.0	0.0	0.0	-90.0	0.471865	-0.017526	0.472191	-2.127128	0.0	0.002697	0.002697	90.0	0.471865	-0.017526	0.472191	-2.127128	328909.893604
166.0	1.0	0.0	0.0	0.0	-90.0	0.471786	-0.017547	0.472113	-2.129968	0.0	0.002674	0.002674	90.0	0.471786	-0.017547	0.472113	-2.129968	328908.427376
167.0	1.0	0.0	0.0	0.0	-90.0	0.471752	-0.017549	0.472079	-2.130416	0.0	0.002785	0.002785	90.0	0.471752	-0.017549	0.472079	-2.130416	328906.956203
168.0	1.0	0.0	0.0	0.0	-90.0	0.47164	-0.017552	0.471967	-2.13126	0.0	0.002835	0.002835	90.0	0.47164	-0.017552	0.471967	-2.13126	328905.515747
169.0	1.0	0.0	0.0	0.0	-90.0	0.471561	-0.01762	0.47189	-2.139905	0.0	0.002795	0.002795	90.0	0.471561	-0.01762	0.47189	-2.139905	328904.077231
170.0	1.0	0.0	0.0	0.0	-90.0	0.471445	-0.017566	0.471772	-2.13385	0.0	0.002762	0.002762	90.0	0.471445	-0.017566	0.471772	-2.133851	328902.649945
171.0	1.0	0.0	0.0	0.0	-90.0	0.471423	-0.017597	0.471751	-2.137684	0.0	0.00275	0.00275	90.0	0.471423	-0.017597	0.471751	-2.137684	328901.210508
172.0	1.0	0.0	0.0	0.0	-90.0	0.471336	-0.017626	0.471665	-2.141671	0.0	0.002816	0.002816	90.0	0.471336	-0.017626	0.471665	-2.141671	328899.781175
173.0	1.0	0.0	0.0	0.0	-90.0	0.471215	-0.017646	0.471546	-2.144574	0.0	0.002856	0.002856	90.0	0.471215	-0.017646	0.471546	-2.144574	328898.332964
174.0	1.0	0.0	0.0	0.0	-90.0	0.471134	-0.017701	0.471466	-2.151619	0.0	0.00288	0.00288	90.0	0.471134	-0.017701	0.471466	-2.151619	328896.898625
175.0	1.0	0.0	0.0	0.0	-90.0	0.471074	-0.017663	0.471405	-2.14728	0.0	0.002778	0.002778	90.0	0.471074	-0.017663	0.471405	-2.147281	328895.425212
176.0	1.0	0.0	0.0	0.0	-90.0	0.471007	-0.017653	0.471338	-2.146453	0.0	0.002835	0.002835	90.0	0.471007	-0.017653	0.471338	-2.146453	328893.968086
177.0	1.0	0.0	0.0	0.0	-90.0	0.471004	-0.017687	0.471336	-2.150554	0.0	0.003428	0.003428	90.0	0.471003	-0.017686	0.471335	-2.150431	328892.533841
178.0	1.0	0.0	0.0	0.0	-90.0	0.470904	-0.017706	0.471236	-2.153335	0.0	0.002524	0.002524	90.0	0.470904	-0.017706	0.471236	-2.153335	328891.107365
179.0	1.0	0.0	0.0	0.0	-90.0	0.47084	-0.017712	0.471173	-2.154333	0.0	0.00273	0.00273	90.0	0.47084	-0.017712	0.471173	-2.154333	328889.655378
180.0	1.0	0.0	0.0	0.0	-90.0	0.47081	-0.017702	0.471142	-2.153234	0.0	0.002884	0.002884	90.0	0.47081	-0.017703	0.471143	-2.153319	328888.215479
181.0	1.0	0.0	0.0	0.0	-90.0	0.470699	-0.017721	0.471032	-2.156126	0.0	0.002969	0.002969	90.0	0.470699	-0.017721	0.471032	-2.156126	328886.771936
182.0	1.0	0.0	0.0	0.0	-90.0	0.470643	-0.017708	0.470976	-2.154788	0.0	0.003043	0.003043	90.0	0.470643	-0.017708	0.470976	-2.154789	328885.354841
183.0	1.0	0.0	0.0	0.0	-90.0	0.470608	-0.01772	0.470942	-2.15638	0.0	0.003033	0.003033	90.0	0.470608	-0.01772	0.470942	-2.15638	328883.90367
184.0	1.0	0.0	0.0	0.0	-90.0	0.470506	-0.017734	0.47084	-2.158546	0.0	0.003094	0.003094	90.0	0.470506	-0.017734	0.47084	-2.158546	328882.474614
185.0	1.0	0.0	0.0	0.0	-90.0	0.470468	-0.017755	0.470803	-2.161294	0.0	0.004928	0.004928	90.0	0.470468	-0.017755	0.470803	-2.161294	328881.017739
186.0	1.0	0.0	0.0	0.0	-90.0	0.470458	-0.017749	0.470793	-2.160555	0.0	0.001549	0.001549	90.0	0.470458	-0.017749	0.470793	-2.160555	328879.562665
187.0	1.0	0.0	0.0	0.0	-90.0	0.470373	-0.017771	0.470708	-2.163654	0.0	0.003051	0.003051	90.0	0.470373	-0.017771	0.470708	-2.163654	328878.129641
188.0	1.0	0.0	0.0	0.0	-90.0	0.470301	-0.017768	0.470637	-2.163576	0.0	0.003252	0.003252	90.0	0.470301	-0.017768	0.470637	-2.163576	328876.679452
189.0	1.0	0.0	0.0	0.0	-90.0	0.470219	-0.017789	0.470555	-2.16649	0.0	0.003289	0.003289	90.0	0.470217	-0.017787	0.470554	-2.166352	328875.206247
190.0	1.0	0.0	0.0	0.0	-90.0	0.470152	-0.017771	0.470487	-2.164664	0.0	0.00325	0.00325	90.0	0.47015	-0.017775	0.470486	-2.165116	328873.765285
191.0	1.0	0.0	0.0	0.0	-90.0	0.470061	-0.017784	0.470398	-2.166686	0.0	0.003349	0.003349	90.0	0.470061	-0.017784	0.470398	-2.166686	328872.330493
192.0	1.0	0.0	0.0	0.0	-90.0	0.470016	-0.017779	0.470352	-2.166268	0.0	0.003435	0.003435	90.0	0.470017	-0.017782	0.470353	-2.166657	328870.897866
193.0	1.0	0.0	0.0	0.0	-90.0	0.469933	-0.017794	0.47027	-2.168421	0.0	0.004235	0.004235	90.0	0.469933	-0.017794	0.47027	-2.168421	328869.46372
194.0	1.0	0.0	0.0	0.0	-90.0	0.469886	-0.017823	0.470224	-2.172207	0.0	0.004193	0.004193	90.0	0.469886	-0.017823	0.470224	-2.172207	328867.988
195.0	1.0	0.0	0.0	0.0	-90.0	0.469811	-0.017731	0.470145	-2.161335	0.0	0.002473	0.002473	90.0	0.469816	-0.017726	0.470151	-2.16068	328866.541065
196.0	1.0	0.0	0.0	0.0	-90.0	0.46972	-0.017713	0.470054	-2.15958	0.0	-0.005272	0.005272	-90.0	0.46974	-0.017696	0.470073	-2.157376	328865.091044
197.0	1.0	0.0	0.0	0.0	-90.0	0.469763	-0.017804	0.4701	-2.170509	0.0	0.003141	0.003141	90.0	0.469763	-0.017804	0.4701	-2.170509	328863.677877
198.0	1.0	0.0	0.0	0.0	-90.0	0.469666	-0.017761	0.470002	-2.1657	0.0	4.9e-05	4.9e-05	90.0	0.469666	-0.017761	0.470002	-2.1657	328862.241273
199.0	1.0	0.0	0.0	0.0	-90.0	0.469571	-0.017535	0.469899	-2.138525	0.0	0.003653	0.003653	90.0	0.469571	-0.017535	0.469899	-2.138525	328860.770175
200.0	1.0	0.0	0.0	0.0	-90.0	0.4687885	-0.018513500000000002	0.46915450000000003	-2.2617045	0.0	0.002676	0.002676	90.0	0.4687885	-0.018513500000000002	0.469155	-2.2617005	298974.562365
250.0	1.0	0.0	0.0	0.0	-90.0	0.465678	-0.020495	0.466128	-2.520054	0.0	0.002081	0.002081	90.0	0.465681	-0.020493	0.466131	-2.519789	269088.361198
300.0	1.0	0.0	0.0	0.0	-90.0	0.46264	-0.019329	0.463044	-2.392471	0.0	0.002167	0.002167	90.0	0.46264	-0.019329	0.463044	-2.392471	269086.920101
350.0	1.0	0.0	0.0	0.0	-90.0	0.459918	-0.018853	0.460305	-2.347391	0.0	0.002202	0.002202	90.0	0.459918	-0.018853	0.460305	-2.347391	269085.44935
400.0	1.0	0.0	0.0	0.0	-90.0	0.458934	-0.019408	0.459344	-2.421601	0.0	0.002258	0.002258	90.0	0.458934	-0.019408	0.459344	-2.421601	269084.003048
450.0	1.0	0.0	0.0	0.0	-90.0	0.457617	-0.018985	0.458011	-2.375667	0.0	0.0023	0.0023	90.0	0.457617	-0.018985	0.458011	-2.375666	269082.549585
500.0	1.0	0.0	0.0	0.0	-90.0	0.456043	-0.019299	0.456451	-2.423201	0.0	0.002288	0.002288	90.0	0.456043	-0.019299	0.456451	-2.423201	269081.116608
550.0	1.0	0.0	0.0	0.0	-90.0	0.454724	-0.019377	0.455137	-2.44008	0.0	0.002305	0.002305	90.0	0.454725	-0.019378	0.455137	-2.440121	269079.668608
600.0	1.0	0.0	0.0	0.0	-90.0	0.453643	-0.019249	0.454051	-2.429781	0.0	0.002333	0.002333	90.0	0.453643	-0.019249	0.454051	-2.429781	269078.243374
650.0	1.0	0.0	0.0	0.0	-90.0	0.452666	-0.019268	0.453076	-2.437315	0.0	0.002321	0.002321	90.0	0.452666	-0.019268	0.453076	-2.437315	269076.815524
700.0	1.0	0.0	0.0	0.0	-90.0	0.451677	-0.019035	0.452078	-2.413135	0.0	0.002383	0.002383	90.0	0.451677	-0.019035	0.452078	-2.413135	269075.363487
750.0	1.0	0.0	0.0	0.0	-90.0	0.450601	-0.018994	0.451001	-2.413783	0.0	0.002371	0.002371	90.0	0.450601	-0.018994	0.451001	-2.413783	269073.939863
800.0	1.0	0.0	0.0	0.0	-90.0	0.449979	-0.018886	0.450375	-2.403301	0.0	0.002397	0.002397	90.0	0.449979	-0.018886	0.450375	-2.403301	269072.477008
850.0	1.0	0.0	0.0	0.0	-90.0	0.449267	-0.018676	0.449655	-2.380363	0.0	0.00244	0.00244	90.0	0.449267	-0.018676	0.449655	-2.380363	269071.031671
900.0	1.0	0.0	0.0	0.0	-90.0	0.448511	-0.018629	0.448898	-2.378388	0.0	0.002438	0.002438	90.0	0.448511	-0.018629	0.448898	-2.378388	269069.596659
950.0	1.0	0.0	0.0	0.0	-90.0	0.447865	-0.018618	0.448251	-2.380437	0.0	0.002445	0.002445	90.0	0.447865	-0.018618	0.448251	-2.380437	269068.155395
1000.0	1.0	0.0	0.0	0.0	-90.0	0.447292	-0.018548	0.447677	-2.374559	0.0	0.002492	0.002492	90.0	0.447292	-0.018548	0.447677	-2.374559	269066.723259
1050.0	1.0	0.0	0.0	0.0	-90.0	0.446707	-0.018391	0.447086	-2.357581	0.0	0.002463	0.002463	90.0	0.446707	-0.018391	0.447086	-2.357581	269065.284864
1100.0	1.0	0.0	0.0	0.0	-90.0	0.446189	-0.01838	0.446567	-2.358821	0.0	0.002528	0.002528	90.0	0.446189	-0.01838	0.446567	-2.358822	269063.820909
1150.0	1.0	0.0	0.0	0.0	-90.0	0.445705	-0.018331	0.446082	-2.355185	0.0	0.002546	0.002546	90.0	0.445705	-0.018331	0.446082	-2.355185	269062.362295
1200.0	1.0	0.0	0.0	0.0	-90.0	0.445206	-0.018259	0.44558	-2.348561	0.0	0.002578	0.002578	90.0	0.445206	-0.018259	0.44558	-2.348561	269060.896156
1250.0	1.0	0.0	0.0	0.0	-90.0	0.444715	-0.018137	0.445084	-2.335441	0.0	0.002546	0.002546	90.0	0.444715	-0.018137	0.445084	-2.335441	269059.423769
1300.0	1.0	0.0	0.0	0.0	-90.0	0.444304	-0.018131	0.444674	-2.336864	0.0	0.002587	0.002587	90.0	0.444304	-0.018131	0.444674	-2.336864	269057.974804
1350.0	1.0	0.0	0.0	0.0	-90.0	0.443916	-0.018017	0.444282	-2.324215	0.0	0.00257	0.00257	90.0	0.443916	-0.018017	0.444282	-2.324215	269056.489932
1400.0	1.0	0.0	0.0	0.0	-90.0	0.443502	-0.017997	0.443867	-2.323695	0.0	0.002632	0.002632	90.0	0.443502	-0.017997	0.443867	-2.323695	269055.038505
1450.0	1.0	0.0	0.0	0.0	-90.0	0.443127	-0.017919	0.44349	-2.315595	0.0	0.002577	0.002577	90.0	0.443127	-0.017919	0.443489	-2.315602	269053.601979
1500.0	1.0	0.0	0.0	0.0	-90.0	0.44277	-0.017887	0.443132	-2.313338	0.0	0.002635	0.002635	90.0	0.442769	-0.017886	0.44313	-2.313225	269052.17738
1550.0	1.0	0.0	0.0	0.0	-90.0	0.442437	-0.017816	0.442796	-2.305877	0.0	0.00258	0.00258	90.0	0.442437	-0.017816	0.442796	-2.305877	269050.753119
1600.0	1.0	0.0	0.0	0.0	-90.0	0.442076	-0.017802	0.442434	-2.306024	0.0	0.00258	0.00258	90.0	0.442075	-0.017801	0.442433	-2.305852	269049.339703
1650.0	1.0	0.0	0.0	0.0	-90.0	0.441735	-0.01781	0.442094	-2.308832	0.0	0.00263	0.00263	90.0	0.441735	-0.01781	0.442094	-2.308832	269047.920309
1700.0	1.0	0.0	0.0	0.0	-90.0	0.441428	-0.017756	0.441785	-2.303482	0.0	0.002627	0.002627	90.0	0.441428	-0.017756	0.441785	-2.303482	269046.457869
1750.0	1.0	0.0	0.0	0.0	-90.0	0.441109	-0.017722	0.441465	-2.300705	0.0	0.002642	0.002642	90.0	0.441109	-0.017722	0.441465	-2.300705	269045.041304
1800.0	1.0	0.0	0.0	0.0	-90.0	0.44083	-0.0177	0.441185	-2.299281	0.0	0.002589	0.002589	90.0	0.44083	-0.0177	0.441185	-2.299281	269043.571623
1850.0	1.0	0.0	0.0	0.0	-90.0	0.440545	-0.017657	0.440899	-2.295162	0.0	0.002585	0.002585	90.0	0.440545	-0.017657	0.440899	-2.295162	269042.12351
1900.0	1.0	0.0	0.0	0.0	-90.0	0.440272	-0.017643	0.440625	-2.29479	0.0	0.002682	0.002682	90.0	0.440272	-0.017643	0.440626	-2.294748	269040.655814
1950.0	1.0	0.0	0.0	0.0	-90.0	0.440009	-0.017642	0.440363	-2.296045	0.0	0.002566	0.002566	90.0	0.440009	-0.017642	0.440363	-2.296045	269039.23296
2000.0	1.0	0.0	0.0	0.0	-90.0	0.439765	-0.017602	0.440117	-2.29207	0.0	0.002578	0.002578	90.0	0.439765	-0.017602	0.440117	-2.29207	269037.80197
2050.0	1.0	0.0	0.0	0.0	-90.0	0.439494	-0.01759	0.439845	-2.292001	0.0	0.002634	0.002634	90.0	0.439494	-0.01759	0.439845	-2.292001	269036.369137
2100.0	1.0	0.0	0.0	0.0	-90.0	0.439255	-0.017563	0.439606	-2.289624	0.0	0.002579	0.002579	90.0	0.439255	-0.017563	0.439606	-2.289636	269034.93394
2150.0	1.0	0.0	0.0	0.0	-90.0	0.439042	-0.017543	0.439393	-2.288163	0.0	0.002591	0.002591	90.0	0.439042	-0.017543	0.439393	-2.288163	269033.484922
2200.0	1.0	0.0	0.0	0.0	-90.0	0.438811	-0.017532	0.439161	-2.288001	0.0	0.002633	0.002633	90.0	0.438811	-0.017532	0.439161	-2.288001	269032.082526
2250.0	1.0	0.0	0.0	0.0	-90.0	0.438604	-0.017515	0.438954	-2.286867	0.0	0.002641	0.002641	90.0	0.438604	-0.017515	0.438954	-2.286867	269030.622817
2300.0	1.0	0.0	0.0	0.0	-90.0	0.438369	-0.017512	0.438719	-2.287579	0.0	0.002645	0.002645	90.0	0.438369	-0.017512	0.438719	-2.287579	269029.189852
2350.0	1.0	0.0	0.0	0.0	-90.0	0.438155	-0.01751	0.438505	-2.28843	0.0	0.002704	0.002704	90.0	0.438155	-0.01751	0.438505	-2.28843	269027.743185
2400.0	1.0	0.0	0.0	0.0	-90.0	0.437927	-0.017493	0.438276	-2.287477	0.0	0.002648	0.002648	90.0	0.437927	-0.017493	0.438276	-2.287477	269026.299505
2450.0	1.0	0.0	0.0	0.0	-90.0	0.437747	-0.017495	0.438096	-2.288641	0.0	0.002731	0.002731	90.0	0.437747	-0.017495	0.438096	-2.288641	269024.817415
2500.0	1.0	0.0	0.0	0.0	-90.0	0.437538	-0.017483	0.437888	-2.288184	0.0	0.002703	0.002703	90.0	0.437538	-0.017483	0.437888	-2.288184	269023.37333
2550.0	1.0	0.0	0.0	0.0	-90.0	0.437343	-0.017484	0.437692	-2.289277	0.0	0.002684	0.002684	90.0	0.437343	-0.017484	0.437692	-2.289277	269021.969623
2600.0	1.0	0.0	0.0	0.0	-90.0	0.437159	-0.017478	0.437508	-2.289551	0.0	0.002717	0.002717	90.0	0.437159	-0.017478	0.437508	-2.289551	269020.556413
2650.0	1.0	0.0	0.0	0.0	-90.0	0.436973	-0.017468	0.437322	-2.2892	0.0	0.002736	0.002736	90.0	0.436973	-0.017468	0.437322	-2.2892	269019.082316
2700.0	1.0	0.0	0.0	0.0	-90.0	0.436788	-0.017472	0.437138	-2.290621	0.0	0.002776	0.002776	90.0	0.436788	-0.017472	0.437138	-2.290621	269017.669951
2750.0	1.0	0.0	0.0	0.0	-90.0	0.436603	-0.017482	0.436953	-2.292975	0.0	0.002806	0.002806	90.0	0.436603	-0.017482	0.436953	-2.292975	269016.236636
2800.0	1.0	0.0	0.0	0.0	-90.0	0.436407	-0.017473	0.436756	-2.292775	0.0	0.002754	0.002754	90.0	0.436407	-0.017473	0.436756	-2.292775	269014.813154
2850.0	1.0	0.0	0.0	0.0	-90.0	0.43625	-0.017468	0.4366	-2.292977	0.0	0.002799	0.002799	90.0	0.43625	-0.017468	0.4366	-2.292977	269013.365019
2900.0	1.0	0.0	0.0	0.0	-90.0	0.436068	-0.017474	0.436418	-2.294725	0.0	0.002829	0.002829	90.0	0.436068	-0.017474	0.436418	-2.294725	269011.914892
2950.0	1.0	0.0	0.0	0.0	-90.0	0.435919	-0.017478	0.436269	-2.296074	0.0	0.002821	0.002821	90.0	0.435919	-0.017478	0.436269	-2.296077	269010.473948
3000.0	1.0	0.0	0.0	0.0	-90.0	0.435763	-0.017484	0.436113	-2.297598	0.0	0.002842	0.002842	90.0	0.435762	-0.017484	0.436113	-2.297605	269009.027928
3050.0	1.0	0.0	0.0	0.0	-90.0	0.435624	-0.017482	0.435975	-2.298103	0.0	0.00286	0.00286	90.0	0.435624	-0.017482	0.435975	-2.298103	269007.58584
3100.0	1.0	0.0	0.0	0.0	-90.0	0.435499	-0.017489	0.43585	-2.299671	0.0	0.002847	0.002847	90.0	0.435499	-0.017489	0.43585	-2.299671	269006.151994
3150.0	1.0	0.0	0.0	0.0	-90.0	0.435317	-0.017503	0.435669	-2.302433	0.0	0.002864	0.002864	90.0	0.435317	-0.017503	0.435669	-2.302433	269004.710476
3200.0	1.0	0.0	0.0	0.0	-90.0	0.435154	-0.017499	0.435506	-2.302751	0.0	0.002871	0.002871	90.0	0.435154	-0.017499	0.435506	-2.302751	269003.280342
3250.0	1.0	0.0	0.0	0.0	-90.0	0.434989	-0.017502	0.435341	-2.304063	0.0	0.00284	0.00284	90.0	0.434989	-0.017502	0.435341	-2.304063	269001.836924
3300.0	1.0	0.0	0.0	0.0	-90.0	0.434853	-0.017515	0.435205	-2.306562	0.0	0.002919	0.002919	90.0	0.434853	-0.017515	0.435205	-2.306562	269000.38969
3350.0	1.0	0.0	0.0	0.0	-90.0	0.434688	-0.017525	0.435041	-2.308669	0.0	0.002912	0.002912	90.0	0.434688	-0.017525	0.435041	-2.308669	268998.937828
3400.0	1.0	0.0	0.0	0.0	-90.0	0.434553	-0.017526	0.434906	-2.3096	0.0	0.002914	0.002914	90.0	0.434553	-0.017526	0.434906	-2.3096	268997.50354
3450.0	1.0	0.0	0.0	0.0	-90.0	0.434422	-0.017544	0.434776	-2.312568	0.0	0.002899	0.002899	90.0	0.434422	-0.017544	0.434776	-2.312568	268996.095438
3500.0	1.0	0.0	0.0	0.0	-90.0	0.434266	-0.017552	0.434621	-2.314534	0.0	0.002942	0.002942	90.0	0.434266	-0.017552	0.434621	-2.314534	268994.662057
3550.0	1.0	0.0	0.0	0.0	-90.0	0.434128	-0.017565	0.434483	-2.316913	0.0	0.00291	0.00291	90.0	0.434128	-0.017565	0.434483	-2.316913	268993.25256
3600.0	1.0	0.0	0.0	0.0	-90.0	0.434031	-0.01757	0.434386	-2.318077	0.0	0.00294	0.00294	90.0	0.434031	-0.01757	0.434386	-2.318077	268991.817829
3650.0	1.0	0.0	0.0	0.0	-90.0	0.433915	-0.017573	0.43427	-2.319128	0.0	0.002934	0.002934	90.0	0.433915	-0.017573	0.43427	-2.319128	268990.392482
3700.0	1.0	0.0	0.0	0.0	-90.0	0.433781	-0.017581	0.434137	-2.320922	0.0	0.002975	0.002975	90.0	0.433781	-0.017581	0.434137	-2.320922	268988.934223
3750.0	1.0	0.0	0.0	0.0	-90.0	0.433677	-0.017601	0.434034	-2.324146	0.0	0.003001	0.003001	90.0	0.433677	-0.017601	0.434034	-2.324146	268987.444932
3800.0	1.0	0.0	0.0	0.0	-90.0	0.433543	-0.01761	0.4339	-2.32597	0.0	0.003009	0.003009	90.0	0.433543	-0.01761	0.4339	-2.32597	268985.994886
3850.0	1.0	0.0	0.0	0.0	-90.0	0.433402	-0.017618	0.43376	-2.327757	0.0	0.003013	0.003013	90.0	0.433402	-0.017618	0.43376	-2.327757	268984.56648
3900.0	1.0	0.0	0.0	0.0	-90.0	0.433305	-0.017634	0.433663	-2.330426	0.0	0.002935	0.002935	90.0	0.433305	-0.017634	0.433663	-2.330426	268983.155867
3950.0	1.0	0.0	0.0	0.0	-90.0	0.433185	-0.017643	0.433544	-2.332273	0.0	0.003049	0.003049	90.0	0.433185	-0.017643	0.433544	-2.332273	268981.748985
4000.0	1.0	0.0	0.0	0.0	-90.0	0.433066	-0.017656	0.433426	-2.334591	0.0	0.003026	0.003026	90.0	0.433066	-0.017656	0.433426	-2.334591	268980.283701
4050.0	1.0	0.0	0.0	0.0	-90.0	0.432969	-0.017673	0.433329	-2.337465	0.0	0.003079	0.003079	90.0	0.432969	-0.017673	0.433329	-2.337465	268978.853033
4100.0	1.0	0.0	0.0	0.0	-90.0	0.432834	-0.017684	0.433195	-2.339584	0.0	0.003104	0.003104	90.0	0.432834	-0.017684	0.433195	-2.339584	268977.40981
4150.0	1.0	0.0	0.0	0.0	-90.0	0.432753	-0.017697	0.433114	-2.34172	0.0	0.003149	0.003149	90.0	0.432753	-0.017697	0.433114	-2.34172	268975.968169
4200.0	1.0	0.0	0.0	0.0	-90.0	0.432636	-0.017712	0.432999	-2.344365	0.0	0.003161	0.003161	90.0	0.432636	-0.017712	0.432999	-2.344365	268974.494138
4250.0	1.0	0.0	0.0	0.0	-90.0	0.432498	-0.017726	0.432861	-2.34691	0.0	0.003219	0.003219	90.0	0.432498	-0.017726	0.432861	-2.34691	268973.043647
4300.0	1.0	0.0	0.0	0.0	-90.0	0.432384	-0.017736	0.432747	-2.348971	0.0	0.003192	0.003192	90.0	0.432384	-0.017736	0.432747	-2.348971	268971.600438
4350.0	1.0	0.0	0.0	0.0	-90.0	0.432267	-0.017753	0.432631	-2.351802	0.0	0.003287	0.003287	90.0	0.432267	-0.017753	0.432631	-2.351802	268970.156776
4400.0	1.0	0.0	0.0	0.0	-90.0	0.432163	-0.017766	0.432528	-2.354108	0.0	0.003273	0.003273	90.0	0.432163	-0.017766	0.432528	-2.354108	268968.748513
4450.0	1.0	0.0	0.0	0.0	-90.0	0.43205	-0.017781	0.432416	-2.356688	0.0	0.003296	0.003296	90.0	0.43205	-0.017781	0.432416	-2.356688	268967.338522
4500.0	1.0	0.0	0.0	0.0	-90.0	0.431924	-0.017796	0.432291	-2.359283	0.0	0.003311	0.003311	90.0	0.431924	-0.017796	0.432291	-2.359283	268965.897235
4550.0	1.0	0.0	0.0	0.0	-90.0	0.431826	-0.017811	0.432193	-2.361853	0.0	0.00332	0.00332	90.0	0.431826	-0.017811	0.432193	-2.361853	268964.456273
4600.0	1.0	0.0	0.0	0.0	-90.0	0.43171	-0.017823	0.432078	-2.364095	0.0	0.003322	0.003322	90.0	0.43171	-0.017823	0.432078	-2.364095	268963.053736
4650.0	1.0	0.0	0.0	0.0	-90.0	0.431621	-0.017839	0.431989	-2.366642	0.0	0.00331	0.00331	90.0	0.431621	-0.017839	0.431989	-2.366642	268961.607
4700.0	1.0	0.0	0.0	0.0	-90.0	0.431534	-0.017854	0.431903	-2.36915	0.0	0.003407	0.003407	90.0	0.431534	-0.017854	0.431903	-2.36915	268960.166804
4750.0	1.0	0.0	0.0	0.0	-90.0	0.431435	-0.017872	0.431805	-2.372046	0.0	0.003391	0.003391	90.0	0.431435	-0.017872	0.431805	-2.372046	268958.651492
4800.0	1.0	0.0	0.0	0.0	-90.0	0.431358	-0.017884	0.431729	-2.374073	0.0	0.003473	0.003473	90.0	0.431358	-0.017884	0.431729	-2.374073	268957.206685
4850.0	1.0	0.0	0.0	0.0	-90.0	0.431264	-0.017897	0.431635	-2.376403	0.0	0.003598	0.003598	90.0	0.431264	-0.017897	0.431635	-2.376403	268955.637672
4900.0	1.0	0.0	0.0	0.0	-90.0	0.431159	-0.017912	0.431531	-2.378935	0.0	0.004485	0.004485	90.0	0.431159	-0.017912	0.431531	-2.378935	268954.231643
4950.0	1.0	0.0	0.0	0.0	-90.0	0.431031	-0.017911	0.431403	-2.379437	0.0	-0.021121	0.021121	-90.0	0.431031	-0.017911	0.431403	-2.379437	268952.7604
5000.0	1.0	0.0	0.0	0.0	-90.0	0.4313175	-0.01795	0.431691	-2.3830445	0.0	0.001931	0.001931	90.0	0.431318	-0.01795	0.431691	-2.383045	267403.5722075
10000.0	1.0	0.0	0.0	0.0	-90.0	0.424868	-0.020073	0.425342	-2.704975	0.0	0.001796	0.001796	90.0	0.424868	-0.020073	0.425342	-2.704975	265854.360701
15000.0	1.0	0.0	0.0	0.0	-90.0	0.420629	-0.02227	0.421218	-3.030652	0.0	0.001834	0.001834	90.0	0.420629	-0.02227	0.421218	-3.030652	265852.909393
20000.0	1.0	0.0	0.0	0.0	-90.0	0.417485	-0.024388	0.418197	-3.343162	0.0	0.001863	0.001863	90.0	0.417485	-0.024388	0.418197	-3.343162	265851.43664
25000.0	1.0	0.0	0.0	0.0	-90.0	0.414881	-0.0264	0.41572	-3.640979	0.0	0.001872	0.001872	90.0	0.414881	-0.0264	0.41572	-3.640979	265850.014511
30000.0	1.0	0.0	0.0	0.0	-90.0	0.412671	-0.028344	0.413643	-3.929174	0.0	0.001893	0.001893	90.0	0.412671	-0.028344	0.413643	-3.929174	265848.580973
35000.0	1.0	0.0	0.0	0.0	-90.0	0.41071	-0.030233	0.411821	-4.209984	0.0	0.001897	0.001897	90.0	0.41071	-0.030233	0.411821	-4.209984	265847.133535
40000.0	1.0	0.0	0.0	0.0	-90.0	0.408945	-0.032078	0.410201	-4.485128	0.0	0.001909	0.001909	90.0	0.408945	-0.032078	0.410201	-4.485128	265845.693856
45000.0	1.0	0.0	0.0	0.0	-90.0	0.407348	-0.033882	0.408754	-4.754783	0.0	0.00191	0.00191	90.0	0.407348	-0.033882	0.408754	-4.754783	265844.255948
50000.0	1.0	0.0	0.0	0.0	-90.0	0.405856	-0.035655	0.407419	-5.020608	0.0	0.001996	0.001996	90.0	0.405856	-0.035655	0.407419	-5.020612	265842.831427
55000.0	1.0	0.0	0.0	0.0	-90.0	0.404464	-0.037401	0.40619	-5.283144	0.0	0.002008	0.002008	90.0	0.404464	-0.037401	0.40619	-5.283144	265841.373326
60000.0	1.0	0.0	0.0	0.0	-90.0	0.403196	-0.039125	0.40509	-5.542405	0.0	0.001988	0.001988	90.0	0.403197	-0.039125	0.40509	-5.542403	265839.94044
65000.0	1.0	0.0	0.0	0.0	-90.0	0.401947	-0.040826	0.404015	-5.799711	0.0	0.001977	0.001977	90.0	0.401946	-0.040826	0.404014	-5.79971	265838.51356
70000.0	1.0	0.0	0.0	0.0	-90.0	0.400793	-0.042511	0.403041	-6.054582	0.0	0.001999	0.001999	90.0	0.400793	-0.042511	0.403041	-6.054582	265837.082234
75000.0	1.0	0.0	0.0	0.0	-90.0	0.399692	-0.044179	0.402127	-6.307514	0.0	0.001989	0.001989	90.0	0.399692	-0.044179	0.402127	-6.307514	265835.583059
80000.0	1.0	0.0	0.0	0.0	-90.0	0.398613	-0.045828	0.401239	-6.558476	0.0	0.001993	0.001993	90.0	0.398613	-0.045828	0.401239	-6.558476	265834.150401
85000.0	1.0	0.0	0.0	0.0	-90.0	0.397562	-0.047464	0.400385	-6.808247	0.0	0.002034	0.002034	90.0	0.397562	-0.047464	0.400385	-6.808247	265832.710316
90000.0	1.0	0.0	0.0	0.0	-90.0	0.396553	-0.049087	0.39958	-7.056372	0.0	0.002029	0.002029	90.0	0.396553	-0.049087	0.39958	-7.056372	265831.245639
95000.0	1.0	0.0	0.0	0.0	-90.0	0.395563	-0.050695	0.398798	-7.303146	0.0	0.00202	0.00202	90.0	0.395563	-0.050695	0.398798	-7.303146	265829.81809
100000.0	1.0	0.0	0.0	0.0	-90.0	0.394647	-0.052297	0.398097	-7.548653	0.0	0.001991	0.001991	90.0	0.394647	-0.052297	0.398097	-7.548653	265828.402471
105000.0	1.0	0.0	0.0	0.0	-90.0	0.393727	-0.053887	0.397398	-7.793263	0.0	0.001923	0.001923	90.0	0.393727	-0.053887	0.397398	-7.793263	265826.932331
110000.0	1.0	0.0	0.0	0.0	-90.0	0.392856	-0.055466	0.396752	-8.036325	0.0	0.002009	0.002009	90.0	0.392856	-0.055466	0.396752	-8.036325	265825.488183
115000.0	1.0	0.0	0.0	0.0	-90.0	0.391968	-0.057034	0.396096	-8.278812	0.0	0.002016	0.002016	90.0	0.391968	-0.057034	0.396096	-8.278811	265824.043058
120000.0	1.0	0.0	0.0	0.0	-90.0	0.391091	-0.058589	0.395456	-8.520086	0.0	0.00204	0.00204	90.0	0.391091	-0.058589	0.395456	-8.520086	265822.628901
125000.0	1.0	0.0	0.0	0.0	-90.0	0.390231	-0.060133	0.394837	-8.760105	0.0	0.002009	0.002009	90.0	0.390231	-0.060133	0.394837	-8.760105	265821.217191
130000.0	1.0	0.0	0.0	0.0	-90.0	0.389388	-0.061677	0.394243	-9.000517	0.0	0.002032	0.002032	90.0	0.389388	-0.061677	0.394243	-9.000517	265819.706901
135000.0	1.0	0.0	0.0	0.0	-90.0	0.388532	-0.063203	0.393639	-9.239482	0.0	0.002013	0.002013	90.0	0.388532	-0.063203	0.393639	-9.239482	265818.284788
140000.0	1.0	0.0	0.0	0.0	-90.0	0.387702	-0.064724	0.393068	-9.477658	0.0	0.00197	0.00197	90.0	0.387702	-0.064724	0.393068	-9.477658	265816.829918
145000.0	1.0	0.0	0.0	0.0	-90.0	0.386884	-0.066237	0.392513	-9.715152	0.0	0.002038	0.002038	90.0	0.386884	-0.066237	0.392513	-9.715153	265815.399116
150000.0	1.0	0.0	0.0	0.0	-90.0	0.386104	-0.067746	0.392002	-9.951834	0.0	0.002021	0.002021	90.0	0.386104	-0.067746	0.392002	-9.951834	265813.950611
155000.0	1.0	0.0	0.0	0.0	-90.0	0.385318	-0.069247	0.391491	-10.188074	0.0	0.00207	0.00207	90.0	0.385318	-0.069247	0.391491	-10.188076	265812.524145
160000.0	1.0	0.0	0.0	0.0	-90.0	0.384507	-0.070735	0.390959	-10.423742	0.0	0.00209	0.00209	90.0	0.384507	-0.070735	0.390959	-10.423742	265811.093938
165000.0	1.0	0.0	0.0	0.0	-90.0	0.383719	-0.072217	0.390456	-10.658536	0.0	0.002025	0.002025	90.0	0.383719	-0.072217	0.390456	-10.658537	265809.622286
170000.0	1.0	0.0	0.0	0.0	-90.0	0.382949	-0.073698	0.389976	-10.893322	0.0	0.001991	0.001991	90.0	0.38295	-0.073698	0.389977	-10.893321	265808.150709
175000.0	1.0	0.0	0.0	0.0	-90.0	0.382165	-0.075166	0.389487	-11.127231	0.0	0.001999	0.001999	90.0	0.382165	-0.075166	0.389487	-11.127233	265806.635212
180000.0	1.0	0.0	0.0	0.0	-90.0	0.381378	-0.07663	0.389	-11.361126	0.0	0.002056	0.002056	90.0	0.381378	-0.07663	0.389001	-11.361124	265805.173257
185000.0	1.0	0.0	0.0	0.0	-90.0	0.380604	-0.078085	0.388532	-11.593945	0.0	0.002049	0.002049	90.0	0.380604	-0.078085	0.388532	-11.593945	265803.727577
190000.0	1.0	0.0	0.0	0.0	-90.0	0.379824	-0.079534	0.388061	-11.826627	0.0	0.002046	0.002046	90.0	0.379824	-0.079534	0.388062	-11.826627	265802.278433
195000.0	1.0	0.0	0.0	0.0	-90.0	0.379061	-0.080979	0.387614	-12.058892	0.0	0.002101	0.002101	90.0	0.379061	-0.080979	0.387614	-12.058892	265800.836257
200000.0	1.0	0.0	0.0	0.0	-90.0	0.378286	-0.082418	0.38716	-12.291077	0.0	0.002145	0.002145	90.0	0.378286	-0.082418	0.38716	-12.291077	265799.394335
205000.0	1.0	0.0	0.0	0.0	-90.0	0.377517	-0.083848	0.386716	-12.52241	0.0	0.002097	0.002097	90.0	0.377517	-0.083848	0.386716	-12.522411	265797.978442
210000.0	1.0	0.0	0.0	0.0	-90.0	0.376745	-0.085273	0.386275	-12.753505	0.0	0.002144	0.002144	90.0	0.376745	-0.085273	0.386275	-12.753505	265796.505505
215000.0	1.0	0.0	0.0	0.0	-90.0	0.375992	-0.086696	0.385857	-12.984261	0.0	0.002057	0.002057	90.0	0.375992	-0.086696	0.385857	-12.984261	265795.063451
220000.0	1.0	0.0	0.0	0.0	-90.0	0.37524	-0.088112	0.385447	-13.214543	0.0	0.002045	0.002045	90.0	0.37524	-0.088112	0.385447	-13.214543	265793.641732
225000.0	1.0	0.0	0.0	0.0	-90.0	0.374465	-0.089518	0.385017	-13.444535	0.0	0.002125	0.002125	90.0	0.374465	-0.089518	0.385017	-13.444535	265792.159306
230000.0	1.0	0.0	0.0	0.0	-90.0	0.373688	-0.090919	0.384589	-13.674461	0.0	0.002085	0.002085	90.0	0.373688	-0.090919	0.384589	-13.674461	265790.712936
235000.0	1.0	0.0	0.0	0.0	-90.0	0.372932	-0.092318	0.384189	-13.903916	0.0	0.002149	0.002149	90.0	0.372932	-0.092318	0.384189	-13.903913	265789.270103
240000.0	1.0	0.0	0.0	0.0	-90.0	0.372184	-0.093716	0.383801	-14.133233	0.0	0.002163	0.002163	90.0	0.372184	-0.093716	0.383801	-14.133233	265787.832522
245000.0	1.0	0.0	0.0	0.0	-90.0	0.371406	-0.0951	0.383388	-14.362226	0.0	0.002108	0.002108	90.0	0.371405	-0.0951	0.383387	-14.362228	265786.421255
250000.0	1.0	0.0	0.0	0.0	-90.0	0.370625	-0.096476	0.382976	-14.590724	0.0	0.002148	0.002148	90.0	0.370624	-0.096476	0.382975	-14.590724	265785.006905
255000.0	1.0	0.0	0.0	0.0	-90.0	0.369879	-0.097863	0.382607	-14.819747	0.0	0.002132	0.002132	90.0	0.369878	-0.097862	0.382605	-14.819753	265783.569012
260000.0	1.0	0.0	0.0	0.0	-90.0	0.369116	-0.099236	0.382223	-15.04806	0.0	0.00211	0.00211	90.0	0.369116	-0.099236	0.382223	-15.04806	265782.122162
265000.0	1.0	0.0	0.0	0.0	-90.0	0.368346	-0.100603	0.381838	-15.276066	0.0	0.00216	0.00216	90.0	0.368346	-0.100603	0.381837	-15.276063	265780.703005
270000.0	1.0	0.0	0.0	0.0	-90.0	0.367556	-0.101957	0.381435	-15.503664	0.0	0.002141	0.002141	90.0	0.367556	-0.101957	0.381435	-15.503664	265779.250838
275000.0	1.0	0.0	0.0	0.0	-90.0	0.366792	-0.103318	0.381066	-15.731414	0.0	0.002126	0.002126	90.0	0.366792	-0.103318	0.381066	-15.731414	265777.809392
280000.0	1.0	0.0	0.0	0.0	-90.0	0.366036	-0.104673	0.380708	-15.958638	0.0	0.002137	0.002137	90.0	0.366036	-0.104673	0.380708	-15.958638	265776.396441
285000.0	1.0	0.0	0.0	0.0	-90.0	0.365284	-0.106026	0.38036	-16.185773	0.0	0.002138	0.002138	90.0	0.365284	-0.106026	0.38036	-16.185773	265774.941252
290000.0	1.0	0.0	0.0	0.0	-90.0	0.364509	-0.107368	0.379993	-16.412675	0.0	0.002142	0.002142	90.0	0.364509	-0.107368	0.379993	-16.412675	265773.502741
295000.0	1.0	0.0	0.0	0.0	-90.0	0.363743	-0.10871	0.37964	-16.639551	0.0	0.002151	0.002151	90.0	0.363743	-0.10871	0.37964	-16.639556	265772.058932
300000.0	1.0	0.0	0.0	0.0	-90.0	0.36297	-0.110044	0.379285	-16.865991	0.0	0.002163	0.002163	90.0	0.36297	-0.110044	0.379285	-16.865991	265770.61031
305000.0	1.0	0.0	0.0	0.0	-90.0	0.362194	-0.111375	0.378932	-17.092724	0.0	0.002144	0.002144	90.0	0.362194	-0.111375	0.378932	-17.092724	265769.114882
310000.0	1.0	0.0	0.0	0.0	-90.0	0.361425	-0.112703	0.37859	-17.31906	0.0	0.002175	0.002175	90.0	0.361425	-0.112703	0.37859	-17.31906	265767.682992
315000.0	1.0	0.0	0.0	0.0	-90.0	0.360651	-0.114025	0.378247	-17.545111	0.0	0.002157	0.002157	90.0	0.360651	-0.114025	0.378247	-17.545111	265766.232425
320000.0	1.0	0.0	0.0	0.0	-90.0	0.359874	-0.115341	0.377906	-17.770898	0.0	0.002144	0.002144	90.0	0.359874	-0.115341	0.377906	-17.770898	265764.785048
325000.0	1.0	0.0	0.0	0.0	-90.0	0.359108	-0.116659	0.377582	-17.996803	0.0	0.002153	0.002153	90.0	0.359108	-0.116659	0.377582	-17.996802	265763.340008
330000.0	1.0	0.0	0.0	0.0	-90.0	0.358306	-0.117963	0.377225	-18.22284	0.0	0.002207	0.002207	90.0	0.358306	-0.117963	0.377225	-18.22284	265761.907238
335000.0	1.0	0.0	0.0	0.0	-90.0	0.35752	-0.119266	0.376889	-18.448301	0.0	0.00222	0.00222	90.0	0.35752	-0.119266	0.376889	-18.448301	265760.468719
340000.0	1.0	0.0	0.0	0.0	-90.0	0.356738	-0.120566	0.376561	-18.67358	0.0	0.002214	0.002214	90.0	0.356738	-0.120566	0.376561	-18.67358	265759.002843
345000.0	1.0	0.0	0.0	0.0	-90.0	0.355951	-0.12186	0.376232	-18.898624	0.0	0.002175	0.002175	90.0	0.355951	-0.12186	0.376232	-18.898624	265757.552166
350000.0	1.0	0.0	0.0	0.0	-90.0	0.355161	-0.123151	0.375907	-19.123795	0.0	0.002226	0.002226	90.0	0.355161	-0.123151	0.375907	-19.123804	265756.108865
355000.0	1.0	0.0	0.0	0.0	-90.0	0.354364	-0.124437	0.375577	-19.349091	0.0	0.002266	0.002266	90.0	0.354364	-0.124437	0.375577	-19.349091	265754.67428
360000.0	1.0	0.0	0.0	0.0	-90.0	0.353557	-0.125717	0.375243	-19.574187	0.0	0.002216	0.002216	90.0	0.353557	-0.125717	0.375243	-19.574187	265753.216499
365000.0	1.0	0.0	0.0	0.0	-90.0	0.352761	-0.126997	0.374925	-19.799316	0.0	0.002263	0.002263	90.0	0.352761	-0.126997	0.374925	-19.799316	265751.810574
370000.0	1.0	0.0	0.0	0.0	-90.0	0.351951	-0.128269	0.374596	-20.024349	0.0	0.002217	0.002217	90.0	0.351951	-0.128269	0.374596	-20.024349	265750.363146
375000.0	1.0	0.0	0.0	0.0	-90.0	0.35115	-0.129531	0.374278	-20.24786	0.0	0.002167	0.002167	90.0	0.35115	-0.129531	0.374278	-20.24786	265748.91831
380000.0	1.0	0.0	0.0	0.0	-90.0	0.350333	-0.130799	0.373954	-20.473385	0.0	0.002218	0.002218	90.0	0.350333	-0.130799	0.373954	-20.473385	265747.439565
385000.0	1.0	0.0	0.0	0.0	-90.0	0.349534	-0.132066	0.373651	-20.698246	0.0	0.002178	0.002178	90.0	0.349534	-0.132066	0.373651	-20.698246	265745.978706
390000.0	1.0	0.0	0.0	0.0	-90.0	0.348705	-0.133317	0.373321	-20.92287	0.0	0.002232	0.002232	90.0	0.348705	-0.133317	0.373321	-20.92287	265744.549472
395000.0	1.0	0.0	0.0	0.0	-90.0	0.347888	-0.13457	0.373009	-21.147464	0.0	0.002191	0.002191	90.0	0.347888	-0.13457	0.373009	-21.147464	265743.090948
400000.0	1.0	0.0	0.0	0.0	-90.0	0.347049	-0.135809	0.372676	-21.371657	0.0	0.00222	0.00222	90.0	0.347049	-0.135809	0.372676	-21.371657	265741.667919
405000.0	1.0	0.0	0.0	0.0	-90.0	0.346216	-0.137048	0.372354	-21.595941	0.0	0.002227	0.002227	90.0	0.346216	-0.137048	0.372354	-21.595943	265740.217254
410000.0	1.0	0.0	0.0	0.0	-90.0	0.345375	-0.138284	0.37203	-21.820605	0.0	0.002238	0.002238	90.0	0.345375	-0.138284	0.37203	-21.820605	265738.779227
415000.0	1.0	0.0	0.0	0.0	-90.0	0.34456	-0.139524	0.371738	-22.044615	0.0	0.002171	0.002171	90.0	0.34456	-0.139524	0.371738	-22.044615	265737.33724
420000.0	1.0	0.0	0.0	0.0	-90.0	0.343728	-0.140752	0.37143	-22.26846	0.0	0.002216	0.002216	90.0	0.343728	-0.140752	0.37143	-22.26846	265735.894217
425000.0	1.0	0.0	0.0	0.0	-90.0	0.342921	-0.141988	0.371154	-22.4923	0.0	0.002236	0.002236	90.0	0.342921	-0.141988	0.371154	-22.4923	265734.451202
430000.0	1.0	0.0	0.0	0.0	-90.0	0.342076	-0.143209	0.370843	-22.716496	0.0	0.002255	0.002255	90.0	0.342076	-0.143209	0.370843	-22.716496	265732.997185
435000.0	1.0	0.0	0.0	0.0	-90.0	0.341224	-0.144424	0.370529	-22.940613	0.0	0.002258	0.002258	90.0	0.341224	-0.144424	0.370529	-22.940612	265731.544025
440000.0	1.0	0.0	0.0	0.0	-90.0	0.340356	-0.145632	0.370204	-23.165208	0.0	0.002285	0.002285	90.0	0.340356	-0.145632	0.370204	-23.165209	265730.0973
445000.0	1.0	0.0	0.0	0.0	-90.0	0.339489	-0.146833	0.369882	-23.389012	0.0	0.002242	0.002242	90.0	0.33949	-0.146833	0.369883	-23.389016	265728.662246
450000.0	1.0	0.0	0.0	0.0	-90.0	0.338635	-0.148035	0.369578	-23.61261	0.0	0.002232	0.002232	90.0	0.338635	-0.148035	0.369578	-23.61261	265727.23219
455000.0	1.0	0.0	0.0	0.0	-90.0	0.337782	-0.14924	0.369282	-23.836932	0.0	0.002252	0.002252	90.0	0.337782	-0.14924	0.369282	-23.836932	265725.772231
460000.0	1.0	0.0	0.0	0.0	-90.0	0.33692	-0.150436	0.36898	-24.060941	0.0	0.002249	0.002249	90.0	0.33692	-0.150436	0.36898	-24.060941	265724.274568
465000.0	1.0	0.0	0.0	0.0	-90.0	0.336053	-0.151626	0.368676	-24.284706	0.0	0.002195	0.002195	90.0	0.336053	-0.151626	0.368676	-24.284706	265722.825986
470000.0	1.0	0.0	0.0	0.0	-90.0	0.335211	-0.152818	0.368401	-24.507658	0.0	0.002198	0.002198	90.0	0.335211	-0.152818	0.368402	-24.507659	265721.314154
475000.0	1.0	0.0	0.0	0.0	-90.0	0.334349	-0.154005	0.368112	-24.731296	0.0	0.002233	0.002233	90.0	0.334349	-0.154005	0.368112	-24.731296	265719.892752
480000.0	1.0	0.0	0.0	0.0	-90.0	0.333441	-0.155186	0.367785	-24.957673	0.0	0.002266	0.002266	90.0	0.333441	-0.155186	0.367785	-24.957673	265718.444782
485000.0	1.0	0.0	0.0	0.0	-90.0	0.332565	-0.156357	0.367487	-25.180731	0.0	0.002196	0.002196	90.0	0.332565	-0.156357	0.367487	-25.180731	265717.023628
490000.0	1.0	0.0	0.0	0.0	-90.0	0.331681	-0.157523	0.367186	-25.404074	0.0	0.002148	0.002148	90.0	0.331681	-0.157523	0.367186	-25.404074	265715.571957
495000.0	1.0	0.0	0.0	0.0	-90.0	0.330797	-0.15869	0.366892	-25.627937	0.0	0.002169	0.002169	90.0	0.330797	-0.15869	0.366892	-25.627937	265714.144643
500000.0	1.0	0.0	0.0	0.0	-90.0	0.32989	-0.159838	0.366573	-25.851036	0.0	0.002655	0.002655	90.0	0.32989	-0.159838	0.366573	-25.851036	265712.711459
