# Oscilator_frequency (Hz)	DemodAll_A (-)	Demod_1_X_A (A)	Demod_1_Y_A (A)	Demod_1__R_A (A)	Demod_1__Theta_A (deg)	Demod_2_X_A (A)	Demod_2_Y_A (A)	Demod_2__R_A (A)	Demod_2__Theta_A (deg)	Demod_3_X_A (V)	Demod_3_Y_A (V)	Demod_3__R_A (V)	Demod_3__Theta_A (deg)	Demod_4_X_A (V)	Demod_4_Y_A (V)	Demod_4__R_A (V)	Demod_4__Theta_A (deg)	Timer_GET (s)	
200.000000	 1.000000	 0.000000	 -0.000000	 0.000000	 -90.000000	 -0.000000	 -0.000000	 0.000000	 -145.759689	 0.000000	 1.500683	 1.500683	 90.000000	 0.266188	 -0.021793	 0.267078	 -4.680493	 3384.689540	
199.000000	 1.000000	 0.000000	 -0.000000	 0.000000	 -90.000000	 -0.000000	 -0.000000	 0.000000	 -120.835128	 0.000000	 1.548204	 1.548204	 90.000000	 0.266815	 -0.023122	 0.267815	 -4.952889	 3386.149838	
198.000000	 1.000000	 0.000000	 -0.000000	 0.000000	 -90.000000	 -0.000000	 -0.000000	 0.000000	 -150.718379	 0.000000	 1.583689	 1.583689	 90.000000	 0.267308	 -0.024085	 0.268391	 -5.148588	 3387.576445	
197.000000	 1.000000	 0.000000	 -0.000000	 0.000000	 -90.000000	 -0.000000	 -0.000000	 0.000000	 -98.730603	 0.000000	 1.608843	 1.608843	 90.000000	 0.267883	 -0.024807	 0.269029	 -5.290668	 3389.019640	
196.000000	 1.000000	 0.000000	 -0.000000	 0.000000	 -90.000000	 0.000000	 -0.000000	 0.000000	 -37.868700	 0.000000	 1.637632	 1.637632	 90.000000	 0.268326	 -0.025664	 0.269551	 -5.463393	 3390.459749	
195.000000	 1.000000	 0.000000	 -0.000000	 0.000000	 -90.000000	 -0.000000	 -0.000000	 0.000000	 -162.610398	 0.000000	 1.655152	 1.655152	 90.000000	 0.268657	 -0.026243	 0.269936	 -5.579173	 3391.885716	
194.000000	 1.000000	 0.000000	 -0.000000	 0.000000	 -90.000000	 0.000000	 0.000000	 0.000000	 32.760536	 0.000000	 1.669565	 1.669565	 90.000000	 0.269012	 -0.026848	 0.270349	 -5.699286	 3393.317964	
193.000000	 1.000000	 0.000000	 -0.000000	 0.000000	 -90.000000	 -0.000000	 0.000000	 0.000000	 167.619226	 0.000000	 1.682610	 1.682610	 90.000000	 0.269305	 -0.027344	 0.270689	 -5.797611	 3394.752469	
192.000000	 1.000000	 0.000000	 -0.000000	 0.000000	 -90.000000	 -0.000000	 -0.000000	 0.000000	 -176.155127	 0.000000	 1.694062	 1.694062	 90.000000	 0.269617	 -0.027812	 0.271048	 -5.889393	 3396.198303	
191.000000	 1.000000	 0.000000	 -0.000000	 0.000000	 -90.000000	 -0.000000	 -0.000000	 0.000000	 -146.910802	 0.000000	 1.703652	 1.703652	 90.000000	 0.269888	 -0.028235	 0.271360	 -5.972388	 3397.646069	
190.000000	 1.000000	 0.000000	 -0.000000	 0.000000	 -90.000000	 0.000000	 0.000000	 0.000000	 36.906766	 0.000000	 1.712195	 1.712195	 90.000000	 0.270123	 -0.028622	 0.271635	 -6.048436	 3399.109677	
189.000000	 1.000000	 0.000000	 -0.000000	 0.000000	 -90.000000	 0.000000	 -0.000000	 0.000000	 -27.376309	 0.000000	 1.719446	 1.719446	 90.000000	 0.270376	 -0.028993	 0.271926	 -6.120465	 3400.574882	
188.000000	 1.000000	 0.000000	 -0.000000	 0.000000	 -90.000000	 -0.000000	 -0.000000	 0.000000	 -141.638704	 0.000000	 1.725823	 1.725823	 90.000000	 0.270592	 -0.029302	 0.272174	 -6.180461	 3402.043350	
187.000000	 1.000000	 0.000000	 -0.000000	 0.000000	 -90.000000	 0.000000	 0.000000	 0.000000	 76.396760	 0.000000	 1.731516	 1.731516	 90.000000	 0.270800	 -0.029596	 0.272413	 -6.237199	 3403.491801	
186.000000	 1.000000	 0.000000	 -0.000000	 0.000000	 -90.000000	 -0.000000	 -0.000000	 0.000000	 -122.612643	 0.000000	 1.736538	 1.736538	 90.000000	 0.271028	 -0.029888	 0.272671	 -6.292869	 3404.972721	
185.000000	 1.000000	 0.000000	 -0.000000	 0.000000	 -90.000000	 -0.000000	 -0.000000	 0.000000	 -98.252850	 0.000000	 1.741064	 1.741064	 90.000000	 0.271232	 -0.030176	 0.272905	 -6.348249	 3406.420653	
184.000000	 1.000000	 0.000000	 -0.000000	 0.000000	 -90.000000	 0.000000	 -0.000000	 0.000000	 -23.701915	 0.000000	 1.744873	 1.744873	 90.000000	 0.271366	 -0.030396	 0.273064	 -6.391200	 3407.876002	
183.000000	 1.000000	 0.000000	 -0.000000	 0.000000	 -90.000000	 0.000000	 -0.000000	 0.000000	 -60.245603	 0.000000	 1.748597	 1.748597	 90.000000	 0.271602	 -0.030669	 0.273328	 -6.442398	 3409.321317	
182.000000	 1.000000	 0.000000	 -0.000000	 0.000000	 -90.000000	 0.000000	 0.000000	 0.000000	 85.807689	 0.000000	 1.751676	 1.751676	 90.000000	 0.271762	 -0.030909	 0.273514	 -6.488782	 3410.745138	
181.000000	 1.000000	 0.000000	 -0.000000	 0.000000	 -90.000000	 0.000000	 0.000000	 0.000000	 54.555621	 0.000000	 1.754553	 1.754553	 90.000000	 0.271916	 -0.031117	 0.273691	 -6.528332	 3412.180829	
180.000000	 1.000000	 0.000000	 -0.000000	 0.000000	 -90.000000	 0.000000	 0.000000	 0.000000	 70.869509	 0.000000	 1.757295	 1.757295	 90.000000	 0.272103	 -0.031320	 0.273900	 -6.566083	 3413.665171	
179.000000	 1.000000	 0.000000	 -0.000000	 0.000000	 -90.000000	 0.000000	 -0.000000	 0.000000	 -84.385731	 0.000000	 1.759688	 1.759688	 90.000000	 0.272260	 -0.031551	 0.274082	 -6.610251	 3415.103431	
178.000000	 1.000000	 0.000000	 -0.000000	 0.000000	 -90.000000	 0.000000	 -0.000000	 0.000000	 -63.177334	 0.000000	 1.762053	 1.762053	 90.000000	 0.272445	 -0.031730	 0.274286	 -6.642950	 3416.581069	
177.000000	 1.000000	 0.000000	 -0.000000	 0.000000	 -90.000000	 0.000000	 0.000000	 0.000000	 74.531864	 0.000000	 1.764044	 1.764044	 90.000000	 0.272604	 -0.031923	 0.274466	 -6.679125	 3418.010272	
176.000000	 1.000000	 0.000000	 -0.000000	 0.000000	 -90.000000	 0.000000	 -0.000000	 0.000000	 -2.240451	 0.000000	 1.765931	 1.765931	 90.000000	 0.272733	 -0.032180	 0.274624	 -6.729311	 3419.454611	
175.000000	 1.000000	 0.000000	 -0.000000	 0.000000	 -90.000000	 0.000000	 0.000000	 0.000000	 56.092914	 0.000000	 1.767601	 1.767601	 90.000000	 0.272892	 -0.032342	 0.274802	 -6.758857	 3420.886357	
174.000000	 1.000000	 0.000000	 -0.000000	 0.000000	 -90.000000	 -0.000000	 0.000000	 0.000000	 118.773676	 0.000000	 1.769026	 1.769026	 90.000000	 0.273028	 -0.032512	 0.274957	 -6.790678	 3422.324221	
173.000000	 1.000000	 0.000000	 -0.000000	 0.000000	 -90.000000	 -0.000000	 0.000000	 0.000000	 160.663845	 0.000000	 1.770660	 1.770660	 90.000000	 0.273244	 -0.032692	 0.275193	 -6.822659	 3423.777440	
172.000000	 1.000000	 0.000000	 -0.000000	 0.000000	 -90.000000	 -0.000000	 -0.000000	 0.000000	 -129.822258	 0.000000	 1.771977	 1.771977	 90.000000	 0.273331	 -0.032861	 0.275299	 -6.855429	 3425.233165	
171.000000	 1.000000	 0.000000	 -0.000000	 0.000000	 -90.000000	 -0.000000	 -0.000000	 0.000000	 -149.213227	 0.000000	 1.773338	 1.773338	 90.000000	 0.273509	 -0.033061	 0.275500	 -6.892290	 3426.692203	
170.000000	 1.000000	 0.000000	 -0.000000	 0.000000	 -90.000000	 0.000000	 -0.000000	 0.000000	 -2.032557	 0.000000	 1.774469	 1.774469	 90.000000	 0.273663	 -0.033190	 0.275668	 -6.915126	 3428.145196	
169.000000	 1.000000	 0.000000	 -0.000000	 0.000000	 -90.000000	 0.000000	 -0.000000	 0.000000	 -16.732476	 0.000000	 1.775638	 1.775638	 90.000000	 0.273813	 -0.033381	 0.275840	 -6.950651	 3429.592635	
168.000000	 1.000000	 0.000000	 -0.000000	 0.000000	 -90.000000	 -0.000000	 -0.000000	 0.000000	 -96.391231	 0.000000	 1.776537	 1.776537	 90.000000	 0.273966	 -0.033575	 0.276015	 -6.986807	 3431.029953	
167.000000	 1.000000	 0.000000	 -0.000000	 0.000000	 -90.000000	 -0.000000	 0.000000	 0.000000	 147.099526	 0.000000	 1.777606	 1.777606	 90.000000	 0.274137	 -0.033756	 0.276208	 -7.019881	 3432.456360	
166.000000	 1.000000	 0.000000	 -0.000000	 0.000000	 -90.000000	 -0.000000	 0.000000	 0.000000	 135.720499	 0.000000	 1.778415	 1.778415	 90.000000	 0.274289	 -0.033903	 0.276376	 -7.046261	 3433.926066	
165.000000	 1.000000	 0.000000	 -0.000000	 0.000000	 -90.000000	 -0.000000	 -0.000000	 0.000000	 -141.441923	 0.000000	 1.779258	 1.779258	 90.000000	 0.274436	 -0.034063	 0.276542	 -7.075354	 3435.369339	
164.000000	 1.000000	 0.000000	 -0.000000	 0.000000	 -90.000000	 0.000000	 -0.000000	 0.000000	 -44.775943	 0.000000	 1.780101	 1.780101	 90.000000	 0.274587	 -0.034215	 0.276710	 -7.102827	 3436.824842	
163.000000	 1.000000	 0.000000	 -0.000000	 0.000000	 -90.000000	 -0.000000	 -0.000000	 0.000000	 -166.852416	 0.000000	 1.780764	 1.780764	 90.000000	 0.274764	 -0.034390	 0.276908	 -7.134209	 3438.245473	
162.000000	 1.000000	 0.000000	 -0.000000	 0.000000	 -90.000000	 0.000000	 0.000000	 0.000000	 69.204549	 0.000000	 1.781542	 1.781542	 90.000000	 0.274891	 -0.034546	 0.277053	 -7.162911	 3439.687326	
161.000000	 1.000000	 0.000000	 -0.000000	 0.000000	 -90.000000	 -0.000000	 0.000000	 0.000000	 111.907002	 0.000000	 1.782235	 1.782235	 90.000000	 0.275092	 -0.034712	 0.277274	 -7.191792	 3441.109461	
160.000000	 1.000000	 0.000000	 -0.000000	 0.000000	 -90.000000	 0.000000	 0.000000	 0.000000	 17.859820	 0.000000	 1.782791	 1.782791	 90.000000	 0.275200	 -0.034870	 0.277400	 -7.221326	 3442.548833	
159.000000	 1.000000	 0.000000	 -0.000000	 0.000000	 -90.000000	 -0.000000	 -0.000000	 0.000000	 -154.380130	 0.000000	 1.783309	 1.783309	 90.000000	 0.275371	 -0.034934	 0.277578	 -7.230044	 3444.007535	
158.000000	 1.000000	 0.000000	 -0.000000	 0.000000	 -90.000000	 -0.000000	 0.000000	 0.000000	 174.787922	 0.000000	 1.783843	 1.783843	 90.000000	 0.275437	 -0.035227	 0.277681	 -7.288303	 3445.462849	
157.000000	 1.000000	 0.000000	 -0.000000	 0.000000	 -90.000000	 0.000000	 -0.000000	 0.000000	 -82.771437	 0.000000	 1.784375	 1.784375	 90.000000	 0.275541	 -0.035342	 0.277799	 -7.309053	 3446.893722	
156.000000	 1.000000	 0.000000	 -0.000000	 0.000000	 -90.000000	 -0.000000	 -0.000000	 0.000000	 -131.956292	 0.000000	 1.784855	 1.784855	 90.000000	 0.275676	 -0.035667	 0.277974	 -7.371901	 3448.353104	
155.000000	 1.000000	 0.000000	 -0.000000	 0.000000	 -90.000000	 0.000000	 0.000000	 0.000000	 4.135447	 0.000000	 1.785377	 1.785377	 90.000000	 0.275764	 -0.035456	 0.278034	 -7.326531	 3449.792207	
154.000000	 1.000000	 0.000000	 -0.000000	 0.000000	 -90.000000	 0.000000	 -0.000000	 0.000000	 -79.796140	 0.000000	 1.785694	 1.785694	 90.000000	 0.275696	 -0.035858	 0.278018	 -7.410447	 3451.225193	
153.000000	 1.000000	 0.000000	 -0.000000	 0.000000	 -90.000000	 0.000000	 -0.000000	 0.000000	 -84.816591	 0.000000	 1.786047	 1.786047	 90.000000	 0.276854	 -0.035559	 0.279128	 -7.319016	 3452.655506	
152.000000	 1.000000	 0.000000	 -0.000000	 0.000000	 -90.000000	 0.000000	 -0.000000	 0.000000	 -84.905999	 0.000000	 1.786474	 1.786474	 90.000000	 0.276997	 -0.035484	 0.279260	 -7.299927	 3454.088486	
151.000000	 1.000000	 0.000000	 -0.000000	 0.000000	 -90.000000	 -0.000000	 0.000000	 0.000000	 118.563831	 0.000000	 1.786867	 1.786867	 90.000000	 0.275803	 -0.036562	 0.278215	 -7.551353	 3455.528919	
150.000000	 1.000000	 0.000000	 -0.000000	 0.000000	 -90.000000	 0.000000	 -0.000000	 0.000000	 -38.491340	 0.000000	 1.787231	 1.787231	 90.000000	 0.276080	 -0.035925	 0.278408	 -7.413984	 3456.986009	
149.000000	 1.000000	 0.000000	 -0.000000	 0.000000	 -90.000000	 -0.000000	 0.000000	 0.000000	 122.268795	 0.000000	 1.787609	 1.787609	 90.000000	 0.276923	 -0.037502	 0.279451	 -7.712203	 3458.411249	
148.000000	 1.000000	 0.000000	 -0.000000	 0.000000	 -90.000000	 0.000000	 0.000000	 0.000000	 58.028315	 0.000000	 1.787912	 1.787912	 90.000000	 0.276438	 -0.036904	 0.278891	 -7.603917	 3459.864045	
147.000000	 1.000000	 0.000000	 -0.000000	 0.000000	 -90.000000	 -0.000000	 -0.000000	 0.000000	 -95.174716	 0.000000	 1.788188	 1.788188	 90.000000	 0.277252	 -0.037530	 0.279781	 -7.709030	 3461.297559	
146.000000	 1.000000	 0.000000	 -0.000000	 0.000000	 -90.000000	 0.000000	 -0.000000	 0.000000	 -85.530523	 0.000000	 1.788515	 1.788515	 90.000000	 0.277163	 -0.036862	 0.279604	 -7.575720	 3462.731005	
145.000000	 1.000000	 0.000000	 -0.000000	 0.000000	 -90.000000	 0.000000	 -0.000000	 0.000000	 -85.757755	 0.000000	 1.788845	 1.788845	 90.000000	 0.277481	 -0.037445	 0.279997	 -7.685309	 3464.184376	
144.000000	 1.000000	 0.000000	 -0.000000	 0.000000	 -90.000000	 -0.000000	 -0.000000	 0.000000	 -107.138797	 0.000000	 1.789028	 1.789028	 90.000000	 0.278145	 -0.037286	 0.280633	 -7.635188	 3465.624003	
143.000000	 1.000000	 0.000000	 -0.000000	 0.000000	 -90.000000	 -0.000000	 -0.000000	 0.000000	 -141.996360	 0.000000	 1.789433	 1.789433	 90.000000	 0.278181	 -0.037472	 0.280693	 -7.671711	 3467.059180	
142.000000	 1.000000	 0.000000	 -0.000000	 0.000000	 -90.000000	 -0.000000	 -0.000000	 0.000000	 -103.384168	 0.000000	 1.789693	 1.789693	 90.000000	 0.278280	 -0.037856	 0.280843	 -7.746684	 3468.512419	
141.000000	 1.000000	 0.000000	 -0.000000	 0.000000	 -90.000000	 0.000000	 0.000000	 0.000000	 54.609411	 0.000000	 1.789815	 1.789815	 90.000000	 0.278444	 -0.037951	 0.281019	 -7.761453	 3469.947689	
140.000000	 1.000000	 0.000000	 -0.000000	 0.000000	 -90.000000	 0.000000	 -0.000000	 0.000000	 -3.593842	 0.000000	 1.790093	 1.790093	 90.000000	 0.278670	 -0.038107	 0.281264	 -7.786669	 3471.375030	
139.000000	 1.000000	 0.000000	 -0.000000	 0.000000	 -90.000000	 0.000000	 -0.000000	 0.000000	 -52.855896	 0.000000	 1.790157	 1.790157	 90.000000	 0.278823	 -0.038257	 0.281435	 -7.812749	 3472.848254	
138.000000	 1.000000	 0.000000	 -0.000000	 0.000000	 -90.000000	 -0.000000	 -0.000000	 0.000000	 -139.012940	 0.000000	 1.790489	 1.790489	 90.000000	 0.278991	 -0.038432	 0.281626	 -7.843276	 3474.339738	
137.000000	 1.000000	 0.000000	 -0.000000	 0.000000	 -90.000000	 -0.000000	 0.000000	 0.000000	 152.810407	 0.000000	 1.790729	 1.790729	 90.000000	 0.279207	 -0.038595	 0.281862	 -7.870145	 3475.792732	
136.000000	 1.000000	 0.000000	 -0.000000	 0.000000	 -90.000000	 -0.000000	 -0.000000	 0.000000	 -118.910775	 0.000000	 1.790772	 1.790772	 90.000000	 0.279383	 -0.038757	 0.282059	 -7.897953	 3477.245602	
135.000000	 1.000000	 0.000000	 -0.000000	 0.000000	 -90.000000	 0.000000	 0.000000	 0.000000	 23.446919	 0.000000	 1.790928	 1.790928	 90.000000	 0.279588	 -0.038916	 0.282284	 -7.924123	 3478.702702	
134.000000	 1.000000	 0.000000	 -0.000000	 0.000000	 -90.000000	 0.000000	 -0.000000	 0.000000	 -46.322920	 0.000000	 1.791075	 1.791075	 90.000000	 0.279808	 -0.039096	 0.282526	 -7.954154	 3480.166316	
133.000000	 1.000000	 0.000000	 -0.000000	 0.000000	 -90.000000	 0.000000	 0.000000	 0.000000	 2.765117	 0.000000	 1.791289	 1.791289	 90.000000	 0.279998	 -0.039250	 0.282736	 -7.979795	 3481.599411	
132.000000	 1.000000	 0.000000	 -0.000000	 0.000000	 -90.000000	 -0.000000	 0.000000	 0.000000	 174.047222	 0.000000	 1.791384	 1.791384	 90.000000	 0.280205	 -0.039443	 0.282968	 -8.012486	 3483.035196	
131.000000	 1.000000	 0.000000	 -0.000000	 0.000000	 -90.000000	 -0.000000	 -0.000000	 0.000000	 -178.016918	 0.000000	 1.791556	 1.791556	 90.000000	 0.280394	 -0.039639	 0.283182	 -8.046454	 3484.492017	
130.000000	 1.000000	 0.000000	 -0.000000	 0.000000	 -90.000000	 0.000000	 -0.000000	 0.000000	 -72.401132	 0.000000	 1.791717	 1.791717	 90.000000	 0.280628	 -0.039818	 0.283439	 -8.075626	 3485.939306	
129.000000	 1.000000	 0.000000	 -0.000000	 0.000000	 -90.000000	 -0.000000	 0.000000	 0.000000	 147.872741	 0.000000	 1.791944	 1.791944	 90.000000	 0.280805	 -0.040013	 0.283641	 -8.109709	 3487.404720	
128.000000	 1.000000	 0.000000	 -0.000000	 0.000000	 -90.000000	 -0.000000	 -0.000000	 0.000000	 -109.348124	 0.000000	 1.791853	 1.791853	 90.000000	 0.281016	 -0.040142	 0.283869	 -8.129460	 3488.839935	
127.000000	 1.000000	 0.000000	 -0.000000	 0.000000	 -90.000000	 0.000000	 0.000000	 0.000000	 71.629914	 0.000000	 1.792034	 1.792034	 90.000000	 0.281264	 -0.040343	 0.284143	 -8.162548	 3490.327889	
126.000000	 1.000000	 0.000000	 -0.000000	 0.000000	 -90.000000	 0.000000	 0.000000	 0.000000	 29.857717	 0.000000	 1.792017	 1.792017	 90.000000	 0.281489	 -0.040474	 0.284384	 -8.182164	 3491.771060	
125.000000	 1.000000	 0.000000	 -0.000000	 0.000000	 -90.000000	 -0.000000	 -0.000000	 0.000000	 -143.752716	 0.000000	 1.792184	 1.792184	 90.000000	 0.281658	 -0.040723	 0.284587	 -8.226892	 3493.197930	
124.000000	 1.000000	 0.000000	 -0.000000	 0.000000	 -90.000000	 0.000000	 -0.000000	 0.000000	 -41.101199	 0.000000	 1.792311	 1.792311	 90.000000	 0.281862	 -0.040879	 0.284811	 -8.252175	 3494.615265	
123.000000	 1.000000	 0.000000	 -0.000000	 0.000000	 -90.000000	 0.000000	 0.000000	 0.000000	 43.175842	 0.000000	 1.792406	 1.792406	 90.000000	 0.282079	 -0.041027	 0.285047	 -8.275333	 3496.060650	
122.000000	 1.000000	 0.000000	 -0.000000	 0.000000	 -90.000000	 -0.000000	 0.000000	 0.000000	 125.129356	 0.000000	 1.792531	 1.792531	 90.000000	 0.282351	 -0.041235	 0.285346	 -8.308784	 3497.494071	
121.000000	 1.000000	 0.000000	 -0.000000	 0.000000	 -90.000000	 -0.000000	 -0.000000	 0.000000	 -168.858944	 0.000000	 1.792535	 1.792535	 90.000000	 0.282541	 -0.041486	 0.285570	 -8.353148	 3498.985390	
120.000000	 1.000000	 0.000000	 -0.000000	 0.000000	 -90.000000	 -0.000000	 -0.000000	 0.000000	 -147.003983	 0.000000	 1.792659	 1.792659	 90.000000	 0.282821	 -0.041638	 0.285869	 -8.375197	 3500.421785	
119.000000	 1.000000	 0.000000	 -0.000000	 0.000000	 -90.000000	 -0.000000	 0.000000	 0.000000	 121.185031	 0.000000	 1.792658	 1.792658	 90.000000	 0.283026	 -0.041849	 0.286104	 -8.410993	 3501.839293	
118.000000	 1.000000	 0.000000	 -0.000000	 0.000000	 -90.000000	 0.000000	 0.000000	 0.000000	 42.678102	 0.000000	 1.792769	 1.792769	 90.000000	 0.283235	 -0.042009	 0.286334	 -8.436504	 3503.287554	
117.000000	 1.000000	 0.000000	 -0.000000	 0.000000	 -90.000000	 0.000000	 -0.000000	 0.000000	 -78.557917	 0.000000	 1.792922	 1.792922	 90.000000	 0.283512	 -0.042164	 0.286630	 -8.458967	 3504.710260	
116.000000	 1.000000	 0.000000	 -0.000000	 0.000000	 -90.000000	 -0.000000	 -0.000000	 0.000000	 -117.714876	 0.000000	 1.793020	 1.793020	 90.000000	 0.283788	 -0.042389	 0.286936	 -8.495302	 3506.160884	
115.000000	 1.000000	 0.000000	 -0.000000	 0.000000	 -90.000000	 -0.000000	 -0.000000	 0.000000	 -149.781188	 0.000000	 1.792998	 1.792998	 90.000000	 0.283998	 -0.042580	 0.287173	 -8.526906	 3507.583930	
114.000000	 1.000000	 0.000000	 -0.000000	 0.000000	 -90.000000	 -0.000000	 -0.000000	 0.000000	 -170.235554	 0.000000	 1.792903	 1.792903	 90.000000	 0.284202	 -0.042793	 0.287406	 -8.562864	 3509.020049	
113.000000	 1.000000	 0.000000	 -0.000000	 0.000000	 -90.000000	 0.000000	 0.000000	 0.000000	 16.868675	 0.000000	 1.792998	 1.792998	 90.000000	 0.284513	 -0.042998	 0.287743	 -8.594084	 3510.455340	
112.000000	 1.000000	 0.000000	 -0.000000	 0.000000	 -90.000000	 -0.000000	 0.000000	 0.000000	 108.926674	 0.000000	 1.793142	 1.793142	 90.000000	 0.284773	 -0.043185	 0.288029	 -8.623018	 3511.903723	
111.000000	 1.000000	 0.000000	 -0.000000	 0.000000	 -90.000000	 0.000000	 0.000000	 0.000000	 12.262613	 0.000000	 1.793204	 1.793204	 90.000000	 0.285037	 -0.043412	 0.288324	 -8.659860	 3513.344230	
110.000000	 1.000000	 0.000000	 -0.000000	 0.000000	 -90.000000	 0.000000	 0.000000	 0.000000	 61.982701	 0.000000	 1.793234	 1.793234	 90.000000	 0.285326	 -0.043608	 0.288639	 -8.689571	 3514.835198	
109.000000	 1.000000	 0.000000	 -0.000000	 0.000000	 -90.000000	 0.000000	 0.000000	 0.000000	 35.408092	 0.000000	 1.793263	 1.793263	 90.000000	 0.285591	 -0.043828	 0.288935	 -8.724736	 3516.292103	
108.000000	 1.000000	 0.000000	 -0.000000	 0.000000	 -90.000000	 -0.000000	 -0.000000	 0.000000	 -129.374505	 0.000000	 1.793218	 1.793218	 90.000000	 0.285865	 -0.044014	 0.289234	 -8.753015	 3517.701713	
107.000000	 1.000000	 0.000000	 -0.000000	 0.000000	 -90.000000	 -0.000000	 -0.000000	 0.000000	 -99.085270	 0.000000	 1.793193	 1.793193	 90.000000	 0.286142	 -0.044212	 0.289537	 -8.783319	 3519.122462	
106.000000	 1.000000	 0.000000	 -0.000000	 0.000000	 -90.000000	 -0.000000	 0.000000	 0.000000	 130.530687	 0.000000	 1.793340	 1.793340	 90.000000	 0.286431	 -0.044461	 0.289861	 -8.823327	 3520.541774	
105.000000	 1.000000	 0.000000	 -0.000000	 0.000000	 -90.000000	 0.000000	 0.000000	 0.000000	 24.802451	 0.000000	 1.793265	 1.793265	 90.000000	 0.286799	 -0.044620	 0.290249	 -8.843205	 3521.990302	
104.000000	 1.000000	 0.000000	 -0.000000	 0.000000	 -90.000000	 0.000000	 0.000000	 0.000000	 42.460097	 0.000000	 1.793287	 1.793287	 90.000000	 0.287052	 -0.044806	 0.290528	 -8.871636	 3523.433088	
103.000000	 1.000000	 0.000000	 -0.000000	 0.000000	 -90.000000	 0.000000	 0.000000	 0.000000	 65.888253	 0.000000	 1.793573	 1.793573	 90.000000	 0.287317	 -0.045177	 0.290847	 -8.935849	 3524.871056	
102.000000	 1.000000	 0.000000	 -0.000000	 0.000000	 -90.000000	 -0.000000	 -0.000000	 0.000000	 -132.005874	 0.000000	 1.793583	 1.793583	 90.000000	 0.287558	 -0.045335	 0.291110	 -8.959264	 3526.316360	
101.000000	 1.000000	 0.000000	 -0.000000	 0.000000	 -90.000000	 -0.000000	 -0.000000	 0.000000	 -159.084283	 0.000000	 1.793467	 1.793467	 90.000000	 0.288140	 -0.045634	 0.291732	 -8.999530	 3527.756514	
100.000000	 1.000000	 0.000000	 -0.000000	 0.000000	 -90.000000	 0.000000	 -0.000000	 0.000000	 -73.419140	 0.000000	 1.793664	 1.793664	 90.000000	 0.288237	 -0.045891	 0.291868	 -9.046271	 3529.231903	
99.000000	 1.000000	 0.000000	 -0.000000	 0.000000	 -90.000000	 -0.000000	 -0.000000	 0.000000	 -174.428573	 0.000000	 1.793502	 1.793502	 90.000000	 0.288752	 -0.046092	 0.292407	 -9.069402	 3530.670521	
98.000000	 1.000000	 0.000000	 -0.000000	 0.000000	 -90.000000	 -0.000000	 0.000000	 0.000000	 173.908885	 0.000000	 1.793606	 1.793606	 90.000000	 0.288805	 -0.046268	 0.292487	 -9.101782	 3532.106261	
97.000000	 1.000000	 0.000000	 -0.000000	 0.000000	 -90.000000	 0.000000	 -0.000000	 0.000000	 -2.229142	 0.000000	 1.793775	 1.793775	 90.000000	 0.289224	 -0.046525	 0.292942	 -9.138439	 3533.532804	
96.000000	 1.000000	 0.000000	 -0.000000	 0.000000	 -90.000000	 -0.000000	 0.000000	 0.000000	 129.973282	 0.000000	 1.793674	 1.793674	 90.000000	 0.289577	 -0.046629	 0.293307	 -9.147599	 3534.985941	
95.000000	 1.000000	 0.000000	 -0.000000	 0.000000	 -90.000000	 -0.000000	 0.000000	 0.000000	 97.741159	 0.000000	 1.793580	 1.793580	 90.000000	 0.289947	 -0.046894	 0.293714	 -9.187119	 3536.415978	
94.000000	 1.000000	 0.000000	 -0.000000	 0.000000	 -90.000000	 -0.000000	 -0.000000	 0.000000	 -100.688562	 0.000000	 1.793588	 1.793588	 90.000000	 0.290285	 -0.047199	 0.294097	 -9.235289	 3537.843918	
93.000000	 1.000000	 0.000000	 -0.000000	 0.000000	 -90.000000	 -0.000000	 -0.000000	 0.000000	 -102.517684	 0.000000	 1.793551	 1.793551	 90.000000	 0.290666	 -0.047423	 0.294509	 -9.266399	 3539.310885	
92.000000	 1.000000	 0.000000	 -0.000000	 0.000000	 -90.000000	 -0.000000	 -0.000000	 0.000000	 -126.184760	 0.000000	 1.793563	 1.793563	 90.000000	 0.291066	 -0.047624	 0.294936	 -9.292443	 3540.772856	
91.000000	 1.000000	 0.000000	 -0.000000	 0.000000	 -90.000000	 -0.000000	 0.000000	 0.000000	 149.380148	 0.000000	 1.793560	 1.793560	 90.000000	 0.291419	 -0.047881	 0.295326	 -9.330516	 3542.216903	
90.000000	 1.000000	 0.000000	 -0.000000	 0.000000	 -90.000000	 0.000000	 0.000000	 0.000000	 35.396804	 0.000000	 1.793562	 1.793562	 90.000000	 0.291786	 -0.048126	 0.295729	 -9.365747	 3543.639283	
89.000000	 1.000000	 0.000000	 -0.000000	 0.000000	 -90.000000	 0.000000	 0.000000	 0.000000	 63.968406	 0.000000	 1.793521	 1.793521	 90.000000	 0.292167	 -0.048385	 0.296146	 -9.403228	 3545.063377	
88.000000	 1.000000	 0.000000	 -0.000000	 0.000000	 -90.000000	 -0.000000	 -0.000000	 0.000000	 -96.061315	 0.000000	 1.793499	 1.793499	 90.000000	 0.292565	 -0.048631	 0.296580	 -9.437617	 3546.493485	
87.000000	 1.000000	 0.000000	 -0.000000	 0.000000	 -90.000000	 -0.000000	 0.000000	 0.000000	 101.978620	 0.000000	 1.793539	 1.793539	 90.000000	 0.292958	 -0.048884	 0.297008	 -9.473335	 3547.927110	
86.000000	 1.000000	 0.000000	 -0.000000	 0.000000	 -90.000000	 0.000000	 -0.000000	 0.000000	 -63.228846	 0.000000	 1.793519	 1.793519	 90.000000	 0.293367	 -0.049132	 0.297453	 -9.507490	 3549.397717	
85.000000	 1.000000	 0.000000	 -0.000000	 0.000000	 -90.000000	 0.000000	 -0.000000	 0.000000	 -88.871871	 0.000000	 1.793521	 1.793521	 90.000000	 0.293792	 -0.049403	 0.297916	 -9.545397	 3550.840148	
84.000000	 1.000000	 0.000000	 -0.000000	 0.000000	 -90.000000	 0.000000	 -0.000000	 0.000000	 -24.678386	 0.000000	 1.793466	 1.793466	 90.000000	 0.294222	 -0.049608	 0.298375	 -9.570497	 3552.268939	
83.000000	 1.000000	 0.000000	 -0.000000	 0.000000	 -90.000000	 -0.000000	 -0.000000	 0.000000	 -148.410109	 0.000000	 1.793500	 1.793500	 90.000000	 0.294651	 -0.049868	 0.298841	 -9.605936	 3553.689973	
82.000000	 1.000000	 0.000000	 -0.000000	 0.000000	 -90.000000	 -0.000000	 -0.000000	 0.000000	 -103.343322	 0.000000	 1.793399	 1.793399	 90.000000	 0.295058	 -0.050235	 0.299303	 -9.662295	 3555.100831	
81.000000	 1.000000	 0.000000	 -0.000000	 0.000000	 -90.000000	 -0.000000	 -0.000000	 0.000000	 -156.754250	 0.000000	 1.793383	 1.793383	 90.000000	 0.295571	 -0.050480	 0.299851	 -9.691856	 3556.522987	
80.000000	 1.000000	 0.000000	 -0.000000	 0.000000	 -90.000000	 -0.000000	 -0.000000	 0.000000	 -171.615262	 0.000000	 1.793381	 1.793381	 90.000000	 0.295989	 -0.050638	 0.300289	 -9.708139	 3557.948045	
79.000000	 1.000000	 0.000000	 -0.000000	 0.000000	 -90.000000	 -0.000000	 -0.000000	 0.000000	 -132.363515	 0.000000	 1.793342	 1.793342	 90.000000	 0.296384	 -0.051076	 0.300753	 -9.777706	 3559.348285	
78.000000	 1.000000	 0.000000	 -0.000000	 0.000000	 -90.000000	 -0.000000	 -0.000000	 0.000000	 -113.010876	 0.000000	 1.793221	 1.793221	 90.000000	 0.296901	 -0.051145	 0.301274	 -9.773924	 3560.787058	
77.000000	 1.000000	 0.000000	 -0.000000	 0.000000	 -90.000000	 0.000000	 -0.000000	 0.000000	 -36.947159	 0.000000	 1.793234	 1.793234	 90.000000	 0.297288	 -0.051659	 0.301743	 -9.857662	 3562.227302	
76.000000	 1.000000	 0.000000	 -0.000000	 0.000000	 -90.000000	 -0.000000	 -0.000000	 0.000000	 -144.289810	 0.000000	 1.793237	 1.793237	 90.000000	 0.297690	 -0.051853	 0.302172	 -9.880969	 3563.675635	
75.000000	 1.000000	 0.000000	 -0.000000	 0.000000	 -90.000000	 0.000000	 0.000000	 0.000000	 27.971877	 0.000000	 1.793245	 1.793245	 90.000000	 0.298264	 -0.051971	 0.302758	 -9.884168	 3565.143208	
74.000000	 1.000000	 0.000000	 -0.000000	 0.000000	 -90.000000	 -0.000000	 -0.000000	 0.000000	 -145.579853	 0.000000	 1.793176	 1.793176	 90.000000	 0.298990	 -0.052315	 0.303532	 -9.924707	 3566.559248	
73.000000	 1.000000	 0.000000	 -0.000000	 0.000000	 -90.000000	 -0.000000	 -0.000000	 0.000000	 -167.511180	 0.000000	 1.793160	 1.793160	 90.000000	 0.299315	 -0.052558	 0.303894	 -9.959354	 3568.053492	
72.000000	 1.000000	 0.000000	 -0.000000	 0.000000	 -90.000000	 -0.000000	 0.000000	 0.000000	 171.215787	 0.000000	 1.793197	 1.793197	 90.000000	 0.299866	 -0.052882	 0.304493	 -10.001491	 3569.498363	
71.000000	 1.000000	 0.000000	 -0.000000	 0.000000	 -90.000000	 -0.000000	 0.000000	 0.000000	 115.964420	 0.000000	 1.793203	 1.793203	 90.000000	 0.300459	 -0.053351	 0.305159	 -10.068750	 3570.967998	
70.000000	 1.000000	 0.000000	 -0.000000	 0.000000	 -90.000000	 -0.000000	 -0.000000	 0.000000	 -166.839993	 0.000000	 1.793129	 1.793129	 90.000000	 0.301078	 -0.053490	 0.305792	 -10.074097	 3572.411532	
69.000000	 1.000000	 0.000000	 -0.000000	 0.000000	 -90.000000	 -0.000000	 -0.000000	 0.000000	 -133.154047	 0.000000	 1.793091	 1.793091	 90.000000	 0.301676	 -0.053931	 0.306458	 -10.135814	 3573.842020	
68.000000	 1.000000	 0.000000	 -0.000000	 0.000000	 -90.000000	 -0.000000	 0.000000	 0.000000	 172.390945	 0.000000	 1.793039	 1.793039	 90.000000	 0.302291	 -0.054166	 0.307105	 -10.158731	 3575.274278	
67.000000	 1.000000	 0.000000	 -0.000000	 0.000000	 -90.000000	 -0.000000	 0.000000	 0.000000	 168.414253	 0.000000	 1.793013	 1.793013	 90.000000	 0.302868	 -0.054458	 0.307725	 -10.193220	 3576.707697	
66.000000	 1.000000	 0.000000	 -0.000000	 0.000000	 -90.000000	 0.000000	 0.000000	 0.000000	 45.397045	 0.000000	 1.793165	 1.793165	 90.000000	 0.303515	 -0.054798	 0.308422	 -10.234149	 3578.200716	
65.000000	 1.000000	 0.000000	 -0.000000	 0.000000	 -90.000000	 0.000000	 -0.000000	 0.000000	 -65.794503	 0.000000	 1.792993	 1.792993	 90.000000	 0.303939	 -0.055091	 0.308891	 -10.273697	 3579.621710	
64.000000	 1.000000	 0.000000	 -0.000000	 0.000000	 -90.000000	 -0.000000	 0.000000	 0.000000	 130.305829	 0.000000	 1.793032	 1.793032	 90.000000	 0.304789	 -0.055397	 0.309782	 -10.301372	 3581.055475	
63.000000	 1.000000	 0.000000	 -0.000000	 0.000000	 -90.000000	 -0.000000	 -0.000000	 0.000000	 -95.224268	 0.000000	 1.792939	 1.792939	 90.000000	 0.305394	 -0.055542	 0.310403	 -10.307750	 3582.505808	
62.000000	 1.000000	 0.000000	 -0.000000	 0.000000	 -90.000000	 -0.000000	 -0.000000	 0.000000	 -112.397135	 0.000000	 1.792917	 1.792917	 90.000000	 0.306000	 -0.056507	 0.311174	 -10.462571	 3583.977055	
61.000000	 1.000000	 0.000000	 -0.000000	 0.000000	 -90.000000	 0.000000	 -0.000000	 0.000000	 -15.130633	 0.000000	 1.793258	 1.793258	 90.000000	 0.305735	 -0.056755	 0.310958	 -10.516381	 3585.421672	
60.000000	 1.000000	 0.000000	 -0.000000	 0.000000	 -90.000000	 -0.000000	 -0.000000	 0.000000	 -101.784550	 0.000000	 1.793451	 1.793451	 90.000000	 0.308467	 -0.056508	 0.313601	 -10.380916	 3586.860167	
59.000000	 1.000000	 0.000000	 -0.000000	 0.000000	 -90.000000	 -0.000000	 0.000000	 0.000000	 94.948711	 0.000000	 1.792635	 1.792635	 90.000000	 0.311112	 -0.056499	 0.316201	 -10.292948	 3588.288355	
58.000000	 1.000000	 0.000000	 -0.000000	 0.000000	 -90.000000	 0.000000	 0.000000	 0.000000	 64.896122	 0.000000	 1.792806	 1.792806	 90.000000	 0.310929	 -0.053069	 0.315425	 -9.685937	 3589.737535	
57.000000	 1.000000	 0.000000	 -0.000000	 0.000000	 -90.000000	 0.000000	 0.000000	 0.000000	 40.002649	 0.000000	 1.792609	 1.792609	 90.000000	 0.317820	 -0.055982	 0.322713	 -9.989794	 3591.174042	
56.000000	 1.000000	 0.000000	 -0.000000	 0.000000	 -90.000000	 -0.000000	 -0.000000	 0.000000	 -125.560739	 0.000000	 1.793113	 1.793113	 90.000000	 0.314669	 -0.046596	 0.318101	 -8.423034	 3592.613253	
55.000000	 1.000000	 0.000000	 -0.000000	 0.000000	 -90.000000	 -0.000000	 -0.000000	 0.000000	 -139.091046	 0.000000	 1.791915	 1.791915	 90.000000	 0.310734	 -0.076567	 0.320028	 -13.842365	 3594.055293	
54.000000	 1.000000	 0.000000	 -0.000000	 0.000000	 -90.000000	 0.000000	 0.000000	 0.000000	 72.132195	 0.000000	 1.791301	 1.791301	 90.000000	 0.324496	 -0.081212	 0.334504	 -14.050913	 3595.493054	
53.000000	 1.000000	 0.000000	 -0.000000	 0.000000	 -90.000000	 0.000000	 -0.000000	 0.000000	 -44.897671	 0.000000	 1.796068	 1.796068	 90.000000	 0.290884	 -0.032150	 0.292656	 -6.307116	 3596.906907	
52.000000	 1.000000	 0.000000	 -0.000000	 0.000000	 -90.000000	 -0.000000	 -0.000000	 0.000000	 -165.891035	 0.000000	 1.792615	 1.792615	 90.000000	 0.307126	 -0.017235	 0.307609	 -3.211902	 3598.343084	
51.000000	 1.000000	 0.000000	 -0.000000	 0.000000	 -90.000000	 -0.000000	 0.000000	 0.000000	 128.466868	 0.000000	 1.797658	 1.797658	 90.000000	 0.281687	 -0.093935	 0.296937	 -18.442149	 3599.791601	
50.000000	 1.000000	 0.000000	 -0.000000	 0.000000	 -90.000000	 0.000000	 -0.000000	 0.000000	 -32.608197	 0.000000	 1.794767	 1.794767	 90.000000	 0.275878	 -0.028824	 0.277380	 -5.964661	 3601.232113	
49.000000	 1.000000	 0.000000	 -0.000000	 0.000000	 -90.000000	 0.000000	 0.000000	 0.000000	 49.457134	 0.000000	 1.795030	 1.795030	 90.000000	 0.277921	 -0.088138	 0.291561	 -17.595520	 3602.655693	
48.000000	 1.000000	 0.000000	 -0.000000	 0.000000	 -90.000000	 -0.000000	 0.000000	 0.000000	 155.551053	 0.000000	 1.787447	 1.787447	 90.000000	 0.314061	 -0.017849	 0.314568	 -3.252846	 3604.091816	
47.000000	 1.000000	 0.000000	 -0.000000	 0.000000	 -90.000000	 -0.000000	 0.000000	 0.000000	 173.122755	 0.000000	 1.791954	 1.791954	 90.000000	 0.297451	 -0.033583	 0.299341	 -6.441530	 3605.525875	
46.000000	 1.000000	 0.000000	 -0.000000	 0.000000	 -90.000000	 -0.000000	 0.000000	 0.000000	 126.133738	 0.000000	 1.792691	 1.792691	 90.000000	 0.332736	 -0.083963	 0.343166	 -14.162497	 3606.940303	
45.000000	 1.000000	 0.000000	 -0.000000	 0.000000	 -90.000000	 -0.000000	 -0.000000	 0.000000	 -133.898478	 0.000000	 1.792509	 1.792509	 90.000000	 0.328279	 -0.078667	 0.337573	 -13.475974	 3608.378096	
44.000000	 1.000000	 0.000000	 -0.000000	 0.000000	 -90.000000	 0.000000	 -0.000000	 0.000000	 -36.325310	 0.000000	 1.791232	 1.791232	 90.000000	 0.329589	 -0.050726	 0.333470	 -8.749628	 3609.823358	
43.000000	 1.000000	 0.000000	 -0.000000	 0.000000	 -90.000000	 0.000000	 -0.000000	 0.000000	 -55.953343	 0.000000	 1.791521	 1.791521	 90.000000	 0.330842	 -0.058911	 0.336046	 -10.096462	 3611.247731	
42.000000	 1.000000	 0.000000	 -0.000000	 0.000000	 -90.000000	 0.000000	 -0.000000	 0.000000	 -53.777688	 0.000000	 1.791432	 1.791432	 90.000000	 0.322754	 -0.057781	 0.327885	 -10.149844	 3612.681243	
41.000000	 1.000000	 0.000000	 -0.000000	 0.000000	 -90.000000	 -0.000000	 -0.000000	 0.000000	 -131.865304	 0.000000	 1.791578	 1.791578	 90.000000	 0.328260	 -0.061268	 0.333928	 -10.572287	 3614.120606	
40.000000	 1.000000	 0.000000	 -0.000000	 0.000000	 -90.000000	 -0.000000	 -0.000000	 0.000000	 -101.340079	 0.000000	 1.791516	 1.791516	 90.000000	 0.327852	 -0.060911	 0.333462	 -10.524799	 3615.554894	
39.000000	 1.000000	 0.000000	 -0.000000	 0.000000	 -90.000000	 0.000000	 0.000000	 0.000000	 12.433039	 0.000000	 1.791616	 1.791616	 90.000000	 0.329066	 -0.063894	 0.335212	 -10.988274	 3616.991102	
38.000000	 1.000000	 0.000000	 -0.000000	 0.000000	 -90.000000	 0.000000	 0.000000	 0.000000	 55.288307	 0.000000	 1.791467	 1.791467	 90.000000	 0.330181	 -0.063558	 0.336243	 -10.895889	 3618.490142	
37.000000	 1.000000	 0.000000	 -0.000000	 0.000000	 -90.000000	 -0.000000	 0.000000	 0.000000	 100.773847	 0.000000	 1.791216	 1.791216	 90.000000	 0.331767	 -0.063655	 0.337819	 -10.861086	 3619.919304	
36.000000	 1.000000	 0.000000	 -0.000000	 0.000000	 -90.000000	 -0.000000	 0.000000	 0.000000	 99.634248	 0.000000	 1.790665	 1.790665	 90.000000	 0.333000	 -0.063818	 0.339060	 -10.848906	 3621.361019	
35.000000	 1.000000	 0.000000	 -0.000000	 0.000000	 -90.000000	 0.000000	 -0.000000	 0.000000	 -9.962068	 0.000000	 1.791893	 1.791893	 90.000000	 0.334641	 -0.064078	 0.340721	 -10.839974	 3622.760555	
34.000000	 1.000000	 0.000000	 -0.000000	 0.000000	 -90.000000	 -0.000000	 0.000000	 0.000000	 173.318503	 0.000000	 1.791721	 1.791721	 90.000000	 0.336221	 -0.064393	 0.342332	 -10.841960	 3624.228176	
33.000000	 1.000000	 0.000000	 -0.000000	 0.000000	 -90.000000	 0.000000	 -0.000000	 0.000000	 -27.909187	 0.000000	 1.791778	 1.791778	 90.000000	 0.337986	 -0.064676	 0.344118	 -10.832987	 3625.648953	
32.000000	 1.000000	 0.000000	 -0.000000	 0.000000	 -90.000000	 -0.000000	 0.000000	 0.000000	 134.463322	 0.000000	 1.790948	 1.790948	 90.000000	 0.339662	 -0.064723	 0.345773	 -10.788448	 3627.113941	
31.000000	 1.000000	 0.000000	 -0.000000	 0.000000	 -90.000000	 -0.000000	 -0.000000	 0.000000	 -90.694074	 0.000000	 1.790774	 1.790774	 90.000000	 0.341502	 -0.064807	 0.347596	 -10.745279	 3628.542223	
30.000000	 1.000000	 0.000000	 -0.000000	 0.000000	 -90.000000	 0.000000	 0.000000	 0.000000	 14.776051	 0.000000	 1.790688	 1.790688	 90.000000	 0.343231	 -0.064942	 0.349321	 -10.714127	 3629.958275	
29.000000	 1.000000	 0.000000	 -0.000000	 0.000000	 -90.000000	 0.000000	 -0.000000	 0.000000	 -81.196207	 0.000000	 1.790549	 1.790549	 90.000000	 0.345336	 -0.065040	 0.351408	 -10.666118	 3631.388872	
28.000000	 1.000000	 0.000000	 -0.000000	 0.000000	 -90.000000	 0.000000	 0.000000	 0.000000	 24.508178	 0.000000	 1.790773	 1.790773	 90.000000	 0.347530	 -0.064883	 0.353535	 -10.575174	 3632.803058	
27.000000	 1.000000	 0.000000	 -0.000000	 0.000000	 -90.000000	 0.000000	 -0.000000	 0.000000	 -68.467073	 0.000000	 1.790561	 1.790561	 90.000000	 0.349797	 -0.065372	 0.355853	 -10.585703	 3634.252148	
26.000000	 1.000000	 0.000000	 -0.000000	 0.000000	 -90.000000	 -0.000000	 -0.000000	 0.000000	 -160.502907	 0.000000	 1.788905	 1.788905	 90.000000	 0.351169	 -0.065665	 0.357256	 -10.591412	 3635.690657	
25.000000	 1.000000	 0.000000	 -0.000000	 0.000000	 -90.000000	 0.000000	 -0.000000	 0.000000	 -68.855007	 0.000000	 1.790364	 1.790364	 90.000000	 0.354484	 -0.063747	 0.360171	 -10.194585	 3637.130727	
24.000000	 1.000000	 0.000000	 -0.000000	 0.000000	 -90.000000	 -0.000000	 0.000000	 0.000000	 130.856063	 0.000000	 1.788177	 1.788177	 90.000000	 0.355582	 -0.064787	 0.361435	 -10.325951	 3638.535256	
23.000000	 1.000000	 0.000000	 -0.000000	 0.000000	 -90.000000	 0.000000	 0.000000	 0.000000	 49.987343	 0.000000	 1.789773	 1.789773	 90.000000	 0.359694	 -0.064929	 0.365507	 -10.232433	 3639.970107	
22.000000	 1.000000	 0.000000	 -0.000000	 0.000000	 -90.000000	 0.000000	 -0.000000	 0.000000	 -42.879486	 0.000000	 1.789703	 1.789703	 90.000000	 0.361606	 -0.063793	 0.367190	 -10.004993	 3641.417239	
21.000000	 1.000000	 0.000000	 -0.000000	 0.000000	 -90.000000	 0.000000	 0.000000	 0.000000	 5.506035	 0.000000	 1.789247	 1.789247	 90.000000	 0.364357	 -0.064184	 0.369967	 -9.990501	 3642.833180	
20.000000	 1.000000	 0.000000	 -0.000000	 0.000000	 -90.000000	 0.000000	 0.000000	 0.000000	 33.604560	 0.000000	 1.789094	 1.789094	 90.000000	 0.367028	 -0.063923	 0.372553	 -9.879739	 3644.347899	
19.000000	 1.000000	 0.000000	 -0.000000	 0.000000	 -90.000000	 -0.000000	 -0.000000	 0.000000	 -152.365399	 0.000000	 1.788658	 1.788658	 90.000000	 0.370193	 -0.061653	 0.375292	 -9.455452	 3645.790908	
18.000000	 1.000000	 0.000000	 -0.000000	 0.000000	 -90.000000	 -0.000000	 0.000000	 0.000000	 129.543697	 0.000000	 1.789204	 1.789204	 90.000000	 0.374034	 -0.062211	 0.379172	 -9.443240	 3647.224373	
17.000000	 1.000000	 0.000000	 -0.000000	 0.000000	 -90.000000	 -0.000000	 0.000000	 0.000000	 124.113493	 0.000000	 1.788453	 1.788453	 90.000000	 0.375989	 -0.061557	 0.380995	 -9.297908	 3648.664281	
16.000000	 1.000000	 0.000000	 -0.000000	 0.000000	 -90.000000	 0.000000	 0.000000	 0.000000	 8.015543	 0.000000	 1.787008	 1.787008	 90.000000	 0.376622	 -0.059601	 0.381309	 -8.992553	 3650.106251	
15.000000	 1.000000	 0.000000	 -0.000000	 0.000000	 -90.000000	 -0.000000	 -0.000000	 0.000000	 -170.569970	 0.000000	 1.788179	 1.788179	 90.000000	 0.384720	 -0.057860	 0.389047	 -8.552976	 3651.563162	
14.000000	 1.000000	 0.000000	 -0.000000	 0.000000	 -90.000000	 0.000000	 -0.000000	 0.000000	 -50.972361	 0.000000	 1.788578	 1.788578	 90.000000	 0.389483	 -0.056668	 0.393584	 -8.278232	 3652.989280	
13.000000	 1.000000	 0.000000	 -0.000000	 0.000000	 -90.000000	 -0.000000	 -0.000000	 0.000000	 -142.007737	 0.000000	 1.795336	 1.795336	 90.000000	 0.409635	 -0.050907	 0.412787	 -7.084041	 3654.427032	
12.000000	 1.000000	 0.000000	 -0.000000	 0.000000	 -90.000000	 0.000000	 0.000000	 0.000000	 0.839040	 0.000000	 1.781181	 1.781181	 90.000000	 0.379859	 -0.066987	 0.385720	 -10.001053	 3655.860327	
11.000000	 1.000000	 0.000000	 -0.000000	 0.000000	 -90.000000	 -0.000000	 0.000000	 0.000000	 122.583765	 0.000000	 1.782358	 1.782358	 90.000000	 0.384838	 -0.084609	 0.394029	 -12.399581	 3657.294761	
10.000000	 1.000000	 0.000000	 -0.000000	 0.000000	 -90.000000	 -0.000000	 0.000000	 0.000000	 158.141779	 0.000000	 1.804835	 1.804835	 90.000000	 0.451873	 -0.069126	 0.457130	 -8.697508	 3658.772649	
9.000000	 1.000000	 0.000000	 -0.000000	 0.000000	 -90.000000	 0.000000	 0.000000	 0.000000	 89.304700	 0.000000	 1.794994	 1.794994	 90.000000	 0.416677	 -0.137798	 0.438871	 -18.299454	 3660.190566	
8.000000	 1.000000	 0.000000	 -0.000000	 0.000000	 -90.000000	 -0.000000	 -0.000000	 0.000000	 -147.310483	 0.000000	 1.833953	 1.833953	 90.000000	 0.536215	 0.148614	 0.556429	 15.490950	 3661.632572	
7.000000	 1.000000	 0.000000	 -0.000000	 0.000000	 -90.000000	 0.000000	 0.000000	 0.000000	 84.041745	 0.000000	 1.777427	 1.777427	 90.000000	 0.429680	 -0.316986	 0.533952	 -36.417171	 3663.082705	
6.000000	 1.000000	 0.000000	 -0.000000	 0.000000	 -90.000000	 -0.000000	 0.000000	 0.000000	 155.952469	 0.000000	 1.977596	 1.977596	 90.000000	 0.809601	 -0.223877	 0.839985	 -15.457552	 3664.521375	
5.000000	 1.000000	 0.000000	 -0.000000	 0.000000	 -90.000000	 0.000000	 0.000000	 0.000000	 26.455369	 0.000000	 1.539056	 1.539056	 90.000000	 -0.078600	 -0.395932	 0.403658	 -101.228266	 3665.947140	
4.000000	 1.000000	 0.000000	 -0.000000	 0.000000	 -90.000000	 0.000000	 0.000000	 0.000000	 29.782709	 0.000000	 1.411657	 1.411657	 90.000000	 -0.328207	 -0.447337	 0.554825	 -126.267113	 3667.387914	
3.000000	 1.000000	 0.000000	 -0.000000	 0.000000	 -90.000000	 -0.000000	 -0.000000	 0.000000	 -165.868418	 0.000000	 2.362671	 2.362671	 90.000000	 1.763615	 0.281270	 1.785904	 9.061492	 3668.844437	
2.000000	 1.000000	 0.000000	 -0.000000	 0.000000	 -90.000000	 -0.000000	 0.000000	 0.000000	 118.599711	 0.000000	 2.170916	 2.170916	 90.000000	 1.125327	 -1.452539	 1.837452	 -52.233953	 3670.309290	
1.000000	 1.000000	 0.000000	 -0.000000	 0.000000	 -90.000000	 -0.000000	 -0.000000	 0.000000	 -134.699850	 0.000000	 2.346294	 2.346294	 90.000000	 1.611444	 1.570715	 2.250311	 44.266702	 3671.763201	
