# Oscilator_frequency (Hz)	DemodAll_A (-)	Demod_1_X_A (A)	Demod_1_Y_A (A)	Demod_1__R_A (A)	Demod_1__Theta_A (deg)	Demod_2_X_A (A)	Demod_2_Y_A (A)	Demod_2__R_A (A)	Demod_2__Theta_A (deg)	Demod_3_X_A (V)	Demod_3_Y_A (V)	Demod_3__R_A (V)	Demod_3__Theta_A (deg)	Demod_4_X_A (V)	Demod_4_Y_A (V)	Demod_4__R_A (V)	Demod_4__Theta_A (deg)	Timer_GET (s)	
5000.000000	 1.000000	 0.000000	 -0.000000	 0.000000	 -90.000000	 0.713996	 -0.039763	 0.715102	 -3.187586	 0.000000	 0.014700	 0.014700	 90.000000	 0.713996	 -0.039763	 0.715102	 -3.187586	 258551.804272	
4950.000000	 1.000000	 0.000000	 -0.000000	 0.000000	 -90.000000	 0.714148	 -0.039730	 0.715252	 -3.184235	 0.000000	 0.010877	 0.010877	 90.000000	 0.714148	 -0.039730	 0.715252	 -3.184235	 258553.242704	
4900.000000	 1.000000	 0.000000	 -0.000000	 0.000000	 -90.000000	 0.714381	 -0.039711	 0.715484	 -3.181704	 0.000000	 0.015053	 0.015053	 90.000000	 0.714381	 -0.039711	 0.715484	 -3.181704	 258554.664166	
4850.000000	 1.000000	 0.000000	 -0.000000	 0.000000	 -90.000000	 0.714612	 -0.039687	 0.715713	 -3.178729	 0.000000	 0.010232	 0.010232	 90.000000	 0.714612	 -0.039687	 0.715713	 -3.178734	 258556.118841	
4800.000000	 1.000000	 0.000000	 -0.000000	 0.000000	 -90.000000	 0.714889	 -0.039661	 0.715988	 -3.175454	 0.000000	 0.012137	 0.012137	 90.000000	 0.714888	 -0.039661	 0.715988	 -3.175452	 258557.547100	
4750.000000	 1.000000	 0.000000	 -0.000000	 0.000000	 -90.000000	 0.715107	 -0.039637	 0.716205	 -3.172510	 0.000000	 0.012630	 0.012630	 90.000000	 0.715107	 -0.039637	 0.716205	 -3.172510	 258558.994423	
4700.000000	 1.000000	 0.000000	 -0.000000	 0.000000	 -90.000000	 0.715399	 -0.039610	 0.716495	 -3.169117	 0.000000	 0.010168	 0.010168	 90.000000	 0.715399	 -0.039610	 0.716495	 -3.169117	 258560.443513	
4650.000000	 1.000000	 0.000000	 -0.000000	 0.000000	 -90.000000	 0.715640	 -0.039584	 0.716734	 -3.165985	 0.000000	 0.009461	 0.009461	 90.000000	 0.715641	 -0.039584	 0.716735	 -3.165982	 258561.901191	
4600.000000	 1.000000	 0.000000	 -0.000000	 0.000000	 -90.000000	 0.715866	 -0.039554	 0.716958	 -3.162604	 0.000000	 0.009016	 0.009016	 90.000000	 0.715866	 -0.039554	 0.716958	 -3.162604	 258563.314022	
4550.000000	 1.000000	 0.000000	 -0.000000	 0.000000	 -90.000000	 0.716108	 -0.039528	 0.717198	 -3.159389	 0.000000	 0.008635	 0.008635	 90.000000	 0.716108	 -0.039528	 0.717198	 -3.159389	 258564.727616	
4500.000000	 1.000000	 0.000000	 -0.000000	 0.000000	 -90.000000	 0.716370	 -0.039502	 0.717458	 -3.156211	 0.000000	 0.008218	 0.008218	 90.000000	 0.716370	 -0.039502	 0.717458	 -3.156207	 258566.160052	
4450.000000	 1.000000	 0.000000	 -0.000000	 0.000000	 -90.000000	 0.716613	 -0.039476	 0.717699	 -3.153050	 0.000000	 0.007834	 0.007834	 90.000000	 0.716613	 -0.039476	 0.717699	 -3.153050	 258567.603212	
4400.000000	 1.000000	 0.000000	 -0.000000	 0.000000	 -90.000000	 0.716876	 -0.039449	 0.717961	 -3.149751	 0.000000	 0.007568	 0.007568	 90.000000	 0.716876	 -0.039449	 0.717961	 -3.149751	 258569.064965	
4350.000000	 1.000000	 0.000000	 -0.000000	 0.000000	 -90.000000	 0.717121	 -0.039419	 0.718204	 -3.146313	 0.000000	 0.007270	 0.007270	 90.000000	 0.717121	 -0.039419	 0.718204	 -3.146313	 258570.506483	
4300.000000	 1.000000	 0.000000	 -0.000000	 0.000000	 -90.000000	 0.717360	 -0.039395	 0.718441	 -3.143361	 0.000000	 0.006983	 0.006983	 90.000000	 0.717360	 -0.039395	 0.718441	 -3.143361	 258571.940536	
4250.000000	 1.000000	 0.000000	 -0.000000	 0.000000	 -90.000000	 0.717632	 -0.039366	 0.718711	 -3.139813	 0.000000	 0.006747	 0.006747	 90.000000	 0.717632	 -0.039366	 0.718711	 -3.139802	 258573.383521	
4200.000000	 1.000000	 0.000000	 -0.000000	 0.000000	 -90.000000	 0.717886	 -0.039344	 0.718964	 -3.137015	 0.000000	 0.006501	 0.006501	 90.000000	 0.717886	 -0.039344	 0.718964	 -3.137015	 258574.835573	
4150.000000	 1.000000	 0.000000	 -0.000000	 0.000000	 -90.000000	 0.718131	 -0.039315	 0.719206	 -3.133611	 0.000000	 0.006104	 0.006104	 90.000000	 0.718131	 -0.039315	 0.719206	 -3.133611	 258576.284895	
4100.000000	 1.000000	 0.000000	 -0.000000	 0.000000	 -90.000000	 0.718394	 -0.039291	 0.719467	 -3.130582	 0.000000	 0.005985	 0.005985	 90.000000	 0.718394	 -0.039291	 0.719467	 -3.130582	 258577.760431	
4050.000000	 1.000000	 0.000000	 -0.000000	 0.000000	 -90.000000	 0.718658	 -0.039267	 0.719730	 -3.127468	 0.000000	 0.005860	 0.005860	 90.000000	 0.718658	 -0.039267	 0.719730	 -3.127468	 258579.195337	
4000.000000	 1.000000	 0.000000	 -0.000000	 0.000000	 -90.000000	 0.718931	 -0.039244	 0.720001	 -3.124464	 0.000000	 0.005750	 0.005750	 90.000000	 0.718931	 -0.039244	 0.720001	 -3.124464	 258580.639079	
3950.000000	 1.000000	 0.000000	 -0.000000	 0.000000	 -90.000000	 0.719263	 -0.039221	 0.720332	 -3.121247	 0.000000	 0.005578	 0.005578	 90.000000	 0.719263	 -0.039221	 0.720332	 -3.121247	 258582.053087	
3900.000000	 1.000000	 0.000000	 -0.000000	 0.000000	 -90.000000	 0.719558	 -0.039196	 0.720625	 -3.117932	 0.000000	 0.005491	 0.005491	 90.000000	 0.719558	 -0.039196	 0.720625	 -3.117932	 258583.493749	
3850.000000	 1.000000	 0.000000	 -0.000000	 0.000000	 -90.000000	 0.719836	 -0.039175	 0.720901	 -3.115124	 0.000000	 0.005324	 0.005324	 90.000000	 0.719836	 -0.039175	 0.720901	 -3.115124	 258584.937655	
3800.000000	 1.000000	 0.000000	 -0.000000	 0.000000	 -90.000000	 0.720128	 -0.039152	 0.721192	 -3.111969	 0.000000	 0.005230	 0.005230	 90.000000	 0.720128	 -0.039152	 0.721192	 -3.111969	 258586.357274	
3750.000000	 1.000000	 0.000000	 -0.000000	 0.000000	 -90.000000	 0.720354	 -0.039126	 0.721415	 -3.108943	 0.000000	 0.005066	 0.005066	 90.000000	 0.720354	 -0.039126	 0.721415	 -3.108943	 258587.772622	
3700.000000	 1.000000	 0.000000	 -0.000000	 0.000000	 -90.000000	 0.720624	 -0.039096	 0.721683	 -3.105443	 0.000000	 0.004926	 0.004926	 90.000000	 0.720624	 -0.039096	 0.721683	 -3.105443	 258589.187966	
3650.000000	 1.000000	 0.000000	 -0.000000	 0.000000	 -90.000000	 0.720924	 -0.039081	 0.721982	 -3.102925	 0.000000	 0.004855	 0.004855	 90.000000	 0.720924	 -0.039081	 0.721982	 -3.102925	 258590.679761	
3600.000000	 1.000000	 0.000000	 -0.000000	 0.000000	 -90.000000	 0.721278	 -0.039062	 0.722335	 -3.099923	 0.000000	 0.004790	 0.004790	 90.000000	 0.721278	 -0.039062	 0.722335	 -3.099923	 258592.117197	
3550.000000	 1.000000	 0.000000	 -0.000000	 0.000000	 -90.000000	 0.721582	 -0.039046	 0.722637	 -3.097353	 0.000000	 0.004682	 0.004682	 90.000000	 0.721580	 -0.039046	 0.722636	 -3.097338	 258593.558426	
3500.000000	 1.000000	 0.000000	 -0.000000	 0.000000	 -90.000000	 0.721899	 -0.039025	 0.722953	 -3.094306	 0.000000	 0.004581	 0.004581	 90.000000	 0.721899	 -0.039025	 0.722953	 -3.094306	 258594.996221	
3450.000000	 1.000000	 0.000000	 -0.000000	 0.000000	 -90.000000	 0.722171	 -0.039002	 0.723224	 -3.091342	 0.000000	 0.004484	 0.004484	 90.000000	 0.722171	 -0.039002	 0.723224	 -3.091342	 258596.443683	
3400.000000	 1.000000	 0.000000	 -0.000000	 0.000000	 -90.000000	 0.722551	 -0.038984	 0.723602	 -3.088263	 0.000000	 0.004427	 0.004427	 90.000000	 0.722551	 -0.038983	 0.723602	 -3.088243	 258597.889755	
3350.000000	 1.000000	 0.000000	 -0.000000	 0.000000	 -90.000000	 0.722894	 -0.038967	 0.723943	 -3.085489	 0.000000	 0.004362	 0.004362	 90.000000	 0.722894	 -0.038967	 0.723943	 -3.085490	 258599.309848	
3300.000000	 1.000000	 0.000000	 -0.000000	 0.000000	 -90.000000	 0.723229	 -0.038953	 0.724277	 -3.082939	 0.000000	 0.004301	 0.004301	 90.000000	 0.723229	 -0.038953	 0.724277	 -3.082939	 258600.749867	
3250.000000	 1.000000	 0.000000	 -0.000000	 0.000000	 -90.000000	 0.723546	 -0.038936	 0.724593	 -3.080287	 0.000000	 0.004269	 0.004269	 90.000000	 0.723546	 -0.038936	 0.724593	 -3.080287	 258602.203495	
3200.000000	 1.000000	 0.000000	 -0.000000	 0.000000	 -90.000000	 0.723890	 -0.038921	 0.724935	 -3.077657	 0.000000	 0.004223	 0.004223	 90.000000	 0.723890	 -0.038921	 0.724935	 -3.077657	 258603.607226	
3150.000000	 1.000000	 0.000000	 -0.000000	 0.000000	 -90.000000	 0.724259	 -0.038899	 0.725303	 -3.074335	 0.000000	 0.004177	 0.004177	 90.000000	 0.724259	 -0.038899	 0.725303	 -3.074335	 258605.053417	
3100.000000	 1.000000	 0.000000	 -0.000000	 0.000000	 -90.000000	 0.724609	 -0.038889	 0.725652	 -3.072096	 0.000000	 0.004092	 0.004092	 90.000000	 0.724609	 -0.038890	 0.725652	 -3.072112	 258606.521413	
3050.000000	 1.000000	 0.000000	 -0.000000	 0.000000	 -90.000000	 0.724956	 -0.038869	 0.725997	 -3.069007	 0.000000	 0.004095	 0.004095	 90.000000	 0.724956	 -0.038869	 0.725997	 -3.069007	 258607.962870	
3000.000000	 1.000000	 0.000000	 -0.000000	 0.000000	 -90.000000	 0.725372	 -0.038869	 0.726412	 -3.067263	 0.000000	 0.004033	 0.004033	 90.000000	 0.725372	 -0.038869	 0.726412	 -3.067263	 258609.421621	
2950.000000	 1.000000	 0.000000	 -0.000000	 0.000000	 -90.000000	 0.725761	 -0.038855	 0.726800	 -3.064479	 0.000000	 0.004010	 0.004010	 90.000000	 0.725761	 -0.038855	 0.726800	 -3.064479	 258610.852663	
2900.000000	 1.000000	 0.000000	 -0.000000	 0.000000	 -90.000000	 0.726100	 -0.038844	 0.727139	 -3.062247	 0.000000	 0.003956	 0.003956	 90.000000	 0.726100	 -0.038844	 0.727139	 -3.062247	 258612.300447	
2850.000000	 1.000000	 0.000000	 -0.000000	 0.000000	 -90.000000	 0.726499	 -0.038835	 0.727536	 -3.059815	 0.000000	 0.003900	 0.003900	 90.000000	 0.726499	 -0.038835	 0.727536	 -3.059815	 258613.742276	
2800.000000	 1.000000	 0.000000	 -0.000000	 0.000000	 -90.000000	 0.726880	 -0.038827	 0.727916	 -3.057585	 0.000000	 0.003900	 0.003900	 90.000000	 0.726880	 -0.038827	 0.727916	 -3.057585	 258615.196253	
2750.000000	 1.000000	 0.000000	 -0.000000	 0.000000	 -90.000000	 0.727262	 -0.038817	 0.728297	 -3.055201	 0.000000	 0.003845	 0.003845	 90.000000	 0.727262	 -0.038817	 0.728297	 -3.055201	 258616.638153	
2700.000000	 1.000000	 0.000000	 -0.000000	 0.000000	 -90.000000	 0.727665	 -0.038813	 0.728700	 -3.053227	 0.000000	 0.003757	 0.003757	 90.000000	 0.727665	 -0.038813	 0.728700	 -3.053227	 258618.058557	
2650.000000	 1.000000	 0.000000	 -0.000000	 0.000000	 -90.000000	 0.728097	 -0.038816	 0.729131	 -3.051616	 0.000000	 0.003759	 0.003759	 90.000000	 0.728097	 -0.038816	 0.729131	 -3.051616	 258619.491844	
2600.000000	 1.000000	 0.000000	 -0.000000	 0.000000	 -90.000000	 0.728552	 -0.038814	 0.729585	 -3.049543	 0.000000	 0.003692	 0.003692	 90.000000	 0.728552	 -0.038814	 0.729585	 -3.049543	 258620.937587	
2550.000000	 1.000000	 0.000000	 -0.000000	 0.000000	 -90.000000	 0.728964	 -0.038812	 0.729996	 -3.047675	 0.000000	 0.001717	 0.001717	 90.000000	 0.728963	 -0.038812	 0.729996	 -3.047678	 258622.370503	
2500.000000	 1.000000	 0.000000	 -0.000000	 0.000000	 -90.000000	 0.729437	 -0.038814	 0.730469	 -3.045883	 0.000000	 0.004172	 0.004172	 90.000000	 0.729437	 -0.038814	 0.730469	 -3.045883	 258623.789030	
2450.000000	 1.000000	 0.000000	 -0.000000	 0.000000	 -90.000000	 0.729877	 -0.038809	 0.730908	 -3.043681	 0.000000	 0.004097	 0.004097	 90.000000	 0.729876	 -0.038809	 0.730907	 -3.043690	 258625.226876	
2400.000000	 1.000000	 0.000000	 -0.000000	 0.000000	 -90.000000	 0.730348	 -0.038812	 0.731379	 -3.041956	 0.000000	 0.003677	 0.003677	 90.000000	 0.730348	 -0.038812	 0.731379	 -3.041956	 258626.659013	
2350.000000	 1.000000	 0.000000	 -0.000000	 0.000000	 -90.000000	 0.730807	 -0.038829	 0.731837	 -3.041379	 0.000000	 0.003592	 0.003592	 90.000000	 0.730807	 -0.038829	 0.731837	 -3.041379	 258628.113680	
2300.000000	 1.000000	 0.000000	 -0.000000	 0.000000	 -90.000000	 0.731240	 -0.038829	 0.732270	 -3.039588	 0.000000	 0.003576	 0.003576	 90.000000	 0.731240	 -0.038829	 0.732270	 -3.039588	 258629.543938	
2250.000000	 1.000000	 0.000000	 -0.000000	 0.000000	 -90.000000	 0.731726	 -0.038827	 0.732755	 -3.037401	 0.000000	 0.003501	 0.003501	 90.000000	 0.731725	 -0.038827	 0.732755	 -3.037410	 258630.996680	
2200.000000	 1.000000	 0.000000	 -0.000000	 0.000000	 -90.000000	 0.732274	 -0.038849	 0.733304	 -3.036823	 0.000000	 0.003291	 0.003291	 90.000000	 0.732274	 -0.038849	 0.733304	 -3.036823	 258632.437464	
2150.000000	 1.000000	 0.000000	 -0.000000	 0.000000	 -90.000000	 0.732801	 -0.038863	 0.733831	 -3.035756	 0.000000	 0.000938	 0.000938	 90.000000	 0.732801	 -0.038863	 0.733831	 -3.035756	 258633.934076	
2100.000000	 1.000000	 0.000000	 -0.000000	 0.000000	 -90.000000	 0.733339	 -0.038884	 0.734369	 -3.035173	 0.000000	 0.001863	 0.001863	 90.000000	 0.733339	 -0.038884	 0.734369	 -3.035173	 258635.373433	
2050.000000	 1.000000	 0.000000	 -0.000000	 0.000000	 -90.000000	 0.733863	 -0.038888	 0.734893	 -3.033322	 0.000000	 0.004834	 0.004834	 90.000000	 0.733863	 -0.038888	 0.734893	 -3.033322	 258636.816065	
2000.000000	 1.000000	 0.000000	 -0.000000	 0.000000	 -90.000000	 0.734409	 -0.038919	 0.735440	 -3.033486	 0.000000	 0.003602	 0.003602	 90.000000	 0.734409	 -0.038919	 0.735440	 -3.033486	 258638.247275	
1950.000000	 1.000000	 0.000000	 -0.000000	 0.000000	 -90.000000	 0.735026	 -0.038917	 0.736055	 -3.030784	 0.000000	 0.003482	 0.003482	 90.000000	 0.735026	 -0.038917	 0.736056	 -3.030778	 258639.695008	
1900.000000	 1.000000	 0.000000	 -0.000000	 0.000000	 -90.000000	 0.735640	 -0.038971	 0.736671	 -3.032454	 0.000000	 0.003459	 0.003459	 90.000000	 0.735640	 -0.038971	 0.736671	 -3.032454	 258641.128819	
1850.000000	 1.000000	 0.000000	 -0.000000	 0.000000	 -90.000000	 0.736230	 -0.039000	 0.737262	 -3.032292	 0.000000	 0.003327	 0.003327	 90.000000	 0.736230	 -0.039000	 0.737262	 -3.032290	 258642.560207	
1800.000000	 1.000000	 0.000000	 -0.000000	 0.000000	 -90.000000	 0.736902	 -0.039020	 0.737934	 -3.031087	 0.000000	 0.003621	 0.003621	 90.000000	 0.736902	 -0.039020	 0.737934	 -3.031087	 258644.017508	
1750.000000	 1.000000	 0.000000	 -0.000000	 0.000000	 -90.000000	 0.737539	 -0.039067	 0.738573	 -3.032095	 0.000000	 0.003401	 0.003401	 90.000000	 0.737540	 -0.039067	 0.738573	 -3.032091	 258645.434348	
1700.000000	 1.000000	 0.000000	 -0.000000	 0.000000	 -90.000000	 0.738188	 -0.039098	 0.739223	 -3.031830	 0.000000	 0.003125	 0.003125	 90.000000	 0.738188	 -0.039098	 0.739223	 -3.031830	 258646.916258	
1650.000000	 1.000000	 0.000000	 -0.000000	 0.000000	 -90.000000	 0.738858	 -0.039144	 0.739894	 -3.032628	 0.000000	 0.000661	 0.000661	 90.000000	 0.738858	 -0.039144	 0.739894	 -3.032628	 258648.329682	
1600.000000	 1.000000	 0.000000	 -0.000000	 0.000000	 -90.000000	 0.739566	 -0.039191	 0.740603	 -3.033339	 0.000000	 0.005341	 0.005341	 90.000000	 0.739566	 -0.039191	 0.740603	 -3.033339	 258649.762503	
1550.000000	 1.000000	 0.000000	 -0.000000	 0.000000	 -90.000000	 0.740272	 -0.039186	 0.741308	 -3.030111	 0.000000	 -0.000482	 0.000482	 -90.000000	 0.740272	 -0.039186	 0.741308	 -3.030111	 258651.199875	
1500.000000	 1.000000	 0.000000	 -0.000000	 0.000000	 -90.000000	 0.741019	 -0.039298	 0.742061	 -3.035667	 0.000000	 0.004107	 0.004107	 90.000000	 0.741020	 -0.039297	 0.742061	 -3.035618	 258652.633266	
1450.000000	 1.000000	 0.000000	 -0.000000	 0.000000	 -90.000000	 0.741893	 -0.039358	 0.742936	 -3.036761	 0.000000	 0.003934	 0.003934	 90.000000	 0.741893	 -0.039357	 0.742936	 -3.036697	 258654.094663	
1400.000000	 1.000000	 0.000000	 -0.000000	 0.000000	 -90.000000	 0.742667	 -0.039431	 0.743713	 -3.039211	 0.000000	 0.003366	 0.003366	 90.000000	 0.742667	 -0.039431	 0.743713	 -3.039211	 258655.546095	
1350.000000	 1.000000	 0.000000	 -0.000000	 0.000000	 -90.000000	 0.743467	 -0.039436	 0.744512	 -3.036287	 0.000000	 0.003322	 0.003322	 90.000000	 0.743467	 -0.039436	 0.744512	 -3.036287	 258657.002670	
1300.000000	 1.000000	 0.000000	 -0.000000	 0.000000	 -90.000000	 0.744374	 -0.039578	 0.745425	 -3.043490	 0.000000	 0.003285	 0.003285	 90.000000	 0.744374	 -0.039578	 0.745425	 -3.043500	 258658.421824	
1250.000000	 1.000000	 0.000000	 -0.000000	 0.000000	 -90.000000	 0.745346	 -0.039600	 0.746397	 -3.041244	 0.000000	 0.003301	 0.003301	 90.000000	 0.745346	 -0.039600	 0.746397	 -3.041244	 258659.910622	
1200.000000	 1.000000	 0.000000	 -0.000000	 0.000000	 -90.000000	 0.746240	 -0.039711	 0.747296	 -3.046131	 0.000000	 0.003280	 0.003280	 90.000000	 0.746241	 -0.039712	 0.747297	 -3.046190	 258661.358802	
1150.000000	 1.000000	 0.000000	 -0.000000	 0.000000	 -90.000000	 0.747334	 -0.039734	 0.748389	 -3.043423	 0.000000	 0.003325	 0.003325	 90.000000	 0.747334	 -0.039734	 0.748389	 -3.043423	 258662.862755	
1100.000000	 1.000000	 0.000000	 -0.000000	 0.000000	 -90.000000	 0.748481	 -0.039922	 0.749544	 -3.053100	 0.000000	 0.001800	 0.001800	 90.000000	 0.748481	 -0.039922	 0.749544	 -3.053100	 258664.301410	
1050.000000	 1.000000	 0.000000	 -0.000000	 0.000000	 -90.000000	 0.749684	 -0.039941	 0.750747	 -3.049668	 0.000000	 -0.003403	 0.003403	 -90.000000	 0.749684	 -0.039941	 0.750747	 -3.049668	 258665.729375	
1000.000000	 1.000000	 0.000000	 -0.000000	 0.000000	 -90.000000	 0.750949	 -0.040118	 0.752019	 -3.058040	 0.000000	 0.008495	 0.008495	 90.000000	 0.750949	 -0.040118	 0.752019	 -3.058040	 258667.158633	
950.000000	 1.000000	 0.000000	 -0.000000	 0.000000	 -90.000000	 0.752255	 -0.040181	 0.753328	 -3.057460	 0.000000	 0.001034	 0.001034	 90.000000	 0.752255	 -0.040181	 0.753328	 -3.057460	 258668.593236	
900.000000	 1.000000	 0.000000	 -0.000000	 0.000000	 -90.000000	 0.753653	 -0.040255	 0.754728	 -3.057413	 0.000000	 0.000383	 0.000383	 90.000000	 0.753653	 -0.040255	 0.754728	 -3.057413	 258670.023525	
850.000000	 1.000000	 0.000000	 -0.000000	 0.000000	 -90.000000	 0.755231	 -0.040389	 0.756310	 -3.061220	 0.000000	 -0.002983	 0.002983	 -90.000000	 0.755231	 -0.040389	 0.756310	 -3.061195	 258671.486147	
800.000000	 1.000000	 0.000000	 -0.000000	 0.000000	 -90.000000	 0.756731	 -0.040503	 0.757815	 -3.063720	 0.000000	 -0.000288	 0.000288	 -90.000000	 0.756731	 -0.040503	 0.757815	 -3.063720	 258672.902206	
750.000000	 1.000000	 0.000000	 -0.000000	 0.000000	 -90.000000	 0.758387	 -0.040452	 0.759465	 -3.053243	 0.000000	 0.001796	 0.001796	 90.000000	 0.758387	 -0.040452	 0.759465	 -3.053243	 258674.351671	
700.000000	 1.000000	 0.000000	 -0.000000	 0.000000	 -90.000000	 0.760139	 -0.040688	 0.761227	 -3.063928	 0.000000	 0.000725	 0.000725	 90.000000	 0.760139	 -0.040688	 0.761227	 -3.063928	 258675.808640	
650.000000	 1.000000	 0.000000	 -0.000000	 0.000000	 -90.000000	 0.762293	 -0.040855	 0.763387	 -3.067856	 0.000000	 0.001624	 0.001624	 90.000000	 0.762293	 -0.040855	 0.763387	 -3.067827	 258677.255610	
600.000000	 1.000000	 0.000000	 -0.000000	 0.000000	 -90.000000	 0.764194	 -0.040872	 0.765287	 -3.061478	 0.000000	 0.001855	 0.001855	 90.000000	 0.764194	 -0.040872	 0.765287	 -3.061478	 258678.724898	
550.000000	 1.000000	 0.000000	 -0.000000	 0.000000	 -90.000000	 0.766561	 -0.041080	 0.767661	 -3.067536	 0.000000	 0.002220	 0.002220	 90.000000	 0.766562	 -0.041080	 0.767662	 -3.067550	 258680.160419	
500.000000	 1.000000	 0.000000	 -0.000000	 0.000000	 -90.000000	 0.769202	 -0.040962	 0.770292	 -3.048298	 0.000000	 0.002798	 0.002798	 90.000000	 0.769202	 -0.040962	 0.770292	 -3.048298	 258681.608805	
450.000000	 1.000000	 0.000000	 -0.000000	 0.000000	 -90.000000	 0.772409	 -0.041360	 0.773516	 -3.065109	 0.000000	 0.002831	 0.002831	 90.000000	 0.772409	 -0.041360	 0.773516	 -3.065109	 258683.053551	
400.000000	 1.000000	 0.000000	 -0.000000	 0.000000	 -90.000000	 0.775181	 -0.040992	 0.776264	 -3.027007	 0.000000	 0.002816	 0.002816	 90.000000	 0.775181	 -0.040992	 0.776264	 -3.027007	 258684.506751	
350.000000	 1.000000	 0.000000	 -0.000000	 0.000000	 -90.000000	 0.777911	 -0.040339	 0.778957	 -2.968438	 0.000000	 0.002821	 0.002821	 90.000000	 0.777911	 -0.040339	 0.778957	 -2.968438	 258685.918260	
300.000000	 1.000000	 0.000000	 -0.000000	 0.000000	 -90.000000	 0.782908	 -0.040693	 0.783965	 -2.975391	 0.000000	 0.002777	 0.002777	 90.000000	 0.782908	 -0.040693	 0.783965	 -2.975391	 258687.404418	
250.000000	 1.000000	 0.000000	 -0.000000	 0.000000	 -90.000000	 0.787320	 -0.041950	 0.788437	 -3.049976	 0.000000	 0.002746	 0.002746	 90.000000	 0.787320	 -0.041950	 0.788437	 -3.049976	 258688.878744	
200.000000	 1.000000	 0.000000	 -0.000000	 0.000000	 -90.000000	 0.793342	 -0.040363	 0.794368	 -2.912534	 0.000000	 0.002378	 0.002378	 90.000000	 0.793342	 -0.040363	 0.794368	 -2.912534	 258690.304897	
