# Oscilator_frequency (Hz)	DemodAll_A (-)	Demod_1_X_A (A)	Demod_1_Y_A (A)	Demod_1__R_A (A)	Demod_1__Theta_A (deg)	Demod_2_X_A (A)	Demod_2_Y_A (A)	Demod_2__R_A (A)	Demod_2__Theta_A (deg)	Demod_3_X_A (V)	Demod_3_Y_A (V)	Demod_3__R_A (V)	Demod_3__Theta_A (deg)	Demod_4_X_A (V)	Demod_4_Y_A (V)	Demod_4__R_A (V)	Demod_4__Theta_A (deg)	Timer_GET (s)	
5000.000000	 1.000000	 0.000000	 -0.000000	 0.000000	 -90.000000	 0.201493	 -0.008344	 0.201666	 -2.371451	 0.000000	 0.006319	 0.006319	 90.000000	 0.201493	 -0.008344	 0.201666	 -2.371451	 246985.512821	
4950.000000	 1.000000	 0.000000	 -0.000000	 0.000000	 -90.000000	 0.201546	 -0.008334	 0.201718	 -2.367912	 0.000000	 0.004633	 0.004633	 90.000000	 0.201546	 -0.008334	 0.201718	 -2.367900	 246986.950803	
4900.000000	 1.000000	 0.000000	 -0.000000	 0.000000	 -90.000000	 0.201596	 -0.008328	 0.201768	 -2.365437	 0.000000	 0.005197	 0.005197	 90.000000	 0.201596	 -0.008328	 0.201768	 -2.365437	 246988.427570	
4850.000000	 1.000000	 0.000000	 -0.000000	 0.000000	 -90.000000	 0.201649	 -0.008321	 0.201820	 -2.362866	 0.000000	 0.004348	 0.004348	 90.000000	 0.201648	 -0.008321	 0.201820	 -2.362855	 246989.870591	
4800.000000	 1.000000	 0.000000	 -0.000000	 0.000000	 -90.000000	 0.201705	 -0.008312	 0.201876	 -2.359681	 0.000000	 0.004211	 0.004211	 90.000000	 0.201705	 -0.008312	 0.201876	 -2.359682	 246991.354629	
4750.000000	 1.000000	 0.000000	 -0.000000	 0.000000	 -90.000000	 0.201738	 -0.008303	 0.201909	 -2.356903	 0.000000	 0.004184	 0.004184	 90.000000	 0.201738	 -0.008303	 0.201909	 -2.356903	 246992.810404	
4700.000000	 1.000000	 0.000000	 -0.000000	 0.000000	 -90.000000	 0.201798	 -0.008295	 0.201968	 -2.353867	 0.000000	 0.008561	 0.008561	 90.000000	 0.201798	 -0.008295	 0.201968	 -2.353867	 246994.238028	
4650.000000	 1.000000	 0.000000	 -0.000000	 0.000000	 -90.000000	 0.201845	 -0.008289	 0.202016	 -2.351541	 0.000000	 0.005925	 0.005925	 90.000000	 0.201845	 -0.008289	 0.202016	 -2.351541	 246995.691908	
4600.000000	 1.000000	 0.000000	 -0.000000	 0.000000	 -90.000000	 0.201898	 -0.008279	 0.202068	 -2.348157	 0.000000	 0.004828	 0.004828	 90.000000	 0.201898	 -0.008279	 0.202068	 -2.348157	 246997.137672	
4550.000000	 1.000000	 0.000000	 -0.000000	 0.000000	 -90.000000	 0.201957	 -0.008272	 0.202127	 -2.345417	 0.000000	 0.004540	 0.004540	 90.000000	 0.201957	 -0.008272	 0.202127	 -2.345417	 246998.585450	
4500.000000	 1.000000	 0.000000	 -0.000000	 0.000000	 -90.000000	 0.202008	 -0.008263	 0.202177	 -2.342483	 0.000000	 0.004381	 0.004381	 90.000000	 0.202008	 -0.008263	 0.202177	 -2.342472	 247000.046441	
4450.000000	 1.000000	 0.000000	 -0.000000	 0.000000	 -90.000000	 0.202057	 -0.008254	 0.202225	 -2.339165	 0.000000	 0.004180	 0.004180	 90.000000	 0.202057	 -0.008254	 0.202225	 -2.339165	 247001.454449	
4400.000000	 1.000000	 0.000000	 -0.000000	 0.000000	 -90.000000	 0.202110	 -0.008246	 0.202278	 -2.336283	 0.000000	 0.003630	 0.003630	 90.000000	 0.202110	 -0.008246	 0.202278	 -2.336283	 247002.901858	
4350.000000	 1.000000	 0.000000	 -0.000000	 0.000000	 -90.000000	 0.202157	 -0.008238	 0.202325	 -2.333441	 0.000000	 0.004134	 0.004134	 90.000000	 0.202157	 -0.008238	 0.202325	 -2.333441	 247004.325810	
4300.000000	 1.000000	 0.000000	 -0.000000	 0.000000	 -90.000000	 0.202222	 -0.008232	 0.202390	 -2.331018	 0.000000	 0.004730	 0.004730	 90.000000	 0.202222	 -0.008232	 0.202390	 -2.331018	 247005.769664	
4250.000000	 1.000000	 0.000000	 -0.000000	 0.000000	 -90.000000	 0.202270	 -0.008217	 0.202437	 -2.326312	 0.000000	 0.003949	 0.003949	 90.000000	 0.202270	 -0.008217	 0.202437	 -2.326312	 247007.203044	
4200.000000	 1.000000	 0.000000	 -0.000000	 0.000000	 -90.000000	 0.202320	 -0.008209	 0.202486	 -2.323415	 0.000000	 0.003759	 0.003759	 90.000000	 0.202320	 -0.008209	 0.202486	 -2.323415	 247008.647592	
4150.000000	 1.000000	 0.000000	 -0.000000	 0.000000	 -90.000000	 0.202374	 -0.008203	 0.202540	 -2.321223	 0.000000	 0.003555	 0.003555	 90.000000	 0.202374	 -0.008203	 0.202540	 -2.321223	 247010.112425	
4100.000000	 1.000000	 0.000000	 -0.000000	 0.000000	 -90.000000	 0.202429	 -0.008197	 0.202595	 -2.318817	 0.000000	 0.003491	 0.003491	 90.000000	 0.202429	 -0.008197	 0.202595	 -2.318817	 247011.561196	
4050.000000	 1.000000	 0.000000	 -0.000000	 0.000000	 -90.000000	 0.202478	 -0.008184	 0.202644	 -2.314650	 0.000000	 0.003443	 0.003443	 90.000000	 0.202478	 -0.008184	 0.202644	 -2.314650	 247013.006094	
4000.000000	 1.000000	 0.000000	 -0.000000	 0.000000	 -90.000000	 0.202544	 -0.008182	 0.202710	 -2.313259	 0.000000	 0.003440	 0.003440	 90.000000	 0.202544	 -0.008182	 0.202710	 -2.313259	 247014.441021	
3950.000000	 1.000000	 0.000000	 -0.000000	 0.000000	 -90.000000	 0.202612	 -0.008165	 0.202777	 -2.307593	 0.000000	 0.003265	 0.003265	 90.000000	 0.202612	 -0.008165	 0.202777	 -2.307593	 247015.888833	
3900.000000	 1.000000	 0.000000	 -0.000000	 0.000000	 -90.000000	 0.202675	 -0.008161	 0.202839	 -2.305800	 0.000000	 0.002186	 0.002186	 90.000000	 0.202675	 -0.008161	 0.202839	 -2.305800	 247017.311556	
3850.000000	 1.000000	 0.000000	 -0.000000	 0.000000	 -90.000000	 0.202729	 -0.008155	 0.202893	 -2.303517	 0.000000	 0.004484	 0.004484	 90.000000	 0.202729	 -0.008155	 0.202893	 -2.303517	 247018.760239	
3800.000000	 1.000000	 0.000000	 -0.000000	 0.000000	 -90.000000	 0.202797	 -0.008147	 0.202961	 -2.300500	 0.000000	 0.005341	 0.005341	 90.000000	 0.202797	 -0.008147	 0.202961	 -2.300500	 247020.173854	
3750.000000	 1.000000	 0.000000	 -0.000000	 0.000000	 -90.000000	 0.202864	 -0.008136	 0.203027	 -2.296562	 0.000000	 0.003373	 0.003373	 90.000000	 0.202864	 -0.008136	 0.203027	 -2.296562	 247021.619652	
3700.000000	 1.000000	 0.000000	 -0.000000	 0.000000	 -90.000000	 0.202939	 -0.008129	 0.203102	 -2.293936	 0.000000	 0.003041	 0.003041	 90.000000	 0.202939	 -0.008129	 0.203102	 -2.293936	 247023.086814	
3650.000000	 1.000000	 0.000000	 -0.000000	 0.000000	 -90.000000	 0.202988	 -0.008127	 0.203150	 -2.292651	 0.000000	 0.002922	 0.002922	 90.000000	 0.202988	 -0.008127	 0.203150	 -2.292651	 247024.529279	
3600.000000	 1.000000	 0.000000	 -0.000000	 0.000000	 -90.000000	 0.203039	 -0.008097	 0.203201	 -2.283829	 0.000000	 0.002532	 0.002532	 90.000000	 0.203039	 -0.008097	 0.203201	 -2.283829	 247025.986218	
3550.000000	 1.000000	 0.000000	 -0.000000	 0.000000	 -90.000000	 0.203119	 -0.008115	 0.203281	 -2.287942	 0.000000	 0.001079	 0.001079	 90.000000	 0.203119	 -0.008115	 0.203281	 -2.287942	 247027.417853	
3500.000000	 1.000000	 0.000000	 -0.000000	 0.000000	 -90.000000	 0.203175	 -0.008092	 0.203336	 -2.280784	 0.000000	 0.002764	 0.002764	 90.000000	 0.203175	 -0.008092	 0.203336	 -2.280784	 247028.888484	
3450.000000	 1.000000	 0.000000	 -0.000000	 0.000000	 -90.000000	 0.203262	 -0.008086	 0.203423	 -2.277970	 0.000000	 0.004057	 0.004057	 90.000000	 0.203262	 -0.008086	 0.203423	 -2.277970	 247030.328094	
3400.000000	 1.000000	 0.000000	 -0.000000	 0.000000	 -90.000000	 0.203318	 -0.008083	 0.203479	 -2.276477	 0.000000	 0.003033	 0.003033	 90.000000	 0.203318	 -0.008083	 0.203479	 -2.276477	 247031.769121	
3350.000000	 1.000000	 0.000000	 -0.000000	 0.000000	 -90.000000	 0.203381	 -0.008076	 0.203541	 -2.273927	 0.000000	 0.002781	 0.002781	 90.000000	 0.203381	 -0.008076	 0.203541	 -2.273933	 247033.196304	
3300.000000	 1.000000	 0.000000	 -0.000000	 0.000000	 -90.000000	 0.203437	 -0.008068	 0.203597	 -2.271033	 0.000000	 0.002651	 0.002651	 90.000000	 0.203437	 -0.008068	 0.203597	 -2.271032	 247034.632308	
3250.000000	 1.000000	 0.000000	 -0.000000	 0.000000	 -90.000000	 0.203504	 -0.008062	 0.203664	 -2.268691	 0.000000	 0.002691	 0.002691	 90.000000	 0.203504	 -0.008062	 0.203664	 -2.268691	 247036.092731	
3200.000000	 1.000000	 0.000000	 -0.000000	 0.000000	 -90.000000	 0.203587	 -0.008055	 0.203747	 -2.265617	 0.000000	 0.002670	 0.002670	 90.000000	 0.203587	 -0.008055	 0.203747	 -2.265617	 247037.509577	
3150.000000	 1.000000	 0.000000	 -0.000000	 0.000000	 -90.000000	 0.203646	 -0.008051	 0.203805	 -2.264033	 0.000000	 0.002421	 0.002421	 90.000000	 0.203646	 -0.008051	 0.203805	 -2.264007	 247038.952121	
3100.000000	 1.000000	 0.000000	 -0.000000	 0.000000	 -90.000000	 0.203724	 -0.008041	 0.203883	 -2.260283	 0.000000	 0.001454	 0.001454	 90.000000	 0.203724	 -0.008041	 0.203883	 -2.260283	 247040.378645	
3050.000000	 1.000000	 0.000000	 -0.000000	 0.000000	 -90.000000	 0.203797	 -0.008023	 0.203955	 -2.254565	 0.000000	 0.004148	 0.004148	 90.000000	 0.203797	 -0.008023	 0.203955	 -2.254494	 247041.824510	
3000.000000	 1.000000	 0.000000	 -0.000000	 0.000000	 -90.000000	 0.203887	 -0.008025	 0.204045	 -2.253915	 0.000000	 0.004387	 0.004387	 90.000000	 0.203887	 -0.008025	 0.204045	 -2.253915	 247043.284927	
2950.000000	 1.000000	 0.000000	 -0.000000	 0.000000	 -90.000000	 0.203972	 -0.008020	 0.204130	 -2.251756	 0.000000	 0.002652	 0.002652	 90.000000	 0.203972	 -0.008020	 0.204130	 -2.251756	 247044.733883	
2900.000000	 1.000000	 0.000000	 -0.000000	 0.000000	 -90.000000	 0.204039	 -0.008009	 0.204197	 -2.247869	 0.000000	 0.002486	 0.002486	 90.000000	 0.204039	 -0.008009	 0.204197	 -2.247869	 247046.180278	
2850.000000	 1.000000	 0.000000	 -0.000000	 0.000000	 -90.000000	 0.204110	 -0.007997	 0.204266	 -2.243633	 0.000000	 0.002445	 0.002445	 90.000000	 0.204110	 -0.007997	 0.204266	 -2.243633	 247047.595533	
2800.000000	 1.000000	 0.000000	 -0.000000	 0.000000	 -90.000000	 0.204192	 -0.008000	 0.204349	 -2.243516	 0.000000	 0.001107	 0.001107	 90.000000	 0.204192	 -0.008000	 0.204349	 -2.243516	 247049.033817	
2750.000000	 1.000000	 0.000000	 -0.000000	 0.000000	 -90.000000	 0.204281	 -0.007995	 0.204437	 -2.241218	 0.000000	 -0.004598	 0.004598	 -90.000000	 0.204281	 -0.007995	 0.204437	 -2.241218	 247050.462354	
2700.000000	 1.000000	 0.000000	 -0.000000	 0.000000	 -90.000000	 0.204363	 -0.007981	 0.204519	 -2.236340	 0.000000	 -0.006118	 0.006118	 -90.000000	 0.204363	 -0.007981	 0.204519	 -2.236404	 247051.916967	
2650.000000	 1.000000	 0.000000	 -0.000000	 0.000000	 -90.000000	 0.204452	 -0.007978	 0.204608	 -2.234545	 0.000000	 0.002397	 0.002397	 90.000000	 0.204452	 -0.007978	 0.204608	 -2.234545	 247053.369662	
2600.000000	 1.000000	 0.000000	 -0.000000	 0.000000	 -90.000000	 0.204547	 -0.007965	 0.204702	 -2.230006	 0.000000	 0.001557	 0.001557	 90.000000	 0.204547	 -0.007965	 0.204702	 -2.230006	 247054.834041	
2550.000000	 1.000000	 0.000000	 -0.000000	 0.000000	 -90.000000	 0.204636	 -0.007962	 0.204790	 -2.228243	 0.000000	 0.000301	 0.000301	 90.000000	 0.204636	 -0.007962	 0.204790	 -2.228243	 247056.271849	
2500.000000	 1.000000	 0.000000	 -0.000000	 0.000000	 -90.000000	 0.204715	 -0.007957	 0.204869	 -2.225928	 0.000000	 0.001566	 0.001566	 90.000000	 0.204715	 -0.007957	 0.204869	 -2.225928	 247057.730977	
2450.000000	 1.000000	 0.000000	 -0.000000	 0.000000	 -90.000000	 0.204824	 -0.007953	 0.204978	 -2.223464	 0.000000	 0.004766	 0.004766	 90.000000	 0.204824	 -0.007953	 0.204978	 -2.223464	 247059.178088	
2400.000000	 1.000000	 0.000000	 -0.000000	 0.000000	 -90.000000	 0.204897	 -0.007932	 0.205050	 -2.216880	 0.000000	 0.002577	 0.002577	 90.000000	 0.204897	 -0.007932	 0.205050	 -2.216880	 247060.630232	
2350.000000	 1.000000	 0.000000	 -0.000000	 0.000000	 -90.000000	 0.205001	 -0.007944	 0.205155	 -2.219287	 0.000000	 0.002217	 0.002217	 90.000000	 0.205001	 -0.007944	 0.205155	 -2.219287	 247062.048456	
2300.000000	 1.000000	 0.000000	 -0.000000	 0.000000	 -90.000000	 0.205125	 -0.007924	 0.205278	 -2.212256	 0.000000	 0.002010	 0.002010	 90.000000	 0.205125	 -0.007924	 0.205278	 -2.212256	 247063.501519	
2250.000000	 1.000000	 0.000000	 -0.000000	 0.000000	 -90.000000	 0.205227	 -0.007924	 0.205380	 -2.211192	 0.000000	 0.001917	 0.001917	 90.000000	 0.205227	 -0.007924	 0.205380	 -2.211192	 247064.947975	
2200.000000	 1.000000	 0.000000	 -0.000000	 0.000000	 -90.000000	 0.205351	 -0.007918	 0.205504	 -2.208116	 0.000000	 0.002056	 0.002056	 90.000000	 0.205351	 -0.007918	 0.205504	 -2.208116	 247066.389085	
2150.000000	 1.000000	 0.000000	 -0.000000	 0.000000	 -90.000000	 0.205458	 -0.007910	 0.205611	 -2.204880	 0.000000	 -0.004062	 0.004062	 -90.000000	 0.205458	 -0.007910	 0.205611	 -2.204880	 247067.823014	
2100.000000	 1.000000	 0.000000	 -0.000000	 0.000000	 -90.000000	 0.205584	 -0.007921	 0.205737	 -2.206550	 0.000000	 0.000898	 0.000898	 90.000000	 0.205584	 -0.007921	 0.205737	 -2.206550	 247069.253748	
2050.000000	 1.000000	 0.000000	 -0.000000	 0.000000	 -90.000000	 0.205691	 -0.007914	 0.205844	 -2.203423	 0.000000	 0.001615	 0.001615	 90.000000	 0.205691	 -0.007914	 0.205844	 -2.203423	 247070.706260	
2000.000000	 1.000000	 0.000000	 -0.000000	 0.000000	 -90.000000	 0.205819	 -0.007907	 0.205971	 -2.199945	 0.000000	 0.001835	 0.001835	 90.000000	 0.205819	 -0.007906	 0.205971	 -2.199878	 247072.134149	
1950.000000	 1.000000	 0.000000	 -0.000000	 0.000000	 -90.000000	 0.205937	 -0.007911	 0.206089	 -2.199854	 0.000000	 0.001878	 0.001878	 90.000000	 0.205937	 -0.007911	 0.206089	 -2.199844	 247073.576539	
1900.000000	 1.000000	 0.000000	 -0.000000	 0.000000	 -90.000000	 0.206096	 -0.007901	 0.206247	 -2.195442	 0.000000	 0.001669	 0.001669	 90.000000	 0.206096	 -0.007901	 0.206247	 -2.195441	 247075.028356	
1850.000000	 1.000000	 0.000000	 -0.000000	 0.000000	 -90.000000	 0.206210	 -0.007888	 0.206361	 -2.190641	 0.000000	 0.001671	 0.001671	 90.000000	 0.206210	 -0.007888	 0.206361	 -2.190641	 247076.469797	
1800.000000	 1.000000	 0.000000	 -0.000000	 0.000000	 -90.000000	 0.206356	 -0.007890	 0.206507	 -2.189650	 0.000000	 0.001755	 0.001755	 90.000000	 0.206356	 -0.007890	 0.206507	 -2.189650	 247077.927997	
1750.000000	 1.000000	 0.000000	 -0.000000	 0.000000	 -90.000000	 0.206497	 -0.007900	 0.206648	 -2.190833	 0.000000	 0.001329	 0.001329	 90.000000	 0.206497	 -0.007900	 0.206648	 -2.190833	 247079.382959	
1700.000000	 1.000000	 0.000000	 -0.000000	 0.000000	 -90.000000	 0.206642	 -0.007883	 0.206793	 -2.184646	 0.000000	 0.004418	 0.004418	 90.000000	 0.206642	 -0.007883	 0.206793	 -2.184646	 247080.847190	
1650.000000	 1.000000	 0.000000	 -0.000000	 0.000000	 -90.000000	 0.206731	 -0.007840	 0.206879	 -2.171738	 0.000000	 0.000892	 0.000892	 90.000000	 0.206731	 -0.007840	 0.206879	 -2.171738	 247082.305850	
1600.000000	 1.000000	 0.000000	 -0.000000	 0.000000	 -90.000000	 0.206937	 -0.007888	 0.207087	 -2.182817	 0.000000	 0.003633	 0.003633	 90.000000	 0.206937	 -0.007888	 0.207087	 -2.182817	 247083.776190	
1550.000000	 1.000000	 0.000000	 -0.000000	 0.000000	 -90.000000	 0.207061	 -0.007877	 0.207210	 -2.178589	 0.000000	 0.000947	 0.000947	 90.000000	 0.207060	 -0.007878	 0.207210	 -2.178807	 247085.224293	
1500.000000	 1.000000	 0.000000	 -0.000000	 0.000000	 -90.000000	 0.207263	 -0.007892	 0.207413	 -2.180650	 0.000000	 0.003020	 0.003020	 90.000000	 0.207263	 -0.007892	 0.207413	 -2.180650	 247086.651794	
1450.000000	 1.000000	 0.000000	 -0.000000	 0.000000	 -90.000000	 0.207466	 -0.007911	 0.207616	 -2.183621	 0.000000	 0.002258	 0.002258	 90.000000	 0.207466	 -0.007911	 0.207616	 -2.183621	 247088.107761	
1400.000000	 1.000000	 0.000000	 -0.000000	 0.000000	 -90.000000	 0.207585	 -0.007863	 0.207734	 -2.169279	 0.000000	 0.002100	 0.002100	 90.000000	 0.207585	 -0.007863	 0.207734	 -2.169279	 247089.519603	
1350.000000	 1.000000	 0.000000	 -0.000000	 0.000000	 -90.000000	 0.207821	 -0.007922	 0.207972	 -2.182992	 0.000000	 0.001995	 0.001995	 90.000000	 0.207821	 -0.007922	 0.207972	 -2.182992	 247090.955352	
1300.000000	 1.000000	 0.000000	 -0.000000	 0.000000	 -90.000000	 0.208015	 -0.007902	 0.208165	 -2.175473	 0.000000	 0.000778	 0.000778	 90.000000	 0.208015	 -0.007902	 0.208165	 -2.175473	 247092.439841	
1250.000000	 1.000000	 0.000000	 -0.000000	 0.000000	 -90.000000	 0.208230	 -0.007889	 0.208380	 -2.169578	 0.000000	 0.003646	 0.003646	 90.000000	 0.208230	 -0.007889	 0.208380	 -2.169578	 247093.874682	
1200.000000	 1.000000	 0.000000	 -0.000000	 0.000000	 -90.000000	 0.208418	 -0.007931	 0.208568	 -2.179269	 0.000000	 0.003240	 0.003240	 90.000000	 0.208418	 -0.007931	 0.208568	 -2.179269	 247095.353114	
1150.000000	 1.000000	 0.000000	 -0.000000	 0.000000	 -90.000000	 0.208537	 -0.007878	 0.208686	 -2.163447	 0.000000	 0.002385	 0.002385	 90.000000	 0.208537	 -0.007878	 0.208686	 -2.163447	 247096.807746	
1100.000000	 1.000000	 0.000000	 -0.000000	 0.000000	 -90.000000	 0.208817	 -0.007885	 0.208966	 -2.162452	 0.000000	 0.002115	 0.002115	 90.000000	 0.208817	 -0.007885	 0.208966	 -2.162453	 247098.220735	
1050.000000	 1.000000	 0.000000	 -0.000000	 0.000000	 -90.000000	 0.209084	 -0.007966	 0.209235	 -2.181884	 0.000000	 0.002101	 0.002101	 90.000000	 0.209084	 -0.007966	 0.209235	 -2.181884	 247099.689282	
1000.000000	 1.000000	 0.000000	 -0.000000	 0.000000	 -90.000000	 0.209385	 -0.007889	 0.209534	 -2.157642	 0.000000	 0.002052	 0.002052	 90.000000	 0.209385	 -0.007887	 0.209534	 -2.157288	 247101.115700	
950.000000	 1.000000	 0.000000	 -0.000000	 0.000000	 -90.000000	 0.209634	 -0.007867	 0.209782	 -2.149252	 0.000000	 0.002022	 0.002022	 90.000000	 0.209634	 -0.007867	 0.209782	 -2.149252	 247102.563597	
900.000000	 1.000000	 0.000000	 -0.000000	 0.000000	 -90.000000	 0.209893	 -0.007828	 0.210039	 -2.135808	 0.000000	 0.002051	 0.002051	 90.000000	 0.209893	 -0.007828	 0.210039	 -2.135808	 247103.986175	
850.000000	 1.000000	 0.000000	 -0.000000	 0.000000	 -90.000000	 0.210110	 -0.007947	 0.210260	 -2.166011	 0.000000	 0.001811	 0.001811	 90.000000	 0.210110	 -0.007947	 0.210260	 -2.166011	 247105.414327	
800.000000	 1.000000	 0.000000	 -0.000000	 0.000000	 -90.000000	 0.210543	 -0.007916	 0.210692	 -2.153099	 0.000000	 -0.001714	 0.001714	 -90.000000	 0.210543	 -0.007916	 0.210692	 -2.153099	 247106.854019	
750.000000	 1.000000	 0.000000	 -0.000000	 0.000000	 -90.000000	 0.210680	 -0.007966	 0.210831	 -2.165431	 0.000000	 -0.005912	 0.005912	 -90.000000	 0.210680	 -0.007966	 0.210831	 -2.165431	 247108.265876	
700.000000	 1.000000	 0.000000	 -0.000000	 0.000000	 -90.000000	 0.211217	 -0.007778	 0.211360	 -2.108823	 0.000000	 0.001874	 0.001874	 90.000000	 0.211217	 -0.007778	 0.211360	 -2.108823	 247109.685451	
650.000000	 1.000000	 0.000000	 -0.000000	 0.000000	 -90.000000	 0.211776	 -0.007597	 0.211912	 -2.054519	 0.000000	 0.001985	 0.001985	 90.000000	 0.211776	 -0.007597	 0.211912	 -2.054519	 247111.168830	
600.000000	 1.000000	 0.000000	 -0.000000	 0.000000	 -90.000000	 0.212051	 -0.007772	 0.212193	 -2.099002	 0.000000	 0.002070	 0.002070	 90.000000	 0.212050	 -0.007772	 0.212193	 -2.099077	 247112.609652	
550.000000	 1.000000	 0.000000	 -0.000000	 0.000000	 -90.000000	 0.212629	 -0.007819	 0.212773	 -2.105951	 0.000000	 0.002012	 0.002012	 90.000000	 0.212630	 -0.007819	 0.212773	 -2.105915	 247114.045478	
500.000000	 1.000000	 0.000000	 -0.000000	 0.000000	 -90.000000	 0.213219	 -0.007608	 0.213355	 -2.043544	 0.000000	 0.002047	 0.002047	 90.000000	 0.213219	 -0.007608	 0.213355	 -2.043545	 247115.505725	
450.000000	 1.000000	 0.000000	 -0.000000	 0.000000	 -90.000000	 0.213913	 -0.006904	 0.214024	 -1.848660	 0.000000	 0.002092	 0.002092	 90.000000	 0.213913	 -0.006904	 0.214024	 -1.848660	 247116.959216	
400.000000	 1.000000	 0.000000	 -0.000000	 0.000000	 -90.000000	 0.214419	 -0.007340	 0.214544	 -1.960524	 0.000000	 0.002071	 0.002071	 90.000000	 0.214419	 -0.007339	 0.214544	 -1.960234	 247118.381353	
350.000000	 1.000000	 0.000000	 -0.000000	 0.000000	 -90.000000	 0.216079	 -0.007848	 0.216222	 -2.080043	 0.000000	 0.002059	 0.002059	 90.000000	 0.216079	 -0.007848	 0.216222	 -2.080043	 247120.210023	
300.000000	 1.000000	 0.000000	 -0.000000	 0.000000	 -90.000000	 0.215970	 -0.007001	 0.216083	 -1.856590	 0.000000	 0.002076	 0.002076	 90.000000	 0.215970	 -0.007000	 0.216083	 -1.856541	 247121.694272	
250.000000	 1.000000	 0.000000	 -0.000000	 0.000000	 -90.000000	 0.215406	 -0.007271	 0.215529	 -1.933373	 0.000000	 0.002000	 0.002000	 90.000000	 0.215406	 -0.007271	 0.215529	 -1.933373	 247123.112286	
200.000000	 1.000000	 0.000000	 -0.000000	 0.000000	 -90.000000	 0.218205	 -0.006120	 0.218291	 -1.606505	 0.000000	 0.001989	 0.001989	 90.000000	 0.218205	 -0.006120	 0.218291	 -1.606505	 247124.598294	
150.000000	 1.000000	 0.000000	 -0.000000	 0.000000	 -90.000000	 0.219182	 -0.006811	 0.219288	 -1.779829	 0.000000	 0.001960	 0.001960	 90.000000	 0.219182	 -0.006811	 0.219288	 -1.779829	 247125.998179	
100.000000	 1.000000	 0.000000	 -0.000000	 0.000000	 -90.000000	 0.221377	 -0.003657	 0.221408	 -0.946515	 0.000000	 0.001714	 0.001714	 90.000000	 0.221377	 -0.003657	 0.221408	 -0.946515	 247127.435286	
