# Oscilator_frequency (Hz)	DemodAll_A (-)	Demod_1_X_A (A)	Demod_1_Y_A (A)	Demod_1__R_A (A)	Demod_1__Theta_A (deg)	Demod_2_X_A (A)	Demod_2_Y_A (A)	Demod_2__R_A (A)	Demod_2__Theta_A (deg)	Demod_3_X_A (V)	Demod_3_Y_A (V)	Demod_3__R_A (V)	Demod_3__Theta_A (deg)	Demod_4_X_A (V)	Demod_4_Y_A (V)	Demod_4__R_A (V)	Demod_4__Theta_A (deg)	Timer_GET (s)	
500000.000000	 1.000000	 0.000000	 -0.000000	 0.000000	 -90.000000	 -0.000000	 0.000000	 0.000000	 133.159552	 0.000000	 0.406652	 0.406652	 90.000000	 0.170205	 -0.075080	 0.186029	 -23.803059	 89704.814640	
495000.000000	 1.000000	 0.000000	 -0.000000	 0.000000	 -90.000000	 -0.000000	 0.000000	 0.000000	 166.892493	 0.000000	 0.446504	 0.446504	 90.000000	 0.170612	 -0.074461	 0.186153	 -23.578082	 89706.291752	
490000.000000	 1.000000	 0.000000	 -0.000000	 0.000000	 -90.000000	 -0.000000	 0.000000	 0.000000	 129.220310	 0.000000	 0.505569	 0.505569	 90.000000	 0.170982	 -0.073839	 0.186244	 -23.357261	 89707.733647	
485000.000000	 1.000000	 0.000000	 -0.000000	 0.000000	 -90.000000	 -0.000000	 0.000000	 0.000000	 173.477060	 0.000000	 0.611312	 0.611312	 90.000000	 0.171358	 -0.073216	 0.186344	 -23.135486	 89709.190646	
480000.000000	 1.000000	 0.000000	 -0.000000	 0.000000	 -90.000000	 -0.000000	 -0.000000	 0.000000	 -176.486345	 0.000000	 0.679819	 0.679819	 90.000000	 0.171724	 -0.072591	 0.186436	 -22.914736	 89710.649049	
475000.000000	 1.000000	 0.000000	 -0.000000	 0.000000	 -90.000000	 -0.000000	 0.000000	 0.000000	 103.186893	 0.000000	 0.756449	 0.756449	 90.000000	 0.172092	 -0.071949	 0.186527	 -22.688994	 89712.103232	
470000.000000	 1.000000	 0.000000	 -0.000000	 0.000000	 -90.000000	 -0.000000	 0.000000	 0.000000	 139.030906	 0.000000	 0.826130	 0.826130	 90.000000	 0.172438	 -0.071321	 0.186605	 -22.470167	 89713.575034	
465000.000000	 1.000000	 0.000000	 -0.000000	 0.000000	 -90.000000	 -0.000000	 -0.000000	 0.000000	 -149.740698	 0.000000	 0.886660	 0.886660	 90.000000	 0.172803	 -0.070691	 0.186703	 -22.248615	 89715.011463	
460000.000000	 1.000000	 0.000000	 -0.000000	 0.000000	 -90.000000	 -0.000000	 0.000000	 0.000000	 139.740869	 0.000000	 0.939176	 0.939176	 90.000000	 0.173169	 -0.070060	 0.186804	 -22.027062	 89716.463153	
455000.000000	 1.000000	 0.000000	 -0.000000	 0.000000	 -90.000000	 -0.000000	 -0.000000	 0.000000	 -144.379833	 0.000000	 0.984562	 0.984562	 90.000000	 0.173530	 -0.069426	 0.186903	 -21.805487	 89717.911377	
450000.000000	 1.000000	 0.000000	 -0.000000	 0.000000	 -90.000000	 -0.000000	 -0.000000	 0.000000	 -168.180684	 0.000000	 1.034830	 1.034830	 90.000000	 0.173889	 -0.068788	 0.187000	 -21.583050	 89719.835103	
445000.000000	 1.000000	 0.000000	 -0.000000	 0.000000	 -90.000000	 -0.000000	 0.000000	 0.000000	 112.087362	 0.000000	 1.068522	 1.068522	 90.000000	 0.174228	 -0.068145	 0.187081	 -21.361684	 89721.310159	
440000.000000	 1.000000	 0.000000	 -0.000000	 0.000000	 -90.000000	 -0.000000	 0.000000	 0.000000	 142.633075	 0.000000	 1.096667	 1.096667	 90.000000	 0.174580	 -0.067503	 0.187175	 -21.139403	 89722.748578	
435000.000000	 1.000000	 0.000000	 -0.000000	 0.000000	 -90.000000	 -0.000000	 0.000000	 0.000000	 98.622169	 0.000000	 1.122035	 1.122035	 90.000000	 0.174923	 -0.066859	 0.187265	 -20.917875	 89724.183087	
430000.000000	 1.000000	 0.000000	 -0.000000	 0.000000	 -90.000000	 -0.000000	 0.000000	 0.000000	 167.656904	 0.000000	 1.144788	 1.144788	 90.000000	 0.175273	 -0.066216	 0.187363	 -20.696001	 89725.633531	
425000.000000	 1.000000	 0.000000	 -0.000000	 0.000000	 -90.000000	 -0.000000	 0.000000	 0.000000	 103.234436	 0.000000	 1.164879	 1.164879	 90.000000	 0.175607	 -0.065564	 0.187448	 -20.473531	 89727.117584	
420000.000000	 1.000000	 0.000000	 -0.000000	 0.000000	 -90.000000	 -0.000000	 -0.000000	 0.000000	 -169.136574	 0.000000	 1.183869	 1.183869	 90.000000	 0.175950	 -0.064916	 0.187543	 -20.251271	 89728.584398	
415000.000000	 1.000000	 0.000000	 -0.000000	 0.000000	 -90.000000	 -0.000000	 -0.000000	 0.000000	 -177.982927	 0.000000	 1.200255	 1.200255	 90.000000	 0.176302	 -0.064269	 0.187651	 -20.028914	 89730.019531	
410000.000000	 1.000000	 0.000000	 -0.000000	 0.000000	 -90.000000	 -0.000000	 0.000000	 0.000000	 152.011992	 0.000000	 1.215271	 1.215271	 90.000000	 0.176636	 -0.063618	 0.187743	 -19.807113	 89731.464594	
405000.000000	 1.000000	 0.000000	 -0.000000	 0.000000	 -90.000000	 -0.000000	 0.000000	 0.000000	 96.129449	 0.000000	 1.229101	 1.229101	 90.000000	 0.176965	 -0.062961	 0.187832	 -19.584706	 89732.924891	
400000.000000	 1.000000	 0.000000	 -0.000000	 0.000000	 -90.000000	 -0.000000	 0.000000	 0.000000	 173.651221	 0.000000	 1.241281	 1.241281	 90.000000	 0.177304	 -0.062310	 0.187934	 -19.363099	 89734.359247	
395000.000000	 1.000000	 0.000000	 -0.000000	 0.000000	 -90.000000	 -0.000000	 -0.000000	 0.000000	 -158.526734	 0.000000	 1.252451	 1.252451	 90.000000	 0.177621	 -0.061647	 0.188015	 -19.140308	 89735.792116	
390000.000000	 1.000000	 0.000000	 -0.000000	 0.000000	 -90.000000	 -0.000000	 0.000000	 0.000000	 151.231286	 0.000000	 1.262818	 1.262818	 90.000000	 0.177955	 -0.060990	 0.188117	 -18.918004	 89737.237827	
385000.000000	 1.000000	 0.000000	 -0.000000	 0.000000	 -90.000000	 -0.000000	 0.000000	 0.000000	 170.374708	 0.000000	 1.272479	 1.272479	 90.000000	 0.178277	 -0.060328	 0.188208	 -18.695665	 89738.675343	
380000.000000	 1.000000	 0.000000	 -0.000000	 0.000000	 -90.000000	 0.000000	 -0.000000	 0.000000	 -67.052387	 0.000000	 1.281345	 1.281345	 90.000000	 0.178601	 -0.059667	 0.188304	 -18.473548	 89740.119821	
375000.000000	 1.000000	 0.000000	 -0.000000	 0.000000	 -90.000000	 -0.000000	 0.000000	 0.000000	 104.309212	 0.000000	 1.289219	 1.289219	 90.000000	 0.178909	 -0.059002	 0.188387	 -18.251930	 89741.555114	
370000.000000	 1.000000	 0.000000	 -0.000000	 0.000000	 -90.000000	 -0.000000	 -0.000000	 0.000000	 -141.849959	 0.000000	 1.296897	 1.296897	 90.000000	 0.179234	 -0.058336	 0.188489	 -18.028666	 89742.969197	
365000.000000	 1.000000	 0.000000	 -0.000000	 0.000000	 -90.000000	 -0.000000	 0.000000	 0.000000	 117.167306	 0.000000	 1.303836	 1.303836	 90.000000	 0.179543	 -0.057667	 0.188577	 -17.806302	 89744.408681	
360000.000000	 1.000000	 0.000000	 -0.000000	 0.000000	 -90.000000	 -0.000000	 0.000000	 0.000000	 174.768157	 0.000000	 1.310185	 1.310185	 90.000000	 0.179860	 -0.057000	 0.188676	 -17.584192	 89745.873198	
355000.000000	 1.000000	 0.000000	 -0.000000	 0.000000	 -90.000000	 -0.000000	 0.000000	 0.000000	 101.378806	 0.000000	 1.316185	 1.316185	 90.000000	 0.180171	 -0.056330	 0.188772	 -17.361624	 89747.329855	
350000.000000	 1.000000	 0.000000	 -0.000000	 0.000000	 -90.000000	 -0.000000	 -0.000000	 0.000000	 -138.834825	 0.000000	 1.321807	 1.321807	 90.000000	 0.180480	 -0.055660	 0.188868	 -17.139681	 89748.753851	
345000.000000	 1.000000	 0.000000	 -0.000000	 0.000000	 -90.000000	 -0.000000	 -0.000000	 0.000000	 -153.309968	 0.000000	 1.326919	 1.326919	 90.000000	 0.180785	 -0.054983	 0.188961	 -16.916359	 89750.188567	
340000.000000	 1.000000	 0.000000	 -0.000000	 0.000000	 -90.000000	 -0.000000	 0.000000	 0.000000	 146.158693	 0.000000	 1.332000	 1.332000	 90.000000	 0.181096	 -0.054312	 0.189064	 -16.694275	 89751.678641	
335000.000000	 1.000000	 0.000000	 -0.000000	 0.000000	 -90.000000	 -0.000000	 -0.000000	 0.000000	 -141.848255	 0.000000	 1.336581	 1.336581	 90.000000	 0.181403	 -0.053635	 0.189166	 -16.471226	 89753.133399	
330000.000000	 1.000000	 0.000000	 -0.000000	 0.000000	 -90.000000	 0.000000	 0.000000	 0.000000	 87.039981	 0.000000	 1.340707	 1.340707	 90.000000	 0.181704	 -0.052957	 0.189264	 -16.248417	 89754.559833	
325000.000000	 1.000000	 0.000000	 -0.000000	 0.000000	 -90.000000	 -0.000000	 0.000000	 0.000000	 133.081133	 0.000000	 1.344826	 1.344826	 90.000000	 0.182013	 -0.052280	 0.189373	 -16.025822	 89756.023354	
320000.000000	 1.000000	 0.000000	 -0.000000	 0.000000	 -90.000000	 -0.000000	 0.000000	 0.000000	 96.912126	 0.000000	 1.348757	 1.348757	 90.000000	 0.182311	 -0.051596	 0.189472	 -15.802099	 89757.488041	
315000.000000	 1.000000	 0.000000	 -0.000000	 0.000000	 -90.000000	 -0.000000	 0.000000	 0.000000	 121.140664	 0.000000	 1.351927	 1.351927	 90.000000	 0.182597	 -0.050914	 0.189562	 -15.580216	 89758.907997	
310000.000000	 1.000000	 0.000000	 -0.000000	 0.000000	 -90.000000	 -0.000000	 0.000000	 0.000000	 93.682570	 0.000000	 1.355402	 1.355402	 90.000000	 0.182896	 -0.050233	 0.189669	 -15.357802	 89760.338922	
305000.000000	 1.000000	 0.000000	 -0.000000	 0.000000	 -90.000000	 -0.000000	 0.000000	 0.000000	 165.553760	 0.000000	 1.358629	 1.358629	 90.000000	 0.183180	 -0.049545	 0.189762	 -15.134860	 89761.802810	
300000.000000	 1.000000	 0.000000	 -0.000000	 0.000000	 -90.000000	 0.000000	 -0.000000	 0.000000	 -50.035299	 0.000000	 1.361547	 1.361547	 90.000000	 0.183461	 -0.048857	 0.189855	 -14.912310	 89763.252841	
295000.000000	 1.000000	 0.000000	 -0.000000	 0.000000	 -90.000000	 -0.000000	 -0.000000	 0.000000	 -179.023449	 0.000000	 1.364054	 1.364054	 90.000000	 0.183732	 -0.048166	 0.189941	 -14.689569	 89764.727333	
290000.000000	 1.000000	 0.000000	 -0.000000	 0.000000	 -90.000000	 -0.000000	 0.000000	 0.000000	 169.729453	 0.000000	 1.366863	 1.366863	 90.000000	 0.184018	 -0.047475	 0.190043	 -14.466222	 89766.179089	
285000.000000	 1.000000	 0.000000	 -0.000000	 0.000000	 -90.000000	 -0.000000	 0.000000	 0.000000	 164.875464	 0.000000	 1.369232	 1.369232	 90.000000	 0.184297	 -0.046782	 0.190141	 -14.243150	 89767.624634	
280000.000000	 1.000000	 0.000000	 -0.000000	 0.000000	 -90.000000	 -0.000000	 0.000000	 0.000000	 142.789069	 0.000000	 1.371621	 1.371621	 90.000000	 0.184571	 -0.046088	 0.190238	 -14.020223	 89769.062665	
275000.000000	 1.000000	 0.000000	 -0.000000	 0.000000	 -90.000000	 0.000000	 -0.000000	 0.000000	 -73.164704	 0.000000	 1.373982	 1.373982	 90.000000	 0.184852	 -0.045394	 0.190344	 -13.796948	 89770.518729	
270000.000000	 1.000000	 0.000000	 -0.000000	 0.000000	 -90.000000	 -0.000000	 -0.000000	 0.000000	 -174.371330	 0.000000	 1.376161	 1.376161	 90.000000	 0.185123	 -0.044696	 0.190442	 -13.573688	 89771.931609	
265000.000000	 1.000000	 0.000000	 -0.000000	 0.000000	 -90.000000	 -0.000000	 -0.000000	 0.000000	 -135.425383	 0.000000	 1.377946	 1.377946	 90.000000	 0.185391	 -0.043996	 0.190540	 -13.350057	 89773.379450	
260000.000000	 1.000000	 0.000000	 -0.000000	 0.000000	 -90.000000	 -0.000000	 0.000000	 0.000000	 119.429182	 0.000000	 1.379796	 1.379796	 90.000000	 0.185664	 -0.043296	 0.190646	 -13.126575	 89774.816794	
255000.000000	 1.000000	 0.000000	 -0.000000	 0.000000	 -90.000000	 0.000000	 0.000000	 0.000000	 18.975678	 0.000000	 1.381474	 1.381474	 90.000000	 0.185941	 -0.042596	 0.190758	 -12.902984	 89776.280649	
250000.000000	 1.000000	 0.000000	 -0.000000	 0.000000	 -90.000000	 -0.000000	 -0.000000	 0.000000	 -144.094466	 0.000000	 1.383138	 1.383138	 90.000000	 0.186215	 -0.041889	 0.190869	 -12.677727	 89777.683394	
245000.000000	 1.000000	 0.000000	 -0.000000	 0.000000	 -90.000000	 -0.000000	 0.000000	 0.000000	 165.915607	 0.000000	 1.384812	 1.384812	 90.000000	 0.186476	 -0.041187	 0.190970	 -12.455025	 89779.120666	
240000.000000	 1.000000	 0.000000	 -0.000000	 0.000000	 -90.000000	 -0.000000	 -0.000000	 0.000000	 -169.985964	 0.000000	 1.386274	 1.386274	 90.000000	 0.186744	 -0.040484	 0.191082	 -12.231928	 89780.553130	
235000.000000	 1.000000	 0.000000	 -0.000000	 0.000000	 -90.000000	 -0.000000	 0.000000	 0.000000	 118.012049	 0.000000	 1.388062	 1.388062	 90.000000	 0.186997	 -0.039771	 0.191180	 -12.006912	 89782.018726	
230000.000000	 1.000000	 0.000000	 -0.000000	 0.000000	 -90.000000	 -0.000000	 0.000000	 0.000000	 166.329498	 0.000000	 1.389428	 1.389428	 90.000000	 0.187249	 -0.039060	 0.191279	 -11.782788	 89783.449036	
225000.000000	 1.000000	 0.000000	 -0.000000	 0.000000	 -90.000000	 -0.000000	 -0.000000	 0.000000	 -104.557116	 0.000000	 1.390988	 1.390988	 90.000000	 0.187505	 -0.038350	 0.191387	 -11.559105	 89784.922577	
220000.000000	 1.000000	 0.000000	 -0.000000	 0.000000	 -90.000000	 0.000000	 0.000000	 0.000000	 66.410011	 0.000000	 1.392490	 1.392490	 90.000000	 0.187768	 -0.037635	 0.191503	 -11.333798	 89786.346662	
215000.000000	 1.000000	 0.000000	 -0.000000	 0.000000	 -90.000000	 -0.000000	 -0.000000	 0.000000	 -173.648079	 0.000000	 1.393562	 1.393562	 90.000000	 0.188018	 -0.036919	 0.191609	 -11.109268	 89787.771890	
210000.000000	 1.000000	 0.000000	 -0.000000	 0.000000	 -90.000000	 0.000000	 0.000000	 0.000000	 82.974852	 0.000000	 1.394772	 1.394772	 90.000000	 0.188279	 -0.036205	 0.191728	 -10.884806	 89789.237331	
205000.000000	 1.000000	 0.000000	 -0.000000	 0.000000	 -90.000000	 -0.000000	 0.000000	 0.000000	 168.179616	 0.000000	 1.396169	 1.396169	 90.000000	 0.188530	 -0.035485	 0.191841	 -10.659577	 89790.672020	
200000.000000	 1.000000	 0.000000	 -0.000000	 0.000000	 -90.000000	 -0.000000	 -0.000000	 0.000000	 -169.950143	 0.000000	 1.397053	 1.397053	 90.000000	 0.188778	 -0.034763	 0.191952	 -10.433930	 89792.103553	
195000.000000	 1.000000	 0.000000	 -0.000000	 0.000000	 -90.000000	 -0.000000	 0.000000	 0.000000	 173.243409	 0.000000	 1.398164	 1.398164	 90.000000	 0.189031	 -0.034043	 0.192072	 -10.208935	 89793.536916	
190000.000000	 1.000000	 0.000000	 -0.000000	 0.000000	 -90.000000	 -0.000000	 0.000000	 0.000000	 174.695716	 0.000000	 1.399083	 1.399083	 90.000000	 0.189284	 -0.033320	 0.192194	 -9.983635	 89794.967308	
185000.000000	 1.000000	 0.000000	 -0.000000	 0.000000	 -90.000000	 -0.000000	 -0.000000	 0.000000	 -151.827182	 0.000000	 1.400148	 1.400148	 90.000000	 0.189536	 -0.032595	 0.192318	 -9.757808	 89796.424126	
180000.000000	 1.000000	 0.000000	 -0.000000	 0.000000	 -90.000000	 0.000000	 -0.000000	 0.000000	 -62.004185	 0.000000	 1.400993	 1.400993	 90.000000	 0.189777	 -0.031869	 0.192434	 -9.532554	 89797.875623	
175000.000000	 1.000000	 0.000000	 -0.000000	 0.000000	 -90.000000	 -0.000000	 -0.000000	 0.000000	 -147.222159	 0.000000	 1.401856	 1.401856	 90.000000	 0.190020	 -0.031138	 0.192554	 -9.306035	 89799.309668	
170000.000000	 1.000000	 0.000000	 -0.000000	 0.000000	 -90.000000	 -0.000000	 -0.000000	 0.000000	 -138.002906	 0.000000	 1.402692	 1.402692	 90.000000	 0.190261	 -0.030405	 0.192675	 -9.079639	 89800.728975	
165000.000000	 1.000000	 0.000000	 -0.000000	 0.000000	 -90.000000	 -0.000000	 0.000000	 0.000000	 109.632669	 0.000000	 1.403532	 1.403532	 90.000000	 0.190497	 -0.029671	 0.192794	 -8.853091	 89802.193504	
160000.000000	 1.000000	 0.000000	 -0.000000	 0.000000	 -90.000000	 -0.000000	 -0.000000	 0.000000	 -128.856241	 0.000000	 1.404411	 1.404411	 90.000000	 0.190735	 -0.028936	 0.192917	 -8.626466	 89803.621016	
155000.000000	 1.000000	 0.000000	 -0.000000	 0.000000	 -90.000000	 -0.000000	 -0.000000	 0.000000	 -145.402619	 0.000000	 1.405300	 1.405300	 90.000000	 0.190966	 -0.028197	 0.193037	 -8.399425	 89805.038484	
150000.000000	 1.000000	 0.000000	 -0.000000	 0.000000	 -90.000000	 -0.000000	 -0.000000	 0.000000	 -175.903268	 0.000000	 1.405993	 1.405993	 90.000000	 0.191198	 -0.027460	 0.193160	 -8.172934	 89806.488903	
145000.000000	 1.000000	 0.000000	 -0.000000	 0.000000	 -90.000000	 -0.000000	 -0.000000	 0.000000	 -127.386028	 0.000000	 1.406727	 1.406727	 90.000000	 0.191423	 -0.026715	 0.193278	 -7.944899	 89807.929222	
140000.000000	 1.000000	 0.000000	 -0.000000	 0.000000	 -90.000000	 -0.000000	 -0.000000	 0.000000	 -154.619883	 0.000000	 1.407534	 1.407534	 90.000000	 0.191658	 -0.025970	 0.193409	 -7.716552	 89809.369452	
135000.000000	 1.000000	 0.000000	 -0.000000	 0.000000	 -90.000000	 0.000000	 0.000000	 0.000000	 72.733899	 0.000000	 1.408290	 1.408290	 90.000000	 0.191908	 -0.025228	 0.193560	 -7.489213	 89810.803246	
130000.000000	 1.000000	 0.000000	 -0.000000	 0.000000	 -90.000000	 -0.000000	 -0.000000	 0.000000	 -143.921311	 0.000000	 1.408898	 1.408898	 90.000000	 0.192138	 -0.024481	 0.193692	 -7.261077	 89812.210278	
125000.000000	 1.000000	 0.000000	 -0.000000	 0.000000	 -90.000000	 -0.000000	 -0.000000	 0.000000	 -93.319266	 0.000000	 1.409503	 1.409503	 90.000000	 0.192382	 -0.023733	 0.193840	 -7.032724	 89813.663999	
120000.000000	 1.000000	 0.000000	 -0.000000	 0.000000	 -90.000000	 -0.000000	 -0.000000	 0.000000	 -134.532300	 0.000000	 1.410322	 1.410322	 90.000000	 0.192643	 -0.022984	 0.194009	 -6.803585	 89815.127483	
115000.000000	 1.000000	 0.000000	 -0.000000	 0.000000	 -90.000000	 -0.000000	 -0.000000	 0.000000	 -127.359857	 0.000000	 1.410667	 1.410667	 90.000000	 0.192874	 -0.022231	 0.194151	 -6.574936	 89816.538182	
110000.000000	 1.000000	 0.000000	 -0.000000	 0.000000	 -90.000000	 -0.000000	 -0.000000	 0.000000	 -154.225661	 0.000000	 1.411374	 1.411374	 90.000000	 0.193115	 -0.021476	 0.194306	 -6.345676	 89817.973146	
105000.000000	 1.000000	 0.000000	 -0.000000	 0.000000	 -90.000000	 0.000000	 -0.000000	 0.000000	 -6.697290	 0.000000	 1.411801	 1.411801	 90.000000	 0.193356	 -0.020718	 0.194463	 -6.115822	 89819.420741	
100000.000000	 1.000000	 0.000000	 -0.000000	 0.000000	 -90.000000	 -0.000000	 0.000000	 0.000000	 159.463892	 0.000000	 1.412548	 1.412548	 90.000000	 0.193609	 -0.019960	 0.194635	 -5.886055	 89820.877497	
95000.000000	 1.000000	 0.000000	 -0.000000	 0.000000	 -90.000000	 -0.000000	 -0.000000	 0.000000	 -140.583828	 0.000000	 1.412984	 1.412984	 90.000000	 0.193851	 -0.019198	 0.194800	 -5.655773	 89822.307782	
90000.000000	 1.000000	 0.000000	 -0.000000	 0.000000	 -90.000000	 -0.000000	 0.000000	 0.000000	 167.822097	 0.000000	 1.413596	 1.413596	 90.000000	 0.194083	 -0.018432	 0.194957	 -5.425181	 89823.762138	
85000.000000	 1.000000	 0.000000	 -0.000000	 0.000000	 -90.000000	 -0.000000	 0.000000	 0.000000	 160.289882	 0.000000	 1.413983	 1.413983	 90.000000	 0.194341	 -0.017668	 0.195142	 -5.194546	 89825.193356	
80000.000000	 1.000000	 0.000000	 -0.000000	 0.000000	 -90.000000	 0.000000	 -0.000000	 0.000000	 -78.731640	 0.000000	 1.414430	 1.414430	 90.000000	 0.194589	 -0.016899	 0.195322	 -4.963401	 89826.623789	
75000.000000	 1.000000	 0.000000	 -0.000000	 0.000000	 -90.000000	 -0.000000	 -0.000000	 0.000000	 -125.254911	 0.000000	 1.415021	 1.415021	 90.000000	 0.194846	 -0.016129	 0.195513	 -4.732085	 89828.064454	
70000.000000	 1.000000	 0.000000	 -0.000000	 0.000000	 -90.000000	 -0.000000	 0.000000	 0.000000	 128.883466	 0.000000	 1.415269	 1.415269	 90.000000	 0.195127	 -0.015362	 0.195731	 -4.501375	 89829.500982	
65000.000000	 1.000000	 0.000000	 -0.000000	 0.000000	 -90.000000	 -0.000000	 0.000000	 0.000000	 171.276926	 0.000000	 1.416028	 1.416028	 90.000000	 0.195406	 -0.014589	 0.195950	 -4.269880	 89830.942477	
60000.000000	 1.000000	 0.000000	 -0.000000	 0.000000	 -90.000000	 -0.000000	 -0.000000	 0.000000	 -104.591030	 0.000000	 1.416195	 1.416195	 90.000000	 0.195692	 -0.013816	 0.196179	 -4.038377	 89832.385853	
55000.000000	 1.000000	 0.000000	 -0.000000	 0.000000	 -90.000000	 -0.000000	 -0.000000	 0.000000	 -105.193786	 0.000000	 1.416929	 1.416929	 90.000000	 0.195993	 -0.013042	 0.196427	 -3.806993	 89833.842007	
50000.000000	 1.000000	 0.000000	 -0.000000	 0.000000	 -90.000000	 -0.000000	 0.000000	 0.000000	 153.568005	 0.000000	 1.417415	 1.417415	 90.000000	 0.196318	 -0.012271	 0.196701	 -3.576670	 89835.291972	
45000.000000	 1.000000	 0.000000	 -0.000000	 0.000000	 -90.000000	 -0.000000	 -0.000000	 0.000000	 -146.511810	 0.000000	 1.417737	 1.417737	 90.000000	 0.196655	 -0.011497	 0.196991	 -3.345994	 89836.723733	
40000.000000	 1.000000	 0.000000	 -0.000000	 0.000000	 -90.000000	 0.000000	 -0.000000	 0.000000	 -2.355507	 0.000000	 1.418124	 1.418124	 90.000000	 0.197003	 -0.010727	 0.197295	 -3.116700	 89838.171973	
35000.000000	 1.000000	 0.000000	 -0.000000	 0.000000	 -90.000000	 -0.000000	 0.000000	 0.000000	 109.301159	 0.000000	 1.418500	 1.418500	 90.000000	 0.197385	 -0.009962	 0.197636	 -2.889175	 89839.630754	
30000.000000	 1.000000	 0.000000	 -0.000000	 0.000000	 -90.000000	 -0.000000	 -0.000000	 0.000000	 -131.534869	 0.000000	 1.419184	 1.419184	 90.000000	 0.197842	 -0.009208	 0.198056	 -2.664753	 89841.076268	
25000.000000	 1.000000	 0.000000	 -0.000000	 0.000000	 -90.000000	 -0.000000	 0.000000	 0.000000	 147.750636	 0.000000	 1.419712	 1.419712	 90.000000	 0.198359	 -0.008475	 0.198540	 -2.446375	 89842.531515	
20000.000000	 1.000000	 0.000000	 -0.000000	 0.000000	 -90.000000	 -0.000000	 0.000000	 0.000000	 155.471539	 0.000000	 1.420103	 1.420103	 90.000000	 0.198954	 -0.007781	 0.199106	 -2.239643	 89844.002153	
15000.000000	 1.000000	 0.000000	 -0.000000	 0.000000	 -90.000000	 0.000000	 -0.000000	 0.000000	 -7.720492	 0.000000	 1.420851	 1.420851	 90.000000	 0.199710	 -0.007156	 0.199838	 -2.052260	 89845.503262	
10000.000000	 1.000000	 0.000000	 -0.000000	 0.000000	 -90.000000	 -0.000000	 -0.000000	 0.000000	 -135.256732	 0.000000	 1.421588	 1.421588	 90.000000	 0.200745	 -0.006755	 0.200859	 -1.927274	 89846.964018	
5000.000000	 1.000000	 0.000000	 -0.000000	 0.000000	 -90.000000	 -0.000000	 -0.000000	 0.000000	 -157.306194	 0.000000	 1.422913	 1.422913	 90.000000	 0.202685	 -0.007173	 0.202812	 -2.026921	 89848.407350	
