# Oscilator_frequency (Hz)	DemodAll_A (-)	Demod_1_X_A (A)	Demod_1_Y_A (A)	Demod_1__R_A (A)	Demod_1__Theta_A (deg)	Demod_2_X_A (A)	Demod_2_Y_A (A)	Demod_2__R_A (A)	Demod_2__Theta_A (deg)	Demod_3_X_A (V)	Demod_3_Y_A (V)	Demod_3__R_A (V)	Demod_3__Theta_A (deg)	Demod_4_X_A (V)	Demod_4_Y_A (V)	Demod_4__R_A (V)	Demod_4__Theta_A (deg)	Timer_GET (s)	
5000.000000	 1.000000	 0.000000	 -0.000000	 0.000000	 -90.000000	 0.322485	 -0.002624	 0.322496	 -0.466234	 0.000000	 0.010134	 0.010134	 90.000000	 0.322485	 -0.002624	 0.322496	 -0.466234	 168276.047357	
4979.923695	 1.000000	 0.000000	 -0.000000	 0.000000	 -90.000000	 0.322504	 -0.002626	 0.322515	 -0.466515	 0.000000	 0.008370	 0.008370	 90.000000	 0.322504	 -0.002626	 0.322515	 -0.466512	 168277.507709	
4959.847390	 1.000000	 0.000000	 -0.000000	 0.000000	 -90.000000	 0.322510	 -0.002625	 0.322521	 -0.466254	 0.000000	 0.008695	 0.008695	 90.000000	 0.322510	 -0.002625	 0.322521	 -0.466254	 168278.956933	
4939.771084	 1.000000	 0.000000	 -0.000000	 0.000000	 -90.000000	 0.322510	 -0.002626	 0.322521	 -0.466586	 0.000000	 0.008089	 0.008089	 90.000000	 0.322510	 -0.002626	 0.322521	 -0.466586	 168280.394380	
4919.694779	 1.000000	 0.000000	 -0.000000	 0.000000	 -90.000000	 0.322516	 -0.002623	 0.322527	 -0.466059	 0.000000	 0.007508	 0.007508	 90.000000	 0.322516	 -0.002623	 0.322527	 -0.466059	 168281.892137	
4899.618474	 1.000000	 0.000000	 -0.000000	 0.000000	 -90.000000	 0.322511	 -0.002626	 0.322521	 -0.466510	 0.000000	 0.007055	 0.007055	 90.000000	 0.322511	 -0.002626	 0.322521	 -0.466510	 168283.345121	
4879.542169	 1.000000	 0.000000	 -0.000000	 0.000000	 -90.000000	 0.322518	 -0.002621	 0.322528	 -0.465683	 0.000000	 0.006627	 0.006627	 90.000000	 0.322518	 -0.002621	 0.322528	 -0.465683	 168284.796403	
4859.465863	 1.000000	 0.000000	 -0.000000	 0.000000	 -90.000000	 0.322530	 -0.002619	 0.322540	 -0.465274	 0.000000	 0.006203	 0.006203	 90.000000	 0.322530	 -0.002619	 0.322540	 -0.465274	 168286.227584	
4839.389558	 1.000000	 0.000000	 -0.000000	 0.000000	 -90.000000	 0.322526	 -0.002617	 0.322537	 -0.464886	 0.000000	 0.005842	 0.005842	 90.000000	 0.322526	 -0.002617	 0.322537	 -0.464886	 168287.740779	
4819.313253	 1.000000	 0.000000	 -0.000000	 0.000000	 -90.000000	 0.322527	 -0.002617	 0.322538	 -0.464836	 0.000000	 0.005572	 0.005572	 90.000000	 0.322527	 -0.002617	 0.322538	 -0.464836	 168289.181719	
4799.236948	 1.000000	 0.000000	 -0.000000	 0.000000	 -90.000000	 0.322533	 -0.002617	 0.322544	 -0.464876	 0.000000	 0.005378	 0.005378	 90.000000	 0.322533	 -0.002617	 0.322544	 -0.464876	 168290.616999	
4779.160643	 1.000000	 0.000000	 -0.000000	 0.000000	 -90.000000	 0.322547	 -0.002617	 0.322558	 -0.464777	 0.000000	 0.005079	 0.005079	 90.000000	 0.322547	 -0.002617	 0.322558	 -0.464777	 168292.142903	
4759.084337	 1.000000	 0.000000	 -0.000000	 0.000000	 -90.000000	 0.322546	 -0.002613	 0.322556	 -0.464215	 0.000000	 0.004844	 0.004844	 90.000000	 0.322546	 -0.002613	 0.322556	 -0.464215	 168293.607270	
4739.008032	 1.000000	 0.000000	 -0.000000	 0.000000	 -90.000000	 0.322553	 -0.002615	 0.322563	 -0.464443	 0.000000	 0.004632	 0.004632	 90.000000	 0.322553	 -0.002615	 0.322563	 -0.464425	 168295.061647	
4718.931727	 1.000000	 0.000000	 -0.000000	 0.000000	 -90.000000	 0.322556	 -0.002614	 0.322566	 -0.464381	 0.000000	 0.004448	 0.004448	 90.000000	 0.322556	 -0.002614	 0.322566	 -0.464381	 168296.499015	
4698.855422	 1.000000	 0.000000	 -0.000000	 0.000000	 -90.000000	 0.322570	 -0.002612	 0.322581	 -0.463995	 0.000000	 0.004294	 0.004294	 90.000000	 0.322570	 -0.002612	 0.322581	 -0.464009	 168297.945354	
4678.779116	 1.000000	 0.000000	 -0.000000	 0.000000	 -90.000000	 0.322584	 -0.002613	 0.322595	 -0.464042	 0.000000	 0.004168	 0.004168	 90.000000	 0.322584	 -0.002613	 0.322595	 -0.464042	 168299.434173	
4658.702811	 1.000000	 0.000000	 -0.000000	 0.000000	 -90.000000	 0.322586	 -0.002614	 0.322596	 -0.464277	 0.000000	 0.004018	 0.004018	 90.000000	 0.322586	 -0.002614	 0.322596	 -0.464277	 168300.894177	
4638.626506	 1.000000	 0.000000	 -0.000000	 0.000000	 -90.000000	 0.322598	 -0.002611	 0.322609	 -0.463744	 0.000000	 0.003901	 0.003901	 90.000000	 0.322598	 -0.002611	 0.322609	 -0.463794	 168302.330787	
4618.550201	 1.000000	 0.000000	 -0.000000	 0.000000	 -90.000000	 0.322597	 -0.002610	 0.322608	 -0.463586	 0.000000	 0.003779	 0.003779	 90.000000	 0.322597	 -0.002610	 0.322608	 -0.463586	 168303.768881	
4598.473896	 1.000000	 0.000000	 -0.000000	 0.000000	 -90.000000	 0.322599	 -0.002611	 0.322610	 -0.463804	 0.000000	 0.003658	 0.003658	 90.000000	 0.322599	 -0.002611	 0.322610	 -0.463804	 168305.210015	
4578.397590	 1.000000	 0.000000	 -0.000000	 0.000000	 -90.000000	 0.322610	 -0.002608	 0.322620	 -0.463181	 0.000000	 0.003571	 0.003571	 90.000000	 0.322609	 -0.002608	 0.322620	 -0.463192	 168306.649421	
4558.321285	 1.000000	 0.000000	 -0.000000	 0.000000	 -90.000000	 0.322625	 -0.002609	 0.322636	 -0.463255	 0.000000	 0.003405	 0.003405	 90.000000	 0.322625	 -0.002609	 0.322636	 -0.463289	 168308.079512	
4538.244980	 1.000000	 0.000000	 -0.000000	 0.000000	 -90.000000	 0.322630	 -0.002608	 0.322641	 -0.463188	 0.000000	 0.003367	 0.003367	 90.000000	 0.322630	 -0.002608	 0.322641	 -0.463188	 168309.500618	
4518.168675	 1.000000	 0.000000	 -0.000000	 0.000000	 -90.000000	 0.322632	 -0.002607	 0.322642	 -0.463019	 0.000000	 0.003338	 0.003338	 90.000000	 0.322632	 -0.002607	 0.322642	 -0.463019	 168310.961154	
4498.092369	 1.000000	 0.000000	 -0.000000	 0.000000	 -90.000000	 0.322636	 -0.002609	 0.322647	 -0.463258	 0.000000	 0.003239	 0.003239	 90.000000	 0.322636	 -0.002609	 0.322647	 -0.463256	 168312.371827	
4478.016064	 1.000000	 0.000000	 -0.000000	 0.000000	 -90.000000	 0.322639	 -0.002601	 0.322650	 -0.461969	 0.000000	 0.003151	 0.003151	 90.000000	 0.322639	 -0.002601	 0.322650	 -0.461969	 168313.819873	
4457.939759	 1.000000	 0.000000	 -0.000000	 0.000000	 -90.000000	 0.322630	 -0.002596	 0.322640	 -0.460949	 0.000000	 0.003115	 0.003115	 90.000000	 0.322630	 -0.002596	 0.322640	 -0.460949	 168315.277047	
4437.863454	 1.000000	 0.000000	 -0.000000	 0.000000	 -90.000000	 0.322640	 -0.002602	 0.322651	 -0.462139	 0.000000	 0.003026	 0.003026	 90.000000	 0.322640	 -0.002603	 0.322650	 -0.462169	 168316.687908	
4417.787149	 1.000000	 0.000000	 -0.000000	 0.000000	 -90.000000	 0.322651	 -0.002604	 0.322661	 -0.462404	 0.000000	 0.002968	 0.002968	 90.000000	 0.322651	 -0.002604	 0.322662	 -0.462396	 168318.126426	
4397.710843	 1.000000	 0.000000	 -0.000000	 0.000000	 -90.000000	 0.322667	 -0.002601	 0.322678	 -0.461837	 0.000000	 0.002899	 0.002899	 90.000000	 0.322667	 -0.002601	 0.322678	 -0.461837	 168319.564524	
4377.634538	 1.000000	 0.000000	 -0.000000	 0.000000	 -90.000000	 0.322676	 -0.002601	 0.322686	 -0.461747	 0.000000	 0.002824	 0.002824	 90.000000	 0.322677	 -0.002600	 0.322687	 -0.461742	 168320.972959	
4357.558233	 1.000000	 0.000000	 -0.000000	 0.000000	 -90.000000	 0.322671	 -0.002598	 0.322682	 -0.461262	 0.000000	 0.002814	 0.002814	 90.000000	 0.322671	 -0.002598	 0.322682	 -0.461262	 168322.405040	
4337.481928	 1.000000	 0.000000	 -0.000000	 0.000000	 -90.000000	 0.322682	 -0.002601	 0.322693	 -0.461753	 0.000000	 0.002755	 0.002755	 90.000000	 0.322682	 -0.002601	 0.322693	 -0.461753	 168323.842537	
4317.405622	 1.000000	 0.000000	 -0.000000	 0.000000	 -90.000000	 0.322686	 -0.002599	 0.322697	 -0.461426	 0.000000	 0.002743	 0.002743	 90.000000	 0.322686	 -0.002599	 0.322697	 -0.461426	 168325.273478	
4297.329317	 1.000000	 0.000000	 -0.000000	 0.000000	 -90.000000	 0.322694	 -0.002599	 0.322705	 -0.461525	 0.000000	 0.002746	 0.002746	 90.000000	 0.322694	 -0.002599	 0.322705	 -0.461525	 168326.700037	
4277.253012	 1.000000	 0.000000	 -0.000000	 0.000000	 -90.000000	 0.322700	 -0.002596	 0.322711	 -0.460957	 0.000000	 0.002681	 0.002681	 90.000000	 0.322700	 -0.002596	 0.322711	 -0.460957	 168328.136078	
4257.176707	 1.000000	 0.000000	 -0.000000	 0.000000	 -90.000000	 0.322694	 -0.002591	 0.322705	 -0.460030	 0.000000	 0.002629	 0.002629	 90.000000	 0.322694	 -0.002591	 0.322705	 -0.460030	 168329.550729	
4237.100402	 1.000000	 0.000000	 -0.000000	 0.000000	 -90.000000	 0.322711	 -0.002593	 0.322722	 -0.460389	 0.000000	 0.002651	 0.002651	 90.000000	 0.322711	 -0.002593	 0.322722	 -0.460389	 168330.998881	
4217.024096	 1.000000	 0.000000	 -0.000000	 0.000000	 -90.000000	 0.322730	 -0.002597	 0.322741	 -0.460988	 0.000000	 0.002607	 0.002607	 90.000000	 0.322730	 -0.002597	 0.322741	 -0.460988	 168332.440733	
4196.947791	 1.000000	 0.000000	 -0.000000	 0.000000	 -90.000000	 0.322729	 -0.002594	 0.322739	 -0.460540	 0.000000	 0.002572	 0.002572	 90.000000	 0.322729	 -0.002594	 0.322739	 -0.460540	 168333.880397	
4176.871486	 1.000000	 0.000000	 -0.000000	 0.000000	 -90.000000	 0.322738	 -0.002592	 0.322749	 -0.460103	 0.000000	 0.002543	 0.002543	 90.000000	 0.322738	 -0.002592	 0.322749	 -0.460103	 168335.289392	
4156.795181	 1.000000	 0.000000	 -0.000000	 0.000000	 -90.000000	 0.322742	 -0.002592	 0.322752	 -0.460205	 0.000000	 0.002497	 0.002497	 90.000000	 0.322742	 -0.002592	 0.322752	 -0.460205	 168336.720123	
4136.718876	 1.000000	 0.000000	 -0.000000	 0.000000	 -90.000000	 0.322747	 -0.002591	 0.322758	 -0.459918	 0.000000	 0.002482	 0.002482	 90.000000	 0.322747	 -0.002591	 0.322758	 -0.459918	 168338.152936	
4116.642570	 1.000000	 0.000000	 -0.000000	 0.000000	 -90.000000	 0.322762	 -0.002591	 0.322772	 -0.459951	 0.000000	 0.002454	 0.002454	 90.000000	 0.322762	 -0.002591	 0.322772	 -0.459951	 168339.573829	
4096.566265	 1.000000	 0.000000	 -0.000000	 0.000000	 -90.000000	 0.322774	 -0.002591	 0.322784	 -0.459950	 0.000000	 0.002441	 0.002441	 90.000000	 0.322774	 -0.002591	 0.322784	 -0.459950	 168341.027819	
4076.489960	 1.000000	 0.000000	 -0.000000	 0.000000	 -90.000000	 0.322778	 -0.002590	 0.322789	 -0.459770	 0.000000	 0.002448	 0.002448	 90.000000	 0.322778	 -0.002590	 0.322789	 -0.459770	 168342.460958	
4056.413655	 1.000000	 0.000000	 -0.000000	 0.000000	 -90.000000	 0.322774	 -0.002593	 0.322784	 -0.460194	 0.000000	 0.002431	 0.002431	 90.000000	 0.322774	 -0.002593	 0.322784	 -0.460194	 168343.898274	
4036.337349	 1.000000	 0.000000	 -0.000000	 0.000000	 -90.000000	 0.322793	 -0.002591	 0.322803	 -0.459917	 0.000000	 0.002328	 0.002328	 90.000000	 0.322793	 -0.002591	 0.322803	 -0.459907	 168345.373600	
4016.261044	 1.000000	 0.000000	 -0.000000	 0.000000	 -90.000000	 0.322788	 -0.002589	 0.322798	 -0.459482	 0.000000	 0.002350	 0.002350	 90.000000	 0.322788	 -0.002589	 0.322798	 -0.459482	 168346.790933	
3996.184739	 1.000000	 0.000000	 -0.000000	 0.000000	 -90.000000	 0.322809	 -0.002589	 0.322819	 -0.459566	 0.000000	 0.002343	 0.002343	 90.000000	 0.322809	 -0.002589	 0.322819	 -0.459566	 168348.228636	
3976.108434	 1.000000	 0.000000	 -0.000000	 0.000000	 -90.000000	 0.322799	 -0.002589	 0.322809	 -0.459537	 0.000000	 0.002325	 0.002325	 90.000000	 0.322799	 -0.002589	 0.322809	 -0.459537	 168349.697247	
3956.032129	 1.000000	 0.000000	 -0.000000	 0.000000	 -90.000000	 0.322811	 -0.002593	 0.322821	 -0.460212	 0.000000	 0.002338	 0.002338	 90.000000	 0.322811	 -0.002593	 0.322821	 -0.460211	 168351.108743	
3935.955823	 1.000000	 0.000000	 -0.000000	 0.000000	 -90.000000	 0.322818	 -0.002584	 0.322828	 -0.458536	 0.000000	 0.002337	 0.002337	 90.000000	 0.322818	 -0.002584	 0.322828	 -0.458536	 168352.561679	
3915.879518	 1.000000	 0.000000	 -0.000000	 0.000000	 -90.000000	 0.322833	 -0.002585	 0.322843	 -0.458840	 0.000000	 0.002336	 0.002336	 90.000000	 0.322833	 -0.002585	 0.322843	 -0.458840	 168354.014835	
3895.803213	 1.000000	 0.000000	 -0.000000	 0.000000	 -90.000000	 0.322840	 -0.002587	 0.322850	 -0.459155	 0.000000	 0.002293	 0.002293	 90.000000	 0.322840	 -0.002587	 0.322850	 -0.459155	 168355.447940	
3875.726908	 1.000000	 0.000000	 -0.000000	 0.000000	 -90.000000	 0.322844	 -0.002587	 0.322854	 -0.459102	 0.000000	 0.002321	 0.002321	 90.000000	 0.322844	 -0.002587	 0.322854	 -0.459102	 168356.869695	
3855.650602	 1.000000	 0.000000	 -0.000000	 0.000000	 -90.000000	 0.322866	 -0.002586	 0.322876	 -0.458911	 0.000000	 0.002285	 0.002285	 90.000000	 0.322866	 -0.002586	 0.322876	 -0.458911	 168358.308770	
3835.574297	 1.000000	 0.000000	 -0.000000	 0.000000	 -90.000000	 0.322854	 -0.002583	 0.322864	 -0.458333	 0.000000	 0.002314	 0.002314	 90.000000	 0.322854	 -0.002583	 0.322864	 -0.458299	 168359.750337	
3815.497992	 1.000000	 0.000000	 -0.000000	 0.000000	 -90.000000	 0.322860	 -0.002581	 0.322870	 -0.457947	 0.000000	 0.002255	 0.002255	 90.000000	 0.322860	 -0.002581	 0.322870	 -0.457947	 168361.229090	
3795.421687	 1.000000	 0.000000	 -0.000000	 0.000000	 -90.000000	 0.322883	 -0.002583	 0.322893	 -0.458375	 0.000000	 0.002271	 0.002271	 90.000000	 0.322883	 -0.002583	 0.322893	 -0.458375	 168362.679035	
3775.345382	 1.000000	 0.000000	 -0.000000	 0.000000	 -90.000000	 0.322892	 -0.002574	 0.322903	 -0.456784	 0.000000	 0.002307	 0.002307	 90.000000	 0.322892	 -0.002574	 0.322903	 -0.456784	 168364.102101	
3755.269076	 1.000000	 0.000000	 -0.000000	 0.000000	 -90.000000	 0.322854	 -0.002588	 0.322864	 -0.459227	 0.000000	 0.002283	 0.002283	 90.000000	 0.322854	 -0.002588	 0.322864	 -0.459227	 168365.533160	
3735.192771	 1.000000	 0.000000	 -0.000000	 0.000000	 -90.000000	 0.322888	 -0.002581	 0.322898	 -0.457973	 0.000000	 0.002291	 0.002291	 90.000000	 0.322888	 -0.002581	 0.322898	 -0.457973	 168366.964444	
3715.116466	 1.000000	 0.000000	 -0.000000	 0.000000	 -90.000000	 0.322893	 -0.002578	 0.322904	 -0.457493	 0.000000	 0.002209	 0.002209	 90.000000	 0.322893	 -0.002578	 0.322904	 -0.457493	 168368.398925	
3695.040161	 1.000000	 0.000000	 -0.000000	 0.000000	 -90.000000	 0.322917	 -0.002579	 0.322927	 -0.457537	 0.000000	 0.002196	 0.002196	 90.000000	 0.322917	 -0.002579	 0.322927	 -0.457537	 168369.850025	
3674.963855	 1.000000	 0.000000	 -0.000000	 0.000000	 -90.000000	 0.322913	 -0.002579	 0.322923	 -0.457641	 0.000000	 0.002211	 0.002211	 90.000000	 0.322913	 -0.002579	 0.322923	 -0.457641	 168371.286408	
3654.887550	 1.000000	 0.000000	 -0.000000	 0.000000	 -90.000000	 0.322929	 -0.002558	 0.322939	 -0.453910	 0.000000	 0.002205	 0.002205	 90.000000	 0.322929	 -0.002558	 0.322939	 -0.453910	 168372.746892	
3634.811245	 1.000000	 0.000000	 -0.000000	 0.000000	 -90.000000	 0.322930	 -0.002573	 0.322941	 -0.456491	 0.000000	 0.002231	 0.002231	 90.000000	 0.322930	 -0.002573	 0.322941	 -0.456491	 168374.224914	
3614.734940	 1.000000	 0.000000	 -0.000000	 0.000000	 -90.000000	 0.322932	 -0.002580	 0.322943	 -0.457693	 0.000000	 0.002201	 0.002201	 90.000000	 0.322932	 -0.002580	 0.322943	 -0.457693	 168375.655368	
3594.658635	 1.000000	 0.000000	 -0.000000	 0.000000	 -90.000000	 0.322952	 -0.002576	 0.322963	 -0.456998	 0.000000	 0.002183	 0.002183	 90.000000	 0.322952	 -0.002576	 0.322963	 -0.456998	 168377.090997	
3574.582329	 1.000000	 0.000000	 -0.000000	 0.000000	 -90.000000	 0.322969	 -0.002580	 0.322979	 -0.457754	 0.000000	 0.002191	 0.002191	 90.000000	 0.322969	 -0.002580	 0.322979	 -0.457754	 168378.508331	
3554.506024	 1.000000	 0.000000	 -0.000000	 0.000000	 -90.000000	 0.322982	 -0.002571	 0.322992	 -0.456025	 0.000000	 0.002155	 0.002155	 90.000000	 0.322982	 -0.002571	 0.322992	 -0.456025	 168380.006492	
3534.429719	 1.000000	 0.000000	 -0.000000	 0.000000	 -90.000000	 0.322985	 -0.002576	 0.322995	 -0.456885	 0.000000	 0.002218	 0.002218	 90.000000	 0.322985	 -0.002576	 0.322995	 -0.456886	 168381.462750	
3514.353414	 1.000000	 0.000000	 -0.000000	 0.000000	 -90.000000	 0.322984	 -0.002576	 0.322994	 -0.457005	 0.000000	 0.002302	 0.002302	 90.000000	 0.322984	 -0.002576	 0.322994	 -0.457005	 168382.899615	
3494.277108	 1.000000	 0.000000	 -0.000000	 0.000000	 -90.000000	 0.323006	 -0.002579	 0.323017	 -0.457395	 0.000000	 0.002192	 0.002192	 90.000000	 0.323006	 -0.002579	 0.323017	 -0.457442	 168384.326885	
3474.200803	 1.000000	 0.000000	 -0.000000	 0.000000	 -90.000000	 0.322999	 -0.002576	 0.323010	 -0.456959	 0.000000	 0.002194	 0.002194	 90.000000	 0.322999	 -0.002576	 0.323010	 -0.456959	 168385.740838	
3454.124498	 1.000000	 0.000000	 -0.000000	 0.000000	 -90.000000	 0.323007	 -0.002583	 0.323018	 -0.458197	 0.000000	 0.002143	 0.002143	 90.000000	 0.323007	 -0.002583	 0.323018	 -0.458197	 168387.219395	
3434.048193	 1.000000	 0.000000	 -0.000000	 0.000000	 -90.000000	 0.323024	 -0.002576	 0.323034	 -0.456966	 0.000000	 0.002134	 0.002134	 90.000000	 0.323024	 -0.002577	 0.323034	 -0.457005	 168388.663316	
3413.971888	 1.000000	 0.000000	 -0.000000	 0.000000	 -90.000000	 0.323026	 -0.002576	 0.323036	 -0.456924	 0.000000	 0.002138	 0.002138	 90.000000	 0.323026	 -0.002576	 0.323036	 -0.456924	 168390.116965	
3393.895582	 1.000000	 0.000000	 -0.000000	 0.000000	 -90.000000	 0.323036	 -0.002574	 0.323047	 -0.456595	 0.000000	 0.002149	 0.002149	 90.000000	 0.323036	 -0.002574	 0.323047	 -0.456607	 168391.544905	
3373.819277	 1.000000	 0.000000	 -0.000000	 0.000000	 -90.000000	 0.323043	 -0.002574	 0.323053	 -0.456470	 0.000000	 0.002162	 0.002162	 90.000000	 0.323043	 -0.002574	 0.323053	 -0.456470	 168392.998241	
3353.742972	 1.000000	 0.000000	 -0.000000	 0.000000	 -90.000000	 0.323054	 -0.002570	 0.323064	 -0.455713	 0.000000	 0.002151	 0.002151	 90.000000	 0.323054	 -0.002570	 0.323064	 -0.455713	 168394.449930	
3333.666667	 1.000000	 0.000000	 -0.000000	 0.000000	 -90.000000	 0.323055	 -0.002574	 0.323066	 -0.456549	 0.000000	 0.002149	 0.002149	 90.000000	 0.323055	 -0.002574	 0.323066	 -0.456549	 168395.883471	
3313.590361	 1.000000	 0.000000	 -0.000000	 0.000000	 -90.000000	 0.323073	 -0.002576	 0.323083	 -0.456746	 0.000000	 0.002107	 0.002107	 90.000000	 0.323073	 -0.002576	 0.323083	 -0.456746	 168397.325951	
3293.514056	 1.000000	 0.000000	 -0.000000	 0.000000	 -90.000000	 0.323092	 -0.002575	 0.323102	 -0.456552	 0.000000	 0.002118	 0.002118	 90.000000	 0.323092	 -0.002575	 0.323102	 -0.456552	 168398.744707	
3273.437751	 1.000000	 0.000000	 -0.000000	 0.000000	 -90.000000	 0.323091	 -0.002572	 0.323101	 -0.456177	 0.000000	 0.002081	 0.002081	 90.000000	 0.323091	 -0.002572	 0.323101	 -0.456177	 168400.156519	
3253.361446	 1.000000	 0.000000	 -0.000000	 0.000000	 -90.000000	 0.323101	 -0.002579	 0.323111	 -0.457378	 0.000000	 0.002057	 0.002057	 90.000000	 0.323101	 -0.002579	 0.323111	 -0.457378	 168401.595918	
3233.285141	 1.000000	 0.000000	 -0.000000	 0.000000	 -90.000000	 0.323105	 -0.002572	 0.323115	 -0.456127	 0.000000	 0.002121	 0.002121	 90.000000	 0.323105	 -0.002572	 0.323115	 -0.456127	 168403.042669	
3213.208835	 1.000000	 0.000000	 -0.000000	 0.000000	 -90.000000	 0.323116	 -0.002574	 0.323126	 -0.456450	 0.000000	 0.002130	 0.002130	 90.000000	 0.323116	 -0.002574	 0.323126	 -0.456450	 168404.515129	
3193.132530	 1.000000	 0.000000	 -0.000000	 0.000000	 -90.000000	 0.323131	 -0.002574	 0.323141	 -0.456408	 0.000000	 0.002123	 0.002123	 90.000000	 0.323131	 -0.002574	 0.323141	 -0.456408	 168405.982158	
3173.056225	 1.000000	 0.000000	 -0.000000	 0.000000	 -90.000000	 0.323142	 -0.002578	 0.323152	 -0.457071	 0.000000	 0.002130	 0.002130	 90.000000	 0.323142	 -0.002578	 0.323152	 -0.457071	 168407.483030	
3152.979920	 1.000000	 0.000000	 -0.000000	 0.000000	 -90.000000	 0.323151	 -0.002582	 0.323162	 -0.457803	 0.000000	 0.002141	 0.002141	 90.000000	 0.323151	 -0.002582	 0.323162	 -0.457803	 168408.931463	
3132.903614	 1.000000	 0.000000	 -0.000000	 0.000000	 -90.000000	 0.323153	 -0.002574	 0.323164	 -0.456413	 0.000000	 0.002100	 0.002100	 90.000000	 0.323153	 -0.002574	 0.323164	 -0.456413	 168410.375039	
3112.827309	 1.000000	 0.000000	 -0.000000	 0.000000	 -90.000000	 0.323155	 -0.002573	 0.323165	 -0.456186	 0.000000	 0.002103	 0.002103	 90.000000	 0.323155	 -0.002573	 0.323165	 -0.456186	 168411.810739	
3092.751004	 1.000000	 0.000000	 -0.000000	 0.000000	 -90.000000	 0.323175	 -0.002575	 0.323185	 -0.456505	 0.000000	 0.002093	 0.002093	 90.000000	 0.323175	 -0.002575	 0.323185	 -0.456505	 168413.239570	
3072.674699	 1.000000	 0.000000	 -0.000000	 0.000000	 -90.000000	 0.323178	 -0.002570	 0.323188	 -0.455640	 0.000000	 0.002126	 0.002126	 90.000000	 0.323178	 -0.002570	 0.323188	 -0.455640	 168414.686897	
3052.598394	 1.000000	 0.000000	 -0.000000	 0.000000	 -90.000000	 0.323185	 -0.002559	 0.323195	 -0.453698	 0.000000	 0.002106	 0.002106	 90.000000	 0.323185	 -0.002559	 0.323195	 -0.453698	 168416.121082	
3032.522088	 1.000000	 0.000000	 -0.000000	 0.000000	 -90.000000	 0.323201	 -0.002571	 0.323211	 -0.455710	 0.000000	 0.002084	 0.002084	 90.000000	 0.323201	 -0.002571	 0.323211	 -0.455710	 168417.594517	
3012.445783	 1.000000	 0.000000	 -0.000000	 0.000000	 -90.000000	 0.323218	 -0.002573	 0.323228	 -0.456037	 0.000000	 0.002088	 0.002088	 90.000000	 0.323218	 -0.002573	 0.323228	 -0.456037	 168419.023535	
2992.369478	 1.000000	 0.000000	 -0.000000	 0.000000	 -90.000000	 0.323221	 -0.002573	 0.323231	 -0.456164	 0.000000	 0.002087	 0.002087	 90.000000	 0.323221	 -0.002573	 0.323231	 -0.456163	 168420.462721	
2972.293173	 1.000000	 0.000000	 -0.000000	 0.000000	 -90.000000	 0.323229	 -0.002572	 0.323239	 -0.455934	 0.000000	 0.002073	 0.002073	 90.000000	 0.323229	 -0.002572	 0.323239	 -0.455934	 168421.898947	
2952.216867	 1.000000	 0.000000	 -0.000000	 0.000000	 -90.000000	 0.323226	 -0.002580	 0.323237	 -0.457281	 0.000000	 0.002069	 0.002069	 90.000000	 0.323226	 -0.002580	 0.323236	 -0.457252	 168423.340579	
2932.140562	 1.000000	 0.000000	 -0.000000	 0.000000	 -90.000000	 0.323247	 -0.002574	 0.323258	 -0.456225	 0.000000	 0.002100	 0.002100	 90.000000	 0.323247	 -0.002574	 0.323258	 -0.456226	 168424.820890	
2912.064257	 1.000000	 0.000000	 -0.000000	 0.000000	 -90.000000	 0.323266	 -0.002573	 0.323276	 -0.456058	 0.000000	 0.002093	 0.002093	 90.000000	 0.323266	 -0.002573	 0.323276	 -0.456058	 168426.250156	
2891.987952	 1.000000	 0.000000	 -0.000000	 0.000000	 -90.000000	 0.323270	 -0.002576	 0.323280	 -0.456609	 0.000000	 0.002121	 0.002121	 90.000000	 0.323270	 -0.002576	 0.323280	 -0.456609	 168427.692891	
2871.911647	 1.000000	 0.000000	 -0.000000	 0.000000	 -90.000000	 0.323288	 -0.002572	 0.323298	 -0.455754	 0.000000	 0.002123	 0.002123	 90.000000	 0.323288	 -0.002572	 0.323298	 -0.455754	 168429.122269	
2851.835341	 1.000000	 0.000000	 -0.000000	 0.000000	 -90.000000	 0.323293	 -0.002568	 0.323303	 -0.455121	 0.000000	 0.002056	 0.002056	 90.000000	 0.323293	 -0.002568	 0.323303	 -0.455121	 168430.562375	
2831.759036	 1.000000	 0.000000	 -0.000000	 0.000000	 -90.000000	 0.323313	 -0.002573	 0.323323	 -0.455896	 0.000000	 0.002064	 0.002064	 90.000000	 0.323313	 -0.002573	 0.323323	 -0.455896	 168431.998757	
2811.682731	 1.000000	 0.000000	 -0.000000	 0.000000	 -90.000000	 0.323337	 -0.002577	 0.323348	 -0.456572	 0.000000	 0.002003	 0.002003	 90.000000	 0.323337	 -0.002577	 0.323348	 -0.456572	 168433.447487	
2791.606426	 1.000000	 0.000000	 -0.000000	 0.000000	 -90.000000	 0.323329	 -0.002574	 0.323340	 -0.456136	 0.000000	 0.002057	 0.002057	 90.000000	 0.323329	 -0.002574	 0.323340	 -0.456116	 168434.922385	
2771.530120	 1.000000	 0.000000	 -0.000000	 0.000000	 -90.000000	 0.323359	 -0.002574	 0.323369	 -0.456060	 0.000000	 0.002096	 0.002096	 90.000000	 0.323359	 -0.002574	 0.323369	 -0.456060	 168436.396981	
2751.453815	 1.000000	 0.000000	 -0.000000	 0.000000	 -90.000000	 0.323353	 -0.002587	 0.323364	 -0.458428	 0.000000	 0.002092	 0.002092	 90.000000	 0.323353	 -0.002587	 0.323364	 -0.458428	 168437.844588	
2731.377510	 1.000000	 0.000000	 -0.000000	 0.000000	 -90.000000	 0.323367	 -0.002572	 0.323377	 -0.455739	 0.000000	 0.002096	 0.002096	 90.000000	 0.323367	 -0.002572	 0.323377	 -0.455739	 168439.278845	
2711.301205	 1.000000	 0.000000	 -0.000000	 0.000000	 -90.000000	 0.323394	 -0.002580	 0.323404	 -0.457094	 0.000000	 0.002100	 0.002100	 90.000000	 0.323394	 -0.002580	 0.323404	 -0.457094	 168440.740084	
2691.224900	 1.000000	 0.000000	 -0.000000	 0.000000	 -90.000000	 0.323386	 -0.002579	 0.323396	 -0.456858	 0.000000	 0.002031	 0.002031	 90.000000	 0.323386	 -0.002579	 0.323396	 -0.456858	 168442.166208	
2671.148594	 1.000000	 0.000000	 -0.000000	 0.000000	 -90.000000	 0.323387	 -0.002572	 0.323397	 -0.455603	 0.000000	 0.002044	 0.002044	 90.000000	 0.323387	 -0.002572	 0.323397	 -0.455600	 168443.604562	
2651.072289	 1.000000	 0.000000	 -0.000000	 0.000000	 -90.000000	 0.323435	 -0.002590	 0.323445	 -0.458837	 0.000000	 0.002062	 0.002062	 90.000000	 0.323434	 -0.002591	 0.323445	 -0.458936	 168445.030269	
2630.995984	 1.000000	 0.000000	 -0.000000	 0.000000	 -90.000000	 0.323426	 -0.002576	 0.323437	 -0.456398	 0.000000	 0.002068	 0.002068	 90.000000	 0.323426	 -0.002576	 0.323437	 -0.456398	 168446.473227	
2610.919679	 1.000000	 0.000000	 -0.000000	 0.000000	 -90.000000	 0.323439	 -0.002576	 0.323449	 -0.456321	 0.000000	 0.002035	 0.002035	 90.000000	 0.323439	 -0.002577	 0.323449	 -0.456416	 168447.884827	
2590.843373	 1.000000	 0.000000	 -0.000000	 0.000000	 -90.000000	 0.323450	 -0.002576	 0.323461	 -0.456217	 0.000000	 0.002037	 0.002037	 90.000000	 0.323450	 -0.002576	 0.323461	 -0.456217	 168449.336056	
2570.767068	 1.000000	 0.000000	 -0.000000	 0.000000	 -90.000000	 0.323466	 -0.002579	 0.323476	 -0.456736	 0.000000	 0.001998	 0.001998	 90.000000	 0.323466	 -0.002579	 0.323476	 -0.456736	 168450.765220	
2550.690763	 1.000000	 0.000000	 -0.000000	 0.000000	 -90.000000	 0.323487	 -0.002577	 0.323497	 -0.456423	 0.000000	 0.002028	 0.002028	 90.000000	 0.323487	 -0.002577	 0.323497	 -0.456423	 168452.173193	
2530.614458	 1.000000	 0.000000	 -0.000000	 0.000000	 -90.000000	 0.323502	 -0.002580	 0.323512	 -0.456910	 0.000000	 0.002053	 0.002053	 90.000000	 0.323502	 -0.002580	 0.323512	 -0.456910	 168453.602286	
2510.538153	 1.000000	 0.000000	 -0.000000	 0.000000	 -90.000000	 0.323493	 -0.002579	 0.323503	 -0.456823	 0.000000	 0.002050	 0.002050	 90.000000	 0.323493	 -0.002579	 0.323503	 -0.456823	 168455.025559	
2490.461847	 1.000000	 0.000000	 -0.000000	 0.000000	 -90.000000	 0.323514	 -0.002582	 0.323524	 -0.457356	 0.000000	 0.002038	 0.002038	 90.000000	 0.323514	 -0.002582	 0.323524	 -0.457356	 168456.498192	
2470.385542	 1.000000	 0.000000	 -0.000000	 0.000000	 -90.000000	 0.323523	 -0.002581	 0.323533	 -0.457157	 0.000000	 0.002055	 0.002055	 90.000000	 0.323523	 -0.002581	 0.323533	 -0.457120	 168457.940961	
2450.309237	 1.000000	 0.000000	 -0.000000	 0.000000	 -90.000000	 0.323526	 -0.002562	 0.323536	 -0.453645	 0.000000	 0.002010	 0.002010	 90.000000	 0.323526	 -0.002562	 0.323536	 -0.453645	 168459.384967	
2430.232932	 1.000000	 0.000000	 -0.000000	 0.000000	 -90.000000	 0.323562	 -0.002582	 0.323573	 -0.457203	 0.000000	 0.002048	 0.002048	 90.000000	 0.323562	 -0.002582	 0.323573	 -0.457203	 168460.798501	
2410.156627	 1.000000	 0.000000	 -0.000000	 0.000000	 -90.000000	 0.323565	 -0.002577	 0.323576	 -0.456344	 0.000000	 0.002002	 0.002002	 90.000000	 0.323565	 -0.002577	 0.323576	 -0.456344	 168462.268408	
2390.080321	 1.000000	 0.000000	 -0.000000	 0.000000	 -90.000000	 0.323594	 -0.002576	 0.323605	 -0.456153	 0.000000	 0.001988	 0.001988	 90.000000	 0.323594	 -0.002576	 0.323605	 -0.456153	 168463.710621	
2370.004016	 1.000000	 0.000000	 -0.000000	 0.000000	 -90.000000	 0.323611	 -0.002589	 0.323621	 -0.458349	 0.000000	 0.001992	 0.001992	 90.000000	 0.323611	 -0.002589	 0.323621	 -0.458363	 168465.117431	
2349.927711	 1.000000	 0.000000	 -0.000000	 0.000000	 -90.000000	 0.323615	 -0.002567	 0.323625	 -0.454539	 0.000000	 0.002033	 0.002033	 90.000000	 0.323615	 -0.002567	 0.323625	 -0.454540	 168466.562224	
2329.851406	 1.000000	 0.000000	 -0.000000	 0.000000	 -90.000000	 0.323645	 -0.002585	 0.323655	 -0.457599	 0.000000	 0.002040	 0.002040	 90.000000	 0.323645	 -0.002585	 0.323655	 -0.457599	 168467.970076	
2309.775100	 1.000000	 0.000000	 -0.000000	 0.000000	 -90.000000	 0.323648	 -0.002586	 0.323658	 -0.457763	 0.000000	 0.002059	 0.002059	 90.000000	 0.323648	 -0.002586	 0.323658	 -0.457762	 168469.415158	
2289.698795	 1.000000	 0.000000	 -0.000000	 0.000000	 -90.000000	 0.323658	 -0.002583	 0.323668	 -0.457192	 0.000000	 0.002039	 0.002039	 90.000000	 0.323658	 -0.002583	 0.323668	 -0.457192	 168470.840538	
2269.622490	 1.000000	 0.000000	 -0.000000	 0.000000	 -90.000000	 0.323689	 -0.002579	 0.323700	 -0.456513	 0.000000	 0.002056	 0.002056	 90.000000	 0.323689	 -0.002579	 0.323700	 -0.456513	 168472.278491	
2249.546185	 1.000000	 0.000000	 -0.000000	 0.000000	 -90.000000	 0.323716	 -0.002583	 0.323726	 -0.457126	 0.000000	 0.002038	 0.002038	 90.000000	 0.323717	 -0.002585	 0.323727	 -0.457431	 168473.679492	
2229.469880	 1.000000	 0.000000	 -0.000000	 0.000000	 -90.000000	 0.323708	 -0.002587	 0.323719	 -0.457917	 0.000000	 0.002036	 0.002036	 90.000000	 0.323708	 -0.002587	 0.323719	 -0.457917	 168475.135856	
2209.393574	 1.000000	 0.000000	 -0.000000	 0.000000	 -90.000000	 0.323721	 -0.002587	 0.323731	 -0.457782	 0.000000	 0.002010	 0.002010	 90.000000	 0.323721	 -0.002587	 0.323731	 -0.457782	 168476.577550	
2189.317269	 1.000000	 0.000000	 -0.000000	 0.000000	 -90.000000	 0.323728	 -0.002586	 0.323738	 -0.457610	 0.000000	 0.002031	 0.002031	 90.000000	 0.323728	 -0.002585	 0.323738	 -0.457546	 168478.027080	
2169.240964	 1.000000	 0.000000	 -0.000000	 0.000000	 -90.000000	 0.323746	 -0.002591	 0.323756	 -0.458559	 0.000000	 0.001983	 0.001983	 90.000000	 0.323746	 -0.002591	 0.323756	 -0.458559	 168479.455451	
2149.164659	 1.000000	 0.000000	 -0.000000	 0.000000	 -90.000000	 0.323758	 -0.002590	 0.323768	 -0.458304	 0.000000	 0.001998	 0.001998	 90.000000	 0.323758	 -0.002590	 0.323768	 -0.458304	 168480.901485	
2129.088353	 1.000000	 0.000000	 -0.000000	 0.000000	 -90.000000	 0.323790	 -0.002592	 0.323801	 -0.458709	 0.000000	 0.002013	 0.002013	 90.000000	 0.323790	 -0.002593	 0.323801	 -0.458862	 168482.344818	
2109.012048	 1.000000	 0.000000	 -0.000000	 0.000000	 -90.000000	 0.323805	 -0.002587	 0.323816	 -0.457799	 0.000000	 0.002015	 0.002015	 90.000000	 0.323805	 -0.002587	 0.323816	 -0.457799	 168483.790115	
2088.935743	 1.000000	 0.000000	 -0.000000	 0.000000	 -90.000000	 0.323811	 -0.002591	 0.323821	 -0.458437	 0.000000	 0.002001	 0.002001	 90.000000	 0.323811	 -0.002591	 0.323821	 -0.458437	 168485.219989	
2068.859438	 1.000000	 0.000000	 -0.000000	 0.000000	 -90.000000	 0.323827	 -0.002597	 0.323837	 -0.459563	 0.000000	 0.002004	 0.002004	 90.000000	 0.323827	 -0.002597	 0.323837	 -0.459571	 168486.641586	
2048.783133	 1.000000	 0.000000	 -0.000000	 0.000000	 -90.000000	 0.323826	 -0.002603	 0.323836	 -0.460581	 0.000000	 0.001970	 0.001970	 90.000000	 0.323826	 -0.002603	 0.323836	 -0.460581	 168488.050200	
2028.706827	 1.000000	 0.000000	 -0.000000	 0.000000	 -90.000000	 0.323860	 -0.002591	 0.323871	 -0.458323	 0.000000	 0.002054	 0.002054	 90.000000	 0.323860	 -0.002591	 0.323871	 -0.458323	 168489.496308	
2008.630522	 1.000000	 0.000000	 -0.000000	 0.000000	 -90.000000	 0.323887	 -0.002592	 0.323897	 -0.458490	 0.000000	 0.002050	 0.002050	 90.000000	 0.323887	 -0.002592	 0.323897	 -0.458490	 168490.929981	
1988.554217	 1.000000	 0.000000	 -0.000000	 0.000000	 -90.000000	 0.323895	 -0.002587	 0.323905	 -0.457630	 0.000000	 0.001997	 0.001997	 90.000000	 0.323895	 -0.002587	 0.323905	 -0.457630	 168492.364009	
1968.477912	 1.000000	 0.000000	 -0.000000	 0.000000	 -90.000000	 0.323921	 -0.002603	 0.323932	 -0.460472	 0.000000	 0.002001	 0.002001	 90.000000	 0.323921	 -0.002603	 0.323932	 -0.460472	 168493.809119	
1948.401606	 1.000000	 0.000000	 -0.000000	 0.000000	 -90.000000	 0.323942	 -0.002619	 0.323953	 -0.463151	 0.000000	 0.001990	 0.001990	 90.000000	 0.323939	 -0.002619	 0.323949	 -0.463221	 168495.234553	
1928.325301	 1.000000	 0.000000	 -0.000000	 0.000000	 -90.000000	 0.323957	 -0.002594	 0.323967	 -0.458692	 0.000000	 0.002021	 0.002021	 90.000000	 0.323957	 -0.002594	 0.323967	 -0.458692	 168496.679760	
1908.248996	 1.000000	 0.000000	 -0.000000	 0.000000	 -90.000000	 0.323984	 -0.002593	 0.323994	 -0.458616	 0.000000	 0.001969	 0.001969	 90.000000	 0.323984	 -0.002593	 0.323994	 -0.458616	 168498.119932	
1888.172691	 1.000000	 0.000000	 -0.000000	 0.000000	 -90.000000	 0.324006	 -0.002604	 0.324017	 -0.460528	 0.000000	 0.001972	 0.001972	 90.000000	 0.324006	 -0.002604	 0.324017	 -0.460528	 168499.548636	
1868.096386	 1.000000	 0.000000	 -0.000000	 0.000000	 -90.000000	 0.324018	 -0.002611	 0.324028	 -0.461632	 0.000000	 0.002039	 0.002039	 90.000000	 0.324018	 -0.002611	 0.324028	 -0.461632	 168500.988264	
1848.020080	 1.000000	 0.000000	 -0.000000	 0.000000	 -90.000000	 0.324025	 -0.002601	 0.324035	 -0.459936	 0.000000	 0.002053	 0.002053	 90.000000	 0.324025	 -0.002601	 0.324035	 -0.459936	 168502.427506	
1827.943775	 1.000000	 0.000000	 -0.000000	 0.000000	 -90.000000	 0.324059	 -0.002607	 0.324069	 -0.460992	 0.000000	 0.002060	 0.002060	 90.000000	 0.324059	 -0.002607	 0.324069	 -0.460992	 168503.864540	
1807.867470	 1.000000	 0.000000	 -0.000000	 0.000000	 -90.000000	 0.324085	 -0.002617	 0.324096	 -0.462650	 0.000000	 0.002019	 0.002019	 90.000000	 0.324085	 -0.002617	 0.324096	 -0.462650	 168505.296612	
1787.791165	 1.000000	 0.000000	 -0.000000	 0.000000	 -90.000000	 0.324123	 -0.002623	 0.324134	 -0.463732	 0.000000	 0.002050	 0.002050	 90.000000	 0.324123	 -0.002623	 0.324134	 -0.463732	 168506.747549	
1767.714859	 1.000000	 0.000000	 -0.000000	 0.000000	 -90.000000	 0.324118	 -0.002616	 0.324129	 -0.462426	 0.000000	 0.002048	 0.002048	 90.000000	 0.324118	 -0.002616	 0.324129	 -0.462426	 168508.191194	
1747.638554	 1.000000	 0.000000	 -0.000000	 0.000000	 -90.000000	 0.324158	 -0.002593	 0.324169	 -0.458343	 0.000000	 0.002051	 0.002051	 90.000000	 0.324158	 -0.002593	 0.324169	 -0.458343	 168509.681058	
1727.562249	 1.000000	 0.000000	 -0.000000	 0.000000	 -90.000000	 0.324188	 -0.002616	 0.324199	 -0.462325	 0.000000	 0.002038	 0.002038	 90.000000	 0.324187	 -0.002617	 0.324198	 -0.462524	 168511.089962	
1707.485944	 1.000000	 0.000000	 -0.000000	 0.000000	 -90.000000	 0.324204	 -0.002593	 0.324215	 -0.458178	 0.000000	 0.002029	 0.002029	 90.000000	 0.324204	 -0.002593	 0.324214	 -0.458281	 168512.534584	
1687.409639	 1.000000	 0.000000	 -0.000000	 0.000000	 -90.000000	 0.324219	 -0.002569	 0.324229	 -0.454009	 0.000000	 0.002045	 0.002045	 90.000000	 0.324219	 -0.002569	 0.324229	 -0.454009	 168513.983127	
1667.333333	 1.000000	 0.000000	 -0.000000	 0.000000	 -90.000000	 0.324229	 -0.002595	 0.324239	 -0.458590	 0.000000	 0.002082	 0.002082	 90.000000	 0.324229	 -0.002595	 0.324239	 -0.458590	 168515.419959	
1647.257028	 1.000000	 0.000000	 -0.000000	 0.000000	 -90.000000	 0.324239	 -0.002633	 0.324250	 -0.465288	 0.000000	 0.002047	 0.002047	 90.000000	 0.324216	 -0.002627	 0.324226	 -0.464150	 168516.841895	
1627.180723	 1.000000	 0.000000	 -0.000000	 0.000000	 -90.000000	 0.324251	 -0.002599	 0.324262	 -0.459222	 0.000000	 0.002079	 0.002079	 90.000000	 0.324251	 -0.002599	 0.324262	 -0.459222	 168518.277764	
1607.104418	 1.000000	 0.000000	 -0.000000	 0.000000	 -90.000000	 0.324314	 -0.002588	 0.324324	 -0.457259	 0.000000	 0.002059	 0.002059	 90.000000	 0.324314	 -0.002588	 0.324324	 -0.457259	 168519.702849	
1587.028112	 1.000000	 0.000000	 -0.000000	 0.000000	 -90.000000	 0.324337	 -0.002601	 0.324348	 -0.459414	 0.000000	 0.002045	 0.002045	 90.000000	 0.324337	 -0.002601	 0.324348	 -0.459414	 168521.130268	
1566.951807	 1.000000	 0.000000	 -0.000000	 0.000000	 -90.000000	 0.324364	 -0.002617	 0.324374	 -0.462300	 0.000000	 0.002055	 0.002055	 90.000000	 0.324362	 -0.002617	 0.324373	 -0.462229	 168522.554062	
1546.875502	 1.000000	 0.000000	 -0.000000	 0.000000	 -90.000000	 0.324355	 -0.002644	 0.324365	 -0.467016	 0.000000	 0.002082	 0.002082	 90.000000	 0.324355	 -0.002644	 0.324365	 -0.467016	 168523.983057	
1526.799197	 1.000000	 0.000000	 -0.000000	 0.000000	 -90.000000	 0.324346	 -0.002574	 0.324356	 -0.454694	 0.000000	 0.002052	 0.002052	 90.000000	 0.324346	 -0.002574	 0.324356	 -0.454694	 168525.433063	
1506.722892	 1.000000	 0.000000	 -0.000000	 0.000000	 -90.000000	 0.324428	 -0.002635	 0.324439	 -0.465400	 0.000000	 0.002082	 0.002082	 90.000000	 0.324428	 -0.002635	 0.324439	 -0.465400	 168526.855048	
1486.646586	 1.000000	 0.000000	 -0.000000	 0.000000	 -90.000000	 0.324507	 -0.002592	 0.324517	 -0.457667	 0.000000	 0.002086	 0.002086	 90.000000	 0.324507	 -0.002592	 0.324517	 -0.457667	 168528.318389	
1466.570281	 1.000000	 0.000000	 -0.000000	 0.000000	 -90.000000	 0.324518	 -0.002586	 0.324529	 -0.456522	 0.000000	 0.002064	 0.002064	 90.000000	 0.324518	 -0.002586	 0.324529	 -0.456522	 168529.747633	
1446.493976	 1.000000	 0.000000	 -0.000000	 0.000000	 -90.000000	 0.324596	 -0.002637	 0.324606	 -0.465433	 0.000000	 0.002092	 0.002092	 90.000000	 0.324596	 -0.002637	 0.324606	 -0.465437	 168531.216427	
1426.417671	 1.000000	 0.000000	 -0.000000	 0.000000	 -90.000000	 0.324601	 -0.002563	 0.324611	 -0.452466	 0.000000	 0.002074	 0.002074	 90.000000	 0.324601	 -0.002563	 0.324611	 -0.452466	 168532.659448	
1406.341365	 1.000000	 0.000000	 -0.000000	 0.000000	 -90.000000	 0.324635	 -0.002643	 0.324646	 -0.466448	 0.000000	 0.002022	 0.002022	 90.000000	 0.324635	 -0.002643	 0.324646	 -0.466448	 168534.130060	
1386.265060	 1.000000	 0.000000	 -0.000000	 0.000000	 -90.000000	 0.324642	 -0.002623	 0.324652	 -0.462885	 0.000000	 0.002075	 0.002075	 90.000000	 0.324642	 -0.002623	 0.324652	 -0.462885	 168535.586176	
1366.188755	 1.000000	 0.000000	 -0.000000	 0.000000	 -90.000000	 0.324662	 -0.002588	 0.324672	 -0.456707	 0.000000	 0.002043	 0.002043	 90.000000	 0.324662	 -0.002588	 0.324672	 -0.456707	 168537.031060	
1346.112450	 1.000000	 0.000000	 -0.000000	 0.000000	 -90.000000	 0.324703	 -0.002607	 0.324713	 -0.459950	 0.000000	 0.002062	 0.002062	 90.000000	 0.324701	 -0.002604	 0.324712	 -0.459442	 168538.427859	
1326.036145	 1.000000	 0.000000	 -0.000000	 0.000000	 -90.000000	 0.324744	 -0.002609	 0.324754	 -0.460285	 0.000000	 0.002054	 0.002054	 90.000000	 0.324744	 -0.002610	 0.324755	 -0.460405	 168539.881376	
1305.959839	 1.000000	 0.000000	 -0.000000	 0.000000	 -90.000000	 0.324772	 -0.002584	 0.324782	 -0.455810	 0.000000	 0.002038	 0.002038	 90.000000	 0.324771	 -0.002581	 0.324782	 -0.455267	 168541.358344	
1285.883534	 1.000000	 0.000000	 -0.000000	 0.000000	 -90.000000	 0.324811	 -0.002600	 0.324822	 -0.458587	 0.000000	 0.002066	 0.002066	 90.000000	 0.324810	 -0.002599	 0.324821	 -0.458484	 168542.788354	
1265.807229	 1.000000	 0.000000	 -0.000000	 0.000000	 -90.000000	 0.324852	 -0.002604	 0.324862	 -0.459289	 0.000000	 0.002043	 0.002043	 90.000000	 0.324852	 -0.002604	 0.324863	 -0.459193	 168544.227706	
1245.730924	 1.000000	 0.000000	 -0.000000	 0.000000	 -90.000000	 0.324903	 -0.002603	 0.324914	 -0.458969	 0.000000	 0.002067	 0.002067	 90.000000	 0.324903	 -0.002603	 0.324914	 -0.458969	 168545.669327	
1225.654618	 1.000000	 0.000000	 -0.000000	 0.000000	 -90.000000	 0.324920	 -0.002602	 0.324931	 -0.458773	 0.000000	 0.002067	 0.002067	 90.000000	 0.324920	 -0.002602	 0.324931	 -0.458773	 168547.112166	
1205.578313	 1.000000	 0.000000	 -0.000000	 0.000000	 -90.000000	 0.324967	 -0.002563	 0.324977	 -0.451857	 0.000000	 0.002097	 0.002097	 90.000000	 0.324967	 -0.002563	 0.324977	 -0.451857	 168548.575608	
1185.502008	 1.000000	 0.000000	 -0.000000	 0.000000	 -90.000000	 0.324996	 -0.002595	 0.325006	 -0.457517	 0.000000	 0.002058	 0.002058	 90.000000	 0.324996	 -0.002595	 0.325006	 -0.457516	 168550.007543	
1165.425703	 1.000000	 0.000000	 -0.000000	 0.000000	 -90.000000	 0.325039	 -0.002587	 0.325049	 -0.455954	 0.000000	 0.001644	 0.001644	 90.000000	 0.325039	 -0.002587	 0.325049	 -0.455954	 168551.465830	
1145.349398	 1.000000	 0.000000	 -0.000000	 0.000000	 -90.000000	 0.325083	 -0.002540	 0.325093	 -0.447734	 0.000000	 0.002338	 0.002338	 90.000000	 0.325083	 -0.002540	 0.325093	 -0.447734	 168552.920100	
1125.273092	 1.000000	 0.000000	 -0.000000	 0.000000	 -90.000000	 0.325127	 -0.002564	 0.325137	 -0.451774	 0.000000	 0.003512	 0.003512	 90.000000	 0.325127	 -0.002564	 0.325137	 -0.451774	 168554.373539	
1105.196787	 1.000000	 0.000000	 -0.000000	 0.000000	 -90.000000	 0.325167	 -0.002534	 0.325177	 -0.446469	 0.000000	 0.001675	 0.001675	 90.000000	 0.325167	 -0.002534	 0.325177	 -0.446469	 168555.861777	
1085.120482	 1.000000	 0.000000	 -0.000000	 0.000000	 -90.000000	 0.325210	 -0.002565	 0.325220	 -0.451865	 0.000000	 0.001613	 0.001613	 90.000000	 0.325210	 -0.002564	 0.325220	 -0.451791	 168557.314000	
1065.044177	 1.000000	 0.000000	 -0.000000	 0.000000	 -90.000000	 0.325274	 -0.002555	 0.325284	 -0.450026	 0.000000	 0.001767	 0.001767	 90.000000	 0.325274	 -0.002554	 0.325284	 -0.449811	 168558.741149	
1044.967871	 1.000000	 0.000000	 -0.000000	 0.000000	 -90.000000	 0.325325	 -0.002569	 0.325335	 -0.452512	 0.000000	 0.001946	 0.001946	 90.000000	 0.325325	 -0.002569	 0.325335	 -0.452512	 168560.194174	
1024.891566	 1.000000	 0.000000	 -0.000000	 0.000000	 -90.000000	 0.325395	 -0.002530	 0.325405	 -0.445518	 0.000000	 0.001914	 0.001914	 90.000000	 0.325394	 -0.002530	 0.325404	 -0.445415	 168561.635088	
1004.815261	 1.000000	 0.000000	 -0.000000	 0.000000	 -90.000000	 0.325440	 -0.002547	 0.325450	 -0.448486	 0.000000	 0.001070	 0.001070	 90.000000	 0.325447	 -0.002546	 0.325457	 -0.448177	 168563.081911	
984.738956	 1.000000	 0.000000	 -0.000000	 0.000000	 -90.000000	 0.325480	 -0.002516	 0.325490	 -0.442968	 0.000000	 0.000766	 0.000766	 90.000000	 0.325480	 -0.002516	 0.325490	 -0.442968	 168564.537097	
964.662651	 1.000000	 0.000000	 -0.000000	 0.000000	 -90.000000	 0.325534	 -0.002505	 0.325544	 -0.440856	 0.000000	 0.001568	 0.001568	 90.000000	 0.325534	 -0.002505	 0.325544	 -0.440856	 168566.033303	
944.586345	 1.000000	 0.000000	 -0.000000	 0.000000	 -90.000000	 0.325602	 -0.002502	 0.325611	 -0.440351	 0.000000	 0.002073	 0.002073	 90.000000	 0.325602	 -0.002502	 0.325611	 -0.440351	 168567.471622	
924.510040	 1.000000	 0.000000	 -0.000000	 0.000000	 -90.000000	 0.325659	 -0.002484	 0.325669	 -0.437002	 0.000000	 0.002276	 0.002276	 90.000000	 0.325659	 -0.002484	 0.325669	 -0.437002	 168568.945567	
904.433735	 1.000000	 0.000000	 -0.000000	 0.000000	 -90.000000	 0.325724	 -0.002402	 0.325733	 -0.422486	 0.000000	 0.002054	 0.002054	 90.000000	 0.325724	 -0.002402	 0.325733	 -0.422486	 168570.435025	
884.357430	 1.000000	 0.000000	 -0.000000	 0.000000	 -90.000000	 0.325793	 -0.002442	 0.325802	 -0.429455	 0.000000	 0.001994	 0.001994	 90.000000	 0.325793	 -0.002442	 0.325802	 -0.429455	 168571.872434	
864.281124	 1.000000	 0.000000	 -0.000000	 0.000000	 -90.000000	 0.325847	 -0.002429	 0.325856	 -0.427085	 0.000000	 0.002052	 0.002052	 90.000000	 0.325847	 -0.002429	 0.325856	 -0.427086	 168573.306470	
844.204819	 1.000000	 0.000000	 -0.000000	 0.000000	 -90.000000	 0.325927	 -0.002357	 0.325936	 -0.414251	 0.000000	 0.001764	 0.001764	 90.000000	 0.325927	 -0.002357	 0.325936	 -0.414251	 168574.760221	
824.128514	 1.000000	 0.000000	 -0.000000	 0.000000	 -90.000000	 0.325974	 -0.002372	 0.325982	 -0.416991	 0.000000	 0.001767	 0.001767	 90.000000	 0.325974	 -0.002372	 0.325982	 -0.416991	 168576.174145	
804.052209	 1.000000	 0.000000	 -0.000000	 0.000000	 -90.000000	 0.326005	 -0.002337	 0.326013	 -0.410693	 0.000000	 0.002213	 0.002213	 90.000000	 0.326005	 -0.002337	 0.326013	 -0.410693	 168577.597917	
783.975904	 1.000000	 0.000000	 -0.000000	 0.000000	 -90.000000	 0.326122	 -0.002322	 0.326130	 -0.407974	 0.000000	 0.002061	 0.002061	 90.000000	 0.326122	 -0.002322	 0.326130	 -0.407973	 168579.006725	
763.899598	 1.000000	 0.000000	 -0.000000	 0.000000	 -90.000000	 0.326185	 -0.002286	 0.326193	 -0.401468	 0.000000	 0.002033	 0.002033	 90.000000	 0.326185	 -0.002286	 0.326193	 -0.401506	 168580.439217	
743.823293	 1.000000	 0.000000	 -0.000000	 0.000000	 -90.000000	 0.326286	 -0.002211	 0.326294	 -0.388219	 0.000000	 0.002050	 0.002050	 90.000000	 0.326286	 -0.002211	 0.326294	 -0.388219	 168581.935760	
723.746988	 1.000000	 0.000000	 -0.000000	 0.000000	 -90.000000	 0.326365	 -0.002229	 0.326373	 -0.391312	 0.000000	 0.002054	 0.002054	 90.000000	 0.326365	 -0.002229	 0.326373	 -0.391312	 168583.399551	
703.670683	 1.000000	 0.000000	 -0.000000	 0.000000	 -90.000000	 0.326394	 -0.002165	 0.326401	 -0.379978	 0.000000	 0.002035	 0.002035	 90.000000	 0.326391	 -0.002170	 0.326398	 -0.380877	 168584.878839	
683.594378	 1.000000	 0.000000	 -0.000000	 0.000000	 -90.000000	 0.326541	 -0.002132	 0.326548	 -0.374079	 0.000000	 0.001944	 0.001944	 90.000000	 0.326541	 -0.002132	 0.326548	 -0.373995	 168586.325003	
663.518072	 1.000000	 0.000000	 -0.000000	 0.000000	 -90.000000	 0.326624	 -0.002086	 0.326630	 -0.365838	 0.000000	 0.002064	 0.002064	 90.000000	 0.326624	 -0.002086	 0.326630	 -0.365838	 168587.762016	
643.441767	 1.000000	 0.000000	 -0.000000	 0.000000	 -90.000000	 0.326674	 -0.002000	 0.326680	 -0.350779	 0.000000	 0.002108	 0.002108	 90.000000	 0.326674	 -0.002000	 0.326680	 -0.350779	 168589.227674	
623.365462	 1.000000	 0.000000	 -0.000000	 0.000000	 -90.000000	 0.326805	 -0.001953	 0.326811	 -0.342434	 0.000000	 0.002043	 0.002043	 90.000000	 0.326805	 -0.001953	 0.326811	 -0.342434	 168590.664307	
603.289157	 1.000000	 0.000000	 -0.000000	 0.000000	 -90.000000	 0.327008	 -0.001943	 0.327014	 -0.340494	 0.000000	 0.001985	 0.001985	 90.000000	 0.327008	 -0.001943	 0.327014	 -0.340494	 168592.101930	
583.212851	 1.000000	 0.000000	 -0.000000	 0.000000	 -90.000000	 0.327031	 -0.001839	 0.327036	 -0.322147	 0.000000	 0.002011	 0.002011	 90.000000	 0.327031	 -0.001839	 0.327036	 -0.322147	 168593.539137	
563.136546	 1.000000	 0.000000	 -0.000000	 0.000000	 -90.000000	 0.327127	 -0.001757	 0.327131	 -0.307742	 0.000000	 0.002048	 0.002048	 90.000000	 0.327127	 -0.001757	 0.327131	 -0.307742	 168594.965642	
543.060241	 1.000000	 0.000000	 -0.000000	 0.000000	 -90.000000	 0.327236	 -0.001643	 0.327240	 -0.287600	 0.000000	 0.001518	 0.001518	 90.000000	 0.327236	 -0.001643	 0.327240	 -0.287601	 168596.428608	
522.983936	 1.000000	 0.000000	 -0.000000	 0.000000	 -90.000000	 0.327345	 -0.001568	 0.327348	 -0.274428	 0.000000	 0.001736	 0.001736	 90.000000	 0.327345	 -0.001568	 0.327348	 -0.274428	 168597.888929	
502.907631	 1.000000	 0.000000	 -0.000000	 0.000000	 -90.000000	 0.327500	 -0.001395	 0.327503	 -0.244102	 0.000000	 0.002415	 0.002415	 90.000000	 0.327495	 -0.001391	 0.327498	 -0.243317	 168599.324406	
482.831325	 1.000000	 0.000000	 -0.000000	 0.000000	 -90.000000	 0.327569	 -0.001372	 0.327572	 -0.239893	 0.000000	 0.002087	 0.002087	 90.000000	 0.327569	 -0.001372	 0.327572	 -0.239893	 168600.788433	
462.755020	 1.000000	 0.000000	 -0.000000	 0.000000	 -90.000000	 0.327685	 -0.001236	 0.327687	 -0.216119	 0.000000	 0.002049	 0.002049	 90.000000	 0.327685	 -0.001236	 0.327687	 -0.216119	 168602.241257	
442.678715	 1.000000	 0.000000	 -0.000000	 0.000000	 -90.000000	 0.327728	 -0.001151	 0.327730	 -0.201157	 0.000000	 0.002036	 0.002036	 90.000000	 0.327728	 -0.001151	 0.327730	 -0.201157	 168603.687510	
422.602410	 1.000000	 0.000000	 -0.000000	 0.000000	 -90.000000	 0.327965	 -0.000928	 0.327967	 -0.162162	 0.000000	 0.001997	 0.001997	 90.000000	 0.327965	 -0.000928	 0.327967	 -0.162162	 168605.142114	
402.526104	 1.000000	 0.000000	 -0.000000	 0.000000	 -90.000000	 0.328055	 -0.000729	 0.328056	 -0.127240	 0.000000	 0.002021	 0.002021	 90.000000	 0.328053	 -0.000728	 0.328054	 -0.127209	 168606.560973	
382.449799	 1.000000	 0.000000	 -0.000000	 0.000000	 -90.000000	 0.328232	 -0.000556	 0.328232	 -0.096992	 0.000000	 0.002017	 0.002017	 90.000000	 0.328232	 -0.000556	 0.328232	 -0.096992	 168607.987674	
362.373494	 1.000000	 0.000000	 -0.000000	 0.000000	 -90.000000	 0.328335	 -0.000306	 0.328335	 -0.053400	 0.000000	 0.001974	 0.001974	 90.000000	 0.328335	 -0.000306	 0.328335	 -0.053400	 168609.437989	
342.297189	 1.000000	 0.000000	 -0.000000	 0.000000	 -90.000000	 0.328618	 -0.000108	 0.328618	 -0.018800	 0.000000	 0.002124	 0.002124	 90.000000	 0.328618	 -0.000108	 0.328618	 -0.018800	 168610.853717	
322.220884	 1.000000	 0.000000	 -0.000000	 0.000000	 -90.000000	 0.328589	 0.000169	 0.328589	 0.029516	 0.000000	 0.002077	 0.002077	 90.000000	 0.328589	 0.000169	 0.328589	 0.029516	 168612.307228	
302.144578	 1.000000	 0.000000	 -0.000000	 0.000000	 -90.000000	 0.328836	 0.000577	 0.328837	 0.100474	 0.000000	 0.001576	 0.001576	 90.000000	 0.328836	 0.000577	 0.328837	 0.100474	 168613.744055	
282.068273	 1.000000	 0.000000	 -0.000000	 0.000000	 -90.000000	 0.328890	 0.000813	 0.328891	 0.141624	 0.000000	 0.002121	 0.002121	 90.000000	 0.328888	 0.000815	 0.328889	 0.141996	 168615.202281	
261.991968	 1.000000	 0.000000	 -0.000000	 0.000000	 -90.000000	 0.329034	 0.001219	 0.329036	 0.212186	 0.000000	 0.002294	 0.002294	 90.000000	 0.329034	 0.001219	 0.329036	 0.212186	 168616.632725	
241.915663	 1.000000	 0.000000	 -0.000000	 0.000000	 -90.000000	 0.329224	 0.001484	 0.329227	 0.258325	 0.000000	 0.002101	 0.002101	 90.000000	 0.329195	 0.001427	 0.329198	 0.248327	 168618.060220	
221.839357	 1.000000	 0.000000	 -0.000000	 0.000000	 -90.000000	 0.329267	 0.002199	 0.329274	 0.382575	 0.000000	 0.002110	 0.002110	 90.000000	 0.329267	 0.002199	 0.329274	 0.382575	 168619.528237	
201.763052	 1.000000	 0.000000	 -0.000000	 0.000000	 -90.000000	 0.329234	 0.002956	 0.329248	 0.514358	 0.000000	 0.001997	 0.001997	 90.000000	 0.329234	 0.002956	 0.329248	 0.514358	 168620.937605	
181.686747	 1.000000	 0.000000	 -0.000000	 0.000000	 -90.000000	 0.329446	 0.003467	 0.329464	 0.602963	 0.000000	 0.001422	 0.001422	 90.000000	 0.329446	 0.003467	 0.329464	 0.602963	 168622.378375	
161.610442	 1.000000	 0.000000	 -0.000000	 0.000000	 -90.000000	 0.329578	 0.004308	 0.329606	 0.748919	 0.000000	 0.003317	 0.003317	 90.000000	 0.329578	 0.004308	 0.329606	 0.748919	 168623.871023	
141.534137	 1.000000	 0.000000	 -0.000000	 0.000000	 -90.000000	 0.329688	 0.005291	 0.329730	 0.919373	 0.000000	 0.002192	 0.002192	 90.000000	 0.329656	 0.005245	 0.329698	 0.911504	 168625.308791	
121.457831	 1.000000	 0.000000	 -0.000000	 0.000000	 -90.000000	 0.329582	 0.006927	 0.329655	 1.204102	 0.000000	 0.001077	 0.001077	 90.000000	 0.329582	 0.006927	 0.329655	 1.204102	 168626.758757	
101.381526	 1.000000	 0.000000	 -0.000000	 0.000000	 -90.000000	 0.329463	 0.009091	 0.329588	 1.580510	 0.000000	 -0.002744	 0.002744	 -90.000000	 0.329442	 0.009089	 0.329568	 1.580323	 168628.202952	
81.305221	 1.000000	 0.000000	 -0.000000	 0.000000	 -90.000000	 0.329296	 0.011357	 0.329492	 1.975214	 0.000000	 0.001953	 0.001953	 90.000000	 0.329296	 0.011357	 0.329492	 1.975214	 168629.635933	
61.228916	 1.000000	 0.000000	 -0.000000	 0.000000	 -90.000000	 0.330886	 0.015426	 0.331246	 2.669285	 0.000000	 0.001855	 0.001855	 90.000000	 0.330886	 0.015426	 0.331246	 2.669285	 168631.078313	
41.152610	 1.000000	 0.000000	 -0.000000	 0.000000	 -90.000000	 0.320803	 0.019674	 0.321405	 3.509435	 0.000000	 0.001829	 0.001829	 90.000000	 0.317311	 0.021440	 0.318035	 3.865394	 168632.544169	
21.076305	 1.000000	 0.000000	 -0.000000	 0.000000	 -90.000000	 0.316818	 0.042090	 0.319602	 7.567543	 0.000000	 0.001963	 0.001963	 90.000000	 0.316818	 0.042090	 0.319602	 7.567543	 168633.988715	
1.000000	 1.000000	 0.000000	 -0.000000	 0.000000	 -90.000000	 0.188975	 -0.072045	 0.202243	 -20.868786	 0.000000	 -0.210637	 0.210637	 -90.000000	 0.188975	 -0.072045	 0.202243	 -20.868786	 168635.425878	
