# Oscilator_frequency (Hz)	DemodAll_A (-)	Demod_1_X_A (A)	Demod_1_Y_A (A)	Demod_1__R_A (A)	Demod_1__Theta_A (deg)	Demod_2_X_A (A)	Demod_2_Y_A (A)	Demod_2__R_A (A)	Demod_2__Theta_A (deg)	Demod_3_X_A (V)	Demod_3_Y_A (V)	Demod_3__R_A (V)	Demod_3__Theta_A (deg)	Demod_4_X_A (V)	Demod_4_Y_A (V)	Demod_4__R_A (V)	Demod_4__Theta_A (deg)	Timer_GET (s)	
200.000000	 1.000000	 0.000000	 -0.000000	 0.000000	 -90.000000	 0.000000	 -0.000000	 0.000000	 -38.083900	 0.000000	 -1.688656	 1.688656	 -90.000000	 0.133622	 -0.013165	 0.134269	 -5.626724	 11120.673469	
199.000000	 1.000000	 0.000000	 -0.000000	 0.000000	 -90.000000	 0.000000	 0.000000	 0.000000	 77.992803	 0.000000	 -1.695391	 1.695391	 -90.000000	 0.134137	 -0.013809	 0.134846	 -5.877888	 11122.105629	
198.000000	 1.000000	 0.000000	 -0.000000	 0.000000	 -90.000000	 -0.000000	 0.000000	 0.000000	 164.364400	 0.000000	 -1.685563	 1.685563	 -90.000000	 0.134562	 -0.014630	 0.135355	 -6.205173	 11123.504295	
197.000000	 1.000000	 0.000000	 -0.000000	 0.000000	 -90.000000	 0.000000	 -0.000000	 0.000000	 -82.803738	 0.000000	 -1.683480	 1.683480	 -90.000000	 0.135013	 -0.015119	 0.135857	 -6.389619	 11124.934713	
196.000000	 1.000000	 0.000000	 -0.000000	 0.000000	 -90.000000	 -0.000000	 -0.000000	 0.000000	 -179.405789	 0.000000	 -1.675677	 1.675677	 -90.000000	 0.135497	 -0.015529	 0.136384	 -6.537925	 11126.391638	
195.000000	 1.000000	 0.000000	 -0.000000	 0.000000	 -90.000000	 0.000000	 0.000000	 0.000000	 36.174731	 0.000000	 -1.667659	 1.667659	 -90.000000	 0.135871	 -0.015979	 0.136808	 -6.707197	 11127.824445	
194.000000	 1.000000	 0.000000	 -0.000000	 0.000000	 -90.000000	 -0.000000	 0.000000	 0.000000	 108.861217	 0.000000	 -1.657928	 1.657928	 -90.000000	 0.136183	 -0.016335	 0.137159	 -6.839798	 11129.234556	
193.000000	 1.000000	 0.000000	 -0.000000	 0.000000	 -90.000000	 0.000000	 0.000000	 0.000000	 6.363810	 0.000000	 -1.648656	 1.648656	 -90.000000	 0.136500	 -0.016710	 0.137519	 -6.979394	 11130.680349	
192.000000	 1.000000	 0.000000	 -0.000000	 0.000000	 -90.000000	 0.000000	 -0.000000	 0.000000	 -75.720234	 0.000000	 -1.640464	 1.640464	 -90.000000	 0.136781	 -0.017008	 0.137835	 -7.087969	 11132.126347	
191.000000	 1.000000	 0.000000	 -0.000000	 0.000000	 -90.000000	 0.000000	 0.000000	 0.000000	 70.428185	 0.000000	 -1.632172	 1.632172	 -90.000000	 0.137097	 -0.017316	 0.138186	 -7.198783	 11133.567237	
190.000000	 1.000000	 0.000000	 -0.000000	 0.000000	 -90.000000	 -0.000000	 0.000000	 0.000000	 167.074746	 0.000000	 -1.624058	 1.624058	 -90.000000	 0.137366	 -0.017570	 0.138485	 -7.288972	 11135.025302	
189.000000	 1.000000	 0.000000	 -0.000000	 0.000000	 -90.000000	 0.000000	 0.000000	 0.000000	 89.290141	 0.000000	 -1.615879	 1.615879	 -90.000000	 0.137619	 -0.017863	 0.138774	 -7.395450	 11136.521568	
188.000000	 1.000000	 0.000000	 -0.000000	 0.000000	 -90.000000	 0.000000	 0.000000	 0.000000	 53.523357	 0.000000	 -1.608512	 1.608512	 -90.000000	 0.137879	 -0.018096	 0.139062	 -7.477218	 11137.982780	
187.000000	 1.000000	 0.000000	 -0.000000	 0.000000	 -90.000000	 -0.000000	 -0.000000	 0.000000	 -112.937299	 0.000000	 -1.601506	 1.601506	 -90.000000	 0.138135	 -0.018319	 0.139344	 -7.554430	 11139.402792	
186.000000	 1.000000	 0.000000	 -0.000000	 0.000000	 -90.000000	 0.000000	 -0.000000	 0.000000	 -76.867971	 0.000000	 -1.594673	 1.594673	 -90.000000	 0.138365	 -0.018554	 0.139604	 -7.637442	 11140.847265	
185.000000	 1.000000	 0.000000	 -0.000000	 0.000000	 -90.000000	 0.000000	 -0.000000	 0.000000	 -30.552148	 0.000000	 -1.588151	 1.588151	 -90.000000	 0.138600	 -0.018760	 0.139863	 -7.708426	 11142.304768	
184.000000	 1.000000	 0.000000	 -0.000000	 0.000000	 -90.000000	 0.000000	 -0.000000	 0.000000	 -82.790823	 0.000000	 -1.582013	 1.582013	 -90.000000	 0.138808	 -0.018949	 0.140096	 -7.773350	 11143.730280	
183.000000	 1.000000	 0.000000	 -0.000000	 0.000000	 -90.000000	 -0.000000	 0.000000	 0.000000	 166.245142	 0.000000	 -1.576077	 1.576077	 -90.000000	 0.139024	 -0.019141	 0.140335	 -7.839416	 11145.188993	
182.000000	 1.000000	 0.000000	 -0.000000	 0.000000	 -90.000000	 0.000000	 0.000000	 0.000000	 1.791251	 0.000000	 -1.570297	 1.570297	 -90.000000	 0.139233	 -0.019329	 0.140569	 -7.903401	 11146.652473	
181.000000	 1.000000	 0.000000	 -0.000000	 0.000000	 -90.000000	 -0.000000	 -0.000000	 0.000000	 -156.552419	 0.000000	 -1.564827	 1.564827	 -90.000000	 0.139462	 -0.019513	 0.140820	 -7.964787	 11148.081357	
180.000000	 1.000000	 0.000000	 -0.000000	 0.000000	 -90.000000	 0.000000	 0.000000	 0.000000	 77.084311	 0.000000	 -1.559814	 1.559814	 -90.000000	 0.139669	 -0.019675	 0.141048	 -8.018592	 11149.544300	
179.000000	 1.000000	 0.000000	 -0.000000	 0.000000	 -90.000000	 0.000000	 0.000000	 0.000000	 22.544616	 0.000000	 -1.554898	 1.554898	 -90.000000	 0.139846	 -0.019859	 0.141250	 -8.082483	 11150.965356	
178.000000	 1.000000	 0.000000	 -0.000000	 0.000000	 -90.000000	 0.000000	 0.000000	 0.000000	 6.125538	 0.000000	 -1.550127	 1.550127	 -90.000000	 0.140075	 -0.020038	 0.141501	 -8.140999	 11152.401383	
177.000000	 1.000000	 0.000000	 -0.000000	 0.000000	 -90.000000	 -0.000000	 -0.000000	 0.000000	 -150.316930	 0.000000	 -1.545886	 1.545886	 -90.000000	 0.140267	 -0.020198	 0.141714	 -8.194033	 11153.825845	
176.000000	 1.000000	 0.000000	 -0.000000	 0.000000	 -90.000000	 0.000000	 -0.000000	 0.000000	 -88.775209	 0.000000	 -1.541750	 1.541750	 -90.000000	 0.140466	 -0.020370	 0.141935	 -8.251555	 11155.236631	
175.000000	 1.000000	 0.000000	 -0.000000	 0.000000	 -90.000000	 0.000000	 -0.000000	 0.000000	 -17.378874	 0.000000	 -1.537671	 1.537671	 -90.000000	 0.140670	 -0.020529	 0.142160	 -8.302922	 11156.687662	
174.000000	 1.000000	 0.000000	 -0.000000	 0.000000	 -90.000000	 0.000000	 -0.000000	 0.000000	 -84.544324	 0.000000	 -1.533786	 1.533786	 -90.000000	 0.140835	 -0.020693	 0.142348	 -8.358861	 11158.120304	
173.000000	 1.000000	 0.000000	 -0.000000	 0.000000	 -90.000000	 -0.000000	 0.000000	 0.000000	 165.753281	 0.000000	 -1.530189	 1.530189	 -90.000000	 0.141035	 -0.020823	 0.142564	 -8.398667	 11159.596010	
172.000000	 1.000000	 0.000000	 -0.000000	 0.000000	 -90.000000	 -0.000000	 0.000000	 0.000000	 129.772304	 0.000000	 -1.526686	 1.526686	 -90.000000	 0.141233	 -0.020976	 0.142782	 -8.447784	 11161.017539	
171.000000	 1.000000	 0.000000	 -0.000000	 0.000000	 -90.000000	 0.000000	 -0.000000	 0.000000	 -66.453564	 0.000000	 -1.523117	 1.523117	 -90.000000	 0.141414	 -0.021154	 0.142987	 -8.507895	 11162.436033	
170.000000	 1.000000	 0.000000	 -0.000000	 0.000000	 -90.000000	 0.000000	 0.000000	 0.000000	 81.918505	 0.000000	 -1.519798	 1.519798	 -90.000000	 0.141595	 -0.021295	 0.143187	 -8.552931	 11163.923288	
169.000000	 1.000000	 0.000000	 -0.000000	 0.000000	 -90.000000	 0.000000	 -0.000000	 0.000000	 -79.283759	 0.000000	 -1.516597	 1.516597	 -90.000000	 0.141799	 -0.021425	 0.143408	 -8.591954	 11165.351550	
168.000000	 1.000000	 0.000000	 -0.000000	 0.000000	 -90.000000	 0.000000	 -0.000000	 0.000000	 -75.210799	 0.000000	 -1.513592	 1.513592	 -90.000000	 0.141989	 -0.021582	 0.143620	 -8.642839	 11166.805655	
167.000000	 1.000000	 0.000000	 -0.000000	 0.000000	 -90.000000	 -0.000000	 -0.000000	 0.000000	 -95.756934	 0.000000	 -1.510653	 1.510653	 -90.000000	 0.142157	 -0.021722	 0.143807	 -8.687580	 11168.244318	
166.000000	 1.000000	 0.000000	 -0.000000	 0.000000	 -90.000000	 0.000000	 -0.000000	 0.000000	 -17.860771	 0.000000	 -1.507958	 1.507958	 -90.000000	 0.142364	 -0.021869	 0.144034	 -8.733014	 11169.699157	
165.000000	 1.000000	 0.000000	 -0.000000	 0.000000	 -90.000000	 0.000000	 -0.000000	 0.000000	 -60.978404	 0.000000	 -1.505226	 1.505226	 -90.000000	 0.142554	 -0.022016	 0.144244	 -8.779559	 11171.139106	
164.000000	 1.000000	 0.000000	 -0.000000	 0.000000	 -90.000000	 0.000000	 0.000000	 0.000000	 52.330739	 0.000000	 -1.502581	 1.502581	 -90.000000	 0.142731	 -0.022159	 0.144441	 -8.824869	 11172.547057	
163.000000	 1.000000	 0.000000	 -0.000000	 0.000000	 -90.000000	 0.000000	 -0.000000	 0.000000	 -75.804026	 0.000000	 -1.500073	 1.500073	 -90.000000	 0.142940	 -0.022284	 0.144667	 -8.860907	 11173.990967	
162.000000	 1.000000	 0.000000	 -0.000000	 0.000000	 -90.000000	 0.000000	 -0.000000	 0.000000	 -12.678641	 0.000000	 -1.497601	 1.497601	 -90.000000	 0.143121	 -0.022408	 0.144865	 -8.898273	 11175.434796	
161.000000	 1.000000	 0.000000	 -0.000000	 0.000000	 -90.000000	 -0.000000	 0.000000	 0.000000	 169.875141	 0.000000	 -1.495218	 1.495218	 -90.000000	 0.143321	 -0.022542	 0.145082	 -8.938523	 11176.868786	
160.000000	 1.000000	 0.000000	 -0.000000	 0.000000	 -90.000000	 -0.000000	 0.000000	 0.000000	 159.310188	 0.000000	 -1.492828	 1.492828	 -90.000000	 0.143458	 -0.022706	 0.145244	 -8.993915	 11178.314792	
159.000000	 1.000000	 0.000000	 -0.000000	 0.000000	 -90.000000	 0.000000	 0.000000	 0.000000	 42.570423	 0.000000	 -1.490510	 1.490510	 -90.000000	 0.143674	 -0.022780	 0.145469	 -9.009455	 11179.769800	
158.000000	 1.000000	 0.000000	 -0.000000	 0.000000	 -90.000000	 0.000000	 -0.000000	 0.000000	 -31.019587	 0.000000	 -1.488229	 1.488229	 -90.000000	 0.143754	 -0.022985	 0.145580	 -9.084269	 11181.179466	
157.000000	 1.000000	 0.000000	 -0.000000	 0.000000	 -90.000000	 -0.000000	 -0.000000	 0.000000	 -166.965640	 0.000000	 -1.485880	 1.485880	 -90.000000	 0.144059	 -0.022952	 0.145876	 -9.052552	 11182.623040	
156.000000	 1.000000	 0.000000	 -0.000000	 0.000000	 -90.000000	 0.000000	 -0.000000	 0.000000	 -36.665717	 0.000000	 -1.483588	 1.483588	 -90.000000	 0.144420	 -0.023126	 0.146260	 -9.097513	 11184.083836	
155.000000	 1.000000	 0.000000	 -0.000000	 0.000000	 -90.000000	 -0.000000	 0.000000	 0.000000	 90.573291	 0.000000	 -1.481558	 1.481558	 -90.000000	 0.144073	 -0.023281	 0.145942	 -9.179120	 11185.550520	
154.000000	 1.000000	 0.000000	 -0.000000	 0.000000	 -90.000000	 -0.000000	 -0.000000	 0.000000	 -153.745151	 0.000000	 -1.479439	 1.479439	 -90.000000	 0.144089	 -0.023510	 0.145994	 -9.266907	 11186.965692	
153.000000	 1.000000	 0.000000	 -0.000000	 0.000000	 -90.000000	 0.000000	 -0.000000	 0.000000	 -17.499466	 0.000000	 -1.477164	 1.477164	 -90.000000	 0.145384	 -0.023688	 0.147301	 -9.254026	 11188.387122	
152.000000	 1.000000	 0.000000	 -0.000000	 0.000000	 -90.000000	 -0.000000	 -0.000000	 0.000000	 -179.754008	 0.000000	 -1.475180	 1.475180	 -90.000000	 0.144999	 -0.024523	 0.147058	 -9.599284	 11189.820483	
151.000000	 1.000000	 0.000000	 -0.000000	 0.000000	 -90.000000	 -0.000000	 0.000000	 0.000000	 165.270885	 0.000000	 -1.473063	 1.473063	 -90.000000	 0.146004	 -0.023766	 0.147925	 -9.245368	 11191.235493	
150.000000	 1.000000	 0.000000	 -0.000000	 0.000000	 -90.000000	 0.000000	 0.000000	 0.000000	 80.783747	 0.000000	 -1.471507	 1.471507	 -90.000000	 0.144836	 -0.024815	 0.146946	 -9.722375	 11192.672280	
149.000000	 1.000000	 0.000000	 -0.000000	 0.000000	 -90.000000	 -0.000000	 -0.000000	 0.000000	 -100.858884	 0.000000	 -1.469427	 1.469427	 -90.000000	 0.145776	 -0.024943	 0.147894	 -9.709770	 11194.129012	
148.000000	 1.000000	 0.000000	 -0.000000	 0.000000	 -90.000000	 0.000000	 -0.000000	 0.000000	 -47.000190	 0.000000	 -1.467657	 1.467657	 -90.000000	 0.145086	 -0.023591	 0.146991	 -9.235585	 11195.549092	
147.000000	 1.000000	 0.000000	 -0.000000	 0.000000	 -90.000000	 -0.000000	 0.000000	 0.000000	 132.396316	 0.000000	 -1.465562	 1.465562	 -90.000000	 0.145433	 -0.023745	 0.147358	 -9.273075	 11196.971485	
146.000000	 1.000000	 0.000000	 -0.000000	 0.000000	 -90.000000	 0.000000	 -0.000000	 0.000000	 -81.948725	 0.000000	 -1.463895	 1.463895	 -90.000000	 0.146100	 -0.024930	 0.148212	 -9.683397	 11198.416731	
145.000000	 1.000000	 0.000000	 -0.000000	 0.000000	 -90.000000	 -0.000000	 0.000000	 0.000000	 147.428607	 0.000000	 -1.462138	 1.462138	 -90.000000	 0.146069	 -0.024879	 0.148172	 -9.665943	 11199.856613	
144.000000	 1.000000	 0.000000	 -0.000000	 0.000000	 -90.000000	 -0.000000	 -0.000000	 0.000000	 -126.791668	 0.000000	 -1.460406	 1.460406	 -90.000000	 0.146359	 -0.024470	 0.148390	 -9.491713	 11201.333171	
143.000000	 1.000000	 0.000000	 -0.000000	 0.000000	 -90.000000	 0.000000	 0.000000	 0.000000	 22.593789	 0.000000	 -1.458603	 1.458603	 -90.000000	 0.146621	 -0.024637	 0.148676	 -9.538292	 11202.784211	
142.000000	 1.000000	 0.000000	 -0.000000	 0.000000	 -90.000000	 0.000000	 0.000000	 0.000000	 17.272396	 0.000000	 -1.457035	 1.457035	 -90.000000	 0.146607	 -0.024879	 0.148703	 -9.631252	 11204.230582	
141.000000	 1.000000	 0.000000	 -0.000000	 0.000000	 -90.000000	 -0.000000	 0.000000	 0.000000	 119.181633	 0.000000	 -1.455535	 1.455535	 -90.000000	 0.146937	 -0.025008	 0.149049	 -9.658895	 11205.680450	
140.000000	 1.000000	 0.000000	 -0.000000	 0.000000	 -90.000000	 0.000000	 0.000000	 0.000000	 41.937964	 0.000000	 -1.453876	 1.453876	 -90.000000	 0.147029	 -0.025149	 0.149164	 -9.706479	 11207.134189	
139.000000	 1.000000	 0.000000	 -0.000000	 0.000000	 -90.000000	 0.000000	 0.000000	 0.000000	 44.396307	 0.000000	 -1.452425	 1.452425	 -90.000000	 0.147247	 -0.025246	 0.149395	 -9.729011	 11208.547315	
138.000000	 1.000000	 0.000000	 -0.000000	 0.000000	 -90.000000	 0.000000	 -0.000000	 0.000000	 -26.054722	 0.000000	 -1.451219	 1.451219	 -90.000000	 0.147420	 -0.025381	 0.149589	 -9.768543	 11209.991365	
137.000000	 1.000000	 0.000000	 -0.000000	 0.000000	 -90.000000	 -0.000000	 0.000000	 0.000000	 97.536370	 0.000000	 -1.449691	 1.449691	 -90.000000	 0.147605	 -0.025481	 0.149788	 -9.794378	 11211.423647	
136.000000	 1.000000	 0.000000	 -0.000000	 0.000000	 -90.000000	 0.000000	 -0.000000	 0.000000	 -50.244261	 0.000000	 -1.448386	 1.448386	 -90.000000	 0.147780	 -0.025606	 0.149982	 -9.830262	 11212.872572	
135.000000	 1.000000	 0.000000	 -0.000000	 0.000000	 -90.000000	 0.000000	 0.000000	 0.000000	 65.702256	 0.000000	 -1.447083	 1.447083	 -90.000000	 0.147951	 -0.025724	 0.150171	 -9.863480	 11214.320215	
134.000000	 1.000000	 0.000000	 -0.000000	 0.000000	 -90.000000	 -0.000000	 -0.000000	 0.000000	 -176.432701	 0.000000	 -1.445876	 1.445876	 -90.000000	 0.148127	 -0.025836	 0.150363	 -9.893858	 11215.782708	
133.000000	 1.000000	 0.000000	 -0.000000	 0.000000	 -90.000000	 -0.000000	 0.000000	 0.000000	 167.595070	 0.000000	 -1.444701	 1.444701	 -90.000000	 0.148335	 -0.025954	 0.150589	 -9.924563	 11217.267965	
132.000000	 1.000000	 0.000000	 -0.000000	 0.000000	 -90.000000	 -0.000000	 0.000000	 0.000000	 160.634789	 0.000000	 -1.443554	 1.443554	 -90.000000	 0.148505	 -0.026077	 0.150778	 -9.959391	 11218.735961	
131.000000	 1.000000	 0.000000	 -0.000000	 0.000000	 -90.000000	 -0.000000	 0.000000	 0.000000	 111.326711	 0.000000	 -1.442366	 1.442366	 -90.000000	 0.148710	 -0.026182	 0.150997	 -9.985172	 11220.161292	
130.000000	 1.000000	 0.000000	 -0.000000	 0.000000	 -90.000000	 -0.000000	 0.000000	 0.000000	 99.983292	 0.000000	 -1.441235	 1.441235	 -90.000000	 0.148881	 -0.026300	 0.151186	 -10.018046	 11221.584717	
129.000000	 1.000000	 0.000000	 -0.000000	 0.000000	 -90.000000	 0.000000	 -0.000000	 0.000000	 -39.352915	 0.000000	 -1.440269	 1.440269	 -90.000000	 0.149056	 -0.026419	 0.151379	 -10.050949	 11223.042047	
128.000000	 1.000000	 0.000000	 -0.000000	 0.000000	 -90.000000	 0.000000	 -0.000000	 0.000000	 -62.981675	 0.000000	 -1.439249	 1.439249	 -90.000000	 0.149257	 -0.026552	 0.151600	 -10.087143	 11224.477873	
127.000000	 1.000000	 0.000000	 -0.000000	 0.000000	 -90.000000	 0.000000	 -0.000000	 0.000000	 -14.281161	 0.000000	 -1.438315	 1.438315	 -90.000000	 0.149450	 -0.026646	 0.151807	 -10.109137	 11225.933705	
126.000000	 1.000000	 0.000000	 -0.000000	 0.000000	 -90.000000	 -0.000000	 0.000000	 0.000000	 167.575017	 0.000000	 -1.437458	 1.437458	 -90.000000	 0.149649	 -0.026784	 0.152027	 -10.147228	 11227.366983	
125.000000	 1.000000	 0.000000	 -0.000000	 0.000000	 -90.000000	 0.000000	 0.000000	 0.000000	 3.897433	 0.000000	 -1.436567	 1.436567	 -90.000000	 0.149835	 -0.026897	 0.152230	 -10.176787	 11228.805312	
124.000000	 1.000000	 0.000000	 -0.000000	 0.000000	 -90.000000	 -0.000000	 0.000000	 0.000000	 118.890433	 0.000000	 -1.435591	 1.435591	 -90.000000	 0.150029	 -0.027037	 0.152445	 -10.215640	 11230.229721	
123.000000	 1.000000	 0.000000	 -0.000000	 0.000000	 -90.000000	 0.000000	 0.000000	 0.000000	 84.946382	 0.000000	 -1.434844	 1.434844	 -90.000000	 0.150228	 -0.027158	 0.152663	 -10.247359	 11231.667097	
122.000000	 1.000000	 0.000000	 -0.000000	 0.000000	 -90.000000	 -0.000000	 -0.000000	 0.000000	 -160.139654	 0.000000	 -1.434034	 1.434034	 -90.000000	 0.150437	 -0.027277	 0.152889	 -10.277067	 11233.120389	
121.000000	 1.000000	 0.000000	 -0.000000	 0.000000	 -90.000000	 -0.000000	 -0.000000	 0.000000	 -114.081984	 0.000000	 -1.433291	 1.433291	 -90.000000	 0.150598	 -0.027410	 0.153072	 -10.315240	 11234.555295	
120.000000	 1.000000	 0.000000	 -0.000000	 0.000000	 -90.000000	 0.000000	 -0.000000	 0.000000	 -51.741985	 0.000000	 -1.432629	 1.432629	 -90.000000	 0.150804	 -0.027536	 0.153297	 -10.348002	 11235.988746	
119.000000	 1.000000	 0.000000	 -0.000000	 0.000000	 -90.000000	 0.000000	 0.000000	 0.000000	 65.447925	 0.000000	 -1.431901	 1.431901	 -90.000000	 0.151041	 -0.027620	 0.153546	 -10.362958	 11237.418745	
118.000000	 1.000000	 0.000000	 -0.000000	 0.000000	 -90.000000	 0.000000	 0.000000	 0.000000	 34.541537	 0.000000	 -1.431394	 1.431394	 -90.000000	 0.151227	 -0.027756	 0.153753	 -10.400071	 11238.863038	
117.000000	 1.000000	 0.000000	 -0.000000	 0.000000	 -90.000000	 -0.000000	 0.000000	 0.000000	 141.318823	 0.000000	 -1.430766	 1.430766	 -90.000000	 0.151457	 -0.027897	 0.154005	 -10.436434	 11240.316567	
116.000000	 1.000000	 0.000000	 -0.000000	 0.000000	 -90.000000	 0.000000	 0.000000	 0.000000	 43.910077	 0.000000	 -1.430127	 1.430127	 -90.000000	 0.151669	 -0.027997	 0.154232	 -10.458479	 11241.738767	
115.000000	 1.000000	 0.000000	 -0.000000	 0.000000	 -90.000000	 -0.000000	 0.000000	 0.000000	 142.948753	 0.000000	 -1.429457	 1.429457	 -90.000000	 0.151867	 -0.028161	 0.154456	 -10.505285	 11243.162491	
114.000000	 1.000000	 0.000000	 -0.000000	 0.000000	 -90.000000	 0.000000	 -0.000000	 0.000000	 -71.426975	 0.000000	 -1.428907	 1.428907	 -90.000000	 0.152084	 -0.028264	 0.154688	 -10.528156	 11244.612064	
113.000000	 1.000000	 0.000000	 -0.000000	 0.000000	 -90.000000	 -0.000000	 0.000000	 0.000000	 163.633392	 0.000000	 -1.428496	 1.428496	 -90.000000	 0.152323	 -0.028405	 0.154949	 -10.563133	 11246.071702	
112.000000	 1.000000	 0.000000	 -0.000000	 0.000000	 -90.000000	 0.000000	 0.000000	 0.000000	 15.470666	 0.000000	 -1.427994	 1.427994	 -90.000000	 0.152504	 -0.028501	 0.155145	 -10.585872	 11247.509981	
111.000000	 1.000000	 0.000000	 -0.000000	 0.000000	 -90.000000	 0.000000	 0.000000	 0.000000	 52.341497	 0.000000	 -1.427496	 1.427496	 -90.000000	 0.152767	 -0.028619	 0.155424	 -10.610596	 11248.940048	
110.000000	 1.000000	 0.000000	 -0.000000	 0.000000	 -90.000000	 -0.000000	 -0.000000	 0.000000	 -147.427634	 0.000000	 -1.427064	 1.427064	 -90.000000	 0.152982	 -0.028759	 0.155662	 -10.646811	 11250.374073	
109.000000	 1.000000	 0.000000	 -0.000000	 0.000000	 -90.000000	 0.000000	 0.000000	 0.000000	 17.293117	 0.000000	 -1.426586	 1.426586	 -90.000000	 0.153210	 -0.028903	 0.155913	 -10.683121	 11251.814762	
108.000000	 1.000000	 0.000000	 -0.000000	 0.000000	 -90.000000	 -0.000000	 -0.000000	 0.000000	 -150.816908	 0.000000	 -1.426190	 1.426190	 -90.000000	 0.153435	 -0.029029	 0.156157	 -10.713551	 11253.270494	
107.000000	 1.000000	 0.000000	 -0.000000	 0.000000	 -90.000000	 0.000000	 0.000000	 0.000000	 30.413908	 0.000000	 -1.426024	 1.426024	 -90.000000	 0.153664	 -0.029166	 0.156408	 -10.747085	 11254.741867	
106.000000	 1.000000	 0.000000	 -0.000000	 0.000000	 -90.000000	 0.000000	 -0.000000	 0.000000	 -85.216925	 0.000000	 -1.425422	 1.425422	 -90.000000	 0.153918	 -0.029317	 0.156686	 -10.784138	 11256.150183	
105.000000	 1.000000	 0.000000	 -0.000000	 0.000000	 -90.000000	 -0.000000	 -0.000000	 0.000000	 -127.849428	 0.000000	 -1.425131	 1.425131	 -90.000000	 0.154138	 -0.029393	 0.156916	 -10.796352	 11257.610685	
104.000000	 1.000000	 0.000000	 -0.000000	 0.000000	 -90.000000	 0.000000	 -0.000000	 0.000000	 -32.459195	 0.000000	 -1.424819	 1.424819	 -90.000000	 0.154404	 -0.029531	 0.157203	 -10.827619	 11259.064846	
103.000000	 1.000000	 0.000000	 -0.000000	 0.000000	 -90.000000	 0.000000	 0.000000	 0.000000	 37.180910	 0.000000	 -1.425017	 1.425017	 -90.000000	 0.154562	 -0.029686	 0.157387	 -10.872151	 11260.515401	
102.000000	 1.000000	 0.000000	 -0.000000	 0.000000	 -90.000000	 -0.000000	 0.000000	 0.000000	 146.521149	 0.000000	 -1.424701	 1.424701	 -90.000000	 0.154790	 -0.029783	 0.157630	 -10.891074	 11261.921574	
101.000000	 1.000000	 0.000000	 -0.000000	 0.000000	 -90.000000	 -0.000000	 -0.000000	 0.000000	 -157.705294	 0.000000	 -1.423946	 1.423946	 -90.000000	 0.155121	 -0.030055	 0.158005	 -10.965344	 11263.352845	
100.000000	 1.000000	 0.000000	 -0.000000	 0.000000	 -90.000000	 0.000000	 -0.000000	 0.000000	 -6.638831	 0.000000	 -1.424468	 1.424468	 -90.000000	 0.155292	 -0.030073	 0.158178	 -10.959775	 11264.790544	
99.000000	 1.000000	 0.000000	 -0.000000	 0.000000	 -90.000000	 -0.000000	 -0.000000	 0.000000	 -147.827337	 0.000000	 -1.424160	 1.424160	 -90.000000	 0.155577	 -0.030301	 0.158500	 -11.021450	 11266.236554	
98.000000	 1.000000	 0.000000	 -0.000000	 0.000000	 -90.000000	 0.000000	 0.000000	 0.000000	 7.202986	 0.000000	 -1.423092	 1.423092	 -90.000000	 0.155902	 -0.030328	 0.158824	 -11.008239	 11267.676058	
97.000000	 1.000000	 0.000000	 -0.000000	 0.000000	 -90.000000	 -0.000000	 -0.000000	 0.000000	 -172.394480	 0.000000	 -1.423117	 1.423117	 -90.000000	 0.156161	 -0.030467	 0.159105	 -11.039558	 11269.123812	
96.000000	 1.000000	 0.000000	 -0.000000	 0.000000	 -90.000000	 0.000000	 0.000000	 0.000000	 3.401251	 0.000000	 -1.423030	 1.423030	 -90.000000	 0.156409	 -0.030695	 0.159393	 -11.103100	 11270.541348	
95.000000	 1.000000	 0.000000	 -0.000000	 0.000000	 -90.000000	 0.000000	 0.000000	 0.000000	 54.584770	 0.000000	 -1.422945	 1.422945	 -90.000000	 0.156647	 -0.030840	 0.159654	 -11.137851	 11271.992146	
94.000000	 1.000000	 0.000000	 -0.000000	 0.000000	 -90.000000	 -0.000000	 0.000000	 0.000000	 110.540927	 0.000000	 -1.422423	 1.422423	 -90.000000	 0.156932	 -0.030940	 0.159952	 -11.153010	 11273.476759	
93.000000	 1.000000	 0.000000	 -0.000000	 0.000000	 -90.000000	 -0.000000	 0.000000	 0.000000	 166.686888	 0.000000	 -1.422419	 1.422419	 -90.000000	 0.157208	 -0.031087	 0.160252	 -11.185591	 11274.947329	
92.000000	 1.000000	 0.000000	 -0.000000	 0.000000	 -90.000000	 -0.000000	 0.000000	 0.000000	 113.945538	 0.000000	 -1.422400	 1.422400	 -90.000000	 0.157519	 -0.031268	 0.160592	 -11.227444	 11276.431253	
91.000000	 1.000000	 0.000000	 -0.000000	 0.000000	 -90.000000	 -0.000000	 -0.000000	 0.000000	 -129.263828	 0.000000	 -1.422249	 1.422249	 -90.000000	 0.157831	 -0.031390	 0.160922	 -11.248277	 11277.834398	
90.000000	 1.000000	 0.000000	 -0.000000	 0.000000	 -90.000000	 -0.000000	 0.000000	 0.000000	 122.490811	 0.000000	 -1.422095	 1.422095	 -90.000000	 0.158137	 -0.031521	 0.161248	 -11.272735	 11279.296741	
89.000000	 1.000000	 0.000000	 -0.000000	 0.000000	 -90.000000	 -0.000000	 -0.000000	 0.000000	 -116.570970	 0.000000	 -1.422070	 1.422070	 -90.000000	 0.158426	 -0.031657	 0.161558	 -11.300005	 11280.700380	
88.000000	 1.000000	 0.000000	 -0.000000	 0.000000	 -90.000000	 0.000000	 -0.000000	 0.000000	 -85.357070	 0.000000	 -1.421973	 1.421973	 -90.000000	 0.158662	 -0.031808	 0.161819	 -11.336336	 11282.116838	
87.000000	 1.000000	 0.000000	 -0.000000	 0.000000	 -90.000000	 0.000000	 -0.000000	 0.000000	 -80.987214	 0.000000	 -1.422060	 1.422060	 -90.000000	 0.158958	 -0.031966	 0.162140	 -11.370412	 11283.577593	
86.000000	 1.000000	 0.000000	 -0.000000	 0.000000	 -90.000000	 -0.000000	 -0.000000	 0.000000	 -162.177705	 0.000000	 -1.421878	 1.421878	 -90.000000	 0.159339	 -0.032065	 0.162533	 -11.378082	 11285.008430	
85.000000	 1.000000	 0.000000	 -0.000000	 0.000000	 -90.000000	 -0.000000	 -0.000000	 0.000000	 -147.943043	 0.000000	 -1.421962	 1.421962	 -90.000000	 0.159675	 -0.032258	 0.162901	 -11.421501	 11286.450288	
84.000000	 1.000000	 0.000000	 -0.000000	 0.000000	 -90.000000	 -0.000000	 -0.000000	 0.000000	 -103.561337	 0.000000	 -1.421924	 1.421924	 -90.000000	 0.159935	 -0.032445	 0.163193	 -11.467496	 11287.908643	
83.000000	 1.000000	 0.000000	 -0.000000	 0.000000	 -90.000000	 -0.000000	 0.000000	 0.000000	 117.686697	 0.000000	 -1.421756	 1.421756	 -90.000000	 0.160317	 -0.032553	 0.163589	 -11.478074	 11289.368117	
82.000000	 1.000000	 0.000000	 -0.000000	 0.000000	 -90.000000	 -0.000000	 0.000000	 0.000000	 90.454494	 0.000000	 -1.421886	 1.421886	 -90.000000	 0.160650	 -0.032711	 0.163947	 -11.509038	 11290.815109	
81.000000	 1.000000	 0.000000	 -0.000000	 0.000000	 -90.000000	 0.000000	 0.000000	 0.000000	 50.628121	 0.000000	 -1.421839	 1.421839	 -90.000000	 0.160946	 -0.032939	 0.164282	 -11.566253	 11292.283872	
80.000000	 1.000000	 0.000000	 -0.000000	 0.000000	 -90.000000	 -0.000000	 -0.000000	 0.000000	 -93.252111	 0.000000	 -1.422027	 1.422027	 -90.000000	 0.161349	 -0.033137	 0.164717	 -11.605683	 11293.728532	
79.000000	 1.000000	 0.000000	 -0.000000	 0.000000	 -90.000000	 0.000000	 -0.000000	 0.000000	 -59.919166	 0.000000	 -1.421952	 1.421952	 -90.000000	 0.161647	 -0.033186	 0.165018	 -11.601637	 11295.162384	
78.000000	 1.000000	 0.000000	 -0.000000	 0.000000	 -90.000000	 0.000000	 -0.000000	 0.000000	 -48.913441	 0.000000	 -1.421826	 1.421826	 -90.000000	 0.161953	 -0.033460	 0.165374	 -11.673150	 11296.598199	
77.000000	 1.000000	 0.000000	 -0.000000	 0.000000	 -90.000000	 0.000000	 -0.000000	 0.000000	 -68.056682	 0.000000	 -1.421948	 1.421948	 -90.000000	 0.162233	 -0.033597	 0.165675	 -11.700246	 11298.055948	
76.000000	 1.000000	 0.000000	 -0.000000	 0.000000	 -90.000000	 -0.000000	 -0.000000	 0.000000	 -177.034603	 0.000000	 -1.421947	 1.421947	 -90.000000	 0.162646	 -0.033642	 0.166089	 -11.686290	 11299.482781	
75.000000	 1.000000	 0.000000	 -0.000000	 0.000000	 -90.000000	 0.000000	 0.000000	 0.000000	 74.503517	 0.000000	 -1.421999	 1.421999	 -90.000000	 0.163075	 -0.033927	 0.166567	 -11.752517	 11300.916719	
74.000000	 1.000000	 0.000000	 -0.000000	 0.000000	 -90.000000	 -0.000000	 -0.000000	 0.000000	 -91.191459	 0.000000	 -1.421955	 1.421955	 -90.000000	 0.163420	 -0.033975	 0.166914	 -11.744639	 11302.348451	
73.000000	 1.000000	 0.000000	 -0.000000	 0.000000	 -90.000000	 0.000000	 0.000000	 0.000000	 72.207556	 0.000000	 -1.421919	 1.421919	 -90.000000	 0.163909	 -0.034026	 0.167404	 -11.727646	 11303.779780	
72.000000	 1.000000	 0.000000	 -0.000000	 0.000000	 -90.000000	 -0.000000	 -0.000000	 0.000000	 -152.905618	 0.000000	 -1.422248	 1.422248	 -90.000000	 0.164296	 -0.034358	 0.167851	 -11.811712	 11305.236564	
71.000000	 1.000000	 0.000000	 -0.000000	 0.000000	 -90.000000	 -0.000000	 -0.000000	 0.000000	 -134.897352	 0.000000	 -1.426718	 1.426718	 -90.000000	 0.164519	 -0.034260	 0.168049	 -11.763436	 11306.676542	
70.000000	 1.000000	 0.000000	 -0.000000	 0.000000	 -90.000000	 0.000000	 -0.000000	 0.000000	 -31.755924	 0.000000	 -1.421618	 1.421618	 -90.000000	 0.165160	 -0.034747	 0.168775	 -11.880850	 11308.109297	
69.000000	 1.000000	 0.000000	 -0.000000	 0.000000	 -90.000000	 -0.000000	 0.000000	 0.000000	 158.627867	 0.000000	 -1.420649	 1.420649	 -90.000000	 0.165328	 -0.034712	 0.168933	 -11.857513	 11309.542441	
68.000000	 1.000000	 0.000000	 -0.000000	 0.000000	 -90.000000	 0.000000	 0.000000	 0.000000	 56.040282	 0.000000	 -1.422679	 1.422679	 -90.000000	 0.165704	 -0.034985	 0.169357	 -11.921754	 11310.982093	
67.000000	 1.000000	 0.000000	 -0.000000	 0.000000	 -90.000000	 -0.000000	 0.000000	 0.000000	 107.478226	 0.000000	 -1.422168	 1.422168	 -90.000000	 0.166136	 -0.035162	 0.169816	 -11.950017	 11312.417149	
66.000000	 1.000000	 0.000000	 -0.000000	 0.000000	 -90.000000	 -0.000000	 -0.000000	 0.000000	 -96.291737	 0.000000	 -1.420270	 1.420270	 -90.000000	 0.166635	 -0.035430	 0.170360	 -12.003666	 11313.835166	
65.000000	 1.000000	 0.000000	 -0.000000	 0.000000	 -90.000000	 0.000000	 -0.000000	 0.000000	 -76.437600	 0.000000	 -1.424199	 1.424199	 -90.000000	 0.167017	 -0.035392	 0.170726	 -11.964217	 11315.280009	
64.000000	 1.000000	 0.000000	 -0.000000	 0.000000	 -90.000000	 0.000000	 -0.000000	 0.000000	 -86.554659	 0.000000	 -1.421375	 1.421375	 -90.000000	 0.167725	 -0.035643	 0.171471	 -11.997224	 11316.747687	
63.000000	 1.000000	 0.000000	 -0.000000	 0.000000	 -90.000000	 -0.000000	 -0.000000	 0.000000	 -172.678808	 0.000000	 -1.422812	 1.422812	 -90.000000	 0.168078	 -0.035603	 0.171807	 -11.959996	 11318.183840	
62.000000	 1.000000	 0.000000	 -0.000000	 0.000000	 -90.000000	 -0.000000	 0.000000	 0.000000	 170.603851	 0.000000	 -1.422936	 1.422936	 -90.000000	 0.169119	 -0.035889	 0.172885	 -11.981224	 11319.602287	
61.000000	 1.000000	 0.000000	 -0.000000	 0.000000	 -90.000000	 -0.000000	 -0.000000	 0.000000	 -96.552260	 0.000000	 -1.423009	 1.423009	 -90.000000	 0.170695	 -0.035864	 0.174421	 -11.865643	 11321.045760	
60.000000	 1.000000	 0.000000	 -0.000000	 0.000000	 -90.000000	 -0.000000	 -0.000000	 0.000000	 -119.744038	 0.000000	 -1.423384	 1.423384	 -90.000000	 0.167129	 -0.036728	 0.171117	 -12.394221	 11322.478781	
59.000000	 1.000000	 0.000000	 -0.000000	 0.000000	 -90.000000	 -0.000000	 -0.000000	 0.000000	 -159.693233	 0.000000	 -1.423716	 1.423716	 -90.000000	 0.166982	 -0.035921	 0.170802	 -12.140562	 11323.911631	
58.000000	 1.000000	 0.000000	 -0.000000	 0.000000	 -90.000000	 -0.000000	 -0.000000	 0.000000	 -130.217015	 0.000000	 -1.422874	 1.422874	 -90.000000	 0.175412	 -0.038263	 0.179537	 -12.305415	 11325.323586	
57.000000	 1.000000	 0.000000	 -0.000000	 0.000000	 -90.000000	 -0.000000	 0.000000	 0.000000	 94.902819	 0.000000	 -1.423345	 1.423345	 -90.000000	 0.171346	 -0.045063	 0.177173	 -14.734778	 11326.742576	
56.000000	 1.000000	 0.000000	 -0.000000	 0.000000	 -90.000000	 0.000000	 -0.000000	 0.000000	 -14.247808	 0.000000	 -1.422762	 1.422762	 -90.000000	 0.180859	 -0.029306	 0.183218	 -9.203992	 11328.161286	
55.000000	 1.000000	 0.000000	 -0.000000	 0.000000	 -90.000000	 -0.000000	 0.000000	 0.000000	 176.241838	 0.000000	 -1.425869	 1.425869	 -90.000000	 0.157583	 -0.045424	 0.163999	 -16.079803	 11329.618368	
54.000000	 1.000000	 0.000000	 -0.000000	 0.000000	 -90.000000	 0.000000	 -0.000000	 0.000000	 -74.900752	 0.000000	 -1.426285	 1.426285	 -90.000000	 0.156726	 -0.056450	 0.166582	 -19.808166	 11331.050820	
53.000000	 1.000000	 0.000000	 -0.000000	 0.000000	 -90.000000	 0.000000	 -0.000000	 0.000000	 -58.178263	 0.000000	 -1.423607	 1.423607	 -90.000000	 0.177604	 -0.004198	 0.177653	 -1.353890	 11332.460902	
52.000000	 1.000000	 0.000000	 -0.000000	 0.000000	 -90.000000	 0.000000	 0.000000	 0.000000	 80.088062	 0.000000	 -1.417231	 1.417231	 -90.000000	 0.214147	 -0.033463	 0.216745	 -8.881403	 11333.936025	
51.000000	 1.000000	 0.000000	 -0.000000	 0.000000	 -90.000000	 -0.000000	 0.000000	 0.000000	 97.213283	 0.000000	 -1.429540	 1.429540	 -90.000000	 0.140895	 -0.005906	 0.141019	 -2.400374	 11335.349899	
50.000000	 1.000000	 0.000000	 -0.000000	 0.000000	 -90.000000	 0.000000	 -0.000000	 0.000000	 -6.850775	 0.000000	 -1.417095	 1.417095	 -90.000000	 0.203612	 0.001261	 0.203616	 0.354910	 11336.780848	
49.000000	 1.000000	 0.000000	 -0.000000	 0.000000	 -90.000000	 0.000000	 0.000000	 0.000000	 54.966332	 0.000000	 -1.426565	 1.426565	 -90.000000	 0.147348	 -0.001791	 0.147359	 -0.696583	 11338.192240	
48.000000	 1.000000	 0.000000	 -0.000000	 0.000000	 -90.000000	 -0.000000	 -0.000000	 0.000000	 -156.934593	 0.000000	 -1.419087	 1.419087	 -90.000000	 0.216810	 -0.035777	 0.219742	 -9.370175	 11339.648207	
47.000000	 1.000000	 0.000000	 -0.000000	 0.000000	 -90.000000	 -0.000000	 0.000000	 0.000000	 159.979749	 0.000000	 -1.419770	 1.419770	 -90.000000	 0.200639	 -0.015262	 0.201218	 -4.349895	 11341.093778	
46.000000	 1.000000	 0.000000	 -0.000000	 0.000000	 -90.000000	 -0.000000	 0.000000	 0.000000	 99.880427	 0.000000	 -1.428507	 1.428507	 -90.000000	 0.173425	 -0.063523	 0.184692	 -20.116930	 11342.581183	
45.000000	 1.000000	 0.000000	 -0.000000	 0.000000	 -90.000000	 -0.000000	 -0.000000	 0.000000	 -90.922208	 0.000000	 -1.426420	 1.426420	 -90.000000	 0.186944	 -0.054044	 0.194599	 -16.124185	 11344.027223	
44.000000	 1.000000	 0.000000	 -0.000000	 0.000000	 -90.000000	 0.000000	 -0.000000	 0.000000	 -19.295381	 0.000000	 -1.424059	 1.424059	 -90.000000	 0.188231	 -0.030597	 0.190701	 -9.232826	 11345.439972	
43.000000	 1.000000	 0.000000	 -0.000000	 0.000000	 -90.000000	 -0.000000	 0.000000	 0.000000	 108.771748	 0.000000	 -1.424751	 1.424751	 -90.000000	 0.184406	 -0.031843	 0.187135	 -9.797087	 11346.912101	
42.000000	 1.000000	 0.000000	 -0.000000	 0.000000	 -90.000000	 -0.000000	 0.000000	 0.000000	 94.757213	 0.000000	 -1.425903	 1.425903	 -90.000000	 0.185394	 -0.040725	 0.189814	 -12.389283	 11348.395066	
41.000000	 1.000000	 0.000000	 -0.000000	 0.000000	 -90.000000	 -0.000000	 0.000000	 0.000000	 143.799763	 0.000000	 -1.426454	 1.426454	 -90.000000	 0.179548	 -0.041107	 0.184193	 -12.895524	 11349.831101	
40.000000	 1.000000	 0.000000	 -0.000000	 0.000000	 -90.000000	 -0.000000	 -0.000000	 0.000000	 -111.475017	 0.000000	 -1.426582	 1.426582	 -90.000000	 0.183618	 -0.041564	 0.188264	 -12.754701	 11351.272843	
39.000000	 1.000000	 0.000000	 -0.000000	 0.000000	 -90.000000	 -0.000000	 0.000000	 0.000000	 158.700840	 0.000000	 -1.426579	 1.426579	 -90.000000	 0.182481	 -0.040081	 0.186831	 -12.388160	 11352.714285	
38.000000	 1.000000	 0.000000	 -0.000000	 0.000000	 -90.000000	 -0.000000	 -0.000000	 0.000000	 -103.495697	 0.000000	 -1.426588	 1.426588	 -90.000000	 0.184285	 -0.039736	 0.188520	 -12.168085	 11354.172318	
37.000000	 1.000000	 0.000000	 -0.000000	 0.000000	 -90.000000	 0.000000	 0.000000	 0.000000	 24.911701	 0.000000	 -1.426718	 1.426718	 -90.000000	 0.184965	 -0.039380	 0.189111	 -12.019178	 11355.632566	
36.000000	 1.000000	 0.000000	 -0.000000	 0.000000	 -90.000000	 0.000000	 -0.000000	 0.000000	 -71.196561	 0.000000	 -1.426809	 1.426809	 -90.000000	 0.185693	 -0.039860	 0.189922	 -12.114891	 11357.063245	
35.000000	 1.000000	 0.000000	 -0.000000	 0.000000	 -90.000000	 0.000000	 -0.000000	 0.000000	 -33.314647	 0.000000	 -1.427081	 1.427081	 -90.000000	 0.186817	 -0.040038	 0.191059	 -12.096467	 11358.528512	
34.000000	 1.000000	 0.000000	 -0.000000	 0.000000	 -90.000000	 -0.000000	 -0.000000	 0.000000	 -156.122326	 0.000000	 -1.427261	 1.427261	 -90.000000	 0.187845	 -0.040051	 0.192068	 -12.036006	 11359.981915	
33.000000	 1.000000	 0.000000	 -0.000000	 0.000000	 -90.000000	 -0.000000	 -0.000000	 0.000000	 -91.585404	 0.000000	 -1.427438	 1.427438	 -90.000000	 0.188811	 -0.040200	 0.193043	 -12.019527	 11361.451990	
32.000000	 1.000000	 0.000000	 -0.000000	 0.000000	 -90.000000	 0.000000	 0.000000	 0.000000	 34.926267	 0.000000	 -1.427422	 1.427422	 -90.000000	 0.189878	 -0.040272	 0.194102	 -11.974611	 11362.887284	
31.000000	 1.000000	 0.000000	 -0.000000	 0.000000	 -90.000000	 -0.000000	 0.000000	 0.000000	 99.395723	 0.000000	 -1.427714	 1.427714	 -90.000000	 0.190819	 -0.040290	 0.195026	 -11.922533	 11364.321483	
30.000000	 1.000000	 0.000000	 -0.000000	 0.000000	 -90.000000	 0.000000	 0.000000	 0.000000	 40.154915	 0.000000	 -1.427770	 1.427770	 -90.000000	 0.192193	 -0.040230	 0.196358	 -11.822514	 11365.734965	
29.000000	 1.000000	 0.000000	 -0.000000	 0.000000	 -90.000000	 -0.000000	 0.000000	 0.000000	 103.409310	 0.000000	 -1.427852	 1.427852	 -90.000000	 0.193082	 -0.040404	 0.197264	 -11.819010	 11367.155073	
28.000000	 1.000000	 0.000000	 -0.000000	 0.000000	 -90.000000	 0.000000	 -0.000000	 0.000000	 -12.228880	 0.000000	 -1.427876	 1.427876	 -90.000000	 0.193963	 -0.040385	 0.198123	 -11.761513	 11368.584280	
27.000000	 1.000000	 0.000000	 -0.000000	 0.000000	 -90.000000	 -0.000000	 -0.000000	 0.000000	 -168.133175	 0.000000	 -1.427720	 1.427720	 -90.000000	 0.194874	 -0.040059	 0.198949	 -11.616160	 11370.018869	
26.000000	 1.000000	 0.000000	 -0.000000	 0.000000	 -90.000000	 0.000000	 -0.000000	 0.000000	 -21.282362	 0.000000	 -1.428593	 1.428593	 -90.000000	 0.197677	 -0.039114	 0.201510	 -11.192323	 11371.439357	
25.000000	 1.000000	 0.000000	 -0.000000	 0.000000	 -90.000000	 -0.000000	 -0.000000	 0.000000	 -94.830873	 0.000000	 -1.426779	 1.426779	 -90.000000	 0.197924	 -0.041815	 0.202293	 -11.929250	 11372.866818	
24.000000	 1.000000	 0.000000	 -0.000000	 0.000000	 -90.000000	 -0.000000	 0.000000	 0.000000	 106.284871	 0.000000	 -1.432439	 1.432439	 -90.000000	 0.200439	 -0.038700	 0.204141	 -10.928049	 11374.299456	
23.000000	 1.000000	 0.000000	 -0.000000	 0.000000	 -90.000000	 -0.000000	 0.000000	 0.000000	 175.054640	 0.000000	 -1.429053	 1.429053	 -90.000000	 0.200262	 -0.040019	 0.204221	 -11.300687	 11375.773976	
22.000000	 1.000000	 0.000000	 -0.000000	 0.000000	 -90.000000	 -0.000000	 0.000000	 0.000000	 132.898960	 0.000000	 -1.427991	 1.427991	 -90.000000	 0.202243	 -0.040266	 0.206213	 -11.260282	 11377.213930	
21.000000	 1.000000	 0.000000	 -0.000000	 0.000000	 -90.000000	 -0.000000	 -0.000000	 0.000000	 -123.671903	 0.000000	 -1.427939	 1.427939	 -90.000000	 0.203407	 -0.039913	 0.207286	 -11.101650	 11378.681462	
20.000000	 1.000000	 0.000000	 -0.000000	 0.000000	 -90.000000	 0.000000	 -0.000000	 0.000000	 -28.229891	 0.000000	 -1.428727	 1.428727	 -90.000000	 0.205715	 -0.039216	 0.209419	 -10.792946	 11380.120810	
19.000000	 1.000000	 0.000000	 -0.000000	 0.000000	 -90.000000	 -0.000000	 -0.000000	 0.000000	 -169.124532	 0.000000	 -1.428649	 1.428649	 -90.000000	 0.206680	 -0.038801	 0.210291	 -10.632644	 11381.530148	
18.000000	 1.000000	 0.000000	 -0.000000	 0.000000	 -90.000000	 -0.000000	 -0.000000	 0.000000	 -99.551280	 0.000000	 -1.428521	 1.428521	 -90.000000	 0.208043	 -0.038351	 0.211548	 -10.444628	 11382.989327	
17.000000	 1.000000	 0.000000	 -0.000000	 0.000000	 -90.000000	 0.000000	 -0.000000	 0.000000	 -18.699367	 0.000000	 -1.429098	 1.429098	 -90.000000	 0.209921	 -0.038218	 0.213372	 -10.318263	 11384.446196	
16.000000	 1.000000	 0.000000	 -0.000000	 0.000000	 -90.000000	 0.000000	 -0.000000	 0.000000	 -19.279450	 0.000000	 -1.428095	 1.428095	 -90.000000	 0.213898	 -0.039899	 0.217587	 -10.566206	 11385.889793	
15.000000	 1.000000	 0.000000	 -0.000000	 0.000000	 -90.000000	 0.000000	 0.000000	 0.000000	 87.833851	 0.000000	 -1.426681	 1.426681	 -90.000000	 0.215223	 -0.036883	 0.218360	 -9.724300	 11387.329406	
14.000000	 1.000000	 0.000000	 -0.000000	 0.000000	 -90.000000	 -0.000000	 0.000000	 0.000000	 170.427278	 0.000000	 -1.428482	 1.428482	 -90.000000	 0.217695	 -0.034768	 0.220454	 -9.074123	 11388.776431	
13.000000	 1.000000	 0.000000	 -0.000000	 0.000000	 -90.000000	 0.000000	 0.000000	 0.000000	 10.268294	 0.000000	 -1.428807	 1.428807	 -90.000000	 0.217855	 -0.037074	 0.220987	 -9.658058	 11390.213230	
12.000000	 1.000000	 0.000000	 -0.000000	 0.000000	 -90.000000	 0.000000	 0.000000	 0.000000	 67.215638	 0.000000	 -1.434467	 1.434467	 -90.000000	 0.241922	 -0.029339	 0.243694	 -6.914657	 11391.673616	
11.000000	 1.000000	 0.000000	 -0.000000	 0.000000	 -90.000000	 0.000000	 -0.000000	 0.000000	 -26.045630	 0.000000	 -1.430482	 1.430482	 -90.000000	 0.229746	 -0.036701	 0.232659	 -9.076132	 11393.121876	
10.000000	 1.000000	 0.000000	 -0.000000	 0.000000	 -90.000000	 -0.000000	 0.000000	 0.000000	 109.156635	 0.000000	 -1.422912	 1.422912	 -90.000000	 0.187254	 0.014292	 0.187799	 4.364501	 11394.558131	
9.000000	 1.000000	 0.000000	 -0.000000	 0.000000	 -90.000000	 0.000000	 0.000000	 0.000000	 38.047472	 0.000000	 -1.453949	 1.453949	 -90.000000	 0.312279	 0.004982	 0.312318	 0.914048	 11396.007018	
8.000000	 1.000000	 0.000000	 -0.000000	 0.000000	 -90.000000	 -0.000000	 0.000000	 0.000000	 125.509862	 0.000000	 -1.407291	 1.407291	 -90.000000	 0.179824	 0.065878	 0.191512	 20.120171	 11397.452046	
7.000000	 1.000000	 0.000000	 -0.000000	 0.000000	 -90.000000	 0.000000	 0.000000	 0.000000	 27.947480	 0.000000	 -1.484020	 1.484020	 -90.000000	 0.411692	 0.023844	 0.412382	 3.314643	 11398.905640	
6.000000	 1.000000	 0.000000	 -0.000000	 0.000000	 -90.000000	 0.000000	 0.000000	 0.000000	 0.982029	 0.000000	 -1.542703	 1.542703	 -90.000000	 0.586473	 -0.024948	 0.587004	 -2.435856	 11400.363451	
5.000000	 1.000000	 0.000000	 -0.000000	 0.000000	 -90.000000	 -0.000000	 0.000000	 0.000000	 160.890496	 0.000000	 -1.261536	 1.261536	 -90.000000	 -0.242282	 0.141673	 0.280663	 149.683383	 11401.826853	
4.000000	 1.000000	 0.000000	 -0.000000	 0.000000	 -90.000000	 -0.000000	 0.000000	 0.000000	 178.299737	 0.000000	 -1.173117	 1.173117	 -90.000000	 -0.487120	 0.007427	 0.487177	 179.126474	 11403.278353	
3.000000	 1.000000	 0.000000	 -0.000000	 0.000000	 -90.000000	 0.000000	 -0.000000	 0.000000	 -21.542888	 0.000000	 -1.742487	 1.742487	 -90.000000	 1.232269	 -0.303530	 1.269101	 -13.837534	 11404.705925	
2.000000	 1.000000	 0.000000	 -0.000000	 0.000000	 -90.000000	 0.000000	 -0.000000	 0.000000	 -29.610672	 0.000000	 -1.791338	 1.791338	 -90.000000	 1.339360	 -0.724150	 1.522589	 -28.398689	 11406.118699	
1.000000	 1.000000	 0.000000	 -0.000000	 0.000000	 -90.000000	 0.000000	 0.000000	 0.000000	 68.111737	 0.000000	 -1.587627	 1.587627	 -90.000000	 0.600576	 1.398959	 1.522425	 66.766060	 11407.574762	
