# Oscilator_frequency (Hz)	DemodAll_A (-)	Demod_1_X_A (A)	Demod_1_Y_A (A)	Demod_1__R_A (A)	Demod_1__Theta_A (deg)	Demod_2_X_A (A)	Demod_2_Y_A (A)	Demod_2__R_A (A)	Demod_2__Theta_A (deg)	Demod_3_X_A (V)	Demod_3_Y_A (V)	Demod_3__R_A (V)	Demod_3__Theta_A (deg)	Demod_4_X_A (V)	Demod_4_Y_A (V)	Demod_4__R_A (V)	Demod_4__Theta_A (deg)	Timer_GET (s)
1.0	1.0	0.0	0.0	0.0	-90.0	0.0	0.0	0.0	-151.733508	0.0	1.870945	1.870945	90.0	1.583714	0.839441	1.792432	27.925655	89064.464065
2.0	1.0	0.0	0.0	0.0	-90.0	0.0	0.0	0.0	85.665263	0.0	1.319616	1.319616	90.0	0.125717	-1.109134	1.116236	-83.533272	89063.017389
3.0	1.0	0.0	0.0	0.0	-90.0	0.0	0.0	0.0	116.157169	0.0	1.570638	1.570638	90.0	0.733827	-0.836945	1.113094	-48.755949	89061.583865
4.0	1.0	0.0	0.0	0.0	-90.0	0.0	0.0	0.0	2.786553	0.0	1.027718	1.027718	90.0	-0.346483	-0.036087	0.348357	-174.053867	89060.102798
5.0	1.0	0.0	0.0	0.0	-90.0	0.0	0.0	0.0	11.305068	0.0	1.114958	1.114958	90.0	-0.182699	-0.114114	0.215408	-148.011099	89058.665177
6.0	1.0	0.0	0.0	0.0	-90.0	0.0	0.0	0.0	163.547875	0.0	1.535182	1.535182	90.0	0.664941	-0.091268	0.671176	-7.815394	89057.223402
7.0	1.0	0.0	0.0	0.0	-90.0	0.0	0.0	0.0	-156.653788	0.0	1.489069	1.489069	90.0	0.580361	0.102683	0.589375	10.033435	89055.759309
8.0	1.0	0.0	0.0	0.0	-90.0	0.0	0.0	0.0	-84.25084	0.0	1.362665	1.362665	90.0	0.315303	0.116195	0.336031	20.229863	89054.307779
9.0	1.0	0.0	0.0	0.0	-90.0	0.0	0.0	0.0	-56.172586	0.0	1.346082	1.346082	90.0	0.276594	0.077077	0.287132	15.571235	89052.83864
10.0	1.0	0.0	0.0	0.0	-90.0	0.0	0.0	0.0	-35.052193	0.0	1.357308	1.357308	90.0	0.293248	0.01767	0.29378	3.448287	89051.406638
11.0	1.0	0.0	0.0	0.0	-90.0	0.0	0.0	0.0	-37.151812	0.0	1.375533	1.375533	90.0	0.323241	-0.057658	0.328343	-10.113813	89049.97173
12.0	1.0	0.0	0.0	0.0	-90.0	0.0	0.0	0.0	-106.625881	0.0	1.375088	1.375088	90.0	0.329408	-0.031432	0.330904	-5.4506	89048.520287
13.0	1.0	0.0	0.0	0.0	-90.0	0.0	0.0	0.0	-135.662826	0.0	1.372474	1.372474	90.0	0.317831	-0.02973	0.319218	-5.343933	89047.107093
14.0	1.0	0.0	0.0	0.0	-90.0	0.0	0.0	0.0	-93.159469	0.0	1.37083	1.37083	90.0	0.308185	-0.037179	0.310419	-6.878856	89045.667376
15.0	1.0	0.0	0.0	0.0	-90.0	0.0	0.0	0.0	-122.236393	0.0	1.368664	1.368664	90.0	0.301593	-0.032847	0.303376	-6.215641	89044.220352
16.0	1.0	0.0	0.0	0.0	-90.0	0.0	0.0	0.0	157.509188	0.0	1.369892	1.369892	90.0	0.301216	-0.037666	0.303562	-7.127606	89042.783915
17.0	1.0	0.0	0.0	0.0	-90.0	0.0	0.0	0.0	14.356	0.0	1.369676	1.369676	90.0	0.298782	-0.038981	0.301314	-7.433166	89041.346575
18.0	1.0	0.0	0.0	0.0	-90.0	0.0	0.0	0.0	114.77054	0.0	1.369709	1.369709	90.0	0.296893	-0.039191	0.299468	-7.519838	89039.925969
19.0	1.0	0.0	0.0	0.0	-90.0	0.0	0.0	0.0	-33.812016	0.0	1.368943	1.368943	90.0	0.294126	-0.039442	0.296759	-7.637823	89038.466561
20.0	1.0	0.0	0.0	0.0	-90.0	0.0	0.0	0.0	110.967535	0.0	1.368832	1.368832	90.0	0.292135	-0.040606	0.294944	-7.913342	89037.022912
21.0	1.0	0.0	0.0	0.0	-90.0	0.0	0.0	0.0	-38.321483	0.0	1.368672	1.368672	90.0	0.290277	-0.040573	0.293099	-7.956788	89035.586557
22.0	1.0	0.0	0.0	0.0	-90.0	0.0	0.0	0.0	-151.603206	0.0	1.368244	1.368244	90.0	0.287863	-0.040956	0.290762	-8.0974	89034.156574
23.0	1.0	0.0	0.0	0.0	-90.0	0.0	0.0	0.0	76.174466	0.0	1.367925	1.367925	90.0	0.286617	-0.041107	0.28955	-8.161757	89032.694439
24.0	1.0	0.0	0.0	0.0	-90.0	0.0	0.0	0.0	-176.527912	0.0	1.368077	1.368077	90.0	0.284687	-0.042273	0.287809	-8.446044	89031.267761
25.0	1.0	0.0	0.0	0.0	-90.0	0.0	0.0	0.0	-76.044365	0.0	1.366852	1.366852	90.0	0.282016	-0.041694	0.285082	-8.40976	89029.819804
26.0	1.0	0.0	0.0	0.0	-90.0	0.0	0.0	0.0	-29.898229	0.0	1.367154	1.367154	90.0	0.281495	-0.042543	0.284692	-8.594301	89028.361652
27.0	1.0	0.0	0.0	0.0	-90.0	0.0	0.0	0.0	-86.678917	0.0	1.366144	1.366144	90.0	0.279506	-0.041679	0.282597	-8.481149	89026.892884
28.0	1.0	0.0	0.0	0.0	-90.0	0.0	0.0	0.0	-69.45809	0.0	1.365899	1.365899	90.0	0.277846	-0.042246	0.281039	-8.64559	89025.436807
29.0	1.0	0.0	0.0	0.0	-90.0	0.0	0.0	0.0	162.419828	0.0	1.365674	1.365674	90.0	0.276517	-0.042157	0.279712	-8.66833	89023.981418
30.0	1.0	0.0	0.0	0.0	-90.0	0.0	0.0	0.0	-66.889754	0.0	1.365268	1.365268	90.0	0.275269	-0.042187	0.278483	-8.713231	89022.521181
31.0	1.0	0.0	0.0	0.0	-90.0	0.0	0.0	0.0	176.084351	0.0	1.364995	1.364995	90.0	0.274022	-0.042036	0.277228	-8.721481	89021.119966
32.0	1.0	0.0	0.0	0.0	-90.0	0.0	0.0	0.0	-9.159306	0.0	1.364609	1.364609	90.0	0.272663	-0.041871	0.27586	-8.730328	89019.67144
33.0	1.0	0.0	0.0	0.0	-90.0	0.0	0.0	0.0	96.524691	0.0	1.364065	1.364065	90.0	0.271497	-0.04182	0.274699	-8.756806	89018.244414
34.0	1.0	0.0	0.0	0.0	-90.0	0.0	0.0	0.0	162.250131	0.0	1.363574	1.363574	90.0	0.270343	-0.041635	0.273531	-8.755267	89016.796314
35.0	1.0	0.0	0.0	0.0	-90.0	0.0	0.0	0.0	30.889892	0.0	1.363393	1.363393	90.0	0.269204	-0.041656	0.272407	-8.79604	89015.366741
36.0	1.0	0.0	0.0	0.0	-90.0	0.0	0.0	0.0	144.331097	0.0	1.362972	1.362972	90.0	0.268297	-0.041507	0.271489	-8.794242	89013.945593
37.0	1.0	0.0	0.0	0.0	-90.0	0.0	0.0	0.0	132.421264	0.0	1.362409	1.362409	90.0	0.267281	-0.041102	0.270423	-8.742394	89012.532898
38.0	1.0	0.0	0.0	0.0	-90.0	0.0	0.0	0.0	86.206141	0.0	1.362168	1.362168	90.0	0.266495	-0.041414	0.269694	-8.83324	89011.095413
39.0	1.0	0.0	0.0	0.0	-90.0	0.0	0.0	0.0	51.148233	0.0	1.36168	1.36168	90.0	0.266717	-0.041973	0.269999	-8.943301	89009.702563
40.0	1.0	0.0	0.0	0.0	-90.0	0.0	0.0	0.0	65.290106	0.0	1.360946	1.360946	90.0	0.263791	-0.039804	0.266777	-8.580687	89008.271492
41.0	1.0	0.0	0.0	0.0	-90.0	0.0	0.0	0.0	-154.17695	0.0	1.360663	1.360663	90.0	0.265329	-0.038344	0.268085	-8.223055	89006.806236
42.0	1.0	0.0	0.0	0.0	-90.0	0.0	0.0	0.0	157.164545	0.0	1.360533	1.360533	90.0	0.256722	-0.039251	0.259705	-8.692703	89005.403051
43.0	1.0	0.0	0.0	0.0	-90.0	0.0	0.0	0.0	-121.316155	0.0	1.359466	1.359466	90.0	0.263976	-0.031516	0.265851	-6.808352	89003.968966
44.0	1.0	0.0	0.0	0.0	-90.0	0.0	0.0	0.0	70.285462	0.0	1.359251	1.359251	90.0	0.257157	-0.025419	0.25841	-5.645116	89002.523416
45.0	1.0	0.0	0.0	0.0	-90.0	0.0	0.0	0.0	-61.925429	0.0	1.358366	1.358366	90.0	0.279203	-0.049354	0.283531	-10.024575	89001.090263
46.0	1.0	0.0	0.0	0.0	-90.0	0.0	0.0	0.0	-38.931797	0.0	1.358827	1.358827	90.0	0.270916	-0.069983	0.27981	-14.484035	88999.658012
47.0	1.0	0.0	0.0	0.0	-90.0	0.0	0.0	0.0	173.95464	0.0	1.358418	1.358418	90.0	0.232807	-0.009422	0.232998	-2.31758	88998.230604
48.0	1.0	0.0	0.0	0.0	-90.0	0.0	0.0	0.0	-144.205421	0.0	1.356816	1.356816	90.0	0.249896	0.008934	0.250056	2.047409	88996.784454
49.0	1.0	0.0	0.0	0.0	-90.0	0.0	0.0	0.0	130.612014	0.0	1.359275	1.359275	90.0	0.216427	-0.076959	0.229703	-19.574871	88995.341376
50.0	1.0	0.0	0.0	0.0	-90.0	0.0	0.0	0.0	-108.279784	0.0	1.358331	1.358331	90.0	0.209749	-0.00418	0.20979	-1.141644	88993.894494
51.0	1.0	0.0	0.0	0.0	-90.0	0.0	0.0	0.0	20.289116	0.0	1.357391	1.357391	90.0	0.230775	-0.088774	0.247261	-21.040617	88992.458246
52.0	1.0	0.0	0.0	0.0	-90.0	0.0	0.0	0.0	-46.238515	0.0	1.358272	1.358272	90.0	0.20961	-0.020961	0.210655	-5.710496	88990.941922
53.0	1.0	0.0	0.0	0.0	-90.0	0.0	0.0	0.0	141.524324	0.0	1.356774	1.356774	90.0	0.219777	-0.058674	0.227474	-14.947575	88989.491298
54.0	1.0	0.0	0.0	0.0	-90.0	0.0	0.0	0.0	-160.924652	0.0	1.353262	1.353262	90.0	0.277651	-0.021119	0.278453	-4.349697	88988.044335
55.0	1.0	0.0	0.0	0.0	-90.0	0.0	0.0	0.0	-47.806398	0.0	1.352965	1.352965	90.0	0.272837	-0.02757	0.274227	-5.770018	88986.612048
56.0	1.0	0.0	0.0	0.0	-90.0	0.0	0.0	0.0	160.927076	0.0	1.353775	1.353775	90.0	0.239491	-0.039927	0.242796	-9.465175	88985.166499
57.0	1.0	0.0	0.0	0.0	-90.0	0.0	0.0	0.0	54.494141	0.0	1.352713	1.352713	90.0	0.254932	-0.028723	0.256545	-6.428365	88983.747799
58.0	1.0	0.0	0.0	0.0	-90.0	0.0	0.0	0.0	-82.506284	0.0	1.352428	1.352428	90.0	0.246687	-0.034403	0.249075	-7.939204	88982.31536
59.0	1.0	0.0	0.0	0.0	-90.0	0.0	0.0	0.0	-118.00134	0.0	1.351455	1.351455	90.0	0.252446	-0.034739	0.254825	-7.835322	88980.861464
60.0	1.0	0.0	0.0	0.0	-90.0	0.0	0.0	0.0	-159.653452	0.0	1.351127	1.351127	90.0	0.248988	-0.03692	0.251711	-8.434417	88979.420712
61.0	1.0	0.0	0.0	0.0	-90.0	0.0	0.0	0.0	-66.849468	0.0	1.350324	1.350324	90.0	0.250944	-0.036583	0.253596	-8.294354	88977.977373
62.0	1.0	0.0	0.0	0.0	-90.0	0.0	0.0	0.0	-88.278895	0.0	1.349689	1.349689	90.0	0.249779	-0.035951	0.252353	-8.190329	88976.530447
63.0	1.0	0.0	0.0	0.0	-90.0	0.0	0.0	0.0	-111.156633	0.0	1.349167	1.349167	90.0	0.249386	-0.036832	0.252091	-8.401387	88975.071865
64.0	1.0	0.0	0.0	0.0	-90.0	0.0	0.0	0.0	91.430723	0.0	1.348579	1.348579	90.0	0.248756	-0.036493	0.251419	-8.345978	88973.642002
65.0	1.0	0.0	0.0	0.0	-90.0	0.0	0.0	0.0	67.888558	0.0	1.347846	1.347846	90.0	0.248809	-0.036259	0.251437	-8.291308	88972.20501
66.0	1.0	0.0	0.0	0.0	-90.0	0.0	0.0	0.0	-123.390306	0.0	1.347332	1.347332	90.0	0.248384	-0.035904	0.250965	-8.225086	88970.789821
67.0	1.0	0.0	0.0	0.0	-90.0	0.0	0.0	0.0	148.999987	0.0	1.346785	1.346785	90.0	0.247867	-0.035766	0.250434	-8.210815	88969.343623
68.0	1.0	0.0	0.0	0.0	-90.0	0.0	0.0	0.0	-34.405132	0.0	1.346348	1.346348	90.0	0.24748	-0.035702	0.250042	-8.208903	88967.914105
69.0	1.0	0.0	0.0	0.0	-90.0	0.0	0.0	0.0	179.731545	0.0	1.345621	1.345621	90.0	0.247154	-0.035335	0.249667	-8.136221	88966.469264
70.0	1.0	0.0	0.0	0.0	-90.0	0.0	0.0	0.0	-6.765471	0.0	1.344886	1.344886	90.0	0.246584	-0.035442	0.249118	-8.179126	88965.039786
71.0	1.0	0.0	0.0	0.0	-90.0	0.0	0.0	0.0	79.172013	0.0	1.344299	1.344299	90.0	0.246339	-0.035099	0.248827	-8.10907	88963.603284
72.0	1.0	0.0	0.0	0.0	-90.0	0.0	0.0	0.0	-178.456636	0.0	1.34352	1.34352	90.0	0.245792	-0.034791	0.248242	-8.056453	88962.153993
73.0	1.0	0.0	0.0	0.0	-90.0	0.0	0.0	0.0	121.951015	0.0	1.342616	1.342616	90.0	0.245498	-0.034566	0.247919	-8.014449	88960.706742
74.0	1.0	0.0	0.0	0.0	-90.0	0.0	0.0	0.0	-118.306292	0.0	1.34211	1.34211	90.0	0.245282	-0.03448	0.247693	-8.001879	88959.26139
75.0	1.0	0.0	0.0	0.0	-90.0	0.0	0.0	0.0	-79.170677	0.0	1.341333	1.341333	90.0	0.244847	-0.034468	0.247262	-8.013104	88957.828686
76.0	1.0	0.0	0.0	0.0	-90.0	0.0	0.0	0.0	-132.207427	0.0	1.340653	1.340653	90.0	0.244418	-0.034248	0.246806	-7.976505	88956.388049
77.0	1.0	0.0	0.0	0.0	-90.0	0.0	0.0	0.0	74.374948	0.0	1.340097	1.340097	90.0	0.244013	-0.034184	0.246396	-7.974723	88954.977865
78.0	1.0	0.0	0.0	0.0	-90.0	0.0	0.0	0.0	-76.025482	0.0	1.339087	1.339087	90.0	0.24373	-0.033762	0.246058	-7.886628	88953.50858
79.0	1.0	0.0	0.0	0.0	-90.0	0.0	0.0	0.0	-6.436605	0.0	1.33834	1.33834	90.0	0.243491	-0.03383	0.24583	-7.909923	88952.049152
80.0	1.0	0.0	0.0	0.0	-90.0	0.0	0.0	0.0	146.097154	0.0	1.337405	1.337405	90.0	0.243153	-0.033489	0.245448	-7.841795	88950.634681
81.0	1.0	0.0	0.0	0.0	-90.0	0.0	0.0	0.0	159.779736	0.0	1.336799	1.336799	90.0	0.242803	-0.033493	0.245103	-7.853909	88949.190215
82.0	1.0	0.0	0.0	0.0	-90.0	0.0	0.0	0.0	117.208564	0.0	1.336097	1.336097	90.0	0.242472	-0.033221	0.244737	-7.801583	88947.780987
83.0	1.0	0.0	0.0	0.0	-90.0	0.0	0.0	0.0	-68.603237	0.0	1.335452	1.335452	90.0	0.242276	-0.033081	0.244524	-7.775257	88946.329656
84.0	1.0	0.0	0.0	0.0	-90.0	0.0	0.0	0.0	100.870882	0.0	1.334457	1.334457	90.0	0.241948	-0.032903	0.244175	-7.744245	88944.87376
85.0	1.0	0.0	0.0	0.0	-90.0	0.0	0.0	0.0	93.208159	0.0	1.333786	1.333786	90.0	0.24162	-0.032732	0.243827	-7.714899	88943.450825
86.0	1.0	0.0	0.0	0.0	-90.0	0.0	0.0	0.0	65.609844	0.0	1.333114	1.333114	90.0	0.241357	-0.032631	0.243553	-7.699641	88942.001887
87.0	1.0	0.0	0.0	0.0	-90.0	0.0	0.0	0.0	149.555429	0.0	1.332193	1.332193	90.0	0.241026	-0.032486	0.243205	-7.676127	88940.521441
88.0	1.0	0.0	0.0	0.0	-90.0	0.0	0.0	0.0	-111.926988	0.0	1.331187	1.331187	90.0	0.240687	-0.032315	0.242847	-7.646923	88939.07439
89.0	1.0	0.0	0.0	0.0	-90.0	0.0	0.0	0.0	79.736744	0.0	1.330421	1.330421	90.0	0.240452	-0.032137	0.24259	-7.612572	88937.634097
90.0	1.0	0.0	0.0	0.0	-90.0	0.0	0.0	0.0	-137.537813	0.0	1.329509	1.329509	90.0	0.24018	-0.031994	0.242302	-7.587662	88936.166724
91.0	1.0	0.0	0.0	0.0	-90.0	0.0	0.0	0.0	-41.758632	0.0	1.328584	1.328584	90.0	0.239909	-0.031854	0.242015	-7.563137	88934.728046
92.0	1.0	0.0	0.0	0.0	-90.0	0.0	0.0	0.0	25.910654	0.0	1.32761	1.32761	90.0	0.239633	-0.031728	0.241724	-7.542201	88933.289145
93.0	1.0	0.0	0.0	0.0	-90.0	0.0	0.0	0.0	159.794451	0.0	1.32699	1.32699	90.0	0.23937	-0.03156	0.241442	-7.510915	88931.86657
94.0	1.0	0.0	0.0	0.0	-90.0	0.0	0.0	0.0	128.043972	0.0	1.326099	1.326099	90.0	0.239101	-0.031373	0.24115	-7.475166	88930.437028
95.0	1.0	0.0	0.0	0.0	-90.0	0.0	0.0	0.0	168.702511	0.0	1.325039	1.325039	90.0	0.238991	-0.031305	0.241033	-7.462484	88928.974315
96.0	1.0	0.0	0.0	0.0	-90.0	0.0	0.0	0.0	-126.937042	0.0	1.324216	1.324216	90.0	0.23874	-0.031102	0.240757	-7.422444	88927.561652
97.0	1.0	0.0	0.0	0.0	-90.0	0.0	0.0	0.0	167.751878	0.0	1.323096	1.323096	90.0	0.238293	-0.031066	0.240309	-7.427662	88926.121899
98.0	1.0	0.0	0.0	0.0	-90.0	0.0	0.0	0.0	163.08256	0.0	1.322282	1.322282	90.0	0.238014	-0.030838	0.240004	-7.382444	88924.651725
99.0	1.0	0.0	0.0	0.0	-90.0	0.0	0.0	0.0	-130.70453	0.0	1.321785	1.321785	90.0	0.2381	-0.03091	0.240098	-7.396643	88923.235898
100.0	1.0	0.0	0.0	0.0	-90.0	0.0	0.0	0.0	176.277057	0.0	1.320671	1.320671	90.0	0.237655	-0.030794	0.239642	-7.383029	88921.775219
101.0	1.0	0.0	0.0	0.0	-90.0	0.0	0.0	0.0	-64.60297	0.0	1.319532	1.319532	90.0	0.237704	-0.030507	0.239654	-7.313334	88920.308574
102.0	1.0	0.0	0.0	0.0	-90.0	0.0	0.0	0.0	-137.218677	0.0	1.318581	1.318581	90.0	0.23717	-0.03044	0.239115	-7.313751	88918.865906
103.0	1.0	0.0	0.0	0.0	-90.0	0.0	0.0	0.0	-21.824228	0.0	1.317607	1.317607	90.0	0.237079	-0.030339	0.239012	-7.292398	88917.433205
104.0	1.0	0.0	0.0	0.0	-90.0	0.0	0.0	0.0	-108.444917	0.0	1.316172	1.316172	90.0	0.236765	-0.029972	0.238655	-7.214746	88915.984412
105.0	1.0	0.0	0.0	0.0	-90.0	0.0	0.0	0.0	-79.035562	0.0	1.315116	1.315116	90.0	0.236657	-0.029835	0.23853	-7.185249	88914.570889
106.0	1.0	0.0	0.0	0.0	-90.0	0.0	0.0	0.0	-58.831803	0.0	1.314145	1.314145	90.0	0.236376	-0.029812	0.238249	-7.188345	88913.133315
107.0	1.0	0.0	0.0	0.0	-90.0	0.0	0.0	0.0	27.678567	0.0	1.312963	1.312963	90.0	0.236181	-0.029631	0.238032	-7.150903	88911.708039
108.0	1.0	0.0	0.0	0.0	-90.0	0.0	0.0	0.0	176.665184	0.0	1.311989	1.311989	90.0	0.236035	-0.029491	0.23787	-7.121712	88910.240809
109.0	1.0	0.0	0.0	0.0	-90.0	0.0	0.0	0.0	122.32144	0.0	1.310885	1.310885	90.0	0.235775	-0.029409	0.237602	-7.109898	88908.765878
110.0	1.0	0.0	0.0	0.0	-90.0	0.0	0.0	0.0	-94.806003	0.0	1.309788	1.309788	90.0	0.235579	-0.029276	0.237391	-7.084077	88907.343726
111.0	1.0	0.0	0.0	0.0	-90.0	0.0	0.0	0.0	11.271527	0.0	1.308345	1.308345	90.0	0.23538	-0.029126	0.237175	-7.053864	88905.92575
112.0	1.0	0.0	0.0	0.0	-90.0	0.0	0.0	0.0	-126.874397	0.0	1.307195	1.307195	90.0	0.235202	-0.028983	0.236981	-7.024881	88904.505029
113.0	1.0	0.0	0.0	0.0	-90.0	0.0	0.0	0.0	19.348649	0.0	1.306027	1.306027	90.0	0.23496	-0.028864	0.236726	-7.003406	88903.081908
114.0	1.0	0.0	0.0	0.0	-90.0	0.0	0.0	0.0	19.354092	0.0	1.30483	1.30483	90.0	0.234767	-0.028731	0.236518	-6.977197	88901.616379
115.0	1.0	0.0	0.0	0.0	-90.0	0.0	0.0	0.0	-89.499158	0.0	1.303485	1.303485	90.0	0.234641	-0.028591	0.236376	-6.947269	88900.186705
116.0	1.0	0.0	0.0	0.0	-90.0	0.0	0.0	0.0	98.979291	0.0	1.302481	1.302481	90.0	0.234436	-0.028462	0.236158	-6.922134	88898.751961
117.0	1.0	0.0	0.0	0.0	-90.0	0.0	0.0	0.0	-142.553063	0.0	1.30085	1.30085	90.0	0.234237	-0.028366	0.235948	-6.904998	88897.305398
118.0	1.0	0.0	0.0	0.0	-90.0	0.0	0.0	0.0	-106.111269	0.0	1.299786	1.299786	90.0	0.234068	-0.028203	0.235761	-6.870576	88895.863122
119.0	1.0	0.0	0.0	0.0	-90.0	0.0	0.0	0.0	93.395885	0.0	1.298322	1.298322	90.0	0.233916	-0.028077	0.235595	-6.844433	88894.384934
120.0	1.0	0.0	0.0	0.0	-90.0	0.0	0.0	0.0	-24.954243	0.0	1.296777	1.296777	90.0	0.233696	-0.028012	0.235369	-6.835039	88892.943883
121.0	1.0	0.0	0.0	0.0	-90.0	0.0	0.0	0.0	74.606833	0.0	1.29535	1.29535	90.0	0.233537	-0.027833	0.235189	-6.796489	88891.532051
122.0	1.0	0.0	0.0	0.0	-90.0	0.0	0.0	0.0	138.666231	0.0	1.29402	1.29402	90.0	0.233369	-0.027718	0.23501	-6.773567	88890.080608
123.0	1.0	0.0	0.0	0.0	-90.0	0.0	0.0	0.0	72.591418	0.0	1.292574	1.292574	90.0	0.233235	-0.027643	0.234868	-6.759161	88888.621139
124.0	1.0	0.0	0.0	0.0	-90.0	0.0	0.0	0.0	-147.689159	0.0	1.291197	1.291197	90.0	0.232998	-0.027509	0.234616	-6.733496	88887.198426
125.0	1.0	0.0	0.0	0.0	-90.0	0.0	0.0	0.0	-23.552302	0.0	1.28946	1.28946	90.0	0.232879	-0.027387	0.234484	-6.707378	88885.750146
126.0	1.0	0.0	0.0	0.0	-90.0	0.0	0.0	0.0	133.6366	0.0	1.287802	1.287802	90.0	0.232672	-0.027232	0.23426	-6.675545	88884.236731
127.0	1.0	0.0	0.0	0.0	-90.0	0.0	0.0	0.0	124.503102	0.0	1.28653	1.28653	90.0	0.232494	-0.027152	0.234074	-6.66114	88882.783912
128.0	1.0	0.0	0.0	0.0	-90.0	0.0	0.0	0.0	-139.392281	0.0	1.284897	1.284897	90.0	0.232324	-0.02699	0.233887	-6.626677	88881.360385
129.0	1.0	0.0	0.0	0.0	-90.0	0.0	0.0	0.0	66.153943	0.0	1.283428	1.283428	90.0	0.23215	-0.026945	0.233708	-6.620422	88879.928199
130.0	1.0	0.0	0.0	0.0	-90.0	0.0	0.0	0.0	-52.272995	0.0	1.281483	1.281483	90.0	0.232006	-0.026778	0.233546	-6.583944	88878.523093
131.0	1.0	0.0	0.0	0.0	-90.0	0.0	0.0	0.0	-31.126719	0.0	1.279998	1.279998	90.0	0.231817	-0.026675	0.233347	-6.564196	88877.051505
132.0	1.0	0.0	0.0	0.0	-90.0	0.0	0.0	0.0	39.509506	0.0	1.278314	1.278314	90.0	0.231657	-0.02655	0.233173	-6.538001	88875.595641
133.0	1.0	0.0	0.0	0.0	-90.0	0.0	0.0	0.0	-171.839801	0.0	1.27675	1.27675	90.0	0.23151	-0.026441	0.233015	-6.515466	88874.109946
134.0	1.0	0.0	0.0	0.0	-90.0	0.0	0.0	0.0	33.002486	0.0	1.274889	1.274889	90.0	0.231333	-0.026328	0.232827	-6.492899	88872.704007
135.0	1.0	0.0	0.0	0.0	-90.0	0.0	0.0	0.0	-102.440571	0.0	1.273029	1.273029	90.0	0.231153	-0.026202	0.232634	-6.467102	88871.268137
136.0	1.0	0.0	0.0	0.0	-90.0	0.0	0.0	0.0	-150.850789	0.0	1.271299	1.271299	90.0	0.231005	-0.026097	0.232474	-6.445406	88869.827563
137.0	1.0	0.0	0.0	0.0	-90.0	0.0	0.0	0.0	-58.496949	0.0	1.269505	1.269505	90.0	0.230878	-0.02597	0.232334	-6.417815	88868.321091
138.0	1.0	0.0	0.0	0.0	-90.0	0.0	0.0	0.0	43.035988	0.0	1.267404	1.267404	90.0	0.230732	-0.025847	0.232175	-6.391692	88866.860211
139.0	1.0	0.0	0.0	0.0	-90.0	0.0	0.0	0.0	-156.560898	0.0	1.265496	1.265496	90.0	0.230568	-0.025753	0.232002	-6.373273	88865.403458
140.0	1.0	0.0	0.0	0.0	-90.0	0.0	0.0	0.0	21.044756	0.0	1.263288	1.263288	90.0	0.230426	-0.02561	0.231845	-6.342029	88863.989214
141.0	1.0	0.0	0.0	0.0	-90.0	0.0	0.0	0.0	10.685353	0.0	1.261499	1.261499	90.0	0.230349	-0.025491	0.231755	-6.314692	88862.518799
142.0	1.0	0.0	0.0	0.0	-90.0	0.0	0.0	0.0	-168.804964	0.0	1.25931	1.25931	90.0	0.230155	-0.025291	0.231541	-6.270883	88861.094764
143.0	1.0	0.0	0.0	0.0	-90.0	0.0	0.0	0.0	-44.972474	0.0	1.257245	1.257245	90.0	0.229945	-0.025427	0.231346	-6.310086	88859.599834
144.0	1.0	0.0	0.0	0.0	-90.0	0.0	0.0	0.0	149.1435	0.0	1.254905	1.254905	90.0	0.230031	-0.025338	0.231422	-6.285737	88858.174718
145.0	1.0	0.0	0.0	0.0	-90.0	0.0	0.0	0.0	22.074909	0.0	1.252833	1.252833	90.0	0.229446	-0.024775	0.23078	-6.162711	88856.731047
146.0	1.0	0.0	0.0	0.0	-90.0	0.0	0.0	0.0	-83.041176	0.0	1.250358	1.250358	90.0	0.229081	-0.024714	0.23041	-6.157464	88855.301251
147.0	1.0	0.0	0.0	0.0	-90.0	0.0	0.0	0.0	64.330262	0.0	1.24825	1.24825	90.0	0.229518	-0.025513	0.230932	-6.342977	88853.85667
148.0	1.0	0.0	0.0	0.0	-90.0	0.0	0.0	0.0	145.699502	0.0	1.246156	1.246156	90.0	0.228783	-0.025394	0.230188	-6.333635	88852.387012
149.0	1.0	0.0	0.0	0.0	-90.0	0.0	0.0	0.0	-96.129149	0.0	1.247698	1.247698	90.0	0.230078	-0.024717	0.231402	-6.131597	88850.958268
150.0	1.0	0.0	0.0	0.0	-90.0	0.0	0.0	0.0	-81.227402	0.0	1.249444	1.249444	90.0	0.22903	-0.025524	0.230447	-6.358946	88849.510869
151.0	1.0	0.0	0.0	0.0	-90.0	0.0	0.0	0.0	170.040559	0.0	1.23585	1.23585	90.0	0.229768	-0.024333	0.231053	-6.04526	88848.068254
152.0	1.0	0.0	0.0	0.0	-90.0	0.0	0.0	0.0	101.276013	0.0	1.233298	1.233298	90.0	0.227969	-0.024727	0.229306	-6.190577	88846.624169
153.0	1.0	0.0	0.0	0.0	-90.0	0.0	0.0	0.0	176.593188	0.0	1.234788	1.234788	90.0	0.228144	-0.024673	0.229475	-6.172389	88845.189078
154.0	1.0	0.0	0.0	0.0	-90.0	0.0	0.0	0.0	-33.095705	0.0	1.236544	1.236544	90.0	0.228441	-0.023441	0.229641	-5.85873	88843.733667
155.0	1.0	0.0	0.0	0.0	-90.0	0.0	0.0	0.0	-101.49493	0.0	1.222838	1.222838	90.0	0.228461	-0.023508	0.229667	-5.874864	88842.296588
156.0	1.0	0.0	0.0	0.0	-90.0	0.0	0.0	0.0	-171.323895	0.0	1.200419	1.200419	90.0	0.227782	-0.023542	0.228996	-5.900736	88840.879089
157.0	1.0	0.0	0.0	0.0	-90.0	0.0	0.0	0.0	-23.092086	0.0	1.232388	1.232388	90.0	0.227937	-0.023536	0.229149	-5.895296	88839.42259
158.0	1.0	0.0	0.0	0.0	-90.0	0.0	0.0	0.0	-73.967048	0.0	1.228474	1.228474	90.0	0.227805	-0.023621	0.229026	-5.9197	88837.979386
159.0	1.0	0.0	0.0	0.0	-90.0	0.0	0.0	0.0	173.151778	0.0	1.219633	1.219633	90.0	0.22782	-0.023395	0.229018	-5.863198	88836.547761
160.0	1.0	0.0	0.0	0.0	-90.0	0.0	0.0	0.0	-71.494441	0.0	1.213497	1.213497	90.0	0.227662	-0.023355	0.228857	-5.857229	88835.103007
161.0	1.0	0.0	0.0	0.0	-90.0	0.0	0.0	0.0	160.267161	0.0	1.211133	1.211133	90.0	0.227569	-0.023229	0.228752	-5.828184	88833.635178
162.0	1.0	0.0	0.0	0.0	-90.0	0.0	0.0	0.0	122.562675	0.0	1.206489	1.206489	90.0	0.227385	-0.023136	0.228559	-5.809721	88832.168783
163.0	1.0	0.0	0.0	0.0	-90.0	0.0	0.0	0.0	1.625616	0.0	1.203116	1.203116	90.0	0.227258	-0.023027	0.228422	-5.785726	88830.720693
164.0	1.0	0.0	0.0	0.0	-90.0	0.0	0.0	0.0	72.958385	0.0	1.198109	1.198109	90.0	0.227107	-0.022846	0.228253	-5.744482	88829.291424
165.0	1.0	0.0	0.0	0.0	-90.0	0.0	0.0	0.0	-111.983931	0.0	1.18964	1.18964	90.0	0.226909	-0.022681	0.22804	-5.708244	88827.840269
166.0	1.0	0.0	0.0	0.0	-90.0	0.0	0.0	0.0	-81.081764	0.0	1.19197	1.19197	90.0	0.226797	-0.022629	0.227923	-5.698008	88826.434136
167.0	1.0	0.0	0.0	0.0	-90.0	0.0	0.0	0.0	137.325237	0.0	1.187026	1.187026	90.0	0.226675	-0.022445	0.227783	-5.654837	88825.009053
168.0	1.0	0.0	0.0	0.0	-90.0	0.0	0.0	0.0	112.867796	0.0	1.184172	1.184172	90.0	0.22659	-0.022371	0.227692	-5.638469	88823.546236
169.0	1.0	0.0	0.0	0.0	-90.0	0.0	0.0	0.0	-150.580978	0.0	1.180088	1.180088	90.0	0.226441	-0.022258	0.227532	-5.613899	88822.106042
170.0	1.0	0.0	0.0	0.0	-90.0	0.0	0.0	0.0	128.802916	0.0	1.176168	1.176168	90.0	0.226324	-0.022166	0.227407	-5.593627	88820.666639
171.0	1.0	0.0	0.0	0.0	-90.0	0.0	0.0	0.0	-91.723415	0.0	1.171759	1.171759	90.0	0.226203	-0.02204	0.227274	-5.565142	88819.226236
172.0	1.0	0.0	0.0	0.0	-90.0	0.0	0.0	0.0	-176.224447	0.0	1.167457	1.167457	90.0	0.226076	-0.021934	0.227137	-5.541566	88817.752932
173.0	1.0	0.0	0.0	0.0	-90.0	0.0	0.0	0.0	91.450216	0.0	1.162832	1.162832	90.0	0.225928	-0.021818	0.226979	-5.515997	88816.32026
174.0	1.0	0.0	0.0	0.0	-90.0	0.0	0.0	0.0	-160.637656	0.0	1.158249	1.158249	90.0	0.225872	-0.021736	0.226916	-5.496804	88814.863167
175.0	1.0	0.0	0.0	0.0	-90.0	0.0	0.0	0.0	102.792267	0.0	1.155458	1.155458	90.0	0.225769	-0.021594	0.226799	-5.463418	88813.423236
176.0	1.0	0.0	0.0	0.0	-90.0	0.0	0.0	0.0	-70.602188	0.0	1.152938	1.152938	90.0	0.225642	-0.021513	0.226665	-5.446153	88811.964227
177.0	1.0	0.0	0.0	0.0	-90.0	0.0	0.0	0.0	-40.57449	0.0	1.141223	1.141223	90.0	0.225611	-0.021404	0.226624	-5.419467	88810.512077
178.0	1.0	0.0	0.0	0.0	-90.0	0.0	0.0	0.0	42.829981	0.0	1.140802	1.140802	90.0	0.225473	-0.021363	0.226483	-5.412374	88809.077717
179.0	1.0	0.0	0.0	0.0	-90.0	0.0	0.0	0.0	53.484376	0.0	1.134113	1.134113	90.0	0.225341	-0.02119	0.226335	-5.37198	88807.629321
180.0	1.0	0.0	0.0	0.0	-90.0	0.0	0.0	0.0	-1.199883	0.0	1.129069	1.129069	90.0	0.225203	-0.021053	0.226185	-5.340799	88806.188371
181.0	1.0	0.0	0.0	0.0	-90.0	0.0	0.0	0.0	-95.264977	0.0	1.123051	1.123051	90.0	0.225111	-0.020956	0.226084	-5.318341	88804.73806
182.0	1.0	0.0	0.0	0.0	-90.0	0.0	0.0	0.0	-123.410027	0.0	1.117443	1.117443	90.0	0.224973	-0.020833	0.225936	-5.290505	88803.31732
183.0	1.0	0.0	0.0	0.0	-90.0	0.0	0.0	0.0	-4.001183	0.0	1.111168	1.111168	90.0	0.224859	-0.020698	0.225809	-5.259196	88801.856225
184.0	1.0	0.0	0.0	0.0	-90.0	0.0	0.0	0.0	-105.123884	0.0	1.10481	1.10481	90.0	0.224741	-0.020562	0.22568	-5.22764	88800.420414
185.0	1.0	0.0	0.0	0.0	-90.0	0.0	0.0	0.0	-137.363166	0.0	1.098279	1.098279	90.0	0.22461	-0.020419	0.225536	-5.194523	88798.989468
186.0	1.0	0.0	0.0	0.0	-90.0	0.0	0.0	0.0	-166.106207	0.0	1.09147	1.09147	90.0	0.224487	-0.02029	0.225402	-5.16452	88797.535407
187.0	1.0	0.0	0.0	0.0	-90.0	0.0	0.0	0.0	-126.447527	0.0	1.084296	1.084296	90.0	0.224356	-0.02014	0.225259	-5.129554	88796.093983
188.0	1.0	0.0	0.0	0.0	-90.0	0.0	0.0	0.0	-160.871693	0.0	1.076674	1.076674	90.0	0.224248	-0.019984	0.225137	-5.092528	88794.652742
189.0	1.0	0.0	0.0	0.0	-90.0	0.0	0.0	0.0	-166.133627	0.0	1.069205	1.069205	90.0	0.224116	-0.019854	0.224993	-5.06247	88793.200506
190.0	1.0	0.0	0.0	0.0	-90.0	0.0	0.0	0.0	164.53318	0.0	1.061355	1.061355	90.0	0.223984	-0.019706	0.22485	-5.027898	88791.755824
191.0	1.0	0.0	0.0	0.0	-90.0	0.0	0.0	0.0	53.301447	0.0	1.05538	1.05538	90.0	0.223847	-0.019567	0.2247	-4.9957	88790.351567
192.0	1.0	0.0	0.0	0.0	-90.0	0.0	0.0	0.0	-66.945658	0.0	1.043992	1.043992	90.0	0.223741	-0.019421	0.224582	-4.961008	88788.92548
193.0	1.0	0.0	0.0	0.0	-90.0	0.0	0.0	0.0	-117.456695	0.0	1.033943	1.033943	90.0	0.223586	-0.019261	0.224415	-4.923569	88787.485082
194.0	1.0	0.0	0.0	0.0	-90.0	0.0	0.0	0.0	177.529319	0.0	1.027305	1.027305	90.0	0.223477	-0.019128	0.224294	-4.892197	88786.050593
195.0	1.0	0.0	0.0	0.0	-90.0	0.0	0.0	0.0	14.376164	0.0	1.016488	1.016488	90.0	0.223288	-0.018936	0.224089	-4.847313	88784.60894
196.0	1.0	0.0	0.0	0.0	-90.0	0.0	0.0	0.0	-83.185675	0.0	1.005305	1.005305	90.0	0.223156	-0.018797	0.223947	-4.814803	88783.204512
197.0	1.0	0.0	0.0	0.0	-90.0	0.0	0.0	0.0	6.425607	0.0	0.992431	0.992431	90.0	0.222984	-0.018431	0.223745	-4.725018	88781.774337
198.0	1.0	0.0	0.0	0.0	-90.0	0.0	0.0	0.0	63.480358	0.0	0.982965	0.982965	90.0	0.222805	-0.018256	0.223552	-4.684307	88780.372665
199.0	1.0	0.0	0.0	0.0	-90.0	0.0	0.0	0.0	106.757561	0.0	0.970113	0.970113	90.0	0.222687	-0.018298	0.223437	-4.697365	88778.899461
200.0	1.0	0.0	0.0	0.0	-90.0	0.0	0.0	0.0	-122.8649625	0.0	1.1795375	1.1795375	90.0	0.224835	-0.0218715	0.225925	-5.545444	89102.8528675
250.0	1.0	0.0	0.0	0.0	-90.0	0.0	0.0	0.0	-19.360983	0.0	1.400455	1.400455	90.0	0.224924	-0.023052	0.226102	-5.851753	89426.784496
300.0	1.0	0.0	0.0	0.0	-90.0	0.0	0.0	0.0	-151.307553	0.0	1.40046	1.40046	90.0	0.221479	-0.021598	0.222529	-5.569699	89425.371462
350.0	1.0	0.0	0.0	0.0	-90.0	0.0	0.0	0.0	-177.26451	0.0	1.400046	1.400046	90.0	0.220406	-0.020639	0.22137	-5.349664	89423.9372
400.0	1.0	0.0	0.0	0.0	-90.0	0.0	0.0	0.0	-60.363852	0.0	1.399857	1.399857	90.0	0.218215	-0.019174	0.219056	-5.021631	89422.477749
450.0	1.0	0.0	0.0	0.0	-90.0	0.0	0.0	0.0	42.653386	0.0	1.399621	1.399621	90.0	0.217307	-0.017991	0.218051	-4.73285	89421.024353
500.0	1.0	0.0	0.0	0.0	-90.0	0.0	0.0	0.0	-66.421393	0.0	1.399189	1.399189	90.0	0.215914	-0.017445	0.216617	-4.619168	89419.590393
550.0	1.0	0.0	0.0	0.0	-90.0	0.0	0.0	0.0	170.723173	0.0	1.398701	1.398701	90.0	0.215122	-0.016673	0.215767	-4.431874	89418.136008
600.0	1.0	0.0	0.0	0.0	-90.0	0.0	0.0	0.0	-104.592941	0.0	1.398365	1.398365	90.0	0.214253	-0.016089	0.214856	-4.294532	89416.666736
650.0	1.0	0.0	0.0	0.0	-90.0	0.0	0.0	0.0	94.564839	0.0	1.397781	1.397781	90.0	0.213483	-0.015471	0.214043	-4.145017	89415.259356
700.0	1.0	0.0	0.0	0.0	-90.0	0.0	0.0	0.0	-30.560585	0.0	1.39706	1.39706	90.0	0.212976	-0.015108	0.213512	-4.057677	89413.808347
750.0	1.0	0.0	0.0	0.0	-90.0	0.0	0.0	0.0	35.894305	0.0	1.39666	1.39666	90.0	0.212565	-0.01456	0.213063	-3.918378	89412.350422
800.0	1.0	0.0	0.0	0.0	-90.0	0.0	0.0	0.0	-121.160757	0.0	1.395943	1.395943	90.0	0.211949	-0.014236	0.212426	-3.842491	89410.895946
850.0	1.0	0.0	0.0	0.0	-90.0	0.0	0.0	0.0	-156.192668	0.0	1.395625	1.395625	90.0	0.211504	-0.013918	0.211962	-3.764812	89409.463894
900.0	1.0	0.0	0.0	0.0	-90.0	0.0	0.0	0.0	-39.359172	0.0	1.39512	1.39512	90.0	0.211064	-0.013465	0.211493	-3.650331	89408.00468
950.0	1.0	0.0	0.0	0.0	-90.0	0.0	0.0	0.0	-158.411005	0.0	1.394524	1.394524	90.0	0.210638	-0.013154	0.211048	-3.573433	89406.58382
1000.0	1.0	0.0	0.0	0.0	-90.0	0.0	0.0	0.0	-165.608438	0.0	1.393778	1.393778	90.0	0.210281	-0.012845	0.210673	-3.495695	89405.114081
1050.0	1.0	0.0	0.0	0.0	-90.0	0.0	0.0	0.0	-172.50413	0.0	1.39338	1.39338	90.0	0.20995	-0.012557	0.210325	-3.422834	89403.674686
1100.0	1.0	0.0	0.0	0.0	-90.0	0.0	0.0	0.0	81.78048	0.0	1.392531	1.392531	90.0	0.209653	-0.012357	0.210017	-3.37312	89402.230389
1150.0	1.0	0.0	0.0	0.0	-90.0	0.0	0.0	0.0	162.828101	0.0	1.391874	1.391874	90.0	0.209365	-0.012138	0.209716	-3.318163	89400.818252
1200.0	1.0	0.0	0.0	0.0	-90.0	0.0	0.0	0.0	157.313245	0.0	1.391004	1.391004	90.0	0.209095	-0.011891	0.209432	-3.254718	89399.339154
1250.0	1.0	0.0	0.0	0.0	-90.0	0.0	0.0	0.0	42.314989	0.0	1.390394	1.390394	90.0	0.208818	-0.011627	0.209141	-3.186818	89397.891064
1300.0	1.0	0.0	0.0	0.0	-90.0	0.0	0.0	0.0	116.287717	0.0	1.389739	1.389739	90.0	0.208598	-0.011477	0.208913	-3.149222	89396.448754
1350.0	1.0	0.0	0.0	0.0	-90.0	0.0	0.0	0.0	-148.083956	0.0	1.389008	1.389008	90.0	0.208376	-0.01129	0.208682	-3.101246	89394.98185
1400.0	1.0	0.0	0.0	0.0	-90.0	0.0	0.0	0.0	167.059128	0.0	1.388213	1.388213	90.0	0.208176	-0.011096	0.208472	-3.051134	89393.507944
1450.0	1.0	0.0	0.0	0.0	-90.0	0.0	0.0	0.0	-102.345857	0.0	1.387298	1.387298	90.0	0.207988	-0.010903	0.208274	-3.000879	89392.028674
1500.0	1.0	0.0	0.0	0.0	-90.0	0.0	0.0	0.0	-72.147462	0.0	1.386589	1.386589	90.0	0.207773	-0.010744	0.208051	-2.960002	89390.605975
1550.0	1.0	0.0	0.0	0.0	-90.0	0.0	0.0	0.0	-111.414257	0.0	1.385678	1.385678	90.0	0.20765	-0.010562	0.207918	-2.911865	89389.162437
1600.0	1.0	0.0	0.0	0.0	-90.0	0.0	0.0	0.0	-164.29489	0.0	1.385146	1.385146	90.0	0.207426	-0.010444	0.207688	-2.882374	89387.700148
1650.0	1.0	0.0	0.0	0.0	-90.0	0.0	0.0	0.0	177.98614	0.0	1.384219	1.384219	90.0	0.207308	-0.01033	0.207565	-2.852631	89386.28194
1700.0	1.0	0.0	0.0	0.0	-90.0	0.0	0.0	0.0	-166.793864	0.0	1.383279	1.383279	90.0	0.207089	-0.010168	0.207339	-2.810969	89384.838899
1750.0	1.0	0.0	0.0	0.0	-90.0	0.0	0.0	0.0	-151.278418	0.0	1.382425	1.382425	90.0	0.206939	-0.010046	0.207183	-2.779363	89383.392459
1800.0	1.0	0.0	0.0	0.0	-90.0	0.0	0.0	0.0	-138.889454	0.0	1.381174	1.381174	90.0	0.206794	-0.00992	0.207032	-2.746266	89381.951411
1850.0	1.0	0.0	0.0	0.0	-90.0	0.0	0.0	0.0	-99.852013	0.0	1.380236	1.380236	90.0	0.206651	-0.009793	0.206883	-2.713138	89380.548857
1900.0	1.0	0.0	0.0	0.0	-90.0	0.0	0.0	0.0	-162.475869	0.0	1.378926	1.378926	90.0	0.206538	-0.009691	0.206765	-2.686369	89379.071219
1950.0	1.0	0.0	0.0	0.0	-90.0	0.0	0.0	0.0	-24.796553	0.0	1.377786	1.377786	90.0	0.206407	-0.0096	0.20663	-2.663027	89377.615985
2000.0	1.0	0.0	0.0	0.0	-90.0	0.0	0.0	0.0	-102.931374	0.0	1.376698	1.376698	90.0	0.206297	-0.00949	0.206515	-2.633919	89376.144578
2050.0	1.0	0.0	0.0	0.0	-90.0	0.0	0.0	0.0	-126.144554	0.0	1.375559	1.375559	90.0	0.206186	-0.009394	0.2064	-2.608599	89374.692721
2100.0	1.0	0.0	0.0	0.0	-90.0	0.0	0.0	0.0	-55.325367	0.0	1.374077	1.374077	90.0	0.206055	-0.009287	0.206265	-2.580654	89373.249804
2150.0	1.0	0.0	0.0	0.0	-90.0	0.0	0.0	0.0	-106.092459	0.0	1.372744	1.372744	90.0	0.205955	-0.009188	0.20616	-2.55434	89371.789299
2200.0	1.0	0.0	0.0	0.0	-90.0	0.0	0.0	0.0	-172.369658	0.0	1.371405	1.371405	90.0	0.205837	-0.009107	0.206039	-2.533331	89370.363368
2250.0	1.0	0.0	0.0	0.0	-90.0	0.0	0.0	0.0	130.030549	0.0	1.369884	1.369884	90.0	0.20574	-0.009009	0.205937	-2.507354	89368.932046
2300.0	1.0	0.0	0.0	0.0	-90.0	0.0	0.0	0.0	-74.266423	0.0	1.368691	1.368691	90.0	0.205633	-0.008939	0.205827	-2.489063	89367.453221
2350.0	1.0	0.0	0.0	0.0	-90.0	0.0	0.0	0.0	59.902582	0.0	1.366816	1.366816	90.0	0.205529	-0.008847	0.205719	-2.464733	89366.029621
2400.0	1.0	0.0	0.0	0.0	-90.0	0.0	0.0	0.0	-144.397363	0.0	1.365196	1.365196	90.0	0.205453	-0.00878	0.205641	-2.447117	89364.562628
2450.0	1.0	0.0	0.0	0.0	-90.0	0.0	0.0	0.0	-53.493554	0.0	1.36346	1.36346	90.0	0.205366	-0.008713	0.205551	-2.429402	89363.117089
2500.0	1.0	0.0	0.0	0.0	-90.0	0.0	0.0	0.0	-164.703705	0.0	1.361611	1.361611	90.0	0.205274	-0.008636	0.205456	-2.409149	89361.683463
2550.0	1.0	0.0	0.0	0.0	-90.0	0.0	0.0	0.0	-170.316392	0.0	1.359881	1.359881	90.0	0.205183	-0.00856	0.205362	-2.388926	89360.250461
2600.0	1.0	0.0	0.0	0.0	-90.0	0.0	0.0	0.0	-118.88468	0.0	1.357728	1.357728	90.0	0.205105	-0.008499	0.205281	-2.37283	89358.777476
2650.0	1.0	0.0	0.0	0.0	-90.0	0.0	0.0	0.0	-114.139266	0.0	1.35574	1.35574	90.0	0.205021	-0.008434	0.205194	-2.355664	89357.334473
2700.0	1.0	0.0	0.0	0.0	-90.0	0.0	0.0	0.0	137.821405	0.0	1.353263	1.353263	90.0	0.204929	-0.008368	0.2051	-2.33825	89355.873899
2750.0	1.0	0.0	0.0	0.0	-90.0	0.0	0.0	0.0	-159.435667	0.0	1.351014	1.351014	90.0	0.204845	-0.008298	0.205013	-2.319636	89354.425787
2800.0	1.0	0.0	0.0	0.0	-90.0	0.0	0.0	0.0	-116.099758	0.0	1.348821	1.348821	90.0	0.204779	-0.008246	0.204944	-2.305855	89352.996242
2850.0	1.0	0.0	0.0	0.0	-90.0	0.0	0.0	0.0	-163.760577	0.0	1.346288	1.346288	90.0	0.204692	-0.008178	0.204855	-2.287949	89351.56333
2900.0	1.0	0.0	0.0	0.0	-90.0	0.0	0.0	0.0	170.632624	0.0	1.343502	1.343502	90.0	0.204627	-0.008128	0.204788	-2.274583	89350.112263
2950.0	1.0	0.0	0.0	0.0	-90.0	0.0	0.0	0.0	-83.172815	0.0	1.340895	1.340895	90.0	0.204566	-0.008074	0.204725	-2.260368	89348.668494
3000.0	1.0	0.0	0.0	0.0	-90.0	0.0	0.0	0.0	-100.756009	0.0	1.33784	1.33784	90.0	0.204493	-0.00802	0.20465	-2.245894	89347.222873
3050.0	1.0	0.0	0.0	0.0	-90.0	0.0	0.0	0.0	-171.555235	0.0	1.334589	1.334589	90.0	0.204432	-0.007963	0.204587	-2.230513	89345.763564
3100.0	1.0	0.0	0.0	0.0	-90.0	0.0	0.0	0.0	86.277745	0.0	1.331161	1.331161	90.0	0.204365	-0.00791	0.204518	-2.216477	89344.286126
3150.0	1.0	0.0	0.0	0.0	-90.0	0.0	0.0	0.0	-94.767055	0.0	1.327598	1.327598	90.0	0.204304	-0.007857	0.204455	-2.202424	89342.820581
3200.0	1.0	0.0	0.0	0.0	-90.0	0.0	0.0	0.0	-144.584438	0.0	1.323747	1.323747	90.0	0.204257	-0.007808	0.204406	-2.189251	89341.351931
3250.0	1.0	0.0	0.0	0.0	-90.0	0.0	0.0	0.0	-63.575325	0.0	1.319563	1.319563	90.0	0.204205	-0.007762	0.204352	-2.176705	89339.913911
3300.0	1.0	0.0	0.0	0.0	-90.0	0.0	0.0	0.0	-122.877494	0.0	1.315541	1.315541	90.0	0.204149	-0.007714	0.204295	-2.16409	89338.47324
3350.0	1.0	0.0	0.0	0.0	-90.0	0.0	0.0	0.0	170.719296	0.0	1.311184	1.311184	90.0	0.204095	-0.007667	0.204239	-2.151451	89337.033913
3400.0	1.0	0.0	0.0	0.0	-90.0	0.0	0.0	0.0	-0.641427	0.0	1.306163	1.306163	90.0	0.204028	-0.007616	0.20417	-2.137768	89335.575423
3450.0	1.0	0.0	0.0	0.0	-90.0	0.0	0.0	0.0	30.154437	0.0	1.300962	1.300962	90.0	0.20397	-0.00758	0.20411	-2.128307	89334.139338
3500.0	1.0	0.0	0.0	0.0	-90.0	0.0	0.0	0.0	179.022904	0.0	1.295482	1.295482	90.0	0.203915	-0.00753	0.204054	-2.114858	89332.680334
3550.0	1.0	0.0	0.0	0.0	-90.0	0.0	0.0	0.0	-115.103624	0.0	1.289337	1.289337	90.0	0.203853	-0.007487	0.20399	-2.103368	89331.251731
3600.0	1.0	0.0	0.0	0.0	-90.0	0.0	0.0	0.0	-64.858693	0.0	1.283421	1.283421	90.0	0.203791	-0.007438	0.203927	-2.090336	89329.809373
3650.0	1.0	0.0	0.0	0.0	-90.0	0.0	0.0	0.0	-39.751094	0.0	1.276298	1.276298	90.0	0.203738	-0.007394	0.203872	-2.078476	89328.338896
3700.0	1.0	0.0	0.0	0.0	-90.0	0.0	0.0	0.0	-134.10181	0.0	1.268662	1.268662	90.0	0.203681	-0.007354	0.203814	-2.067655	89326.886946
3750.0	1.0	0.0	0.0	0.0	-90.0	0.0	0.0	0.0	4.807141	0.0	1.260901	1.260901	90.0	0.203641	-0.007307	0.203772	-2.054996	89325.412181
3800.0	1.0	0.0	0.0	0.0	-90.0	0.0	0.0	0.0	-156.448752	0.0	1.252145	1.252145	90.0	0.203581	-0.007265	0.20371	-2.043742	89323.966339
3850.0	1.0	0.0	0.0	0.0	-90.0	0.0	0.0	0.0	-130.087852	0.0	1.242742	1.242742	90.0	0.203546	-0.007219	0.203674	-2.031321	89322.515844
3900.0	1.0	0.0	0.0	0.0	-90.0	0.0	0.0	0.0	-12.229757	0.0	1.231981	1.231981	90.0	0.203475	-0.007174	0.203602	-2.019399	89321.048298
3950.0	1.0	0.0	0.0	0.0	-90.0	0.0	0.0	0.0	-164.159328	0.0	1.221182	1.221182	90.0	0.203426	-0.007132	0.203551	-2.00792	89319.591824
4000.0	1.0	0.0	0.0	0.0	-90.0	0.0	0.0	0.0	-178.373543	0.0	1.209	1.209	90.0	0.203368	-0.007085	0.203491	-1.99534	89318.141349
4050.0	1.0	0.0	0.0	0.0	-90.0	0.0	0.0	0.0	-104.509522	0.0	1.196085	1.196085	90.0	0.203319	-0.00704	0.203441	-1.983178	89316.698523
4100.0	1.0	0.0	0.0	0.0	-90.0	0.0	0.0	0.0	-77.460489	0.0	1.181459	1.181459	90.0	0.203263	-0.006996	0.203384	-1.971207	89315.248786
4150.0	1.0	0.0	0.0	0.0	-90.0	0.0	0.0	0.0	-169.089797	0.0	1.165299	1.165299	90.0	0.203218	-0.006949	0.203337	-1.958409	89313.810532
4200.0	1.0	0.0	0.0	0.0	-90.0	0.0	0.0	0.0	-138.123764	0.0	1.147692	1.147692	90.0	0.203179	-0.006903	0.203296	-1.945878	89312.357908
4250.0	1.0	0.0	0.0	0.0	-90.0	0.0	0.0	0.0	-103.800482	0.0	1.12768	1.12768	90.0	0.203142	-0.006855	0.203258	-1.932643	89310.906892
4300.0	1.0	0.0	0.0	0.0	-90.0	0.0	0.0	0.0	-64.726043	0.0	1.105526	1.105526	90.0	0.203096	-0.006808	0.20321	-1.919932	89309.447327
4350.0	1.0	0.0	0.0	0.0	-90.0	0.0	0.0	0.0	-128.537442	0.0	1.080642	1.080642	90.0	0.203034	-0.006753	0.203147	-1.905102	89308.01012
4400.0	1.0	0.0	0.0	0.0	-90.0	0.0	0.0	0.0	81.002356	0.0	1.052467	1.052467	90.0	0.20299	-0.006703	0.203101	-1.891318	89306.541529
4450.0	1.0	0.0	0.0	0.0	-90.0	0.0	0.0	0.0	142.259622	0.0	1.019907	1.019907	90.0	0.202953	-0.006646	0.203061	-1.875584	89305.037899
4500.0	1.0	0.0	0.0	0.0	-90.0	0.0	0.0	0.0	-119.394212	0.0	0.983155	0.983155	90.0	0.202902	-0.00659	0.203009	-1.860101	89303.599021
4550.0	1.0	0.0	0.0	0.0	-90.0	0.0	0.0	0.0	-107.011837	0.0	0.940634	0.940634	90.0	0.202853	-0.006528	0.202958	-1.843115	89302.137561
4600.0	1.0	0.0	0.0	0.0	-90.0	0.0	0.0	0.0	-132.30766	0.0	0.892656	0.892656	90.0	0.202801	-0.006468	0.202904	-1.82675	89300.696629
4650.0	1.0	0.0	0.0	0.0	-90.0	0.0	0.0	0.0	105.727049	0.0	0.835677	0.835677	90.0	0.202754	-0.006402	0.202855	-1.808599	89299.26566
4700.0	1.0	0.0	0.0	0.0	-90.0	0.0	0.0	0.0	-123.418545	0.0	0.774513	0.774513	90.0	0.202706	-0.006342	0.202805	-1.79215	89297.820155
4750.0	1.0	0.0	0.0	0.0	-90.0	0.0	0.0	0.0	143.439573	0.0	0.699928	0.699928	90.0	0.202671	-0.006283	0.202768	-1.77577	89296.355309
4800.0	1.0	0.0	0.0	0.0	-90.0	0.0	0.0	0.0	77.902349	0.0	0.624375	0.624375	90.0	0.20261	-0.006227	0.202706	-1.760429	89294.913714
4850.0	1.0	0.0	0.0	0.0	-90.0	0.0	0.0	0.0	-7.637404	0.0	0.539238	0.539238	90.0	0.202552	-0.006183	0.202646	-1.748324	89293.433615
4900.0	1.0	0.0	0.0	0.0	-90.0	0.0	0.0	0.0	16.577983	0.0	0.459561	0.459561	90.0	0.202503	-0.006157	0.202596	-1.741531	89292.031103
4950.0	1.0	0.0	0.0	0.0	-90.0	0.0	0.0	0.0	-87.249965	0.0	0.425562	0.425562	90.0	0.202454	-0.006157	0.202547	-1.741946	89290.587469
5000.0	1.0	0.0	0.0	0.0	-90.0	0.0	0.0	0.0	-12.508227000000005	0.0	0.9124915	0.9124915	90.0	0.202548	-0.0066855000000000005	0.20265899999999998	-1.890373	89568.7805945
10000.0	1.0	0.0	0.0	0.0	-90.0	0.0	0.0	0.0	-135.256732	0.0	1.421588	1.421588	90.0	0.200745	-0.006755	0.200859	-1.927274	89846.964018
15000.0	1.0	0.0	0.0	0.0	-90.0	0.0	0.0	0.0	-7.720492	0.0	1.420851	1.420851	90.0	0.19971	-0.007156	0.199838	-2.05226	89845.503262
20000.0	1.0	0.0	0.0	0.0	-90.0	0.0	0.0	0.0	155.471539	0.0	1.420103	1.420103	90.0	0.198954	-0.007781	0.199106	-2.239643	89844.002153
25000.0	1.0	0.0	0.0	0.0	-90.0	0.0	0.0	0.0	147.750636	0.0	1.419712	1.419712	90.0	0.198359	-0.008475	0.19854	-2.446375	89842.531515
30000.0	1.0	0.0	0.0	0.0	-90.0	0.0	0.0	0.0	-131.534869	0.0	1.419184	1.419184	90.0	0.197842	-0.009208	0.198056	-2.664753	89841.076268
35000.0	1.0	0.0	0.0	0.0	-90.0	0.0	0.0	0.0	109.301159	0.0	1.4185	1.4185	90.0	0.197385	-0.009962	0.197636	-2.889175	89839.630754
40000.0	1.0	0.0	0.0	0.0	-90.0	0.0	0.0	0.0	-2.355507	0.0	1.418124	1.418124	90.0	0.197003	-0.010727	0.197295	-3.1167	89838.171973
45000.0	1.0	0.0	0.0	0.0	-90.0	0.0	0.0	0.0	-146.51181	0.0	1.417737	1.417737	90.0	0.196655	-0.011497	0.196991	-3.345994	89836.723733
50000.0	1.0	0.0	0.0	0.0	-90.0	0.0	0.0	0.0	153.568005	0.0	1.417415	1.417415	90.0	0.196318	-0.012271	0.196701	-3.57667	89835.291972
55000.0	1.0	0.0	0.0	0.0	-90.0	0.0	0.0	0.0	-105.193786	0.0	1.416929	1.416929	90.0	0.195993	-0.013042	0.196427	-3.806993	89833.842007
60000.0	1.0	0.0	0.0	0.0	-90.0	0.0	0.0	0.0	-104.59103	0.0	1.416195	1.416195	90.0	0.195692	-0.013816	0.196179	-4.038377	89832.385853
65000.0	1.0	0.0	0.0	0.0	-90.0	0.0	0.0	0.0	171.276926	0.0	1.416028	1.416028	90.0	0.195406	-0.014589	0.19595	-4.26988	89830.942477
70000.0	1.0	0.0	0.0	0.0	-90.0	0.0	0.0	0.0	128.883466	0.0	1.415269	1.415269	90.0	0.195127	-0.015362	0.195731	-4.501375	89829.500982
75000.0	1.0	0.0	0.0	0.0	-90.0	0.0	0.0	0.0	-125.254911	0.0	1.415021	1.415021	90.0	0.194846	-0.016129	0.195513	-4.732085	89828.064454
80000.0	1.0	0.0	0.0	0.0	-90.0	0.0	0.0	0.0	-78.73164	0.0	1.41443	1.41443	90.0	0.194589	-0.016899	0.195322	-4.963401	89826.623789
85000.0	1.0	0.0	0.0	0.0	-90.0	0.0	0.0	0.0	160.289882	0.0	1.413983	1.413983	90.0	0.194341	-0.017668	0.195142	-5.194546	89825.193356
90000.0	1.0	0.0	0.0	0.0	-90.0	0.0	0.0	0.0	167.822097	0.0	1.413596	1.413596	90.0	0.194083	-0.018432	0.194957	-5.425181	89823.762138
95000.0	1.0	0.0	0.0	0.0	-90.0	0.0	0.0	0.0	-140.583828	0.0	1.412984	1.412984	90.0	0.193851	-0.019198	0.1948	-5.655773	89822.307782
100000.0	1.0	0.0	0.0	0.0	-90.0	0.0	0.0	0.0	159.463892	0.0	1.412548	1.412548	90.0	0.193609	-0.01996	0.194635	-5.886055	89820.877497
105000.0	1.0	0.0	0.0	0.0	-90.0	0.0	0.0	0.0	-6.69729	0.0	1.411801	1.411801	90.0	0.193356	-0.020718	0.194463	-6.115822	89819.420741
110000.0	1.0	0.0	0.0	0.0	-90.0	0.0	0.0	0.0	-154.225661	0.0	1.411374	1.411374	90.0	0.193115	-0.021476	0.194306	-6.345676	89817.973146
115000.0	1.0	0.0	0.0	0.0	-90.0	0.0	0.0	0.0	-127.359857	0.0	1.410667	1.410667	90.0	0.192874	-0.022231	0.194151	-6.574936	89816.538182
120000.0	1.0	0.0	0.0	0.0	-90.0	0.0	0.0	0.0	-134.5323	0.0	1.410322	1.410322	90.0	0.192643	-0.022984	0.194009	-6.803585	89815.127483
125000.0	1.0	0.0	0.0	0.0	-90.0	0.0	0.0	0.0	-93.319266	0.0	1.409503	1.409503	90.0	0.192382	-0.023733	0.19384	-7.032724	89813.663999
130000.0	1.0	0.0	0.0	0.0	-90.0	0.0	0.0	0.0	-143.921311	0.0	1.408898	1.408898	90.0	0.192138	-0.024481	0.193692	-7.261077	89812.210278
135000.0	1.0	0.0	0.0	0.0	-90.0	0.0	0.0	0.0	72.733899	0.0	1.40829	1.40829	90.0	0.191908	-0.025228	0.19356	-7.489213	89810.803246
140000.0	1.0	0.0	0.0	0.0	-90.0	0.0	0.0	0.0	-154.619883	0.0	1.407534	1.407534	90.0	0.191658	-0.02597	0.193409	-7.716552	89809.369452
145000.0	1.0	0.0	0.0	0.0	-90.0	0.0	0.0	0.0	-127.386028	0.0	1.406727	1.406727	90.0	0.191423	-0.026715	0.193278	-7.944899	89807.929222
150000.0	1.0	0.0	0.0	0.0	-90.0	0.0	0.0	0.0	-175.903268	0.0	1.405993	1.405993	90.0	0.191198	-0.02746	0.19316	-8.172934	89806.488903
155000.0	1.0	0.0	0.0	0.0	-90.0	0.0	0.0	0.0	-145.402619	0.0	1.4053	1.4053	90.0	0.190966	-0.028197	0.193037	-8.399425	89805.038484
160000.0	1.0	0.0	0.0	0.0	-90.0	0.0	0.0	0.0	-128.856241	0.0	1.404411	1.404411	90.0	0.190735	-0.028936	0.192917	-8.626466	89803.621016
165000.0	1.0	0.0	0.0	0.0	-90.0	0.0	0.0	0.0	109.632669	0.0	1.403532	1.403532	90.0	0.190497	-0.029671	0.192794	-8.853091	89802.193504
170000.0	1.0	0.0	0.0	0.0	-90.0	0.0	0.0	0.0	-138.002906	0.0	1.402692	1.402692	90.0	0.190261	-0.030405	0.192675	-9.079639	89800.728975
175000.0	1.0	0.0	0.0	0.0	-90.0	0.0	0.0	0.0	-147.222159	0.0	1.401856	1.401856	90.0	0.19002	-0.031138	0.192554	-9.306035	89799.309668
180000.0	1.0	0.0	0.0	0.0	-90.0	0.0	0.0	0.0	-62.004185	0.0	1.400993	1.400993	90.0	0.189777	-0.031869	0.192434	-9.532554	89797.875623
185000.0	1.0	0.0	0.0	0.0	-90.0	0.0	0.0	0.0	-151.827182	0.0	1.400148	1.400148	90.0	0.189536	-0.032595	0.192318	-9.757808	89796.424126
190000.0	1.0	0.0	0.0	0.0	-90.0	0.0	0.0	0.0	174.695716	0.0	1.399083	1.399083	90.0	0.189284	-0.03332	0.192194	-9.983635	89794.967308
195000.0	1.0	0.0	0.0	0.0	-90.0	0.0	0.0	0.0	173.243409	0.0	1.398164	1.398164	90.0	0.189031	-0.034043	0.192072	-10.208935	89793.536916
200000.0	1.0	0.0	0.0	0.0	-90.0	0.0	0.0	0.0	-169.950143	0.0	1.397053	1.397053	90.0	0.188778	-0.034763	0.191952	-10.43393	89792.103553
205000.0	1.0	0.0	0.0	0.0	-90.0	0.0	0.0	0.0	168.179616	0.0	1.396169	1.396169	90.0	0.18853	-0.035485	0.191841	-10.659577	89790.67202
210000.0	1.0	0.0	0.0	0.0	-90.0	0.0	0.0	0.0	82.974852	0.0	1.394772	1.394772	90.0	0.188279	-0.036205	0.191728	-10.884806	89789.237331
215000.0	1.0	0.0	0.0	0.0	-90.0	0.0	0.0	0.0	-173.648079	0.0	1.393562	1.393562	90.0	0.188018	-0.036919	0.191609	-11.109268	89787.77189
220000.0	1.0	0.0	0.0	0.0	-90.0	0.0	0.0	0.0	66.410011	0.0	1.39249	1.39249	90.0	0.187768	-0.037635	0.191503	-11.333798	89786.346662
225000.0	1.0	0.0	0.0	0.0	-90.0	0.0	0.0	0.0	-104.557116	0.0	1.390988	1.390988	90.0	0.187505	-0.03835	0.191387	-11.559105	89784.922577
230000.0	1.0	0.0	0.0	0.0	-90.0	0.0	0.0	0.0	166.329498	0.0	1.389428	1.389428	90.0	0.187249	-0.03906	0.191279	-11.782788	89783.449036
235000.0	1.0	0.0	0.0	0.0	-90.0	0.0	0.0	0.0	118.012049	0.0	1.388062	1.388062	90.0	0.186997	-0.039771	0.19118	-12.006912	89782.018726
240000.0	1.0	0.0	0.0	0.0	-90.0	0.0	0.0	0.0	-169.985964	0.0	1.386274	1.386274	90.0	0.186744	-0.040484	0.191082	-12.231928	89780.55313
245000.0	1.0	0.0	0.0	0.0	-90.0	0.0	0.0	0.0	165.915607	0.0	1.384812	1.384812	90.0	0.186476	-0.041187	0.19097	-12.455025	89779.120666
250000.0	1.0	0.0	0.0	0.0	-90.0	0.0	0.0	0.0	-144.094466	0.0	1.383138	1.383138	90.0	0.186215	-0.041889	0.190869	-12.677727	89777.683394
255000.0	1.0	0.0	0.0	0.0	-90.0	0.0	0.0	0.0	18.975678	0.0	1.381474	1.381474	90.0	0.185941	-0.042596	0.190758	-12.902984	89776.280649
260000.0	1.0	0.0	0.0	0.0	-90.0	0.0	0.0	0.0	119.429182	0.0	1.379796	1.379796	90.0	0.185664	-0.043296	0.190646	-13.126575	89774.816794
265000.0	1.0	0.0	0.0	0.0	-90.0	0.0	0.0	0.0	-135.425383	0.0	1.377946	1.377946	90.0	0.185391	-0.043996	0.19054	-13.350057	89773.37945
270000.0	1.0	0.0	0.0	0.0	-90.0	0.0	0.0	0.0	-174.37133	0.0	1.376161	1.376161	90.0	0.185123	-0.044696	0.190442	-13.573688	89771.931609
275000.0	1.0	0.0	0.0	0.0	-90.0	0.0	0.0	0.0	-73.164704	0.0	1.373982	1.373982	90.0	0.184852	-0.045394	0.190344	-13.796948	89770.518729
280000.0	1.0	0.0	0.0	0.0	-90.0	0.0	0.0	0.0	142.789069	0.0	1.371621	1.371621	90.0	0.184571	-0.046088	0.190238	-14.020223	89769.062665
285000.0	1.0	0.0	0.0	0.0	-90.0	0.0	0.0	0.0	164.875464	0.0	1.369232	1.369232	90.0	0.184297	-0.046782	0.190141	-14.24315	89767.624634
290000.0	1.0	0.0	0.0	0.0	-90.0	0.0	0.0	0.0	169.729453	0.0	1.366863	1.366863	90.0	0.184018	-0.047475	0.190043	-14.466222	89766.179089
295000.0	1.0	0.0	0.0	0.0	-90.0	0.0	0.0	0.0	-179.023449	0.0	1.364054	1.364054	90.0	0.183732	-0.048166	0.189941	-14.689569	89764.727333
300000.0	1.0	0.0	0.0	0.0	-90.0	0.0	0.0	0.0	-50.035299	0.0	1.361547	1.361547	90.0	0.183461	-0.048857	0.189855	-14.91231	89763.252841
305000.0	1.0	0.0	0.0	0.0	-90.0	0.0	0.0	0.0	165.55376	0.0	1.358629	1.358629	90.0	0.18318	-0.049545	0.189762	-15.13486	89761.80281
310000.0	1.0	0.0	0.0	0.0	-90.0	0.0	0.0	0.0	93.68257	0.0	1.355402	1.355402	90.0	0.182896	-0.050233	0.189669	-15.357802	89760.338922
315000.0	1.0	0.0	0.0	0.0	-90.0	0.0	0.0	0.0	121.140664	0.0	1.351927	1.351927	90.0	0.182597	-0.050914	0.189562	-15.580216	89758.907997
320000.0	1.0	0.0	0.0	0.0	-90.0	0.0	0.0	0.0	96.912126	0.0	1.348757	1.348757	90.0	0.182311	-0.051596	0.189472	-15.802099	89757.488041
325000.0	1.0	0.0	0.0	0.0	-90.0	0.0	0.0	0.0	133.081133	0.0	1.344826	1.344826	90.0	0.182013	-0.05228	0.189373	-16.025822	89756.023354
330000.0	1.0	0.0	0.0	0.0	-90.0	0.0	0.0	0.0	87.039981	0.0	1.340707	1.340707	90.0	0.181704	-0.052957	0.189264	-16.248417	89754.559833
335000.0	1.0	0.0	0.0	0.0	-90.0	0.0	0.0	0.0	-141.848255	0.0	1.336581	1.336581	90.0	0.181403	-0.053635	0.189166	-16.471226	89753.133399
340000.0	1.0	0.0	0.0	0.0	-90.0	0.0	0.0	0.0	146.158693	0.0	1.332	1.332	90.0	0.181096	-0.054312	0.189064	-16.694275	89751.678641
345000.0	1.0	0.0	0.0	0.0	-90.0	0.0	0.0	0.0	-153.309968	0.0	1.326919	1.326919	90.0	0.180785	-0.054983	0.188961	-16.916359	89750.188567
350000.0	1.0	0.0	0.0	0.0	-90.0	0.0	0.0	0.0	-138.834825	0.0	1.321807	1.321807	90.0	0.18048	-0.05566	0.188868	-17.139681	89748.753851
355000.0	1.0	0.0	0.0	0.0	-90.0	0.0	0.0	0.0	101.378806	0.0	1.316185	1.316185	90.0	0.180171	-0.05633	0.188772	-17.361624	89747.329855
360000.0	1.0	0.0	0.0	0.0	-90.0	0.0	0.0	0.0	174.768157	0.0	1.310185	1.310185	90.0	0.17986	-0.057	0.188676	-17.584192	89745.873198
365000.0	1.0	0.0	0.0	0.0	-90.0	0.0	0.0	0.0	117.167306	0.0	1.303836	1.303836	90.0	0.179543	-0.057667	0.188577	-17.806302	89744.408681
370000.0	1.0	0.0	0.0	0.0	-90.0	0.0	0.0	0.0	-141.849959	0.0	1.296897	1.296897	90.0	0.179234	-0.058336	0.188489	-18.028666	89742.969197
375000.0	1.0	0.0	0.0	0.0	-90.0	0.0	0.0	0.0	104.309212	0.0	1.289219	1.289219	90.0	0.178909	-0.059002	0.188387	-18.25193	89741.555114
380000.0	1.0	0.0	0.0	0.0	-90.0	0.0	0.0	0.0	-67.052387	0.0	1.281345	1.281345	90.0	0.178601	-0.059667	0.188304	-18.473548	89740.119821
385000.0	1.0	0.0	0.0	0.0	-90.0	0.0	0.0	0.0	170.374708	0.0	1.272479	1.272479	90.0	0.178277	-0.060328	0.188208	-18.695665	89738.675343
390000.0	1.0	0.0	0.0	0.0	-90.0	0.0	0.0	0.0	151.231286	0.0	1.262818	1.262818	90.0	0.177955	-0.06099	0.188117	-18.918004	89737.237827
395000.0	1.0	0.0	0.0	0.0	-90.0	0.0	0.0	0.0	-158.526734	0.0	1.252451	1.252451	90.0	0.177621	-0.061647	0.188015	-19.140308	89735.792116
400000.0	1.0	0.0	0.0	0.0	-90.0	0.0	0.0	0.0	173.651221	0.0	1.241281	1.241281	90.0	0.177304	-0.06231	0.187934	-19.363099	89734.359247
405000.0	1.0	0.0	0.0	0.0	-90.0	0.0	0.0	0.0	96.129449	0.0	1.229101	1.229101	90.0	0.176965	-0.062961	0.187832	-19.584706	89732.924891
410000.0	1.0	0.0	0.0	0.0	-90.0	0.0	0.0	0.0	152.011992	0.0	1.215271	1.215271	90.0	0.176636	-0.063618	0.187743	-19.807113	89731.464594
415000.0	1.0	0.0	0.0	0.0	-90.0	0.0	0.0	0.0	-177.982927	0.0	1.200255	1.200255	90.0	0.176302	-0.064269	0.187651	-20.028914	89730.019531
420000.0	1.0	0.0	0.0	0.0	-90.0	0.0	0.0	0.0	-169.136574	0.0	1.183869	1.183869	90.0	0.17595	-0.064916	0.187543	-20.251271	89728.584398
425000.0	1.0	0.0	0.0	0.0	-90.0	0.0	0.0	0.0	103.234436	0.0	1.164879	1.164879	90.0	0.175607	-0.065564	0.187448	-20.473531	89727.117584
430000.0	1.0	0.0	0.0	0.0	-90.0	0.0	0.0	0.0	167.656904	0.0	1.144788	1.144788	90.0	0.175273	-0.066216	0.187363	-20.696001	89725.633531
435000.0	1.0	0.0	0.0	0.0	-90.0	0.0	0.0	0.0	98.622169	0.0	1.122035	1.122035	90.0	0.174923	-0.066859	0.187265	-20.917875	89724.183087
440000.0	1.0	0.0	0.0	0.0	-90.0	0.0	0.0	0.0	142.633075	0.0	1.096667	1.096667	90.0	0.17458	-0.067503	0.187175	-21.139403	89722.748578
445000.0	1.0	0.0	0.0	0.0	-90.0	0.0	0.0	0.0	112.087362	0.0	1.068522	1.068522	90.0	0.174228	-0.068145	0.187081	-21.361684	89721.310159
450000.0	1.0	0.0	0.0	0.0	-90.0	0.0	0.0	0.0	-168.180684	0.0	1.03483	1.03483	90.0	0.173889	-0.068788	0.187	-21.58305	89719.835103
455000.0	1.0	0.0	0.0	0.0	-90.0	0.0	0.0	0.0	-144.379833	0.0	0.984562	0.984562	90.0	0.17353	-0.069426	0.186903	-21.805487	89717.911377
460000.0	1.0	0.0	0.0	0.0	-90.0	0.0	0.0	0.0	139.740869	0.0	0.939176	0.939176	90.0	0.173169	-0.07006	0.186804	-22.027062	89716.463153
465000.0	1.0	0.0	0.0	0.0	-90.0	0.0	0.0	0.0	-149.740698	0.0	0.88666	0.88666	90.0	0.172803	-0.070691	0.186703	-22.248615	89715.011463
470000.0	1.0	0.0	0.0	0.0	-90.0	0.0	0.0	0.0	139.030906	0.0	0.82613	0.82613	90.0	0.172438	-0.071321	0.186605	-22.470167	89713.575034
475000.0	1.0	0.0	0.0	0.0	-90.0	0.0	0.0	0.0	103.186893	0.0	0.756449	0.756449	90.0	0.172092	-0.071949	0.186527	-22.688994	89712.103232
480000.0	1.0	0.0	0.0	0.0	-90.0	0.0	0.0	0.0	-176.486345	0.0	0.679819	0.679819	90.0	0.171724	-0.072591	0.186436	-22.914736	89710.649049
485000.0	1.0	0.0	0.0	0.0	-90.0	0.0	0.0	0.0	173.47706	0.0	0.611312	0.611312	90.0	0.171358	-0.073216	0.186344	-23.135486	89709.190646
490000.0	1.0	0.0	0.0	0.0	-90.0	0.0	0.0	0.0	129.22031	0.0	0.505569	0.505569	90.0	0.170982	-0.073839	0.186244	-23.357261	89707.733647
495000.0	1.0	0.0	0.0	0.0	-90.0	0.0	0.0	0.0	166.892493	0.0	0.446504	0.446504	90.0	0.170612	-0.074461	0.186153	-23.578082	89706.291752
500000.0	1.0	0.0	0.0	0.0	-90.0	0.0	0.0	0.0	133.159552	0.0	0.406652	0.406652	90.0	0.170205	-0.07508	0.186029	-23.803059	89704.81464
