# Oscilator_frequency (Hz)	DemodAll_A (-)	Demod_1_X_A (A)	Demod_1_Y_A (A)	Demod_1__R_A (A)	Demod_1__Theta_A (deg)	Demod_2_X_A (A)	Demod_2_Y_A (A)	Demod_2__R_A (A)	Demod_2__Theta_A (deg)	Demod_3_X_A (V)	Demod_3_Y_A (V)	Demod_3__R_A (V)	Demod_3__Theta_A (deg)	Demod_4_X_A (V)	Demod_4_Y_A (V)	Demod_4__R_A (V)	Demod_4__Theta_A (deg)	Timer_GET (s)	
5000.000000	 1.000000	 0.000000	 -0.000000	 0.000000	 -90.000000	 1.547731	 -0.011255	 1.547772	 -0.416638	 0.000000	 0.020383	 0.020383	 90.000000	 1.547731	 -0.011255	 1.547772	 -0.416638	 173427.119739	
4979.923695	 1.000000	 0.000000	 -0.000000	 0.000000	 -90.000000	 1.547755	 -0.011250	 1.547795	 -0.416467	 0.000000	 0.017595	 0.017595	 90.000000	 1.547755	 -0.011250	 1.547795	 -0.416467	 173428.527978	
4959.847390	 1.000000	 0.000000	 -0.000000	 0.000000	 -90.000000	 1.547818	 -0.011248	 1.547859	 -0.416352	 0.000000	 0.016224	 0.016224	 90.000000	 1.547819	 -0.011248	 1.547859	 -0.416347	 173429.977326	
4939.771084	 1.000000	 0.000000	 -0.000000	 0.000000	 -90.000000	 1.547842	 -0.011234	 1.547883	 -0.415854	 0.000000	 0.015020	 0.015020	 90.000000	 1.547842	 -0.011234	 1.547883	 -0.415854	 173431.420866	
4919.694779	 1.000000	 0.000000	 -0.000000	 0.000000	 -90.000000	 1.547853	 -0.011236	 1.547894	 -0.415900	 0.000000	 0.013951	 0.013951	 90.000000	 1.547853	 -0.011236	 1.547894	 -0.415900	 173432.832443	
4899.618474	 1.000000	 0.000000	 -0.000000	 0.000000	 -90.000000	 1.547885	 -0.011232	 1.547926	 -0.415753	 0.000000	 0.012971	 0.012971	 90.000000	 1.547885	 -0.011232	 1.547926	 -0.415753	 173434.284495	
4879.542169	 1.000000	 0.000000	 -0.000000	 0.000000	 -90.000000	 1.547938	 -0.011230	 1.547979	 -0.415675	 0.000000	 0.011304	 0.011304	 90.000000	 1.547938	 -0.011230	 1.547979	 -0.415675	 173435.755616	
4859.465863	 1.000000	 0.000000	 -0.000000	 0.000000	 -90.000000	 1.547947	 -0.011228	 1.547988	 -0.415603	 0.000000	 0.013630	 0.013630	 90.000000	 1.547947	 -0.011228	 1.547988	 -0.415603	 173437.228633	
4839.389558	 1.000000	 0.000000	 -0.000000	 0.000000	 -90.000000	 1.548002	 -0.011223	 1.548043	 -0.415376	 0.000000	 0.011347	 0.011347	 90.000000	 1.548002	 -0.011223	 1.548043	 -0.415376	 173438.693605	
4819.313253	 1.000000	 0.000000	 -0.000000	 0.000000	 -90.000000	 1.548027	 -0.011221	 1.548068	 -0.415297	 0.000000	 0.010560	 0.010560	 90.000000	 1.548027	 -0.011221	 1.548068	 -0.415297	 173440.126852	
4799.236948	 1.000000	 0.000000	 -0.000001	 0.000001	 -90.000000	 1.548003	 -0.011214	 1.548043	 -0.415045	 0.000000	 0.010072	 0.010072	 90.000000	 1.548003	 -0.011214	 1.548043	 -0.415045	 173441.570535	
4779.160643	 1.000000	 0.000000	 -0.000000	 0.000000	 -90.000000	 1.548043	 -0.011209	 1.548083	 -0.414861	 0.000000	 0.009540	 0.009540	 90.000000	 1.548043	 -0.011209	 1.548083	 -0.414861	 173443.008838	
4759.084337	 1.000000	 0.000000	 -0.000000	 0.000000	 -90.000000	 1.548056	 -0.011207	 1.548096	 -0.414777	 0.000000	 0.007341	 0.007341	 90.000000	 1.548056	 -0.011207	 1.548096	 -0.414777	 173444.450135	
4739.008032	 1.000000	 0.000000	 -0.000000	 0.000000	 -90.000000	 1.548042	 -0.011204	 1.548083	 -0.414661	 0.000000	 0.008767	 0.008767	 90.000000	 1.548042	 -0.011204	 1.548083	 -0.414680	 173445.905931	
4718.931727	 1.000000	 0.000000	 -0.000000	 0.000000	 -90.000000	 1.548084	 -0.011198	 1.548124	 -0.414431	 0.000000	 0.007804	 0.007804	 90.000000	 1.548084	 -0.011198	 1.548124	 -0.414431	 173447.413875	
4698.855422	 1.000000	 0.000000	 -0.000000	 0.000000	 -90.000000	 1.548116	 -0.011196	 1.548156	 -0.414374	 0.000000	 0.007373	 0.007373	 90.000000	 1.548116	 -0.011196	 1.548156	 -0.414374	 173448.878203	
4678.779116	 1.000000	 0.000000	 -0.000000	 0.000000	 -90.000000	 1.548152	 -0.011193	 1.548192	 -0.414221	 0.000000	 0.007068	 0.007068	 90.000000	 1.548152	 -0.011193	 1.548192	 -0.414221	 173450.334720	
4658.702811	 1.000000	 0.000000	 -0.000000	 0.000000	 -90.000000	 1.548184	 -0.011184	 1.548225	 -0.413895	 0.000000	 0.006790	 0.006790	 90.000000	 1.548184	 -0.011184	 1.548225	 -0.413895	 173451.780695	
4638.626506	 1.000000	 0.000000	 -0.000000	 0.000000	 -90.000000	 1.548209	 -0.011181	 1.548249	 -0.413760	 0.000000	 0.006493	 0.006493	 90.000000	 1.548209	 -0.011181	 1.548249	 -0.413760	 173453.239098	
4618.550201	 1.000000	 0.000000	 -0.000000	 0.000000	 -90.000000	 1.548225	 -0.011179	 1.548265	 -0.413701	 0.000000	 0.006255	 0.006255	 90.000000	 1.548225	 -0.011179	 1.548265	 -0.413701	 173454.696655	
4598.473896	 1.000000	 0.000000	 -0.000000	 0.000000	 -90.000000	 1.548199	 -0.011176	 1.548239	 -0.413583	 0.000000	 0.005981	 0.005981	 90.000000	 1.548199	 -0.011176	 1.548239	 -0.413583	 173456.129879	
4578.397590	 1.000000	 0.000000	 -0.000000	 0.000000	 -90.000000	 1.548305	 -0.011171	 1.548346	 -0.413384	 0.000000	 0.005712	 0.005712	 90.000000	 1.548305	 -0.011171	 1.548346	 -0.413384	 173457.584044	
4558.321285	 1.000000	 0.000000	 -0.000000	 0.000000	 -90.000000	 1.548318	 -0.011169	 1.548358	 -0.413318	 0.000000	 0.005498	 0.005498	 90.000000	 1.548318	 -0.011169	 1.548358	 -0.413318	 173459.011119	
4538.244980	 1.000000	 0.000000	 -0.000000	 0.000000	 -90.000000	 1.548277	 -0.011165	 1.548317	 -0.413168	 0.000000	 0.005339	 0.005339	 90.000000	 1.548277	 -0.011165	 1.548317	 -0.413168	 173460.448061	
4518.168675	 1.000000	 0.000000	 -0.000000	 0.000000	 -90.000000	 1.548281	 -0.011159	 1.548321	 -0.412927	 0.000000	 0.005152	 0.005152	 90.000000	 1.548281	 -0.011159	 1.548321	 -0.412927	 173461.894556	
4498.092369	 1.000000	 0.000000	 -0.000000	 0.000000	 -90.000000	 1.548342	 -0.011158	 1.548382	 -0.412906	 0.000000	 0.004967	 0.004967	 90.000000	 1.548342	 -0.011158	 1.548382	 -0.412906	 173463.309889	
4478.016064	 1.000000	 0.000000	 -0.000000	 0.000000	 -90.000000	 1.548404	 -0.011155	 1.548444	 -0.412777	 0.000000	 0.004830	 0.004830	 90.000000	 1.548402	 -0.011155	 1.548442	 -0.412774	 173464.750943	
4457.939759	 1.000000	 0.000000	 -0.000000	 0.000000	 -90.000000	 1.548379	 -0.011153	 1.548419	 -0.412706	 0.000000	 0.004675	 0.004675	 90.000000	 1.548379	 -0.011153	 1.548419	 -0.412706	 173466.186301	
4437.863454	 1.000000	 0.000000	 -0.000000	 0.000000	 -90.000000	 1.548425	 -0.011152	 1.548466	 -0.412643	 0.000000	 0.004599	 0.004599	 90.000000	 1.548425	 -0.011152	 1.548466	 -0.412643	 173467.642154	
4417.787149	 1.000000	 0.000000	 -0.000000	 0.000000	 -90.000000	 1.548444	 -0.011143	 1.548484	 -0.412306	 0.000000	 0.004341	 0.004341	 90.000000	 1.548444	 -0.011143	 1.548484	 -0.412305	 173469.087872	
4397.710843	 1.000000	 0.000000	 -0.000000	 0.000000	 -90.000000	 1.548513	 -0.011140	 1.548553	 -0.412193	 0.000000	 0.004376	 0.004376	 90.000000	 1.548513	 -0.011140	 1.548553	 -0.412193	 173470.541093	
4377.634538	 1.000000	 0.000000	 -0.000000	 0.000000	 -90.000000	 1.548508	 -0.011142	 1.548548	 -0.412264	 0.000000	 0.004010	 0.004010	 90.000000	 1.548508	 -0.011142	 1.548548	 -0.412264	 173471.995511	
4357.558233	 1.000000	 0.000000	 -0.000000	 0.000000	 -90.000000	 1.548584	 -0.011138	 1.548624	 -0.412068	 0.000000	 0.004038	 0.004038	 90.000000	 1.548584	 -0.011138	 1.548624	 -0.412068	 173473.464472	
4337.481928	 1.000000	 0.000000	 -0.000000	 0.000000	 -90.000000	 1.548556	 -0.011133	 1.548596	 -0.411906	 0.000000	 0.003888	 0.003888	 90.000000	 1.548556	 -0.011133	 1.548596	 -0.411906	 173474.920307	
4317.405622	 1.000000	 0.000000	 -0.000000	 0.000000	 -90.000000	 1.548523	 -0.011137	 1.548563	 -0.412059	 0.000000	 0.008088	 0.008088	 90.000000	 1.548523	 -0.011137	 1.548563	 -0.412059	 173476.369613	
4297.329317	 1.000000	 0.000000	 -0.000000	 0.000000	 -90.000000	 1.548599	 -0.011128	 1.548639	 -0.411703	 0.000000	 0.003760	 0.003760	 90.000000	 1.548599	 -0.011128	 1.548639	 -0.411704	 173477.813641	
4277.253012	 1.000000	 0.000000	 -0.000000	 0.000000	 -90.000000	 1.548666	 -0.011125	 1.548706	 -0.411586	 0.000000	 0.003547	 0.003547	 90.000000	 1.548666	 -0.011125	 1.548706	 -0.411586	 173479.257763	
4257.176707	 1.000000	 0.000000	 -0.000000	 0.000000	 -90.000000	 1.548648	 -0.011122	 1.548687	 -0.411462	 0.000000	 0.002989	 0.002989	 90.000000	 1.548648	 -0.011122	 1.548687	 -0.411462	 173480.693476	
4237.100402	 1.000000	 0.000000	 -0.000000	 0.000000	 -90.000000	 1.548666	 -0.011117	 1.548706	 -0.411301	 0.000000	 0.003237	 0.003237	 90.000000	 1.548666	 -0.011117	 1.548706	 -0.411301	 173482.148920	
4217.024096	 1.000000	 0.000000	 -0.000000	 0.000000	 -90.000000	 1.548681	 -0.011115	 1.548721	 -0.411215	 0.000000	 0.003289	 0.003289	 90.000000	 1.548681	 -0.011115	 1.548721	 -0.411215	 173483.615680	
4196.947791	 1.000000	 0.000000	 -0.000000	 0.000000	 -90.000000	 1.548717	 -0.011114	 1.548757	 -0.411179	 0.000000	 0.003214	 0.003214	 90.000000	 1.548717	 -0.011114	 1.548757	 -0.411179	 173485.073945	
4176.871486	 1.000000	 0.000000	 -0.000000	 0.000000	 -90.000000	 1.548797	 -0.011117	 1.548837	 -0.411248	 0.000000	 0.003091	 0.003091	 90.000000	 1.548797	 -0.011117	 1.548837	 -0.411248	 173486.481062	
4156.795181	 1.000000	 0.000000	 -0.000000	 0.000000	 -90.000000	 1.548776	 -0.011114	 1.548816	 -0.411147	 0.000000	 0.003086	 0.003086	 90.000000	 1.548776	 -0.011114	 1.548816	 -0.411147	 173487.925019	
4136.718876	 1.000000	 0.000000	 -0.000000	 0.000000	 -90.000000	 1.548762	 -0.011110	 1.548802	 -0.410993	 0.000000	 0.003002	 0.003002	 90.000000	 1.548762	 -0.011110	 1.548802	 -0.410993	 173489.394988	
4116.642570	 1.000000	 0.000000	 -0.000000	 0.000000	 -90.000000	 1.548801	 -0.011111	 1.548840	 -0.411024	 0.000000	 0.002921	 0.002921	 90.000000	 1.548801	 -0.011111	 1.548840	 -0.411024	 173490.832569	
4096.566265	 1.000000	 0.000000	 -0.000000	 0.000000	 -90.000000	 1.548834	 -0.011108	 1.548874	 -0.410909	 0.000000	 0.002919	 0.002919	 90.000000	 1.548834	 -0.011108	 1.548874	 -0.410909	 173492.297800	
4076.489960	 1.000000	 0.000000	 -0.000000	 0.000000	 -90.000000	 1.548860	 -0.011105	 1.548900	 -0.410808	 0.000000	 0.002851	 0.002851	 90.000000	 1.548860	 -0.011105	 1.548900	 -0.410808	 173493.737834	
4056.413655	 1.000000	 0.000000	 -0.000000	 0.000000	 -90.000000	 1.548894	 -0.011103	 1.548934	 -0.410692	 0.000000	 0.002802	 0.002802	 90.000000	 1.548894	 -0.011103	 1.548934	 -0.410692	 173495.204782	
4036.337349	 1.000000	 0.000000	 -0.000000	 0.000000	 -90.000000	 1.548931	 -0.011102	 1.548970	 -0.410650	 0.000000	 0.002808	 0.002808	 90.000000	 1.548932	 -0.011102	 1.548972	 -0.410643	 173496.653542	
4016.261044	 1.000000	 0.000000	 -0.000000	 0.000000	 -90.000000	 1.548957	 -0.011101	 1.548996	 -0.410605	 0.000000	 0.002761	 0.002761	 90.000000	 1.548957	 -0.011101	 1.548996	 -0.410605	 173498.061819	
3996.184739	 1.000000	 0.000000	 -0.000000	 0.000000	 -90.000000	 1.549032	 -0.011090	 1.549072	 -0.410196	 0.000000	 0.002692	 0.002692	 90.000000	 1.549032	 -0.011090	 1.549072	 -0.410196	 173499.480122	
3976.108434	 1.000000	 0.000000	 -0.000000	 0.000000	 -90.000000	 1.549063	 -0.011097	 1.549102	 -0.410438	 0.000000	 0.002645	 0.002645	 90.000000	 1.549063	 -0.011097	 1.549102	 -0.410438	 173500.894720	
3956.032129	 1.000000	 0.000000	 -0.000000	 0.000000	 -90.000000	 1.549054	 -0.011094	 1.549093	 -0.410344	 0.000000	 0.002689	 0.002689	 90.000000	 1.549054	 -0.011094	 1.549093	 -0.410344	 173502.318038	
3935.955823	 1.000000	 0.000000	 -0.000000	 0.000000	 -90.000000	 1.549098	 -0.011095	 1.549138	 -0.410346	 0.000000	 0.002597	 0.002597	 90.000000	 1.549097	 -0.011095	 1.549136	 -0.410344	 173503.755996	
3915.879518	 1.000000	 0.000000	 -0.000000	 0.000000	 -90.000000	 1.549124	 -0.011096	 1.549163	 -0.410374	 0.000000	 0.002551	 0.002551	 90.000000	 1.549124	 -0.011096	 1.549163	 -0.410374	 173505.186205	
3895.803213	 1.000000	 0.000000	 -0.000000	 0.000000	 -90.000000	 1.549190	 -0.011093	 1.549229	 -0.410257	 0.000000	 0.002523	 0.002523	 90.000000	 1.549190	 -0.011093	 1.549229	 -0.410257	 173506.645939	
3875.726908	 1.000000	 0.000000	 -0.000000	 0.000000	 -90.000000	 1.549179	 -0.011090	 1.549219	 -0.410139	 0.000000	 0.002497	 0.002497	 90.000000	 1.549179	 -0.011090	 1.549219	 -0.410139	 173508.083236	
3855.650602	 1.000000	 0.000000	 -0.000000	 0.000000	 -90.000000	 1.549228	 -0.011087	 1.549267	 -0.410032	 0.000000	 0.002432	 0.002432	 90.000000	 1.549228	 -0.011087	 1.549267	 -0.410032	 173509.519295	
3835.574297	 1.000000	 0.000000	 -0.000000	 0.000000	 -90.000000	 1.549292	 -0.011085	 1.549331	 -0.409945	 0.000000	 0.002438	 0.002438	 90.000000	 1.549292	 -0.011085	 1.549331	 -0.409945	 173511.048021	
3815.497992	 1.000000	 0.000000	 -0.000000	 0.000000	 -90.000000	 1.549283	 -0.011085	 1.549322	 -0.409922	 0.000000	 0.002400	 0.002400	 90.000000	 1.549283	 -0.011085	 1.549322	 -0.409922	 173512.489132	
3795.421687	 1.000000	 0.000000	 -0.000000	 0.000000	 -90.000000	 1.549324	 -0.011081	 1.549363	 -0.409798	 0.000000	 0.001471	 0.001471	 90.000000	 1.549324	 -0.011081	 1.549363	 -0.409798	 173513.891920	
3775.345382	 1.000000	 0.000000	 -0.000000	 0.000000	 -90.000000	 1.549313	 -0.011085	 1.549352	 -0.409929	 0.000000	 0.006688	 0.006688	 90.000000	 1.549313	 -0.011085	 1.549352	 -0.409929	 173515.344429	
3755.269076	 1.000000	 0.000000	 -0.000000	 0.000000	 -90.000000	 1.549335	 -0.011086	 1.549375	 -0.409946	 0.000000	 0.005279	 0.005279	 90.000000	 1.549335	 -0.011086	 1.549375	 -0.409946	 173516.796539	
3735.192771	 1.000000	 0.000000	 -0.000000	 0.000000	 -90.000000	 1.549261	 -0.011092	 1.549301	 -0.410188	 0.000000	 0.002658	 0.002658	 90.000000	 1.549261	 -0.011092	 1.549300	 -0.410204	 173518.260087	
3715.116466	 1.000000	 0.000000	 -0.000000	 0.000000	 -90.000000	 1.549341	 -0.011093	 1.549380	 -0.410239	 0.000000	 0.002498	 0.002498	 90.000000	 1.549341	 -0.011093	 1.549380	 -0.410239	 173519.727304	
3695.040161	 1.000000	 0.000000	 -0.000000	 0.000000	 -90.000000	 1.549338	 -0.011083	 1.549378	 -0.409839	 0.000000	 0.003127	 0.003127	 90.000000	 1.549338	 -0.011083	 1.549378	 -0.409839	 173521.206149	
3674.963855	 1.000000	 0.000000	 -0.000000	 0.000000	 -90.000000	 1.549444	 -0.011086	 1.549484	 -0.409951	 0.000000	 0.002571	 0.002571	 90.000000	 1.549444	 -0.011086	 1.549484	 -0.409951	 173522.629828	
3654.887550	 1.000000	 0.000000	 -0.000000	 0.000000	 -90.000000	 1.549450	 -0.011091	 1.549489	 -0.410113	 0.000000	 0.002322	 0.002322	 90.000000	 1.549450	 -0.011091	 1.549489	 -0.410113	 173524.120904	
3634.811245	 1.000000	 0.000000	 -0.000000	 0.000000	 -90.000000	 1.549536	 -0.011089	 1.549575	 -0.410021	 0.000000	 0.002295	 0.002295	 90.000000	 1.549536	 -0.011089	 1.549575	 -0.410021	 173525.557274	
3614.734940	 1.000000	 0.000000	 -0.000000	 0.000000	 -90.000000	 1.549564	 -0.011081	 1.549604	 -0.409702	 0.000000	 0.002405	 0.002405	 90.000000	 1.549564	 -0.011081	 1.549604	 -0.409702	 173527.017647	
3594.658635	 1.000000	 0.000000	 -0.000000	 0.000000	 -90.000000	 1.549677	 -0.011089	 1.549717	 -0.409972	 0.000000	 0.002401	 0.002401	 90.000000	 1.549677	 -0.011089	 1.549717	 -0.409972	 173528.499711	
3574.582329	 1.000000	 0.000000	 -0.000000	 0.000000	 -90.000000	 1.549651	 -0.011085	 1.549691	 -0.409835	 0.000000	 0.002236	 0.002236	 90.000000	 1.549651	 -0.011085	 1.549691	 -0.409835	 173529.959951	
3554.506024	 1.000000	 0.000000	 -0.000000	 0.000000	 -90.000000	 1.549703	 -0.011079	 1.549742	 -0.409595	 0.000000	 0.002336	 0.002336	 90.000000	 1.549703	 -0.011079	 1.549742	 -0.409595	 173531.414082	
3534.429719	 1.000000	 0.000000	 -0.000000	 0.000000	 -90.000000	 1.549727	 -0.011090	 1.549767	 -0.409989	 0.000000	 0.002251	 0.002251	 90.000000	 1.549727	 -0.011090	 1.549767	 -0.409989	 173532.876981	
3514.353414	 1.000000	 0.000000	 -0.000000	 0.000000	 -90.000000	 1.549743	 -0.011091	 1.549783	 -0.410041	 0.000000	 0.002173	 0.002173	 90.000000	 1.549743	 -0.011091	 1.549783	 -0.410041	 173534.299899	
3494.277108	 1.000000	 0.000000	 -0.000000	 0.000000	 -90.000000	 1.549745	 -0.011087	 1.549785	 -0.409879	 0.000000	 0.002170	 0.002170	 90.000000	 1.549745	 -0.011087	 1.549785	 -0.409880	 173535.772543	
3474.200803	 1.000000	 0.000000	 -0.000000	 0.000000	 -90.000000	 1.549821	 -0.011089	 1.549861	 -0.409931	 0.000000	 0.002119	 0.002119	 90.000000	 1.549821	 -0.011089	 1.549861	 -0.409931	 173537.205590	
3454.124498	 1.000000	 0.000000	 -0.000000	 0.000000	 -90.000000	 1.549826	 -0.011087	 1.549866	 -0.409882	 0.000000	 0.001730	 0.001730	 90.000000	 1.549826	 -0.011087	 1.549866	 -0.409882	 173538.642697	
3434.048193	 1.000000	 0.000000	 -0.000000	 0.000000	 -90.000000	 1.549871	 -0.011091	 1.549910	 -0.410012	 0.000000	 0.002152	 0.002152	 90.000000	 1.549871	 -0.011091	 1.549910	 -0.410012	 173540.076580	
3413.971888	 1.000000	 0.000000	 -0.000000	 0.000000	 -90.000000	 1.549894	 -0.011090	 1.549933	 -0.409980	 0.000000	 0.001663	 0.001663	 90.000000	 1.549894	 -0.011090	 1.549933	 -0.409980	 173541.508730	
3393.895582	 1.000000	 0.000000	 -0.000000	 0.000000	 -90.000000	 1.549949	 -0.011096	 1.549989	 -0.410171	 0.000000	 0.002074	 0.002074	 90.000000	 1.549947	 -0.011096	 1.549986	 -0.410179	 173542.925701	
3373.819277	 1.000000	 0.000000	 -0.000000	 0.000000	 -90.000000	 1.549997	 -0.011093	 1.550036	 -0.410051	 0.000000	 0.002384	 0.002384	 90.000000	 1.549997	 -0.011093	 1.550036	 -0.410051	 173544.387272	
3353.742972	 1.000000	 0.000000	 -0.000000	 0.000000	 -90.000000	 1.550066	 -0.011096	 1.550106	 -0.410143	 0.000000	 0.002145	 0.002145	 90.000000	 1.550066	 -0.011096	 1.550106	 -0.410143	 173545.811389	
3333.666667	 1.000000	 0.000000	 -0.000000	 0.000000	 -90.000000	 1.550055	 -0.011096	 1.550095	 -0.410135	 0.000000	 0.002175	 0.002175	 90.000000	 1.550055	 -0.011096	 1.550095	 -0.410135	 173547.249608	
3313.590361	 1.000000	 0.000000	 -0.000000	 0.000000	 -90.000000	 1.550162	 -0.011097	 1.550202	 -0.410160	 0.000000	 0.002125	 0.002125	 90.000000	 1.550162	 -0.011097	 1.550202	 -0.410160	 173548.659068	
3293.514056	 1.000000	 0.000000	 -0.000000	 0.000000	 -90.000000	 1.550171	 -0.011094	 1.550211	 -0.410026	 0.000000	 0.002091	 0.002091	 90.000000	 1.550169	 -0.011093	 1.550209	 -0.410014	 173550.092841	
3273.437751	 1.000000	 0.000000	 -0.000000	 0.000000	 -90.000000	 1.550194	 -0.011097	 1.550233	 -0.410156	 0.000000	 0.002082	 0.002082	 90.000000	 1.550194	 -0.011097	 1.550234	 -0.410150	 173551.529782	
3253.361446	 1.000000	 0.000000	 -0.000000	 0.000000	 -90.000000	 1.550204	 -0.011095	 1.550244	 -0.410070	 0.000000	 0.002013	 0.002013	 90.000000	 1.550204	 -0.011095	 1.550244	 -0.410070	 173553.008801	
3233.285141	 1.000000	 0.000000	 -0.000000	 0.000000	 -90.000000	 1.550258	 -0.011100	 1.550298	 -0.410245	 0.000000	 0.001969	 0.001969	 90.000000	 1.550258	 -0.011100	 1.550298	 -0.410245	 173554.445130	
3213.208835	 1.000000	 0.000000	 -0.000000	 0.000000	 -90.000000	 1.550343	 -0.011104	 1.550383	 -0.410364	 0.000000	 0.002033	 0.002033	 90.000000	 1.550343	 -0.011104	 1.550383	 -0.410364	 173555.881444	
3193.132530	 1.000000	 0.000000	 -0.000000	 0.000000	 -90.000000	 1.550275	 -0.011104	 1.550314	 -0.410366	 0.000000	 0.002092	 0.002092	 90.000000	 1.550274	 -0.011105	 1.550314	 -0.410429	 173557.276803	
3173.056225	 1.000000	 0.000000	 -0.000000	 0.000000	 -90.000000	 1.550381	 -0.011110	 1.550421	 -0.410584	 0.000000	 0.002057	 0.002057	 90.000000	 1.550381	 -0.011110	 1.550421	 -0.410584	 173558.727880	
3152.979920	 1.000000	 0.000000	 -0.000000	 0.000000	 -90.000000	 1.550414	 -0.011112	 1.550454	 -0.410621	 0.000000	 0.001983	 0.001983	 90.000000	 1.550414	 -0.011112	 1.550454	 -0.410621	 173560.176742	
3132.903614	 1.000000	 0.000000	 -0.000000	 0.000000	 -90.000000	 1.550455	 -0.011112	 1.550494	 -0.410644	 0.000000	 0.002006	 0.002006	 90.000000	 1.550455	 -0.011112	 1.550494	 -0.410644	 173561.599623	
3112.827309	 1.000000	 0.000000	 -0.000000	 0.000000	 -90.000000	 1.550460	 -0.011109	 1.550500	 -0.410529	 0.000000	 0.002189	 0.002189	 90.000000	 1.550460	 -0.011109	 1.550500	 -0.410529	 173563.048761	
3092.751004	 1.000000	 0.000000	 -0.000000	 0.000000	 -90.000000	 1.550558	 -0.011120	 1.550598	 -0.410902	 0.000000	 0.002228	 0.002228	 90.000000	 1.550558	 -0.011120	 1.550598	 -0.410902	 173564.499174	
3072.674699	 1.000000	 0.000000	 -0.000000	 0.000000	 -90.000000	 1.550587	 -0.011118	 1.550627	 -0.410800	 0.000000	 0.001433	 0.001433	 90.000000	 1.550587	 -0.011118	 1.550627	 -0.410800	 173565.937477	
3052.598394	 1.000000	 0.000000	 -0.000000	 0.000000	 -90.000000	 1.550568	 -0.011119	 1.550607	 -0.410841	 0.000000	 0.001939	 0.001939	 90.000000	 1.550568	 -0.011119	 1.550607	 -0.410841	 173567.377890	
3032.522088	 1.000000	 0.000000	 -0.000000	 0.000000	 -90.000000	 1.550647	 -0.011121	 1.550687	 -0.410912	 0.000000	 0.001982	 0.001982	 90.000000	 1.550647	 -0.011121	 1.550687	 -0.410912	 173568.834353	
3012.445783	 1.000000	 0.000000	 -0.000000	 0.000000	 -90.000000	 1.550731	 -0.011121	 1.550771	 -0.410879	 0.000000	 0.001972	 0.001972	 90.000000	 1.550731	 -0.011121	 1.550771	 -0.410879	 173570.279368	
2992.369478	 1.000000	 0.000000	 -0.000000	 0.000000	 -90.000000	 1.550768	 -0.011130	 1.550808	 -0.411215	 0.000000	 0.001933	 0.001933	 90.000000	 1.550767	 -0.011130	 1.550807	 -0.411210	 173571.703979	
2972.293173	 1.000000	 0.000000	 -0.000000	 0.000000	 -90.000000	 1.550810	 -0.011133	 1.550850	 -0.411291	 0.000000	 0.002031	 0.002031	 90.000000	 1.550812	 -0.011132	 1.550852	 -0.411279	 173573.135009	
2952.216867	 1.000000	 0.000000	 -0.000000	 0.000000	 -90.000000	 1.550834	 -0.011138	 1.550874	 -0.411471	 0.000000	 0.001973	 0.001973	 90.000000	 1.550834	 -0.011138	 1.550874	 -0.411471	 173574.617161	
2932.140562	 1.000000	 0.000000	 -0.000000	 0.000000	 -90.000000	 1.550878	 -0.011135	 1.550918	 -0.411362	 0.000000	 0.001932	 0.001932	 90.000000	 1.550878	 -0.011135	 1.550918	 -0.411362	 173576.049076	
2912.064257	 1.000000	 0.000000	 -0.000000	 0.000000	 -90.000000	 1.550925	 -0.011137	 1.550965	 -0.411425	 0.000000	 0.001893	 0.001893	 90.000000	 1.550925	 -0.011137	 1.550965	 -0.411425	 173577.478916	
2891.987952	 1.000000	 0.000000	 -0.000000	 0.000000	 -90.000000	 1.551032	 -0.011141	 1.551072	 -0.411549	 0.000000	 0.001987	 0.001987	 90.000000	 1.551032	 -0.011141	 1.551072	 -0.411555	 173578.899452	
2871.911647	 1.000000	 0.000000	 -0.000000	 0.000000	 -90.000000	 1.551046	 -0.011149	 1.551086	 -0.411823	 0.000000	 0.001946	 0.001946	 90.000000	 1.551046	 -0.011149	 1.551086	 -0.411823	 173580.364117	
2851.835341	 1.000000	 0.000000	 -0.000000	 0.000000	 -90.000000	 1.551071	 -0.011154	 1.551111	 -0.412027	 0.000000	 0.001967	 0.001967	 90.000000	 1.551071	 -0.011154	 1.551111	 -0.412027	 173581.817051	
2831.759036	 1.000000	 0.000000	 -0.000000	 0.000000	 -90.000000	 1.551112	 -0.011154	 1.551152	 -0.412015	 0.000000	 0.001887	 0.001887	 90.000000	 1.551109	 -0.011154	 1.551150	 -0.412018	 173583.258831	
2811.682731	 1.000000	 0.000000	 -0.000000	 0.000000	 -90.000000	 1.551155	 -0.011160	 1.551195	 -0.412220	 0.000000	 0.001931	 0.001931	 90.000000	 1.551158	 -0.011160	 1.551198	 -0.412206	 173584.692659	
2791.606426	 1.000000	 0.000000	 -0.000000	 0.000000	 -90.000000	 1.551204	 -0.011162	 1.551244	 -0.412277	 0.000000	 0.001896	 0.001896	 90.000000	 1.551204	 -0.011162	 1.551244	 -0.412277	 173586.139040	
2771.530120	 1.000000	 0.000000	 -0.000000	 0.000000	 -90.000000	 1.551277	 -0.011161	 1.551318	 -0.412230	 0.000000	 0.001807	 0.001807	 90.000000	 1.551277	 -0.011161	 1.551318	 -0.412230	 173587.539251	
2751.453815	 1.000000	 0.000000	 -0.000000	 0.000000	 -90.000000	 1.551373	 -0.011164	 1.551413	 -0.412299	 0.000000	 0.001920	 0.001920	 90.000000	 1.551371	 -0.011164	 1.551411	 -0.412318	 173588.965014	
2731.377510	 1.000000	 0.000000	 -0.000000	 0.000000	 -90.000000	 1.551398	 -0.011176	 1.551438	 -0.412727	 0.000000	 0.001781	 0.001781	 90.000000	 1.551398	 -0.011176	 1.551438	 -0.412727	 173590.406098	
2711.301205	 1.000000	 0.000000	 -0.000000	 0.000000	 -90.000000	 1.551397	 -0.011173	 1.551437	 -0.412633	 0.000000	 0.001776	 0.001776	 90.000000	 1.551398	 -0.011174	 1.551438	 -0.412650	 173591.878264	
2691.224900	 1.000000	 0.000000	 -0.000000	 0.000000	 -90.000000	 1.551470	 -0.011183	 1.551510	 -0.412986	 0.000000	 0.001731	 0.001731	 90.000000	 1.551470	 -0.011183	 1.551510	 -0.412986	 173593.310737	
2671.148594	 1.000000	 0.000000	 -0.000000	 0.000000	 -90.000000	 1.551566	 -0.011184	 1.551607	 -0.412993	 0.000000	 0.001761	 0.001761	 90.000000	 1.551566	 -0.011184	 1.551607	 -0.412993	 173594.766935	
2651.072289	 1.000000	 0.000000	 -0.000000	 0.000000	 -90.000000	 1.551657	 -0.011170	 1.551698	 -0.412434	 0.000000	 0.001746	 0.001746	 90.000000	 1.551657	 -0.011170	 1.551698	 -0.412434	 173596.212943	
2630.995984	 1.000000	 0.000000	 -0.000000	 0.000000	 -90.000000	 1.551680	 -0.011197	 1.551720	 -0.413427	 0.000000	 0.001720	 0.001720	 90.000000	 1.551680	 -0.011197	 1.551720	 -0.413427	 173597.661650	
2610.919679	 1.000000	 0.000000	 -0.000000	 0.000000	 -90.000000	 1.551683	 -0.011202	 1.551723	 -0.413638	 0.000000	 0.001781	 0.001781	 90.000000	 1.551684	 -0.011202	 1.551724	 -0.413631	 173599.131402	
2590.843373	 1.000000	 0.000000	 -0.000000	 0.000000	 -90.000000	 1.551765	 -0.011206	 1.551806	 -0.413742	 0.000000	 0.001728	 0.001728	 90.000000	 1.551764	 -0.011205	 1.551805	 -0.413731	 173600.588387	
2570.767068	 1.000000	 0.000000	 -0.000000	 0.000000	 -90.000000	 1.551783	 -0.011212	 1.551823	 -0.413984	 0.000000	 0.001816	 0.001816	 90.000000	 1.551782	 -0.011212	 1.551823	 -0.413973	 173602.006071	
2550.690763	 1.000000	 0.000000	 -0.000000	 0.000000	 -90.000000	 1.551870	 -0.011218	 1.551910	 -0.414179	 0.000000	 0.001797	 0.001797	 90.000000	 1.551870	 -0.011218	 1.551910	 -0.414179	 173603.439100	
2530.614458	 1.000000	 0.000000	 -0.000000	 0.000000	 -90.000000	 1.551876	 -0.011222	 1.551916	 -0.414296	 0.000000	 0.001761	 0.001761	 90.000000	 1.551876	 -0.011222	 1.551916	 -0.414296	 173604.900796	
2510.538153	 1.000000	 0.000000	 -0.000000	 0.000000	 -90.000000	 1.551961	 -0.011226	 1.552002	 -0.414430	 0.000000	 0.001693	 0.001693	 90.000000	 1.551961	 -0.011226	 1.552002	 -0.414430	 173606.335084	
2490.461847	 1.000000	 0.000000	 -0.000000	 0.000000	 -90.000000	 1.552012	 -0.011236	 1.552053	 -0.414775	 0.000000	 0.001721	 0.001721	 90.000000	 1.552012	 -0.011236	 1.552053	 -0.414775	 173607.761139	
2470.385542	 1.000000	 0.000000	 -0.000000	 0.000000	 -90.000000	 1.552117	 -0.011249	 1.552157	 -0.415233	 0.000000	 0.001748	 0.001748	 90.000000	 1.552117	 -0.011249	 1.552157	 -0.415233	 173609.249065	
2450.309237	 1.000000	 0.000000	 -0.000000	 0.000000	 -90.000000	 1.552098	 -0.011255	 1.552138	 -0.415455	 0.000000	 0.001701	 0.001701	 90.000000	 1.552097	 -0.011254	 1.552137	 -0.415443	 173610.710296	
2430.232932	 1.000000	 0.000000	 -0.000000	 0.000000	 -90.000000	 1.552194	 -0.011256	 1.552235	 -0.415465	 0.000000	 0.001681	 0.001681	 90.000000	 1.552194	 -0.011256	 1.552235	 -0.415469	 173612.183032	
2410.156627	 1.000000	 0.000000	 -0.000000	 0.000000	 -90.000000	 1.552299	 -0.011252	 1.552340	 -0.415296	 0.000000	 0.001719	 0.001719	 90.000000	 1.552299	 -0.011252	 1.552340	 -0.415296	 173613.599731	
2390.080321	 1.000000	 0.000000	 -0.000000	 0.000000	 -90.000000	 1.552272	 -0.011270	 1.552313	 -0.415996	 0.000000	 0.001847	 0.001847	 90.000000	 1.552272	 -0.011270	 1.552313	 -0.415996	 173615.038741	
2370.004016	 1.000000	 0.000000	 -0.000000	 0.000000	 -90.000000	 1.552317	 -0.011278	 1.552358	 -0.416245	 0.000000	 0.001694	 0.001694	 90.000000	 1.552318	 -0.011277	 1.552359	 -0.416241	 173616.457582	
2349.927711	 1.000000	 0.000000	 -0.000000	 0.000000	 -90.000000	 1.552441	 -0.011282	 1.552482	 -0.416360	 0.000000	 0.001836	 0.001836	 90.000000	 1.552441	 -0.011282	 1.552482	 -0.416360	 173617.878383	
2329.851406	 1.000000	 0.000000	 -0.000000	 0.000000	 -90.000000	 1.552498	 -0.011286	 1.552539	 -0.416526	 0.000000	 0.001843	 0.001843	 90.000000	 1.552498	 -0.011286	 1.552539	 -0.416526	 173619.336137	
2309.775100	 1.000000	 0.000000	 -0.000000	 0.000000	 -90.000000	 1.552578	 -0.011293	 1.552619	 -0.416754	 0.000000	 0.001797	 0.001797	 90.000000	 1.552578	 -0.011293	 1.552619	 -0.416754	 173620.777799	
2289.698795	 1.000000	 0.000000	 -0.000000	 0.000000	 -90.000000	 1.552598	 -0.011308	 1.552639	 -0.417293	 0.000000	 0.001824	 0.001824	 90.000000	 1.552598	 -0.011308	 1.552639	 -0.417293	 173622.213949	
2269.622490	 1.000000	 0.000000	 -0.000000	 0.000000	 -90.000000	 1.552656	 -0.011310	 1.552697	 -0.417354	 0.000000	 0.001814	 0.001814	 90.000000	 1.552656	 -0.011310	 1.552697	 -0.417354	 173623.656439	
2249.546185	 1.000000	 0.000000	 -0.000000	 0.000000	 -90.000000	 1.552796	 -0.011336	 1.552838	 -0.418265	 0.000000	 0.001792	 0.001792	 90.000000	 1.552796	 -0.011336	 1.552838	 -0.418265	 173625.095536	
2229.469880	 1.000000	 0.000000	 -0.000000	 0.000000	 -90.000000	 1.552801	 -0.011322	 1.552842	 -0.417760	 0.000000	 0.001661	 0.001661	 90.000000	 1.552802	 -0.011322	 1.552843	 -0.417773	 173626.543751	
2209.393574	 1.000000	 0.000000	 -0.000000	 0.000000	 -90.000000	 1.552900	 -0.011343	 1.552942	 -0.418495	 0.000000	 0.001671	 0.001671	 90.000000	 1.552900	 -0.011343	 1.552942	 -0.418495	 173627.952300	
2189.317269	 1.000000	 0.000000	 -0.000000	 0.000000	 -90.000000	 1.552951	 -0.011339	 1.552992	 -0.418341	 0.000000	 0.001697	 0.001697	 90.000000	 1.552951	 -0.011339	 1.552992	 -0.418341	 173629.379765	
2169.240964	 1.000000	 0.000000	 -0.000000	 0.000000	 -90.000000	 1.553024	 -0.011338	 1.553065	 -0.418297	 0.000000	 0.001676	 0.001676	 90.000000	 1.553024	 -0.011338	 1.553065	 -0.418297	 173630.807244	
2149.164659	 1.000000	 0.000000	 -0.000000	 0.000000	 -90.000000	 1.553104	 -0.011334	 1.553146	 -0.418115	 0.000000	 0.001684	 0.001684	 90.000000	 1.553104	 -0.011334	 1.553145	 -0.418120	 173632.221541	
2129.088353	 1.000000	 0.000000	 -0.000000	 0.000000	 -90.000000	 1.553111	 -0.011363	 1.553153	 -0.419179	 0.000000	 0.001657	 0.001657	 90.000000	 1.553111	 -0.011363	 1.553153	 -0.419179	 173633.656785	
2109.012048	 1.000000	 0.000000	 -0.000000	 0.000000	 -90.000000	 1.553175	 -0.011369	 1.553216	 -0.419373	 0.000000	 0.001665	 0.001665	 90.000000	 1.553175	 -0.011369	 1.553216	 -0.419373	 173635.098446	
2088.935743	 1.000000	 0.000000	 -0.000000	 0.000000	 -90.000000	 1.553260	 -0.011372	 1.553301	 -0.419472	 0.000000	 0.001688	 0.001688	 90.000000	 1.553260	 -0.011372	 1.553301	 -0.419472	 173636.542584	
2068.859438	 1.000000	 0.000000	 -0.000000	 0.000000	 -90.000000	 1.553372	 -0.011388	 1.553414	 -0.420037	 0.000000	 0.001665	 0.001665	 90.000000	 1.553372	 -0.011388	 1.553414	 -0.420040	 173638.006326	
2048.783133	 1.000000	 0.000000	 -0.000000	 0.000000	 -90.000000	 1.553463	 -0.011367	 1.553504	 -0.419252	 0.000000	 0.001687	 0.001687	 90.000000	 1.553463	 -0.011367	 1.553504	 -0.419252	 173639.443429	
2028.706827	 1.000000	 0.000000	 -0.000000	 0.000000	 -90.000000	 1.553551	 -0.011394	 1.553593	 -0.420212	 0.000000	 0.001683	 0.001683	 90.000000	 1.553551	 -0.011394	 1.553593	 -0.420212	 173640.890012	
2008.630522	 1.000000	 0.000000	 -0.000000	 0.000000	 -90.000000	 1.553594	 -0.011404	 1.553636	 -0.420555	 0.000000	 0.001629	 0.001629	 90.000000	 1.553594	 -0.011404	 1.553636	 -0.420555	 173642.337474	
1988.554217	 1.000000	 0.000000	 -0.000000	 0.000000	 -90.000000	 1.553701	 -0.011417	 1.553743	 -0.421000	 0.000000	 0.001617	 0.001617	 90.000000	 1.553701	 -0.011417	 1.553743	 -0.421000	 173643.790615	
1968.477912	 1.000000	 0.000000	 -0.000000	 0.000000	 -90.000000	 1.553784	 -0.011435	 1.553826	 -0.421658	 0.000000	 0.001614	 0.001614	 90.000000	 1.553782	 -0.011435	 1.553824	 -0.421653	 173645.258434	
1948.401606	 1.000000	 0.000000	 -0.000000	 0.000000	 -90.000000	 1.553887	 -0.011485	 1.553929	 -0.423491	 0.000000	 0.001634	 0.001634	 90.000000	 1.553887	 -0.011485	 1.553929	 -0.423491	 173646.726214	
1928.325301	 1.000000	 0.000000	 -0.000000	 0.000000	 -90.000000	 1.553915	 -0.011449	 1.553957	 -0.422129	 0.000000	 0.001649	 0.001649	 90.000000	 1.553915	 -0.011449	 1.553957	 -0.422129	 173648.172272	
1908.248996	 1.000000	 0.000000	 -0.000000	 0.000000	 -90.000000	 1.554032	 -0.011459	 1.554074	 -0.422472	 0.000000	 0.001658	 0.001658	 90.000000	 1.554032	 -0.011459	 1.554074	 -0.422472	 173649.601776	
1888.172691	 1.000000	 0.000000	 -0.000000	 0.000000	 -90.000000	 1.554095	 -0.011471	 1.554137	 -0.422886	 0.000000	 0.001620	 0.001620	 90.000000	 1.554095	 -0.011471	 1.554137	 -0.422886	 173651.037526	
1868.096386	 1.000000	 0.000000	 -0.000000	 0.000000	 -90.000000	 1.554210	 -0.011465	 1.554252	 -0.422651	 0.000000	 0.001653	 0.001653	 90.000000	 1.554209	 -0.011465	 1.554251	 -0.422653	 173652.461495	
1848.020080	 1.000000	 0.000000	 -0.000000	 0.000000	 -90.000000	 1.554342	 -0.011503	 1.554384	 -0.424030	 0.000000	 0.001640	 0.001640	 90.000000	 1.554342	 -0.011503	 1.554384	 -0.424030	 173653.918463	
1827.943775	 1.000000	 0.000000	 -0.000000	 0.000000	 -90.000000	 1.554374	 -0.011499	 1.554416	 -0.423849	 0.000000	 0.001649	 0.001649	 90.000000	 1.554374	 -0.011499	 1.554417	 -0.423842	 173655.349115	
1807.867470	 1.000000	 0.000000	 -0.000000	 0.000000	 -90.000000	 1.554542	 -0.011512	 1.554584	 -0.424287	 0.000000	 0.001655	 0.001655	 90.000000	 1.554550	 -0.011508	 1.554593	 -0.424147	 173656.794497	
1787.791165	 1.000000	 0.000000	 -0.000000	 0.000000	 -90.000000	 1.554522	 -0.011503	 1.554565	 -0.423978	 0.000000	 0.001641	 0.001641	 90.000000	 1.554522	 -0.011503	 1.554565	 -0.423978	 173658.224509	
1767.714859	 1.000000	 0.000000	 -0.000000	 0.000000	 -90.000000	 1.554656	 -0.011527	 1.554699	 -0.424803	 0.000000	 0.002840	 0.002840	 90.000000	 1.554660	 -0.011527	 1.554702	 -0.424803	 173659.650942	
1747.638554	 1.000000	 0.000000	 -0.000000	 0.000000	 -90.000000	 1.554742	 -0.011528	 1.554784	 -0.424841	 0.000000	 0.001731	 0.001731	 90.000000	 1.554742	 -0.011528	 1.554784	 -0.424841	 173661.081664	
1727.562249	 1.000000	 0.000000	 -0.000000	 0.000000	 -90.000000	 1.554900	 -0.011530	 1.554943	 -0.424872	 0.000000	 0.001434	 0.001434	 90.000000	 1.554900	 -0.011530	 1.554943	 -0.424872	 173662.512071	
1707.485944	 1.000000	 0.000000	 -0.000000	 0.000000	 -90.000000	 1.554943	 -0.011558	 1.554986	 -0.425882	 0.000000	 0.001436	 0.001436	 90.000000	 1.554943	 -0.011558	 1.554986	 -0.425882	 173663.945258	
1687.409639	 1.000000	 0.000000	 -0.000000	 0.000000	 -90.000000	 1.555165	 -0.011538	 1.555208	 -0.425065	 0.000000	 0.001517	 0.001517	 90.000000	 1.555165	 -0.011538	 1.555208	 -0.425065	 173665.392904	
1667.333333	 1.000000	 0.000000	 -0.000000	 0.000000	 -90.000000	 1.555243	 -0.011534	 1.555286	 -0.424903	 0.000000	 0.001465	 0.001465	 90.000000	 1.555243	 -0.011534	 1.555286	 -0.424903	 173666.863707	
1647.257028	 1.000000	 0.000000	 -0.000000	 0.000000	 -90.000000	 1.555311	 -0.011605	 1.555354	 -0.427489	 0.000000	 0.001463	 0.001463	 90.000000	 1.555311	 -0.011605	 1.555354	 -0.427489	 173668.292690	
1627.180723	 1.000000	 0.000000	 -0.000000	 0.000000	 -90.000000	 1.555437	 -0.011570	 1.555480	 -0.426176	 0.000000	 0.001439	 0.001439	 90.000000	 1.555437	 -0.011570	 1.555480	 -0.426176	 173669.727593	
1607.104418	 1.000000	 0.000000	 -0.000000	 0.000000	 -90.000000	 1.555466	 -0.011623	 1.555509	 -0.428124	 0.000000	 0.001433	 0.001433	 90.000000	 1.555466	 -0.011620	 1.555510	 -0.427998	 173671.152924	
1587.028112	 1.000000	 0.000000	 -0.000000	 0.000000	 -90.000000	 1.555697	 -0.011612	 1.555740	 -0.427672	 0.000000	 0.001434	 0.001434	 90.000000	 1.555699	 -0.011613	 1.555742	 -0.427703	 173672.576991	
1566.951807	 1.000000	 0.000000	 -0.000000	 0.000000	 -90.000000	 1.555838	 -0.011571	 1.555881	 -0.426095	 0.000000	 0.001465	 0.001465	 90.000000	 1.555838	 -0.011571	 1.555881	 -0.426095	 173673.995980	
1546.875502	 1.000000	 0.000000	 -0.000000	 0.000000	 -90.000000	 1.556016	 -0.011621	 1.556060	 -0.427915	 0.000000	 0.001422	 0.001422	 90.000000	 1.556016	 -0.011621	 1.556060	 -0.427915	 173675.447244	
1526.799197	 1.000000	 0.000000	 -0.000000	 0.000000	 -90.000000	 1.556030	 -0.011582	 1.556073	 -0.426444	 0.000000	 0.001469	 0.001469	 90.000000	 1.556030	 -0.011582	 1.556073	 -0.426444	 173676.894525	
1506.722892	 1.000000	 0.000000	 -0.000000	 0.000000	 -90.000000	 1.556186	 -0.011594	 1.556229	 -0.426874	 0.000000	 0.001430	 0.001430	 90.000000	 1.556186	 -0.011593	 1.556229	 -0.426810	 173678.315078	
1486.646586	 1.000000	 0.000000	 -0.000000	 0.000000	 -90.000000	 1.556217	 -0.011572	 1.556260	 -0.426033	 0.000000	 0.001423	 0.001423	 90.000000	 1.556217	 -0.011572	 1.556260	 -0.426033	 173679.806139	
1466.570281	 1.000000	 0.000000	 -0.000000	 0.000000	 -90.000000	 1.556418	 -0.011654	 1.556462	 -0.429019	 0.000000	 0.001368	 0.001368	 90.000000	 1.556418	 -0.011655	 1.556461	 -0.429052	 173681.205478	
1446.493976	 1.000000	 0.000000	 -0.000000	 0.000000	 -90.000000	 1.556559	 -0.011673	 1.556603	 -0.429667	 0.000000	 0.001408	 0.001408	 90.000000	 1.556559	 -0.011673	 1.556603	 -0.429667	 173682.632288	
1426.417671	 1.000000	 0.000000	 -0.000000	 0.000000	 -90.000000	 1.556778	 -0.011621	 1.556822	 -0.427706	 0.000000	 0.001379	 0.001379	 90.000000	 1.556778	 -0.011621	 1.556822	 -0.427706	 173684.073938	
1406.341365	 1.000000	 0.000000	 -0.000000	 0.000000	 -90.000000	 1.556930	 -0.011609	 1.556973	 -0.427218	 0.000000	 0.001384	 0.001384	 90.000000	 1.556930	 -0.011609	 1.556973	 -0.427218	 173685.532258	
1386.265060	 1.000000	 0.000000	 -0.000000	 0.000000	 -90.000000	 1.557015	 -0.011604	 1.557059	 -0.427012	 0.000000	 0.001418	 0.001418	 90.000000	 1.557015	 -0.011604	 1.557059	 -0.427012	 173686.960977	
1366.188755	 1.000000	 0.000000	 -0.000000	 0.000000	 -90.000000	 1.557158	 -0.011633	 1.557202	 -0.428032	 0.000000	 0.001451	 0.001451	 90.000000	 1.557159	 -0.011633	 1.557203	 -0.428030	 173688.376020	
1346.112450	 1.000000	 0.000000	 -0.000000	 0.000000	 -90.000000	 1.557308	 -0.011582	 1.557351	 -0.426108	 0.000000	 0.001442	 0.001442	 90.000000	 1.557308	 -0.011582	 1.557351	 -0.426108	 173689.826786	
1326.036145	 1.000000	 0.000000	 -0.000000	 0.000000	 -90.000000	 1.557515	 -0.011618	 1.557558	 -0.427382	 0.000000	 0.001385	 0.001385	 90.000000	 1.557516	 -0.011618	 1.557559	 -0.427370	 173691.243778	
1305.959839	 1.000000	 0.000000	 -0.000000	 0.000000	 -90.000000	 1.557662	 -0.011616	 1.557706	 -0.427272	 0.000000	 0.001492	 0.001492	 90.000000	 1.557657	 -0.011616	 1.557700	 -0.427269	 173692.690532	
1285.883534	 1.000000	 0.000000	 -0.000000	 0.000000	 -90.000000	 1.557815	 -0.011606	 1.557859	 -0.426871	 0.000000	 0.001410	 0.001410	 90.000000	 1.557815	 -0.011606	 1.557859	 -0.426871	 173694.140636	
1265.807229	 1.000000	 0.000000	 -0.000000	 0.000000	 -90.000000	 1.558030	 -0.011607	 1.558074	 -0.426831	 0.000000	 0.001604	 0.001604	 90.000000	 1.558028	 -0.011610	 1.558072	 -0.426948	 173695.562496	
1245.730924	 1.000000	 0.000000	 -0.000000	 0.000000	 -90.000000	 1.558219	 -0.011660	 1.558263	 -0.428728	 0.000000	 0.001513	 0.001513	 90.000000	 1.558219	 -0.011660	 1.558263	 -0.428728	 173697.016814	
1225.654618	 1.000000	 0.000000	 -0.000000	 0.000000	 -90.000000	 1.558284	 -0.011600	 1.558327	 -0.426506	 0.000000	 0.001869	 0.001869	 90.000000	 1.558284	 -0.011600	 1.558327	 -0.426506	 173698.506904	
1205.578313	 1.000000	 0.000000	 -0.000000	 0.000000	 -90.000000	 1.558544	 -0.011580	 1.558587	 -0.425714	 0.000000	 0.001565	 0.001565	 90.000000	 1.558543	 -0.011576	 1.558586	 -0.425571	 173699.908479	
1185.502008	 1.000000	 0.000000	 -0.000000	 0.000000	 -90.000000	 1.558729	 -0.011584	 1.558772	 -0.425782	 0.000000	 0.001577	 0.001577	 90.000000	 1.558729	 -0.011584	 1.558772	 -0.425782	 173701.338079	
1165.425703	 1.000000	 0.000000	 -0.000000	 0.000000	 -90.000000	 1.558926	 -0.011564	 1.558969	 -0.424994	 0.000000	 0.001594	 0.001594	 90.000000	 1.558926	 -0.011564	 1.558969	 -0.424994	 173702.806109	
1145.349398	 1.000000	 0.000000	 -0.000000	 0.000000	 -90.000000	 1.559044	 -0.011500	 1.559087	 -0.422641	 0.000000	 0.001602	 0.001602	 90.000000	 1.559044	 -0.011500	 1.559087	 -0.422641	 173704.273226	
1125.273092	 1.000000	 0.000000	 -0.000000	 0.000000	 -90.000000	 1.559365	 -0.011529	 1.559407	 -0.423594	 0.000000	 0.001608	 0.001608	 90.000000	 1.559365	 -0.011529	 1.559407	 -0.423594	 173705.713303	
1105.196787	 1.000000	 0.000000	 -0.000000	 0.000000	 -90.000000	 1.559593	 -0.011483	 1.559635	 -0.421850	 0.000000	 0.001600	 0.001600	 90.000000	 1.559593	 -0.011483	 1.559635	 -0.421850	 173707.157566	
1085.120482	 1.000000	 0.000000	 -0.000000	 0.000000	 -90.000000	 1.559797	 -0.011475	 1.559839	 -0.421519	 0.000000	 0.001565	 0.001565	 90.000000	 1.559797	 -0.011475	 1.559839	 -0.421519	 173708.593030	
1065.044177	 1.000000	 0.000000	 -0.000000	 0.000000	 -90.000000	 1.560001	 -0.011443	 1.560043	 -0.420282	 0.000000	 0.001564	 0.001564	 90.000000	 1.560002	 -0.011443	 1.560044	 -0.420272	 173710.002895	
1044.967871	 1.000000	 0.000000	 -0.000000	 0.000000	 -90.000000	 1.560286	 -0.011431	 1.560328	 -0.419743	 0.000000	 0.001606	 0.001606	 90.000000	 1.560286	 -0.011431	 1.560328	 -0.419743	 173711.486186	
1024.891566	 1.000000	 0.000000	 -0.000000	 0.000000	 -90.000000	 1.560493	 -0.011381	 1.560534	 -0.417845	 0.000000	 0.001593	 0.001593	 90.000000	 1.560493	 -0.011381	 1.560534	 -0.417845	 173712.929722	
1004.815261	 1.000000	 0.000000	 -0.000000	 0.000000	 -90.000000	 1.560686	 -0.011337	 1.560727	 -0.416182	 0.000000	 0.001599	 0.001599	 90.000000	 1.560686	 -0.011337	 1.560727	 -0.416182	 173714.370353	
984.738956	 1.000000	 0.000000	 -0.000000	 0.000000	 -90.000000	 1.561018	 -0.011281	 1.561059	 -0.414040	 0.000000	 0.001571	 0.001571	 90.000000	 1.561018	 -0.011281	 1.561059	 -0.414039	 173715.798354	
964.662651	 1.000000	 0.000000	 -0.000000	 0.000000	 -90.000000	 1.561288	 -0.011234	 1.561328	 -0.412241	 0.000000	 0.001541	 0.001541	 90.000000	 1.561288	 -0.011234	 1.561328	 -0.412241	 173717.225942	
944.586345	 1.000000	 0.000000	 -0.000000	 0.000000	 -90.000000	 1.561595	 -0.011167	 1.561635	 -0.409720	 0.000000	 0.001579	 0.001579	 90.000000	 1.561595	 -0.011167	 1.561635	 -0.409720	 173718.661607	
924.510040	 1.000000	 0.000000	 -0.000000	 0.000000	 -90.000000	 1.561892	 -0.011104	 1.561931	 -0.407337	 0.000000	 0.001483	 0.001483	 90.000000	 1.561892	 -0.011104	 1.561931	 -0.407346	 173720.093338	
904.433735	 1.000000	 0.000000	 -0.000000	 0.000000	 -90.000000	 1.562170	 -0.011028	 1.562209	 -0.404480	 0.000000	 0.001533	 0.001533	 90.000000	 1.562170	 -0.011028	 1.562209	 -0.404480	 173721.517531	
884.357430	 1.000000	 0.000000	 -0.000000	 0.000000	 -90.000000	 1.562471	 -0.010956	 1.562509	 -0.401734	 0.000000	 0.001545	 0.001545	 90.000000	 1.562471	 -0.010956	 1.562509	 -0.401734	 173723.014037	
864.281124	 1.000000	 0.000000	 -0.000000	 0.000000	 -90.000000	 1.562762	 -0.010868	 1.562800	 -0.398456	 0.000000	 0.001530	 0.001530	 90.000000	 1.562762	 -0.010868	 1.562800	 -0.398456	 173724.453782	
844.204819	 1.000000	 0.000000	 -0.000000	 0.000000	 -90.000000	 1.563139	 -0.010813	 1.563176	 -0.396340	 0.000000	 0.001517	 0.001517	 90.000000	 1.563139	 -0.010813	 1.563176	 -0.396340	 173725.890667	
824.128514	 1.000000	 0.000000	 -0.000000	 0.000000	 -90.000000	 1.563355	 -0.010648	 1.563391	 -0.390221	 0.000000	 0.001523	 0.001523	 90.000000	 1.563356	 -0.010647	 1.563393	 -0.390183	 173727.287897	
804.052209	 1.000000	 0.000000	 -0.000000	 0.000000	 -90.000000	 1.563756	 -0.010503	 1.563791	 -0.384834	 0.000000	 0.001533	 0.001533	 90.000000	 1.563756	 -0.010503	 1.563791	 -0.384834	 173728.760333	
783.975904	 1.000000	 0.000000	 -0.000000	 0.000000	 -90.000000	 1.564102	 -0.010397	 1.564137	 -0.380838	 0.000000	 0.001523	 0.001523	 90.000000	 1.564102	 -0.010397	 1.564137	 -0.380838	 173730.195508	
763.899598	 1.000000	 0.000000	 -0.000000	 0.000000	 -90.000000	 1.564431	 -0.010258	 1.564465	 -0.375700	 0.000000	 0.001533	 0.001533	 90.000000	 1.564431	 -0.010258	 1.564465	 -0.375700	 173731.636931	
743.823293	 1.000000	 0.000000	 -0.000000	 0.000000	 -90.000000	 1.564908	 -0.010026	 1.564940	 -0.367074	 0.000000	 0.001546	 0.001546	 90.000000	 1.564908	 -0.010026	 1.564940	 -0.367074	 173733.065704	
723.746988	 1.000000	 0.000000	 -0.000000	 0.000000	 -90.000000	 1.565239	 -0.009929	 1.565270	 -0.363432	 0.000000	 0.001563	 0.001563	 90.000000	 1.565238	 -0.009929	 1.565269	 -0.363452	 173734.528377	
703.670683	 1.000000	 0.000000	 -0.000000	 0.000000	 -90.000000	 1.565583	 -0.009765	 1.565613	 -0.357365	 0.000000	 0.001570	 0.001570	 90.000000	 1.565584	 -0.009771	 1.565615	 -0.357593	 173735.958317	
683.594378	 1.000000	 0.000000	 -0.000000	 0.000000	 -90.000000	 1.565981	 -0.009506	 1.566010	 -0.347791	 0.000000	 0.001591	 0.001591	 90.000000	 1.565981	 -0.009506	 1.566010	 -0.347791	 173737.391791	
663.518072	 1.000000	 0.000000	 -0.000000	 0.000000	 -90.000000	 1.566461	 -0.009279	 1.566488	 -0.339384	 0.000000	 0.001568	 0.001568	 90.000000	 1.566461	 -0.009279	 1.566488	 -0.339384	 173738.804062	
643.441767	 1.000000	 0.000000	 -0.000000	 0.000000	 -90.000000	 1.566865	 -0.009114	 1.566892	 -0.333263	 0.000000	 0.001614	 0.001614	 90.000000	 1.566865	 -0.009114	 1.566892	 -0.333263	 173740.266641	
623.365462	 1.000000	 0.000000	 -0.000000	 0.000000	 -90.000000	 1.567319	 -0.008738	 1.567343	 -0.319431	 0.000000	 0.001535	 0.001535	 90.000000	 1.567319	 -0.008738	 1.567343	 -0.319431	 173741.695777	
603.289157	 1.000000	 0.000000	 -0.000000	 0.000000	 -90.000000	 1.567896	 -0.008456	 1.567919	 -0.309017	 0.000000	 0.001597	 0.001597	 90.000000	 1.567903	 -0.008450	 1.567926	 -0.308784	 173743.135510	
583.212851	 1.000000	 0.000000	 -0.000000	 0.000000	 -90.000000	 1.568285	 -0.008081	 1.568306	 -0.295235	 0.000000	 0.001482	 0.001482	 90.000000	 1.568285	 -0.008081	 1.568306	 -0.295235	 173744.590186	
563.136546	 1.000000	 0.000000	 -0.000000	 0.000000	 -90.000000	 1.568844	 -0.007694	 1.568862	 -0.280992	 0.000000	 0.001542	 0.001542	 90.000000	 1.568844	 -0.007694	 1.568862	 -0.280992	 173746.080517	
543.060241	 1.000000	 0.000000	 -0.000000	 0.000000	 -90.000000	 1.569306	 -0.007296	 1.569323	 -0.266372	 0.000000	 0.001505	 0.001505	 90.000000	 1.569291	 -0.007301	 1.569308	 -0.266549	 173747.522120	
522.983936	 1.000000	 0.000000	 -0.000000	 0.000000	 -90.000000	 1.569805	 -0.006825	 1.569820	 -0.249090	 0.000000	 0.001506	 0.001506	 90.000000	 1.569805	 -0.006825	 1.569820	 -0.249090	 173748.975251	
502.907631	 1.000000	 0.000000	 -0.000000	 0.000000	 -90.000000	 1.570451	 -0.006287	 1.570463	 -0.229355	 0.000000	 0.001481	 0.001481	 90.000000	 1.570449	 -0.006279	 1.570462	 -0.229085	 173750.387830	
482.831325	 1.000000	 0.000000	 -0.000000	 0.000000	 -90.000000	 1.570857	 -0.005753	 1.570868	 -0.209847	 0.000000	 0.001495	 0.001495	 90.000000	 1.570857	 -0.005753	 1.570868	 -0.209847	 173751.822072	
462.755020	 1.000000	 0.000000	 -0.000000	 0.000000	 -90.000000	 1.571570	 -0.005118	 1.571578	 -0.186577	 0.000000	 0.001543	 0.001543	 90.000000	 1.571570	 -0.005118	 1.571578	 -0.186577	 173753.256195	
442.678715	 1.000000	 0.000000	 -0.000000	 0.000000	 -90.000000	 1.571984	 -0.004594	 1.571991	 -0.167426	 0.000000	 0.002169	 0.002169	 90.000000	 1.571984	 -0.004594	 1.571991	 -0.167426	 173754.699048	
422.602410	 1.000000	 0.000000	 -0.000000	 0.000000	 -90.000000	 1.572660	 -0.003688	 1.572664	 -0.134360	 0.000000	 0.001416	 0.001416	 90.000000	 1.572660	 -0.003688	 1.572664	 -0.134360	 173756.191865	
402.526104	 1.000000	 0.000000	 -0.000000	 0.000000	 -90.000000	 1.573257	 -0.002838	 1.573259	 -0.103361	 0.000000	 0.001515	 0.001515	 90.000000	 1.573257	 -0.002838	 1.573259	 -0.103361	 173757.629278	
382.449799	 1.000000	 0.000000	 -0.000000	 0.000000	 -90.000000	 1.573952	 -0.001896	 1.573953	 -0.069015	 0.000000	 0.001501	 0.001501	 90.000000	 1.573952	 -0.001896	 1.573953	 -0.069015	 173759.066890	
362.373494	 1.000000	 0.000000	 -0.000000	 0.000000	 -90.000000	 1.574488	 -0.000818	 1.574488	 -0.029757	 0.000000	 0.001503	 0.001503	 90.000000	 1.574483	 -0.000817	 1.574483	 -0.029726	 173760.495870	
342.297189	 1.000000	 0.000000	 -0.000000	 0.000000	 -90.000000	 1.575162	 0.000479	 1.575162	 0.017409	 0.000000	 0.001507	 0.001507	 90.000000	 1.575162	 0.000479	 1.575162	 0.017409	 173761.938764	
322.220884	 1.000000	 0.000000	 -0.000000	 0.000000	 -90.000000	 1.575810	 0.001620	 1.575811	 0.058907	 0.000000	 0.001511	 0.001511	 90.000000	 1.575810	 0.001620	 1.575811	 0.058907	 173763.383987	
302.144578	 1.000000	 0.000000	 -0.000000	 0.000000	 -90.000000	 1.576291	 0.003066	 1.576294	 0.111462	 0.000000	 0.001529	 0.001529	 90.000000	 1.576291	 0.003066	 1.576294	 0.111462	 173764.835091	
282.068273	 1.000000	 0.000000	 -0.000000	 0.000000	 -90.000000	 1.577096	 0.004739	 1.577103	 0.172180	 0.000000	 0.001488	 0.001488	 90.000000	 1.577096	 0.004739	 1.577103	 0.172180	 173766.317805	
261.991968	 1.000000	 0.000000	 -0.000000	 0.000000	 -90.000000	 1.577736	 0.006662	 1.577750	 0.241938	 0.000000	 0.001531	 0.001531	 90.000000	 1.577736	 0.006662	 1.577750	 0.241938	 173767.726934	
241.915663	 1.000000	 0.000000	 -0.000000	 0.000000	 -90.000000	 1.578306	 0.008485	 1.578329	 0.308016	 0.000000	 0.001526	 0.001526	 90.000000	 1.578306	 0.008485	 1.578329	 0.308017	 173769.160280	
221.839357	 1.000000	 0.000000	 -0.000000	 0.000000	 -90.000000	 1.578963	 0.011341	 1.579003	 0.411534	 0.000000	 0.001506	 0.001506	 90.000000	 1.578963	 0.011341	 1.579003	 0.411534	 173770.596635	
201.763052	 1.000000	 0.000000	 -0.000000	 0.000000	 -90.000000	 1.579402	 0.014483	 1.579468	 0.525381	 0.000000	 0.001510	 0.001510	 90.000000	 1.579402	 0.014483	 1.579468	 0.525381	 173772.043354	
181.686747	 1.000000	 0.000000	 -0.000000	 0.000000	 -90.000000	 1.579954	 0.017763	 1.580054	 0.644138	 0.000000	 0.001518	 0.001518	 90.000000	 1.579954	 0.017763	 1.580054	 0.644138	 173773.484663	
161.610442	 1.000000	 0.000000	 -0.000000	 0.000000	 -90.000000	 1.580432	 0.022120	 1.580587	 0.801885	 0.000000	 0.001456	 0.001456	 90.000000	 1.580432	 0.022120	 1.580587	 0.801885	 173774.927209	
141.534137	 1.000000	 0.000000	 -0.000000	 0.000000	 -90.000000	 1.580566	 0.027560	 1.580806	 0.998944	 0.000000	 0.001487	 0.001487	 90.000000	 1.580665	 0.027608	 1.580906	 1.000615	 173776.405209	
121.457831	 1.000000	 0.000000	 -0.000000	 0.000000	 -90.000000	 1.580641	 0.034124	 1.581010	 1.236765	 0.000000	 0.001498	 0.001498	 90.000000	 1.580641	 0.034124	 1.581010	 1.236765	 173777.836267	
101.381526	 1.000000	 0.000000	 -0.000000	 0.000000	 -90.000000	 1.580286	 0.042993	 1.580871	 1.558413	 0.000000	 0.002018	 0.002018	 90.000000	 1.580286	 0.042993	 1.580871	 1.558413	 173779.250713	
81.305221	 1.000000	 0.000000	 -0.000000	 0.000000	 -90.000000	 1.578768	 0.056664	 1.579785	 2.055525	 0.000000	 0.001531	 0.001531	 90.000000	 1.578768	 0.056664	 1.579785	 2.055525	 173780.672116	
61.228916	 1.000000	 0.000000	 -0.000000	 0.000000	 -90.000000	 1.576925	 0.078717	 1.578889	 2.857730	 0.000000	 0.001545	 0.001545	 90.000000	 1.577072	 0.079934	 1.579097	 2.901546	 173782.120334	
41.152610	 1.000000	 0.000000	 -0.000000	 0.000000	 -90.000000	 1.558610	 0.111481	 1.562592	 4.091178	 0.000000	 0.001400	 0.001400	 90.000000	 1.557209	 0.111812	 1.561218	 4.106955	 173783.563268	
21.076305	 1.000000	 0.000000	 -0.000000	 0.000000	 -90.000000	 1.519101	 0.209833	 1.533525	 7.864464	 0.000000	 0.000833	 0.000833	 90.000000	 1.519101	 0.209833	 1.533525	 7.864464	 173784.998207	
1.000000	 1.000000	 0.000000	 -0.000000	 0.000000	 -90.000000	 0.176082	 -0.078784	 0.192904	 -24.105056	 0.000000	 0.167659	 0.167659	 90.000000	 0.176082	 -0.078784	 0.192904	 -24.105055	 173786.443880	
