# Oscilator_frequency (Hz)	DemodAll_A (-)	Demod_1_X_A (A)	Demod_1_Y_A (A)	Demod_1__R_A (A)	Demod_1__Theta_A (deg)	Demod_2_X_A (A)	Demod_2_Y_A (A)	Demod_2__R_A (A)	Demod_2__Theta_A (deg)	Demod_3_X_A (V)	Demod_3_Y_A (V)	Demod_3__R_A (V)	Demod_3__Theta_A (deg)	Demod_4_X_A (V)	Demod_4_Y_A (V)	Demod_4__R_A (V)	Demod_4__Theta_A (deg)	Timer_GET (s)	
200.000000	 1.000000	 0.000000	 -0.000000	 0.000000	 -90.000000	 0.364383	 -0.036182	 0.366175	 -5.670703	 0.000000	 1.369201	 1.369201	 90.000000	 0.364383	 -0.036182	 0.366175	 -5.670703	 352810.876815	
199.000000	 1.000000	 0.000000	 -0.000000	 0.000000	 -90.000000	 0.364250	 -0.035019	 0.365929	 -5.491500	 0.000000	 1.333083	 1.333083	 90.000000	 0.364250	 -0.035019	 0.365929	 -5.491500	 352812.372742	
198.000000	 1.000000	 0.000000	 -0.000000	 0.000000	 -90.000000	 0.364495	 -0.036318	 0.366300	 -5.690157	 0.000000	 1.351483	 1.351483	 90.000000	 0.364495	 -0.036318	 0.366300	 -5.690157	 352813.850422	
197.000000	 1.000000	 0.000000	 -0.000000	 0.000000	 -90.000000	 0.365079	 -0.037962	 0.367048	 -5.936438	 0.000000	 1.376114	 1.376114	 90.000000	 0.365079	 -0.037962	 0.367048	 -5.936438	 352815.336491	
196.000000	 1.000000	 0.000000	 -0.000000	 0.000000	 -90.000000	 0.365246	 -0.037176	 0.367133	 -5.811723	 0.000000	 1.352063	 1.352063	 90.000000	 0.365246	 -0.037176	 0.367133	 -5.811723	 352816.805627	
195.000000	 1.000000	 0.000000	 -0.000000	 0.000000	 -90.000000	 0.365354	 -0.037257	 0.367249	 -5.822598	 0.000000	 1.341165	 1.341165	 90.000000	 0.365354	 -0.037257	 0.367249	 -5.822597	 352818.281013	
194.000000	 1.000000	 0.000000	 -0.000000	 0.000000	 -90.000000	 0.365418	 -0.036928	 0.367279	 -5.770522	 0.000000	 1.329824	 1.329824	 90.000000	 0.365418	 -0.036928	 0.367279	 -5.770522	 352819.737917	
193.000000	 1.000000	 0.000000	 -0.000000	 0.000000	 -90.000000	 0.365902	 -0.038404	 0.367912	 -5.991588	 0.000000	 1.346945	 1.346945	 90.000000	 0.365902	 -0.038404	 0.367912	 -5.991588	 352821.150764	
192.000000	 1.000000	 0.000000	 -0.000000	 0.000000	 -90.000000	 0.364959	 -0.034443	 0.366580	 -5.391403	 0.000000	 1.259409	 1.259409	 90.000000	 0.364959	 -0.034443	 0.366580	 -5.391403	 352822.560777	
191.000000	 1.000000	 0.000000	 -0.000000	 0.000000	 -90.000000	 0.366272	 -0.038747	 0.368316	 -6.038677	 0.000000	 1.342622	 1.342622	 90.000000	 0.366272	 -0.038747	 0.368316	 -6.038677	 352824.014619	
190.000000	 1.000000	 0.000000	 -0.000000	 0.000000	 -90.000000	 0.365977	 -0.037397	 0.367883	 -5.834515	 0.000000	 1.312721	 1.312721	 90.000000	 0.365977	 -0.037397	 0.367883	 -5.834515	 352825.440614	
189.000000	 1.000000	 0.000000	 -0.000000	 0.000000	 -90.000000	 0.365524	 -0.035682	 0.367262	 -5.575417	 0.000000	 1.263362	 1.263362	 90.000000	 0.365517	 -0.035654	 0.367252	 -5.571197	 352826.873455	
188.000000	 1.000000	 0.000000	 -0.000000	 0.000000	 -90.000000	 0.365631	 -0.035207	 0.367322	 -5.500098	 0.000000	 1.244934	 1.244934	 90.000000	 0.365631	 -0.035207	 0.367322	 -5.500098	 352828.340497	
187.000000	 1.000000	 0.000000	 -0.000000	 0.000000	 -90.000000	 0.365812	 -0.035588	 0.367539	 -5.556599	 0.000000	 1.248913	 1.248913	 90.000000	 0.365812	 -0.035588	 0.367539	 -5.556599	 352829.782017	
186.000000	 1.000000	 0.000000	 -0.000000	 0.000000	 -90.000000	 0.366103	 -0.036456	 0.367914	 -5.686648	 0.000000	 1.255994	 1.255994	 90.000000	 0.366103	 -0.036456	 0.367914	 -5.686648	 352831.234735	
185.000000	 1.000000	 0.000000	 -0.000000	 0.000000	 -90.000000	 0.366310	 -0.036855	 0.368159	 -5.745228	 0.000000	 1.261075	 1.261075	 90.000000	 0.366310	 -0.036855	 0.368159	 -5.745228	 352832.694429	
184.000000	 1.000000	 0.000000	 -0.000000	 0.000000	 -90.000000	 0.366006	 -0.035599	 0.367733	 -5.555387	 0.000000	 1.224371	 1.224371	 90.000000	 0.365999	 -0.035572	 0.367724	 -5.551295	 352834.157512	
183.000000	 1.000000	 0.000000	 -0.000000	 0.000000	 -90.000000	 0.366478	 -0.036692	 0.368311	 -5.717484	 0.000000	 1.242911	 1.242911	 90.000000	 0.366478	 -0.036692	 0.368311	 -5.717484	 352835.593187	
182.000000	 1.000000	 0.000000	 -0.000000	 0.000000	 -90.000000	 0.366461	 -0.036385	 0.368263	 -5.670100	 0.000000	 1.232056	 1.232056	 90.000000	 0.366461	 -0.036385	 0.368263	 -5.670100	 352837.036517	
181.000000	 1.000000	 0.000000	 -0.000000	 0.000000	 -90.000000	 0.366917	 -0.037231	 0.368801	 -5.793968	 0.000000	 1.246924	 1.246924	 90.000000	 0.366919	 -0.037236	 0.368804	 -5.794689	 352838.468254	
180.000000	 1.000000	 0.000000	 -0.000000	 0.000000	 -90.000000	 0.366990	 -0.036946	 0.368845	 -5.748805	 0.000000	 1.231441	 1.231441	 90.000000	 0.366990	 -0.036946	 0.368845	 -5.748805	 352839.887968	
179.000000	 1.000000	 0.000000	 -0.000000	 0.000000	 -90.000000	 0.367099	 -0.036915	 0.368950	 -5.742352	 0.000000	 1.227861	 1.227861	 90.000000	 0.367099	 -0.036915	 0.368950	 -5.742352	 352841.344670	
178.000000	 1.000000	 0.000000	 -0.000000	 0.000000	 -90.000000	 0.367581	 -0.037957	 0.369536	 -5.895591	 0.000000	 1.243940	 1.243940	 90.000000	 0.367581	 -0.037957	 0.369536	 -5.895591	 352842.794682	
177.000000	 1.000000	 0.000000	 -0.000000	 0.000000	 -90.000000	 0.367839	 -0.038368	 0.369835	 -5.954746	 0.000000	 1.250353	 1.250353	 90.000000	 0.367839	 -0.038368	 0.369835	 -5.954746	 352844.291344	
176.000000	 1.000000	 0.000000	 -0.000000	 0.000000	 -90.000000	 0.367831	 -0.037998	 0.369789	 -5.897973	 0.000000	 1.235968	 1.235968	 90.000000	 0.367831	 -0.037998	 0.369789	 -5.897973	 352845.743934	
175.000000	 1.000000	 0.000000	 -0.000000	 0.000000	 -90.000000	 0.368004	 -0.038059	 0.369967	 -5.904496	 0.000000	 1.231863	 1.231863	 90.000000	 0.368004	 -0.038059	 0.369967	 -5.904496	 352847.189094	
174.000000	 1.000000	 0.000000	 -0.000000	 0.000000	 -90.000000	 0.368259	 -0.038684	 0.370285	 -5.996616	 0.000000	 1.239876	 1.239876	 90.000000	 0.368259	 -0.038684	 0.370285	 -5.996616	 352848.635267	
173.000000	 1.000000	 0.000000	 -0.000000	 0.000000	 -90.000000	 0.368388	 -0.039035	 0.370450	 -6.048527	 0.000000	 1.241259	 1.241259	 90.000000	 0.368388	 -0.039035	 0.370450	 -6.048527	 352850.086317	
172.000000	 1.000000	 0.000000	 -0.000000	 0.000000	 -90.000000	 0.368548	 -0.039140	 0.370620	 -6.062123	 0.000000	 1.241060	 1.241060	 90.000000	 0.368548	 -0.039140	 0.370620	 -6.062123	 352851.510691	
171.000000	 1.000000	 0.000000	 -0.000000	 0.000000	 -90.000000	 0.368448	 -0.038219	 0.370425	 -5.922128	 0.000000	 1.218451	 1.218451	 90.000000	 0.368448	 -0.038219	 0.370425	 -5.922128	 352852.956949	
170.000000	 1.000000	 0.000000	 -0.000000	 0.000000	 -90.000000	 0.368735	 -0.038945	 0.370786	 -6.029040	 0.000000	 1.223535	 1.223535	 90.000000	 0.368721	 -0.038903	 0.370768	 -6.022905	 352854.422197	
169.000000	 1.000000	 0.000000	 -0.000000	 0.000000	 -90.000000	 0.369557	 -0.041042	 0.371829	 -6.337195	 0.000000	 1.265794	 1.265794	 90.000000	 0.369557	 -0.041042	 0.371829	 -6.337195	 352855.833609	
168.000000	 1.000000	 0.000000	 -0.000000	 0.000000	 -90.000000	 0.369585	 -0.040883	 0.371839	 -6.312325	 0.000000	 1.260818	 1.260818	 90.000000	 0.369585	 -0.040883	 0.371839	 -6.312325	 352857.272501	
167.000000	 1.000000	 0.000000	 -0.000000	 0.000000	 -90.000000	 0.369799	 -0.041211	 0.372088	 -6.358898	 0.000000	 1.263958	 1.263958	 90.000000	 0.369799	 -0.041211	 0.372088	 -6.358898	 352858.721351	
166.000000	 1.000000	 0.000000	 -0.000000	 0.000000	 -90.000000	 0.369800	 -0.040879	 0.372052	 -6.308082	 0.000000	 1.253170	 1.253170	 90.000000	 0.369800	 -0.040879	 0.372052	 -6.308082	 352860.178109	
165.000000	 1.000000	 0.000000	 -0.000000	 0.000000	 -90.000000	 0.369805	 -0.040817	 0.372051	 -6.298468	 0.000000	 1.245900	 1.245900	 90.000000	 0.369805	 -0.040817	 0.372051	 -6.298468	 352861.621146	
164.000000	 1.000000	 0.000000	 -0.000000	 0.000000	 -90.000000	 0.369965	 -0.040908	 0.372220	 -6.309693	 0.000000	 1.241650	 1.241650	 90.000000	 0.369965	 -0.040908	 0.372220	 -6.309693	 352863.117423	
163.000000	 1.000000	 0.000000	 -0.000000	 0.000000	 -90.000000	 0.369970	 -0.040648	 0.372196	 -6.269812	 0.000000	 1.233515	 1.233515	 90.000000	 0.369970	 -0.040648	 0.372196	 -6.269812	 352864.591365	
162.000000	 1.000000	 0.000000	 -0.000000	 0.000000	 -90.000000	 0.370349	 -0.041217	 0.372636	 -6.350510	 0.000000	 1.242351	 1.242351	 90.000000	 0.370349	 -0.041217	 0.372636	 -6.350510	 352866.025179	
161.000000	 1.000000	 0.000000	 -0.000000	 0.000000	 -90.000000	 0.369958	 -0.040023	 0.372116	 -6.174411	 0.000000	 1.212387	 1.212387	 90.000000	 0.369958	 -0.040023	 0.372116	 -6.174411	 352867.483668	
160.000000	 1.000000	 0.000000	 -0.000000	 0.000000	 -90.000000	 0.370593	 -0.041465	 0.372905	 -6.384159	 0.000000	 1.237742	 1.237742	 90.000000	 0.370593	 -0.041465	 0.372905	 -6.384159	 352868.943835	
159.000000	 1.000000	 0.000000	 -0.000000	 0.000000	 -90.000000	 0.370660	 -0.041245	 0.372947	 -6.349376	 0.000000	 1.231603	 1.231603	 90.000000	 0.370660	 -0.041245	 0.372947	 -6.349376	 352870.355777	
158.000000	 1.000000	 0.000000	 -0.000000	 0.000000	 -90.000000	 0.370720	 -0.041376	 0.373022	 -6.368462	 0.000000	 1.229019	 1.229019	 90.000000	 0.370663	 -0.041365	 0.372964	 -6.367636	 352871.806084	
157.000000	 1.000000	 0.000000	 -0.000000	 0.000000	 -90.000000	 0.371437	 -0.042093	 0.373814	 -6.465403	 0.000000	 1.241777	 1.241777	 90.000000	 0.371437	 -0.042093	 0.373814	 -6.465403	 352873.232330	
156.000000	 1.000000	 0.000000	 -0.000000	 0.000000	 -90.000000	 0.372104	 -0.043142	 0.374596	 -6.613446	 0.000000	 1.257746	 1.257746	 90.000000	 0.372109	 -0.043127	 0.374599	 -6.610997	 352874.685233	
155.000000	 1.000000	 0.000000	 -0.000000	 0.000000	 -90.000000	 0.371715	 -0.044636	 0.374386	 -6.847365	 0.000000	 1.274247	 1.274247	 90.000000	 0.371715	 -0.044636	 0.374386	 -6.847365	 352876.129484	
154.000000	 1.000000	 0.000000	 -0.000000	 0.000000	 -90.000000	 0.372152	 -0.044922	 0.374854	 -6.882865	 0.000000	 1.289733	 1.289733	 90.000000	 0.372152	 -0.044922	 0.374854	 -6.882865	 352877.568535	
153.000000	 1.000000	 0.000000	 -0.000000	 0.000000	 -90.000000	 0.372635	 -0.046306	 0.375501	 -7.083683	 0.000000	 1.287813	 1.287813	 90.000000	 0.372775	 -0.046368	 0.375648	 -7.090400	 352879.001567	
152.000000	 1.000000	 0.000000	 -0.000000	 0.000000	 -90.000000	 0.371404	 -0.044800	 0.374096	 -6.877978	 0.000000	 1.272881	 1.272881	 90.000000	 0.371404	 -0.044800	 0.374096	 -6.877978	 352880.441609	
151.000000	 1.000000	 0.000000	 -0.000000	 0.000000	 -90.000000	 0.373106	 -0.047377	 0.376102	 -7.236733	 0.000000	 1.294614	 1.294614	 90.000000	 0.373106	 -0.047377	 0.376102	 -7.236733	 352881.886126	
150.000000	 1.000000	 0.000000	 -0.000000	 0.000000	 -90.000000	 0.371948	 -0.043329	 0.374464	 -6.644513	 0.000000	 1.264054	 1.264054	 90.000000	 0.371948	 -0.043329	 0.374464	 -6.644513	 352883.342845	
149.000000	 1.000000	 0.000000	 -0.000000	 0.000000	 -90.000000	 0.372033	 -0.045381	 0.374791	 -6.954566	 0.000000	 1.284241	 1.284241	 90.000000	 0.372033	 -0.045381	 0.374791	 -6.954566	 352884.785345	
148.000000	 1.000000	 0.000000	 -0.000000	 0.000000	 -90.000000	 0.373803	 -0.044434	 0.376435	 -6.778992	 0.000000	 1.243791	 1.243791	 90.000000	 0.373803	 -0.044434	 0.376435	 -6.778992	 352886.201002	
147.000000	 1.000000	 0.000000	 -0.000000	 0.000000	 -90.000000	 0.375013	 -0.047683	 0.378033	 -7.246267	 0.000000	 1.293904	 1.293904	 90.000000	 0.374968	 -0.047676	 0.377987	 -7.246134	 352887.632076	
146.000000	 1.000000	 0.000000	 -0.000000	 0.000000	 -90.000000	 0.373500	 -0.046577	 0.376393	 -7.108329	 0.000000	 1.293924	 1.293924	 90.000000	 0.373500	 -0.046577	 0.376393	 -7.108329	 352889.086883	
145.000000	 1.000000	 0.000000	 -0.000000	 0.000000	 -90.000000	 0.374586	 -0.047705	 0.377612	 -7.257827	 0.000000	 1.305487	 1.305487	 90.000000	 0.374586	 -0.047705	 0.377612	 -7.257827	 352890.522586	
144.000000	 1.000000	 0.000000	 -0.000000	 0.000000	 -90.000000	 0.373054	 -0.045208	 0.375783	 -6.909594	 0.000000	 1.250830	 1.250830	 90.000000	 0.373054	 -0.045208	 0.375783	 -6.909594	 352891.972497	
143.000000	 1.000000	 0.000000	 -0.000000	 0.000000	 -90.000000	 0.373154	 -0.044165	 0.375758	 -6.749857	 0.000000	 1.233608	 1.233608	 90.000000	 0.373154	 -0.044165	 0.375758	 -6.749857	 352893.410920	
142.000000	 1.000000	 0.000000	 -0.000000	 0.000000	 -90.000000	 0.374120	 -0.046302	 0.376974	 -7.055246	 0.000000	 1.261821	 1.261821	 90.000000	 0.374120	 -0.046302	 0.376974	 -7.055246	 352894.834443	
141.000000	 1.000000	 0.000000	 -0.000000	 0.000000	 -90.000000	 0.374067	 -0.045334	 0.376804	 -6.910076	 0.000000	 1.244927	 1.244927	 90.000000	 0.374067	 -0.045334	 0.376804	 -6.910076	 352896.284398	
140.000000	 1.000000	 0.000000	 -0.000000	 0.000000	 -90.000000	 0.375043	 -0.047736	 0.378069	 -7.253731	 0.000000	 1.278082	 1.278082	 90.000000	 0.375043	 -0.047736	 0.378069	 -7.253731	 352897.725902	
139.000000	 1.000000	 0.000000	 -0.000000	 0.000000	 -90.000000	 0.375266	 -0.047683	 0.378283	 -7.241494	 0.000000	 1.275642	 1.275642	 90.000000	 0.375266	 -0.047683	 0.378283	 -7.241494	 352899.173048	
138.000000	 1.000000	 0.000000	 -0.000000	 0.000000	 -90.000000	 0.374898	 -0.046835	 0.377812	 -7.120861	 0.000000	 1.257840	 1.257840	 90.000000	 0.374898	 -0.046835	 0.377812	 -7.120861	 352900.609682	
137.000000	 1.000000	 0.000000	 -0.000000	 0.000000	 -90.000000	 0.375330	 -0.047619	 0.378339	 -7.230653	 0.000000	 1.265683	 1.265683	 90.000000	 0.375330	 -0.047619	 0.378339	 -7.230653	 352902.030731	
136.000000	 1.000000	 0.000000	 -0.000000	 0.000000	 -90.000000	 0.374486	 -0.045220	 0.377206	 -6.885290	 0.000000	 1.221611	 1.221611	 90.000000	 0.374486	 -0.045220	 0.377206	 -6.885290	 352903.474151	
135.000000	 1.000000	 0.000000	 -0.000000	 0.000000	 -90.000000	 0.374308	 -0.044535	 0.376948	 -6.785194	 0.000000	 1.204549	 1.204549	 90.000000	 0.374308	 -0.044535	 0.376948	 -6.785194	 352904.939345	
134.000000	 1.000000	 0.000000	 -0.000000	 0.000000	 -90.000000	 0.374582	 -0.044754	 0.377246	 -6.813255	 0.000000	 1.204727	 1.204727	 90.000000	 0.374582	 -0.044754	 0.377246	 -6.813255	 352906.375091	
133.000000	 1.000000	 0.000000	 -0.000000	 0.000000	 -90.000000	 0.374794	 -0.044999	 0.377486	 -6.846301	 0.000000	 1.201725	 1.201725	 90.000000	 0.374794	 -0.044999	 0.377486	 -6.846301	 352907.797033	
132.000000	 1.000000	 0.000000	 -0.000000	 0.000000	 -90.000000	 0.375990	 -0.047452	 0.378972	 -7.192981	 0.000000	 1.238297	 1.238297	 90.000000	 0.375990	 -0.047452	 0.378972	 -7.192981	 352909.310665	
131.000000	 1.000000	 0.000000	 -0.000000	 0.000000	 -90.000000	 0.376200	 -0.048072	 0.379259	 -7.281943	 0.000000	 1.240798	 1.240798	 90.000000	 0.376200	 -0.048072	 0.379259	 -7.281943	 352910.806868	
130.000000	 1.000000	 0.000000	 -0.000000	 0.000000	 -90.000000	 0.376848	 -0.048923	 0.380010	 -7.396886	 0.000000	 1.255996	 1.255996	 90.000000	 0.376848	 -0.048923	 0.380010	 -7.396885	 352912.236398	
129.000000	 1.000000	 0.000000	 -0.000000	 0.000000	 -90.000000	 0.376455	 -0.047700	 0.379465	 -7.221451	 0.000000	 1.234635	 1.234635	 90.000000	 0.376455	 -0.047700	 0.379465	 -7.221451	 352913.647259	
128.000000	 1.000000	 0.000000	 -0.000000	 0.000000	 -90.000000	 0.375715	 -0.045903	 0.378509	 -6.965654	 0.000000	 1.193886	 1.193886	 90.000000	 0.375715	 -0.045903	 0.378509	 -6.965655	 352915.109710	
127.000000	 1.000000	 0.000000	 -0.000000	 0.000000	 -90.000000	 0.377094	 -0.048601	 0.380213	 -7.343940	 0.000000	 1.236223	 1.236223	 90.000000	 0.377094	 -0.048601	 0.380213	 -7.343940	 352916.548544	
126.000000	 1.000000	 0.000000	 -0.000000	 0.000000	 -90.000000	 0.376183	 -0.046153	 0.379003	 -6.994521	 0.000000	 1.191314	 1.191314	 90.000000	 0.376183	 -0.046153	 0.379003	 -6.994521	 352917.984764	
125.000000	 1.000000	 0.000000	 -0.000000	 0.000000	 -90.000000	 0.376831	 -0.047481	 0.379811	 -7.181511	 0.000000	 1.208994	 1.208994	 90.000000	 0.376831	 -0.047481	 0.379811	 -7.181511	 352919.452394	
124.000000	 1.000000	 0.000000	 -0.000000	 0.000000	 -90.000000	 0.377028	 -0.047410	 0.379997	 -7.167150	 0.000000	 1.206714	 1.206714	 90.000000	 0.377028	 -0.047410	 0.379997	 -7.167150	 352920.866974	
123.000000	 1.000000	 0.000000	 -0.000000	 0.000000	 -90.000000	 0.377128	 -0.047261	 0.380078	 -7.142929	 0.000000	 1.198359	 1.198359	 90.000000	 0.377128	 -0.047261	 0.380078	 -7.142929	 352922.305796	
122.000000	 1.000000	 0.000000	 -0.000000	 0.000000	 -90.000000	 0.377409	 -0.047577	 0.380396	 -7.184937	 0.000000	 1.197819	 1.197819	 90.000000	 0.377409	 -0.047577	 0.380396	 -7.184937	 352923.761667	
121.000000	 1.000000	 0.000000	 -0.000000	 0.000000	 -90.000000	 0.377822	 -0.048381	 0.380907	 -7.297136	 0.000000	 1.206404	 1.206404	 90.000000	 0.377822	 -0.048381	 0.380907	 -7.297136	 352925.202268	
120.000000	 1.000000	 0.000000	 -0.000000	 0.000000	 -90.000000	 0.377950	 -0.048254	 0.381018	 -7.275722	 0.000000	 1.202467	 1.202467	 90.000000	 0.377950	 -0.048254	 0.381018	 -7.275722	 352926.694484	
119.000000	 1.000000	 0.000000	 -0.000000	 0.000000	 -90.000000	 0.379556	 -0.051032	 0.382972	 -7.657667	 0.000000	 1.243966	 1.243966	 90.000000	 0.379556	 -0.051032	 0.382972	 -7.657667	 352928.136084	
118.000000	 1.000000	 0.000000	 -0.000000	 0.000000	 -90.000000	 0.379444	 -0.050972	 0.382853	 -7.650908	 0.000000	 1.235966	 1.235966	 90.000000	 0.379444	 -0.050972	 0.382853	 -7.650908	 352929.575668	
117.000000	 1.000000	 0.000000	 -0.000000	 0.000000	 -90.000000	 0.379096	 -0.049398	 0.382301	 -7.424063	 0.000000	 1.214584	 1.214584	 90.000000	 0.379096	 -0.049398	 0.382301	 -7.424063	 352930.982172	
116.000000	 1.000000	 0.000000	 -0.000000	 0.000000	 -90.000000	 0.380190	 -0.051962	 0.383724	 -7.782686	 0.000000	 1.242011	 1.242011	 90.000000	 0.380174	 -0.051925	 0.383703	 -7.777486	 352932.419537	
115.000000	 1.000000	 0.000000	 -0.000000	 0.000000	 -90.000000	 0.381351	 -0.054142	 0.385175	 -8.080572	 0.000000	 1.276629	 1.276629	 90.000000	 0.381351	 -0.054142	 0.385175	 -8.080572	 352933.851959	
114.000000	 1.000000	 0.000000	 -0.000000	 0.000000	 -90.000000	 0.381589	 -0.054448	 0.385454	 -8.120533	 0.000000	 1.279969	 1.279969	 90.000000	 0.381589	 -0.054448	 0.385454	 -8.120533	 352935.297408	
113.000000	 1.000000	 0.000000	 -0.000000	 0.000000	 -90.000000	 0.382246	 -0.055884	 0.386310	 -8.317628	 0.000000	 1.296660	 1.296660	 90.000000	 0.382246	 -0.055884	 0.386310	 -8.317628	 352936.735499	
112.000000	 1.000000	 0.000000	 -0.000000	 0.000000	 -90.000000	 0.382950	 -0.057067	 0.387178	 -8.475844	 0.000000	 1.309808	 1.309808	 90.000000	 0.382950	 -0.057067	 0.387178	 -8.475844	 352938.167778	
111.000000	 1.000000	 0.000000	 -0.000000	 0.000000	 -90.000000	 0.381609	 -0.054045	 0.385417	 -8.060792	 0.000000	 1.266020	 1.266020	 90.000000	 0.381609	 -0.054045	 0.385417	 -8.060792	 352939.616821	
110.000000	 1.000000	 0.000000	 -0.000000	 0.000000	 -90.000000	 0.382291	 -0.055252	 0.386263	 -8.223865	 0.000000	 1.277590	 1.277590	 90.000000	 0.382291	 -0.055252	 0.386263	 -8.223865	 352941.091505	
109.000000	 1.000000	 0.000000	 -0.000000	 0.000000	 -90.000000	 0.382058	 -0.054592	 0.385938	 -8.131898	 0.000000	 1.262619	 1.262619	 90.000000	 0.382058	 -0.054592	 0.385938	 -8.131898	 352942.527682	
108.000000	 1.000000	 0.000000	 -0.000000	 0.000000	 -90.000000	 0.383210	 -0.056942	 0.387418	 -8.451854	 0.000000	 1.288985	 1.288985	 90.000000	 0.383210	 -0.056942	 0.387418	 -8.451854	 352943.961537	
107.000000	 1.000000	 0.000000	 -0.000000	 0.000000	 -90.000000	 0.382732	 -0.055221	 0.386695	 -8.210061	 0.000000	 1.267636	 1.267636	 90.000000	 0.382732	 -0.055221	 0.386695	 -8.210061	 352945.413559	
106.000000	 1.000000	 0.000000	 -0.000000	 0.000000	 -90.000000	 0.381073	 -0.051620	 0.384553	 -7.714320	 0.000000	 1.209505	 1.209505	 90.000000	 0.381039	 -0.051565	 0.384512	 -7.706818	 352946.845262	
105.000000	 1.000000	 0.000000	 -0.000000	 0.000000	 -90.000000	 0.382917	 -0.054398	 0.386762	 -8.085530	 0.000000	 1.248349	 1.248349	 90.000000	 0.382917	 -0.054398	 0.386762	 -8.085530	 352948.304406	
104.000000	 1.000000	 0.000000	 -0.000000	 0.000000	 -90.000000	 0.383364	 -0.055490	 0.387359	 -8.236034	 0.000000	 1.254442	 1.254442	 90.000000	 0.383364	 -0.055490	 0.387359	 -8.236034	 352949.740265	
103.000000	 1.000000	 0.000000	 -0.000000	 0.000000	 -90.000000	 0.383679	 -0.055407	 0.387659	 -8.217221	 0.000000	 1.254096	 1.254096	 90.000000	 0.383679	 -0.055407	 0.387659	 -8.217221	 352951.173700	
102.000000	 1.000000	 0.000000	 -0.000000	 0.000000	 -90.000000	 0.384951	 -0.057396	 0.389207	 -8.480235	 0.000000	 1.276160	 1.276160	 90.000000	 0.384947	 -0.057363	 0.389197	 -8.475634	 352952.625644	
101.000000	 1.000000	 0.000000	 -0.000000	 0.000000	 -90.000000	 0.384297	 -0.055727	 0.388316	 -8.251030	 0.000000	 1.255721	 1.255721	 90.000000	 0.384297	 -0.055727	 0.388316	 -8.251030	 352954.095429	
100.000000	 1.000000	 0.000000	 -0.000000	 0.000000	 -90.000000	 0.388613	 -0.064440	 0.393920	 -9.415145	 0.000000	 1.354131	 1.354131	 90.000000	 0.388613	 -0.064440	 0.393920	 -9.415145	 352955.572024	
99.000000	 1.000000	 0.000000	 -0.000000	 0.000000	 -90.000000	 0.385589	 -0.058064	 0.389937	 -8.563486	 0.000000	 1.281604	 1.281604	 90.000000	 0.385589	 -0.058064	 0.389937	 -8.563486	 352956.989026	
98.000000	 1.000000	 0.000000	 -0.000000	 0.000000	 -90.000000	 0.384627	 -0.057047	 0.388835	 -8.436450	 0.000000	 1.259841	 1.259841	 90.000000	 0.384627	 -0.057047	 0.388835	 -8.436450	 352958.436007	
97.000000	 1.000000	 0.000000	 -0.000000	 0.000000	 -90.000000	 0.384982	 -0.056752	 0.389143	 -8.385859	 0.000000	 1.248575	 1.248575	 90.000000	 0.384965	 -0.056698	 0.389118	 -8.378407	 352959.851947	
96.000000	 1.000000	 0.000000	 -0.000000	 0.000000	 -90.000000	 0.387971	 -0.062164	 0.392919	 -9.103020	 0.000000	 1.309202	 1.309202	 90.000000	 0.387971	 -0.062164	 0.392919	 -9.103020	 352961.280546	
95.000000	 1.000000	 0.000000	 -0.000000	 0.000000	 -90.000000	 0.386699	 -0.059965	 0.391321	 -8.814535	 0.000000	 1.282742	 1.282742	 90.000000	 0.386699	 -0.059965	 0.391321	 -8.814535	 352962.733882	
94.000000	 1.000000	 0.000000	 -0.000000	 0.000000	 -90.000000	 0.388049	 -0.061935	 0.392960	 -9.068324	 0.000000	 1.305577	 1.305577	 90.000000	 0.388049	 -0.061935	 0.392960	 -9.068324	 352964.173464	
93.000000	 1.000000	 0.000000	 -0.000000	 0.000000	 -90.000000	 0.386562	 -0.058147	 0.390911	 -8.554402	 0.000000	 1.260123	 1.260123	 90.000000	 0.386562	 -0.058147	 0.390911	 -8.554402	 352965.603525	
92.000000	 1.000000	 0.000000	 -0.000000	 0.000000	 -90.000000	 0.386296	 -0.057843	 0.390603	 -8.516059	 0.000000	 1.244421	 1.244421	 90.000000	 0.386296	 -0.057843	 0.390603	 -8.516059	 352967.042390	
91.000000	 1.000000	 0.000000	 -0.000000	 0.000000	 -90.000000	 0.386062	 -0.056932	 0.390238	 -8.388843	 0.000000	 1.226244	 1.226244	 90.000000	 0.386062	 -0.056932	 0.390238	 -8.388843	 352968.493603	
90.000000	 1.000000	 0.000000	 -0.000000	 0.000000	 -90.000000	 0.387205	 -0.058790	 0.391642	 -8.633338	 0.000000	 1.243419	 1.243419	 90.000000	 0.387194	 -0.058757	 0.391627	 -8.628818	 352969.936010	
89.000000	 1.000000	 0.000000	 -0.000000	 0.000000	 -90.000000	 0.388096	 -0.060194	 0.392737	 -8.816333	 0.000000	 1.259503	 1.259503	 90.000000	 0.388096	 -0.060194	 0.392737	 -8.816333	 352971.380517	
88.000000	 1.000000	 0.000000	 -0.000000	 0.000000	 -90.000000	 0.386641	 -0.056526	 0.390751	 -8.317583	 0.000000	 1.208837	 1.208837	 90.000000	 0.386641	 -0.056526	 0.390751	 -8.317583	 352972.825346	
87.000000	 1.000000	 0.000000	 -0.000000	 0.000000	 -90.000000	 0.387574	 -0.058098	 0.391905	 -8.525312	 0.000000	 1.221541	 1.221541	 90.000000	 0.387574	 -0.058098	 0.391905	 -8.525312	 352974.250069	
86.000000	 1.000000	 0.000000	 -0.000000	 0.000000	 -90.000000	 0.387741	 -0.057677	 0.392007	 -8.460752	 0.000000	 1.214823	 1.214823	 90.000000	 0.387741	 -0.057677	 0.392007	 -8.460752	 352975.696839	
85.000000	 1.000000	 0.000000	 -0.000000	 0.000000	 -90.000000	 0.389571	 -0.060526	 0.394245	 -8.831246	 0.000000	 1.245187	 1.245187	 90.000000	 0.389571	 -0.060526	 0.394245	 -8.831246	 352977.164086	
84.000000	 1.000000	 0.000000	 -0.000000	 0.000000	 -90.000000	 0.388279	 -0.058454	 0.392655	 -8.561387	 0.000000	 1.213428	 1.213428	 90.000000	 0.388279	 -0.058454	 0.392655	 -8.561387	 352978.607827	
83.000000	 1.000000	 0.000000	 -0.000000	 0.000000	 -90.000000	 0.390886	 -0.062166	 0.395798	 -9.036631	 0.000000	 1.258083	 1.258083	 90.000000	 0.390886	 -0.062166	 0.395798	 -9.036631	 352980.032525	
82.000000	 1.000000	 0.000000	 -0.000000	 0.000000	 -90.000000	 0.389735	 -0.059973	 0.394322	 -8.748085	 0.000000	 1.223573	 1.223573	 90.000000	 0.389735	 -0.059973	 0.394322	 -8.748085	 352981.463685	
81.000000	 1.000000	 0.000000	 -0.000000	 0.000000	 -90.000000	 0.389638	 -0.059306	 0.394126	 -8.654387	 0.000000	 1.210073	 1.210073	 90.000000	 0.389638	 -0.059306	 0.394126	 -8.654387	 352982.903495	
80.000000	 1.000000	 0.000000	 -0.000000	 0.000000	 -90.000000	 0.389818	 -0.059143	 0.394279	 -8.627077	 0.000000	 1.201506	 1.201506	 90.000000	 0.389818	 -0.059143	 0.394279	 -8.627077	 352984.353651	
79.000000	 1.000000	 0.000000	 -0.000000	 0.000000	 -90.000000	 0.393554	 -0.065642	 0.398990	 -9.469309	 0.000000	 1.271739	 1.271739	 90.000000	 0.393554	 -0.065642	 0.398990	 -9.469309	 352985.785642	
78.000000	 1.000000	 0.000000	 -0.000000	 0.000000	 -90.000000	 0.390934	 -0.060593	 0.395602	 -8.810419	 0.000000	 1.210682	 1.210682	 90.000000	 0.390934	 -0.060593	 0.395602	 -8.810419	 352987.287775	
77.000000	 1.000000	 0.000000	 -0.000000	 0.000000	 -90.000000	 0.391969	 -0.062204	 0.396875	 -9.017456	 0.000000	 1.222481	 1.222481	 90.000000	 0.391969	 -0.062204	 0.396875	 -9.017455	 352988.711404	
76.000000	 1.000000	 0.000000	 -0.000000	 0.000000	 -90.000000	 0.391872	 -0.061426	 0.396657	 -8.908608	 0.000000	 1.210214	 1.210214	 90.000000	 0.391872	 -0.061426	 0.396657	 -8.908608	 352990.192444	
75.000000	 1.000000	 0.000000	 -0.000000	 0.000000	 -90.000000	 0.393273	 -0.063163	 0.398313	 -9.124296	 0.000000	 1.225412	 1.225412	 90.000000	 0.393273	 -0.063163	 0.398313	 -9.124296	 352991.649647	
74.000000	 1.000000	 0.000000	 -0.000000	 0.000000	 -90.000000	 0.393900	 -0.064638	 0.399168	 -9.319072	 0.000000	 1.233922	 1.233922	 90.000000	 0.393900	 -0.064638	 0.399168	 -9.319072	 352993.082925	
73.000000	 1.000000	 0.000000	 -0.000000	 0.000000	 -90.000000	 0.393369	 -0.062565	 0.398313	 -9.037162	 0.000000	 1.206348	 1.206348	 90.000000	 0.393369	 -0.062565	 0.398313	 -9.037162	 352994.528955	
72.000000	 1.000000	 0.000000	 -0.000000	 0.000000	 -90.000000	 0.394061	 -0.062870	 0.399044	 -9.064729	 0.000000	 1.207508	 1.207508	 90.000000	 0.394061	 -0.062870	 0.399044	 -9.064729	 352995.942399	
71.000000	 1.000000	 0.000000	 -0.000000	 0.000000	 -90.000000	 0.395868	 -0.065946	 0.401323	 -9.457858	 0.000000	 1.233916	 1.233916	 90.000000	 0.395876	 -0.065941	 0.401331	 -9.456951	 352997.381074	
70.000000	 1.000000	 0.000000	 -0.000000	 0.000000	 -90.000000	 0.395758	 -0.065108	 0.401078	 -9.342235	 0.000000	 1.224761	 1.224761	 90.000000	 0.395757	 -0.065139	 0.401082	 -9.346710	 352998.846275	
69.000000	 1.000000	 0.000000	 -0.000000	 0.000000	 -90.000000	 0.395329	 -0.063917	 0.400463	 -9.184082	 0.000000	 1.206238	 1.206238	 90.000000	 0.395329	 -0.063917	 0.400463	 -9.184082	 353000.316237	
68.000000	 1.000000	 0.000000	 -0.000000	 0.000000	 -90.000000	 0.396358	 -0.065512	 0.401736	 -9.385246	 0.000000	 1.211877	 1.211877	 90.000000	 0.396358	 -0.065512	 0.401736	 -9.385246	 353001.737230	
67.000000	 1.000000	 0.000000	 -0.000000	 0.000000	 -90.000000	 0.397464	 -0.066212	 0.402942	 -9.457759	 0.000000	 1.218104	 1.218104	 90.000000	 0.397439	 -0.066168	 0.402909	 -9.452315	 353003.166353	
66.000000	 1.000000	 0.000000	 -0.000000	 0.000000	 -90.000000	 0.397705	 -0.065878	 0.403124	 -9.405418	 0.000000	 1.209774	 1.209774	 90.000000	 0.397705	 -0.065878	 0.403124	 -9.405418	 353004.603602	
65.000000	 1.000000	 0.000000	 -0.000000	 0.000000	 -90.000000	 0.397237	 -0.064650	 0.402464	 -9.243819	 0.000000	 1.189594	 1.189594	 90.000000	 0.397237	 -0.064650	 0.402464	 -9.243819	 353006.031064	
64.000000	 1.000000	 0.000000	 -0.000000	 0.000000	 -90.000000	 0.398141	 -0.065333	 0.403466	 -9.318897	 0.000000	 1.190199	 1.190199	 90.000000	 0.398141	 -0.065333	 0.403466	 -9.318897	 353007.455948	
63.000000	 1.000000	 0.000000	 -0.000000	 0.000000	 -90.000000	 0.398098	 -0.066843	 0.403670	 -9.531340	 0.000000	 1.198608	 1.198608	 90.000000	 0.398098	 -0.066843	 0.403670	 -9.531340	 353008.913188	
62.000000	 1.000000	 0.000000	 -0.000000	 0.000000	 -90.000000	 0.400032	 -0.066555	 0.405530	 -9.446063	 0.000000	 1.189427	 1.189427	 90.000000	 0.400032	 -0.066555	 0.405530	 -9.446063	 353010.350767	
61.000000	 1.000000	 0.000000	 -0.000000	 0.000000	 -90.000000	 0.400953	 -0.068713	 0.406799	 -9.724580	 0.000000	 1.206623	 1.206623	 90.000000	 0.400953	 -0.068713	 0.406799	 -9.724580	 353011.847511	
60.000000	 1.000000	 0.000000	 -0.000000	 0.000000	 -90.000000	 0.399974	 -0.069790	 0.406017	 -9.897667	 0.000000	 1.192682	 1.192682	 90.000000	 0.399974	 -0.069790	 0.406017	 -9.897667	 353013.274844	
59.000000	 1.000000	 0.000000	 -0.000000	 0.000000	 -90.000000	 0.400501	 -0.073959	 0.407273	 -10.462684	 0.000000	 1.225177	 1.225177	 90.000000	 0.400501	 -0.073959	 0.407273	 -10.462684	 353014.722545	
58.000000	 1.000000	 0.000000	 -0.000000	 0.000000	 -90.000000	 0.397539	 -0.075966	 0.404733	 -10.818289	 0.000000	 1.186062	 1.186062	 90.000000	 0.397539	 -0.075966	 0.404733	 -10.818289	 353016.184502	
57.000000	 1.000000	 0.000000	 -0.000000	 0.000000	 -90.000000	 0.399225	 -0.059231	 0.403595	 -8.439170	 0.000000	 1.208896	 1.208896	 90.000000	 0.396274	 -0.059050	 0.400649	 -8.475388	 353017.622942	
56.000000	 1.000000	 0.000000	 -0.000000	 0.000000	 -90.000000	 0.382221	 -0.079994	 0.390502	 -11.820650	 0.000000	 1.191431	 1.191431	 90.000000	 0.382221	 -0.079994	 0.390502	 -11.820650	 353019.083135	
55.000000	 1.000000	 0.000000	 -0.000000	 0.000000	 -90.000000	 0.416651	 -0.039592	 0.418528	 -5.428224	 0.000000	 1.186071	 1.186071	 90.000000	 0.416651	 -0.039592	 0.418528	 -5.428224	 353020.495365	
54.000000	 1.000000	 0.000000	 -0.000000	 0.000000	 -90.000000	 0.446678	 -0.059501	 0.450623	 -7.587586	 0.000000	 1.161825	 1.161825	 90.000000	 0.446678	 -0.059501	 0.450623	 -7.587586	 353021.970108	
53.000000	 1.000000	 0.000000	 -0.000000	 0.000000	 -90.000000	 0.347050	 -0.072140	 0.354469	 -11.742600	 0.000000	 1.200912	 1.200912	 90.000000	 0.347050	 -0.072140	 0.354469	 -11.742600	 353023.393799	
52.000000	 1.000000	 0.000000	 -0.000000	 0.000000	 -90.000000	 0.399078	 -0.000333	 0.399078	 -0.047794	 0.000000	 1.186396	 1.186396	 90.000000	 0.399078	 -0.000333	 0.399078	 -0.047794	 353024.870517	
51.000000	 1.000000	 0.000000	 -0.000000	 0.000000	 -90.000000	 0.330072	 -0.098468	 0.344447	 -16.610990	 0.000000	 1.190794	 1.190794	 90.000000	 0.330072	 -0.098468	 0.344447	 -16.610990	 353026.326627	
50.000000	 1.000000	 0.000000	 -0.000000	 0.000000	 -90.000000	 0.382259	 0.008495	 0.382353	 1.273122	 0.000000	 1.181875	 1.181875	 90.000000	 0.382259	 0.008495	 0.382353	 1.273122	 353027.768831	
49.000000	 1.000000	 0.000000	 -0.000000	 0.000000	 -90.000000	 0.331142	 -0.064806	 0.337423	 -11.073105	 0.000000	 1.230745	 1.230745	 90.000000	 0.331142	 -0.064806	 0.337423	 -11.073105	 353029.193423	
48.000000	 1.000000	 0.000000	 -0.000000	 0.000000	 -90.000000	 0.464858	 -0.031185	 0.465903	 -3.837936	 0.000000	 1.219168	 1.219168	 90.000000	 0.467979	 -0.033980	 0.469211	 -4.152944	 353030.638083	
47.000000	 1.000000	 0.000000	 -0.000000	 0.000000	 -90.000000	 0.442941	 -0.029343	 0.443912	 -3.790060	 0.000000	 1.202898	 1.202898	 90.000000	 0.447613	 -0.031266	 0.448704	 -3.995594	 353032.064181	
46.000000	 1.000000	 0.000000	 -0.000000	 0.000000	 -90.000000	 0.373018	 -0.093434	 0.384542	 -14.062176	 0.000000	 1.233708	 1.233708	 90.000000	 0.373018	 -0.093434	 0.384542	 -14.062176	 353033.473407	
45.000000	 1.000000	 0.000000	 -0.000000	 0.000000	 -90.000000	 0.386659	 -0.095325	 0.398236	 -13.849241	 0.000000	 1.218369	 1.218369	 90.000000	 0.386659	 -0.095325	 0.398236	 -13.849241	 353034.938231	
44.000000	 1.000000	 0.000000	 -0.000000	 0.000000	 -90.000000	 0.433640	 -0.072467	 0.439654	 -9.487265	 0.000000	 1.173431	 1.173431	 90.000000	 0.433640	 -0.072467	 0.439654	 -9.487265	 353036.387278	
43.000000	 1.000000	 0.000000	 -0.000000	 0.000000	 -90.000000	 0.424395	 -0.075478	 0.431055	 -10.084499	 0.000000	 1.196102	 1.196102	 90.000000	 0.424395	 -0.075478	 0.431055	 -10.084499	 353037.862714	
42.000000	 1.000000	 0.000000	 -0.000000	 0.000000	 -90.000000	 0.414353	 -0.068992	 0.420057	 -9.453358	 0.000000	 1.178936	 1.178936	 90.000000	 0.414353	 -0.068992	 0.420057	 -9.453358	 353039.294507	
41.000000	 1.000000	 0.000000	 -0.000000	 0.000000	 -90.000000	 0.423961	 -0.081579	 0.431738	 -10.891834	 0.000000	 1.217172	 1.217172	 90.000000	 0.425814	 -0.083204	 0.433867	 -11.056246	 353040.731208	
40.000000	 1.000000	 0.000000	 -0.000000	 0.000000	 -90.000000	 0.423466	 -0.080008	 0.430957	 -10.699104	 0.000000	 1.207418	 1.207418	 90.000000	 0.423466	 -0.080008	 0.430957	 -10.699104	 353042.187881	
39.000000	 1.000000	 0.000000	 -0.000000	 0.000000	 -90.000000	 0.425138	 -0.086358	 0.433821	 -11.482174	 0.000000	 1.232043	 1.232043	 90.000000	 0.425761	 -0.086422	 0.434444	 -11.474123	 353043.625997	
38.000000	 1.000000	 0.000000	 -0.000000	 0.000000	 -90.000000	 0.425861	 -0.086392	 0.434536	 -11.467682	 0.000000	 1.228345	 1.228345	 90.000000	 0.425861	 -0.086392	 0.434536	 -11.467682	 353045.066997	
37.000000	 1.000000	 0.000000	 -0.000000	 0.000000	 -90.000000	 0.423201	 -0.085420	 0.431735	 -11.411381	 0.000000	 1.203588	 1.203588	 90.000000	 0.422850	 -0.085061	 0.431320	 -11.373854	 353046.503574	
36.000000	 1.000000	 0.000000	 -0.000000	 0.000000	 -90.000000	 0.424760	 -0.084684	 0.433119	 -11.275135	 0.000000	 1.193280	 1.193280	 90.000000	 0.424760	 -0.084684	 0.433119	 -11.275135	 353047.945404	
35.000000	 1.000000	 0.000000	 -0.000000	 0.000000	 -90.000000	 0.428330	 -0.087537	 0.437183	 -11.550415	 0.000000	 1.210347	 1.210347	 90.000000	 0.428354	 -0.087582	 0.437216	 -11.555566	 353049.385279	
34.000000	 1.000000	 0.000000	 -0.000000	 0.000000	 -90.000000	 0.429859	 -0.088659	 0.438906	 -11.653876	 0.000000	 1.208755	 1.208755	 90.000000	 0.429859	 -0.088659	 0.438906	 -11.653876	 353050.795393	
33.000000	 1.000000	 0.000000	 -0.000000	 0.000000	 -90.000000	 0.433486	 -0.091908	 0.443122	 -11.970628	 0.000000	 1.223646	 1.223646	 90.000000	 0.433486	 -0.091908	 0.443122	 -11.970628	 353052.241548	
32.000000	 1.000000	 0.000000	 -0.000000	 0.000000	 -90.000000	 0.437384	 -0.095044	 0.447591	 -12.259841	 0.000000	 1.241107	 1.241107	 90.000000	 0.437384	 -0.095044	 0.447591	 -12.259841	 353053.705498	
31.000000	 1.000000	 0.000000	 -0.000000	 0.000000	 -90.000000	 0.434063	 -0.089253	 0.443144	 -11.619276	 0.000000	 1.190938	 1.190938	 90.000000	 0.434063	 -0.089253	 0.443144	 -11.619276	 353055.145949	
30.000000	 1.000000	 0.000000	 -0.000000	 0.000000	 -90.000000	 0.434547	 -0.088255	 0.443418	 -11.480423	 0.000000	 1.171421	 1.171421	 90.000000	 0.434547	 -0.088255	 0.443418	 -11.480423	 353056.585776	
29.000000	 1.000000	 0.000000	 -0.000000	 0.000000	 -90.000000	 0.438496	 -0.091566	 0.447954	 -11.794874	 0.000000	 1.182431	 1.182431	 90.000000	 0.438496	 -0.091566	 0.447954	 -11.794874	 353057.996414	
28.000000	 1.000000	 0.000000	 -0.000000	 0.000000	 -90.000000	 0.441194	 -0.093613	 0.451016	 -11.979397	 0.000000	 1.193908	 1.193908	 90.000000	 0.441194	 -0.093613	 0.451016	 -11.979397	 353059.445098	
27.000000	 1.000000	 0.000000	 -0.000000	 0.000000	 -90.000000	 0.441889	 -0.092678	 0.451504	 -11.845061	 0.000000	 1.178022	 1.178022	 90.000000	 0.441889	 -0.092678	 0.451504	 -11.845061	 353060.862007	
26.000000	 1.000000	 0.000000	 -0.000000	 0.000000	 -90.000000	 0.444938	 -0.089745	 0.453899	 -11.403685	 0.000000	 1.162642	 1.162642	 90.000000	 0.444701	 -0.089944	 0.453705	 -11.434296	 353062.316699	
25.000000	 1.000000	 0.000000	 -0.000000	 0.000000	 -90.000000	 0.449757	 -0.099508	 0.460633	 -12.475598	 0.000000	 1.197770	 1.197770	 90.000000	 0.449672	 -0.099317	 0.460509	 -12.454736	 353063.744355	
24.000000	 1.000000	 0.000000	 -0.000000	 0.000000	 -90.000000	 0.457987	 -0.100465	 0.468877	 -12.372546	 0.000000	 1.206327	 1.206327	 90.000000	 0.457987	 -0.100465	 0.468877	 -12.372546	 353065.196943	
23.000000	 1.000000	 0.000000	 -0.000000	 0.000000	 -90.000000	 0.466037	 -0.107649	 0.478308	 -13.006509	 0.000000	 1.249835	 1.249835	 90.000000	 0.466037	 -0.107649	 0.478308	 -13.006509	 353066.622053	
22.000000	 1.000000	 0.000000	 -0.000000	 0.000000	 -90.000000	 0.464967	 -0.104840	 0.476640	 -12.706493	 0.000000	 1.224074	 1.224074	 90.000000	 0.465169	 -0.105018	 0.476876	 -12.721961	 353068.023314	
21.000000	 1.000000	 0.000000	 -0.000000	 0.000000	 -90.000000	 0.468730	 -0.106045	 0.480576	 -12.747888	 0.000000	 1.217703	 1.217703	 90.000000	 0.468867	 -0.106039	 0.480708	 -12.743659	 353069.442254	
20.000000	 1.000000	 0.000000	 -0.000000	 0.000000	 -90.000000	 0.471883	 -0.106534	 0.483759	 -12.722040	 0.000000	 1.211301	 1.211301	 90.000000	 0.471883	 -0.106534	 0.483759	 -12.722040	 353070.890716	
19.000000	 1.000000	 0.000000	 -0.000000	 0.000000	 -90.000000	 0.478770	 -0.109121	 0.491048	 -12.839494	 0.000000	 1.223147	 1.223147	 90.000000	 0.478770	 -0.109121	 0.491048	 -12.839494	 353072.337005	
18.000000	 1.000000	 0.000000	 -0.000000	 0.000000	 -90.000000	 0.490367	 -0.116443	 0.504003	 -13.358156	 0.000000	 1.258938	 1.258938	 90.000000	 0.490513	 -0.115918	 0.504023	 -13.296203	 353073.775621	
17.000000	 1.000000	 0.000000	 -0.000000	 0.000000	 -90.000000	 0.499821	 -0.119688	 0.513952	 -13.466519	 0.000000	 1.279582	 1.279582	 90.000000	 0.499821	 -0.119688	 0.513952	 -13.466519	 353075.233666	
16.000000	 1.000000	 0.000000	 -0.000000	 0.000000	 -90.000000	 0.507964	 -0.123444	 0.522749	 -13.659069	 0.000000	 1.283912	 1.283912	 90.000000	 0.507851	 -0.122361	 0.522384	 -13.546566	 353076.667315	
15.000000	 1.000000	 0.000000	 -0.000000	 0.000000	 -90.000000	 0.508667	 -0.118851	 0.522368	 -13.151348	 0.000000	 1.259843	 1.259843	 90.000000	 0.504189	 -0.121528	 0.518628	 -13.551889	 353078.128181	
14.000000	 1.000000	 0.000000	 -0.000000	 0.000000	 -90.000000	 0.514348	 -0.117997	 0.527710	 -12.920720	 0.000000	 1.252323	 1.252323	 90.000000	 0.517144	 -0.118271	 0.530496	 -12.882000	 353079.570048	
13.000000	 1.000000	 0.000000	 -0.000000	 0.000000	 -90.000000	 0.535602	 -0.128409	 0.550779	 -13.482044	 0.000000	 1.269352	 1.269352	 90.000000	 0.535602	 -0.128409	 0.550779	 -13.482044	 353081.031040	
12.000000	 1.000000	 0.000000	 -0.000000	 0.000000	 -90.000000	 0.538283	 -0.119817	 0.551457	 -12.548980	 0.000000	 1.254077	 1.254077	 90.000000	 0.538283	 -0.119817	 0.551457	 -12.548980	 353082.467909	
11.000000	 1.000000	 0.000000	 -0.000000	 0.000000	 -90.000000	 0.533047	 -0.102895	 0.542887	 -10.925568	 0.000000	 1.244403	 1.244403	 90.000000	 0.533047	 -0.102895	 0.542887	 -10.925567	 353083.912298	
10.000000	 1.000000	 0.000000	 -0.000000	 0.000000	 -90.000000	 0.595376	 -0.128917	 0.609173	 -12.217676	 0.000000	 1.298364	 1.298364	 90.000000	 0.595376	 -0.128917	 0.609173	 -12.217676	 353085.334251	
9.000000	 1.000000	 0.000000	 -0.000000	 0.000000	 -90.000000	 0.621299	 -0.173728	 0.645131	 -15.622096	 0.000000	 1.319315	 1.319315	 90.000000	 0.621299	 -0.173728	 0.645131	 -15.622096	 353086.762657	
8.000000	 1.000000	 0.000000	 -0.000000	 0.000000	 -90.000000	 0.582467	 0.002279	 0.582471	 0.224226	 0.000000	 1.217013	 1.217013	 90.000000	 0.582467	 0.002279	 0.582471	 0.224226	 353088.188200	
7.000000	 1.000000	 0.000000	 -0.000000	 0.000000	 -90.000000	 0.769793	 -0.016852	 0.769978	 -1.254124	 0.000000	 1.398768	 1.398768	 90.000000	 0.769793	 -0.016852	 0.769978	 -1.254124	 353089.631178	
6.000000	 1.000000	 0.000000	 -0.000000	 0.000000	 -90.000000	 0.401949	 0.130641	 0.422646	 18.005115	 0.000000	 1.015917	 1.015917	 90.000000	 0.401949	 0.130641	 0.422646	 18.005115	 353091.047295	
5.000000	 1.000000	 0.000000	 -0.000000	 0.000000	 -90.000000	 0.836244	 -0.469892	 0.959220	 -29.331934	 0.000000	 1.677945	 1.677945	 90.000000	 0.993382	 -0.418627	 1.077987	 -22.851326	 353092.505356	
4.000000	 1.000000	 0.000000	 -0.000000	 0.000000	 -90.000000	 0.291101	 -0.464138	 0.547872	 -57.904585	 0.000000	 0.906031	 0.906031	 90.000000	 0.291101	 -0.464138	 0.547872	 -57.904585	 353094.019038	
3.000000	 1.000000	 0.000000	 -0.000000	 0.000000	 -90.000000	 1.527209	 0.370012	 1.571393	 13.619172	 0.000000	 1.968144	 1.968144	 90.000000	 1.527209	 0.370012	 1.571393	 13.619172	 353095.462344	
2.000000	 1.000000	 0.000000	 -0.000000	 0.000000	 -90.000000	 1.210922	 -1.098647	 1.635041	 -42.216876	 0.000000	 1.921117	 1.921117	 90.000000	 1.542994	 -0.985868	 1.831056	 -32.575796	 353096.941615	
1.000000	 1.000000	 0.000000	 -0.000000	 0.000000	 -90.000000	 0.517115	 1.365929	 1.460538	 69.264268	 0.000000	 1.453496	 1.453496	 90.000000	 0.420872	 1.341588	 1.406055	 72.582727	 353098.355841	
