# Oscilator_frequency (Hz)	DemodAll_A (-)	Demod_1_X_A (A)	Demod_1_Y_A (A)	Demod_1__R_A (A)	Demod_1__Theta_A (deg)	Demod_2_X_A (A)	Demod_2_Y_A (A)	Demod_2__R_A (A)	Demod_2__Theta_A (deg)	Demod_3_X_A (V)	Demod_3_Y_A (V)	Demod_3__R_A (V)	Demod_3__Theta_A (deg)	Demod_4_X_A (V)	Demod_4_Y_A (V)	Demod_4__R_A (V)	Demod_4__Theta_A (deg)	Timer_GET (s)
1.0	1.0	0.0	0.0	0.0	-90.0	0.0	0.0	0.0	-134.69985	0.0	2.346294	2.346294	90.0	1.611444	1.570715	2.250311	44.266702	3671.763201
2.0	1.0	0.0	0.0	0.0	-90.0	0.0	0.0	0.0	118.599711	0.0	2.170916	2.170916	90.0	1.125327	-1.452539	1.837452	-52.233953	3670.30929
3.0	1.0	0.0	0.0	0.0	-90.0	0.0	0.0	0.0	-165.868418	0.0	2.362671	2.362671	90.0	1.763615	0.28127	1.785904	9.061492	3668.844437
4.0	1.0	0.0	0.0	0.0	-90.0	0.0	0.0	0.0	29.782709	0.0	1.411657	1.411657	90.0	-0.328207	-0.447337	0.554825	-126.267113	3667.387914
5.0	1.0	0.0	0.0	0.0	-90.0	0.0	0.0	0.0	26.455369	0.0	1.539056	1.539056	90.0	-0.0786	-0.395932	0.403658	-101.228266	3665.94714
6.0	1.0	0.0	0.0	0.0	-90.0	0.0	0.0	0.0	155.952469	0.0	1.977596	1.977596	90.0	0.809601	-0.223877	0.839985	-15.457552	3664.521375
7.0	1.0	0.0	0.0	0.0	-90.0	0.0	0.0	0.0	84.041745	0.0	1.777427	1.777427	90.0	0.42968	-0.316986	0.533952	-36.417171	3663.082705
8.0	1.0	0.0	0.0	0.0	-90.0	0.0	0.0	0.0	-147.310483	0.0	1.833953	1.833953	90.0	0.536215	0.148614	0.556429	15.49095	3661.632572
9.0	1.0	0.0	0.0	0.0	-90.0	0.0	0.0	0.0	89.3047	0.0	1.794994	1.794994	90.0	0.416677	-0.137798	0.438871	-18.299454	3660.190566
10.0	1.0	0.0	0.0	0.0	-90.0	0.0	0.0	0.0	158.141779	0.0	1.804835	1.804835	90.0	0.451873	-0.069126	0.45713	-8.697508	3658.772649
11.0	1.0	0.0	0.0	0.0	-90.0	0.0	0.0	0.0	122.583765	0.0	1.782358	1.782358	90.0	0.384838	-0.084609	0.394029	-12.399581	3657.294761
12.0	1.0	0.0	0.0	0.0	-90.0	0.0	0.0	0.0	0.83904	0.0	1.781181	1.781181	90.0	0.379859	-0.066987	0.38572	-10.001053	3655.860327
13.0	1.0	0.0	0.0	0.0	-90.0	0.0	0.0	0.0	-142.007737	0.0	1.795336	1.795336	90.0	0.409635	-0.050907	0.412787	-7.084041	3654.427032
14.0	1.0	0.0	0.0	0.0	-90.0	0.0	0.0	0.0	-50.972361	0.0	1.788578	1.788578	90.0	0.389483	-0.056668	0.393584	-8.278232	3652.98928
15.0	1.0	0.0	0.0	0.0	-90.0	0.0	0.0	0.0	-170.56997	0.0	1.788179	1.788179	90.0	0.38472	-0.05786	0.389047	-8.552976	3651.563162
16.0	1.0	0.0	0.0	0.0	-90.0	0.0	0.0	0.0	8.015543	0.0	1.787008	1.787008	90.0	0.376622	-0.059601	0.381309	-8.992553	3650.106251
17.0	1.0	0.0	0.0	0.0	-90.0	0.0	0.0	0.0	124.113493	0.0	1.788453	1.788453	90.0	0.375989	-0.061557	0.380995	-9.297908	3648.664281
18.0	1.0	0.0	0.0	0.0	-90.0	0.0	0.0	0.0	129.543697	0.0	1.789204	1.789204	90.0	0.374034	-0.062211	0.379172	-9.44324	3647.224373
19.0	1.0	0.0	0.0	0.0	-90.0	0.0	0.0	0.0	-152.365399	0.0	1.788658	1.788658	90.0	0.370193	-0.061653	0.375292	-9.455452	3645.790908
20.0	1.0	0.0	0.0	0.0	-90.0	0.0	0.0	0.0	33.60456	0.0	1.789094	1.789094	90.0	0.367028	-0.063923	0.372553	-9.879739	3644.347899
21.0	1.0	0.0	0.0	0.0	-90.0	0.0	0.0	0.0	5.506035	0.0	1.789247	1.789247	90.0	0.364357	-0.064184	0.369967	-9.990501	3642.83318
22.0	1.0	0.0	0.0	0.0	-90.0	0.0	0.0	0.0	-42.879486	0.0	1.789703	1.789703	90.0	0.361606	-0.063793	0.36719	-10.004993	3641.417239
23.0	1.0	0.0	0.0	0.0	-90.0	0.0	0.0	0.0	49.987343	0.0	1.789773	1.789773	90.0	0.359694	-0.064929	0.365507	-10.232433	3639.970107
24.0	1.0	0.0	0.0	0.0	-90.0	0.0	0.0	0.0	130.856063	0.0	1.788177	1.788177	90.0	0.355582	-0.064787	0.361435	-10.325951	3638.535256
25.0	1.0	0.0	0.0	0.0	-90.0	0.0	0.0	0.0	-68.855007	0.0	1.790364	1.790364	90.0	0.354484	-0.063747	0.360171	-10.194585	3637.130727
26.0	1.0	0.0	0.0	0.0	-90.0	0.0	0.0	0.0	-160.502907	0.0	1.788905	1.788905	90.0	0.351169	-0.065665	0.357256	-10.591412	3635.690657
27.0	1.0	0.0	0.0	0.0	-90.0	0.0	0.0	0.0	-68.467073	0.0	1.790561	1.790561	90.0	0.349797	-0.065372	0.355853	-10.585703	3634.252148
28.0	1.0	0.0	0.0	0.0	-90.0	0.0	0.0	0.0	24.508178	0.0	1.790773	1.790773	90.0	0.34753	-0.064883	0.353535	-10.575174	3632.803058
29.0	1.0	0.0	0.0	0.0	-90.0	0.0	0.0	0.0	-81.196207	0.0	1.790549	1.790549	90.0	0.345336	-0.06504	0.351408	-10.666118	3631.388872
30.0	1.0	0.0	0.0	0.0	-90.0	0.0	0.0	0.0	14.776051	0.0	1.790688	1.790688	90.0	0.343231	-0.064942	0.349321	-10.714127	3629.958275
31.0	1.0	0.0	0.0	0.0	-90.0	0.0	0.0	0.0	-90.694074	0.0	1.790774	1.790774	90.0	0.341502	-0.064807	0.347596	-10.745279	3628.542223
32.0	1.0	0.0	0.0	0.0	-90.0	0.0	0.0	0.0	134.463322	0.0	1.790948	1.790948	90.0	0.339662	-0.064723	0.345773	-10.788448	3627.113941
33.0	1.0	0.0	0.0	0.0	-90.0	0.0	0.0	0.0	-27.909187	0.0	1.791778	1.791778	90.0	0.337986	-0.064676	0.344118	-10.832987	3625.648953
34.0	1.0	0.0	0.0	0.0	-90.0	0.0	0.0	0.0	173.318503	0.0	1.791721	1.791721	90.0	0.336221	-0.064393	0.342332	-10.84196	3624.228176
35.0	1.0	0.0	0.0	0.0	-90.0	0.0	0.0	0.0	-9.962068	0.0	1.791893	1.791893	90.0	0.334641	-0.064078	0.340721	-10.839974	3622.760555
36.0	1.0	0.0	0.0	0.0	-90.0	0.0	0.0	0.0	99.634248	0.0	1.790665	1.790665	90.0	0.333	-0.063818	0.33906	-10.848906	3621.361019
37.0	1.0	0.0	0.0	0.0	-90.0	0.0	0.0	0.0	100.773847	0.0	1.791216	1.791216	90.0	0.331767	-0.063655	0.337819	-10.861086	3619.919304
38.0	1.0	0.0	0.0	0.0	-90.0	0.0	0.0	0.0	55.288307	0.0	1.791467	1.791467	90.0	0.330181	-0.063558	0.336243	-10.895889	3618.490142
39.0	1.0	0.0	0.0	0.0	-90.0	0.0	0.0	0.0	12.433039	0.0	1.791616	1.791616	90.0	0.329066	-0.063894	0.335212	-10.988274	3616.991102
40.0	1.0	0.0	0.0	0.0	-90.0	0.0	0.0	0.0	-101.340079	0.0	1.791516	1.791516	90.0	0.327852	-0.060911	0.333462	-10.524799	3615.554894
41.0	1.0	0.0	0.0	0.0	-90.0	0.0	0.0	0.0	-131.865304	0.0	1.791578	1.791578	90.0	0.32826	-0.061268	0.333928	-10.572287	3614.120606
42.0	1.0	0.0	0.0	0.0	-90.0	0.0	0.0	0.0	-53.777688	0.0	1.791432	1.791432	90.0	0.322754	-0.057781	0.327885	-10.149844	3612.681243
43.0	1.0	0.0	0.0	0.0	-90.0	0.0	0.0	0.0	-55.953343	0.0	1.791521	1.791521	90.0	0.330842	-0.058911	0.336046	-10.096462	3611.247731
44.0	1.0	0.0	0.0	0.0	-90.0	0.0	0.0	0.0	-36.32531	0.0	1.791232	1.791232	90.0	0.329589	-0.050726	0.33347	-8.749628	3609.823358
45.0	1.0	0.0	0.0	0.0	-90.0	0.0	0.0	0.0	-133.898478	0.0	1.792509	1.792509	90.0	0.328279	-0.078667	0.337573	-13.475974	3608.378096
46.0	1.0	0.0	0.0	0.0	-90.0	0.0	0.0	0.0	126.133738	0.0	1.792691	1.792691	90.0	0.332736	-0.083963	0.343166	-14.162497	3606.940303
47.0	1.0	0.0	0.0	0.0	-90.0	0.0	0.0	0.0	173.122755	0.0	1.791954	1.791954	90.0	0.297451	-0.033583	0.299341	-6.44153	3605.525875
48.0	1.0	0.0	0.0	0.0	-90.0	0.0	0.0	0.0	155.551053	0.0	1.787447	1.787447	90.0	0.314061	-0.017849	0.314568	-3.252846	3604.091816
49.0	1.0	0.0	0.0	0.0	-90.0	0.0	0.0	0.0	49.457134	0.0	1.79503	1.79503	90.0	0.277921	-0.088138	0.291561	-17.59552	3602.655693
50.0	1.0	0.0	0.0	0.0	-90.0	0.0	0.0	0.0	-32.608197	0.0	1.794767	1.794767	90.0	0.275878	-0.028824	0.27738	-5.964661	3601.232113
51.0	1.0	0.0	0.0	0.0	-90.0	0.0	0.0	0.0	128.466868	0.0	1.797658	1.797658	90.0	0.281687	-0.093935	0.296937	-18.442149	3599.791601
52.0	1.0	0.0	0.0	0.0	-90.0	0.0	0.0	0.0	-165.891035	0.0	1.792615	1.792615	90.0	0.307126	-0.017235	0.307609	-3.211902	3598.343084
53.0	1.0	0.0	0.0	0.0	-90.0	0.0	0.0	0.0	-44.897671	0.0	1.796068	1.796068	90.0	0.290884	-0.03215	0.292656	-6.307116	3596.906907
54.0	1.0	0.0	0.0	0.0	-90.0	0.0	0.0	0.0	72.132195	0.0	1.791301	1.791301	90.0	0.324496	-0.081212	0.334504	-14.050913	3595.493054
55.0	1.0	0.0	0.0	0.0	-90.0	0.0	0.0	0.0	-139.091046	0.0	1.791915	1.791915	90.0	0.310734	-0.076567	0.320028	-13.842365	3594.055293
56.0	1.0	0.0	0.0	0.0	-90.0	0.0	0.0	0.0	-125.560739	0.0	1.793113	1.793113	90.0	0.314669	-0.046596	0.318101	-8.423034	3592.613253
57.0	1.0	0.0	0.0	0.0	-90.0	0.0	0.0	0.0	40.002649	0.0	1.792609	1.792609	90.0	0.31782	-0.055982	0.322713	-9.989794	3591.174042
58.0	1.0	0.0	0.0	0.0	-90.0	0.0	0.0	0.0	64.896122	0.0	1.792806	1.792806	90.0	0.310929	-0.053069	0.315425	-9.685937	3589.737535
59.0	1.0	0.0	0.0	0.0	-90.0	0.0	0.0	0.0	94.948711	0.0	1.792635	1.792635	90.0	0.311112	-0.056499	0.316201	-10.292948	3588.288355
60.0	1.0	0.0	0.0	0.0	-90.0	0.0	0.0	0.0	-101.78455	0.0	1.793451	1.793451	90.0	0.308467	-0.056508	0.313601	-10.380916	3586.860167
61.0	1.0	0.0	0.0	0.0	-90.0	0.0	0.0	0.0	-15.130633	0.0	1.793258	1.793258	90.0	0.305735	-0.056755	0.310958	-10.516381	3585.421672
62.0	1.0	0.0	0.0	0.0	-90.0	0.0	0.0	0.0	-112.397135	0.0	1.792917	1.792917	90.0	0.306	-0.056507	0.311174	-10.462571	3583.977055
63.0	1.0	0.0	0.0	0.0	-90.0	0.0	0.0	0.0	-95.224268	0.0	1.792939	1.792939	90.0	0.305394	-0.055542	0.310403	-10.30775	3582.505808
64.0	1.0	0.0	0.0	0.0	-90.0	0.0	0.0	0.0	130.305829	0.0	1.793032	1.793032	90.0	0.304789	-0.055397	0.309782	-10.301372	3581.055475
65.0	1.0	0.0	0.0	0.0	-90.0	0.0	0.0	0.0	-65.794503	0.0	1.792993	1.792993	90.0	0.303939	-0.055091	0.308891	-10.273697	3579.62171
66.0	1.0	0.0	0.0	0.0	-90.0	0.0	0.0	0.0	45.397045	0.0	1.793165	1.793165	90.0	0.303515	-0.054798	0.308422	-10.234149	3578.200716
67.0	1.0	0.0	0.0	0.0	-90.0	0.0	0.0	0.0	168.414253	0.0	1.793013	1.793013	90.0	0.302868	-0.054458	0.307725	-10.19322	3576.707697
68.0	1.0	0.0	0.0	0.0	-90.0	0.0	0.0	0.0	172.390945	0.0	1.793039	1.793039	90.0	0.302291	-0.054166	0.307105	-10.158731	3575.274278
69.0	1.0	0.0	0.0	0.0	-90.0	0.0	0.0	0.0	-133.154047	0.0	1.793091	1.793091	90.0	0.301676	-0.053931	0.306458	-10.135814	3573.84202
70.0	1.0	0.0	0.0	0.0	-90.0	0.0	0.0	0.0	-166.839993	0.0	1.793129	1.793129	90.0	0.301078	-0.05349	0.305792	-10.074097	3572.411532
71.0	1.0	0.0	0.0	0.0	-90.0	0.0	0.0	0.0	115.96442	0.0	1.793203	1.793203	90.0	0.300459	-0.053351	0.305159	-10.06875	3570.967998
72.0	1.0	0.0	0.0	0.0	-90.0	0.0	0.0	0.0	171.215787	0.0	1.793197	1.793197	90.0	0.299866	-0.052882	0.304493	-10.001491	3569.498363
73.0	1.0	0.0	0.0	0.0	-90.0	0.0	0.0	0.0	-167.51118	0.0	1.79316	1.79316	90.0	0.299315	-0.052558	0.303894	-9.959354	3568.053492
74.0	1.0	0.0	0.0	0.0	-90.0	0.0	0.0	0.0	-145.579853	0.0	1.793176	1.793176	90.0	0.29899	-0.052315	0.303532	-9.924707	3566.559248
75.0	1.0	0.0	0.0	0.0	-90.0	0.0	0.0	0.0	27.971877	0.0	1.793245	1.793245	90.0	0.298264	-0.051971	0.302758	-9.884168	3565.143208
76.0	1.0	0.0	0.0	0.0	-90.0	0.0	0.0	0.0	-144.28981	0.0	1.793237	1.793237	90.0	0.29769	-0.051853	0.302172	-9.880969	3563.675635
77.0	1.0	0.0	0.0	0.0	-90.0	0.0	0.0	0.0	-36.947159	0.0	1.793234	1.793234	90.0	0.297288	-0.051659	0.301743	-9.857662	3562.227302
78.0	1.0	0.0	0.0	0.0	-90.0	0.0	0.0	0.0	-113.010876	0.0	1.793221	1.793221	90.0	0.296901	-0.051145	0.301274	-9.773924	3560.787058
79.0	1.0	0.0	0.0	0.0	-90.0	0.0	0.0	0.0	-132.363515	0.0	1.793342	1.793342	90.0	0.296384	-0.051076	0.300753	-9.777706	3559.348285
80.0	1.0	0.0	0.0	0.0	-90.0	0.0	0.0	0.0	-171.615262	0.0	1.793381	1.793381	90.0	0.295989	-0.050638	0.300289	-9.708139	3557.948045
81.0	1.0	0.0	0.0	0.0	-90.0	0.0	0.0	0.0	-156.75425	0.0	1.793383	1.793383	90.0	0.295571	-0.05048	0.299851	-9.691856	3556.522987
82.0	1.0	0.0	0.0	0.0	-90.0	0.0	0.0	0.0	-103.343322	0.0	1.793399	1.793399	90.0	0.295058	-0.050235	0.299303	-9.662295	3555.100831
83.0	1.0	0.0	0.0	0.0	-90.0	0.0	0.0	0.0	-148.410109	0.0	1.7935	1.7935	90.0	0.294651	-0.049868	0.298841	-9.605936	3553.689973
84.0	1.0	0.0	0.0	0.0	-90.0	0.0	0.0	0.0	-24.678386	0.0	1.793466	1.793466	90.0	0.294222	-0.049608	0.298375	-9.570497	3552.268939
85.0	1.0	0.0	0.0	0.0	-90.0	0.0	0.0	0.0	-88.871871	0.0	1.793521	1.793521	90.0	0.293792	-0.049403	0.297916	-9.545397	3550.840148
86.0	1.0	0.0	0.0	0.0	-90.0	0.0	0.0	0.0	-63.228846	0.0	1.793519	1.793519	90.0	0.293367	-0.049132	0.297453	-9.50749	3549.397717
87.0	1.0	0.0	0.0	0.0	-90.0	0.0	0.0	0.0	101.97862	0.0	1.793539	1.793539	90.0	0.292958	-0.048884	0.297008	-9.473335	3547.92711
88.0	1.0	0.0	0.0	0.0	-90.0	0.0	0.0	0.0	-96.061315	0.0	1.793499	1.793499	90.0	0.292565	-0.048631	0.29658	-9.437617	3546.493485
89.0	1.0	0.0	0.0	0.0	-90.0	0.0	0.0	0.0	63.968406	0.0	1.793521	1.793521	90.0	0.292167	-0.048385	0.296146	-9.403228	3545.063377
90.0	1.0	0.0	0.0	0.0	-90.0	0.0	0.0	0.0	35.396804	0.0	1.793562	1.793562	90.0	0.291786	-0.048126	0.295729	-9.365747	3543.639283
91.0	1.0	0.0	0.0	0.0	-90.0	0.0	0.0	0.0	149.380148	0.0	1.79356	1.79356	90.0	0.291419	-0.047881	0.295326	-9.330516	3542.216903
92.0	1.0	0.0	0.0	0.0	-90.0	0.0	0.0	0.0	-126.18476	0.0	1.793563	1.793563	90.0	0.291066	-0.047624	0.294936	-9.292443	3540.772856
93.0	1.0	0.0	0.0	0.0	-90.0	0.0	0.0	0.0	-102.517684	0.0	1.793551	1.793551	90.0	0.290666	-0.047423	0.294509	-9.266399	3539.310885
94.0	1.0	0.0	0.0	0.0	-90.0	0.0	0.0	0.0	-100.688562	0.0	1.793588	1.793588	90.0	0.290285	-0.047199	0.294097	-9.235289	3537.843918
95.0	1.0	0.0	0.0	0.0	-90.0	0.0	0.0	0.0	97.741159	0.0	1.79358	1.79358	90.0	0.289947	-0.046894	0.293714	-9.187119	3536.415978
96.0	1.0	0.0	0.0	0.0	-90.0	0.0	0.0	0.0	129.973282	0.0	1.793674	1.793674	90.0	0.289577	-0.046629	0.293307	-9.147599	3534.985941
97.0	1.0	0.0	0.0	0.0	-90.0	0.0	0.0	0.0	-2.229142	0.0	1.793775	1.793775	90.0	0.289224	-0.046525	0.292942	-9.138439	3533.532804
98.0	1.0	0.0	0.0	0.0	-90.0	0.0	0.0	0.0	173.908885	0.0	1.793606	1.793606	90.0	0.288805	-0.046268	0.292487	-9.101782	3532.106261
99.0	1.0	0.0	0.0	0.0	-90.0	0.0	0.0	0.0	-174.428573	0.0	1.793502	1.793502	90.0	0.288752	-0.046092	0.292407	-9.069402	3530.670521
100.0	1.0	0.0	0.0	0.0	-90.0	0.0	0.0	0.0	-73.41914	0.0	1.793664	1.793664	90.0	0.288237	-0.045891	0.291868	-9.046271	3529.231903
101.0	1.0	0.0	0.0	0.0	-90.0	0.0	0.0	0.0	-159.084283	0.0	1.793467	1.793467	90.0	0.28814	-0.045634	0.291732	-8.99953	3527.756514
102.0	1.0	0.0	0.0	0.0	-90.0	0.0	0.0	0.0	-132.005874	0.0	1.793583	1.793583	90.0	0.287558	-0.045335	0.29111	-8.959264	3526.31636
103.0	1.0	0.0	0.0	0.0	-90.0	0.0	0.0	0.0	65.888253	0.0	1.793573	1.793573	90.0	0.287317	-0.045177	0.290847	-8.935849	3524.871056
104.0	1.0	0.0	0.0	0.0	-90.0	0.0	0.0	0.0	42.460097	0.0	1.793287	1.793287	90.0	0.287052	-0.044806	0.290528	-8.871636	3523.433088
105.0	1.0	0.0	0.0	0.0	-90.0	0.0	0.0	0.0	24.802451	0.0	1.793265	1.793265	90.0	0.286799	-0.04462	0.290249	-8.843205	3521.990302
106.0	1.0	0.0	0.0	0.0	-90.0	0.0	0.0	0.0	130.530687	0.0	1.79334	1.79334	90.0	0.286431	-0.044461	0.289861	-8.823327	3520.541774
107.0	1.0	0.0	0.0	0.0	-90.0	0.0	0.0	0.0	-99.08527	0.0	1.793193	1.793193	90.0	0.286142	-0.044212	0.289537	-8.783319	3519.122462
108.0	1.0	0.0	0.0	0.0	-90.0	0.0	0.0	0.0	-129.374505	0.0	1.793218	1.793218	90.0	0.285865	-0.044014	0.289234	-8.753015	3517.701713
109.0	1.0	0.0	0.0	0.0	-90.0	0.0	0.0	0.0	35.408092	0.0	1.793263	1.793263	90.0	0.285591	-0.043828	0.288935	-8.724736	3516.292103
110.0	1.0	0.0	0.0	0.0	-90.0	0.0	0.0	0.0	61.982701	0.0	1.793234	1.793234	90.0	0.285326	-0.043608	0.288639	-8.689571	3514.835198
111.0	1.0	0.0	0.0	0.0	-90.0	0.0	0.0	0.0	12.262613	0.0	1.793204	1.793204	90.0	0.285037	-0.043412	0.288324	-8.65986	3513.34423
112.0	1.0	0.0	0.0	0.0	-90.0	0.0	0.0	0.0	108.926674	0.0	1.793142	1.793142	90.0	0.284773	-0.043185	0.288029	-8.623018	3511.903723
113.0	1.0	0.0	0.0	0.0	-90.0	0.0	0.0	0.0	16.868675	0.0	1.792998	1.792998	90.0	0.284513	-0.042998	0.287743	-8.594084	3510.45534
114.0	1.0	0.0	0.0	0.0	-90.0	0.0	0.0	0.0	-170.235554	0.0	1.792903	1.792903	90.0	0.284202	-0.042793	0.287406	-8.562864	3509.020049
115.0	1.0	0.0	0.0	0.0	-90.0	0.0	0.0	0.0	-149.781188	0.0	1.792998	1.792998	90.0	0.283998	-0.04258	0.287173	-8.526906	3507.58393
116.0	1.0	0.0	0.0	0.0	-90.0	0.0	0.0	0.0	-117.714876	0.0	1.79302	1.79302	90.0	0.283788	-0.042389	0.286936	-8.495302	3506.160884
117.0	1.0	0.0	0.0	0.0	-90.0	0.0	0.0	0.0	-78.557917	0.0	1.792922	1.792922	90.0	0.283512	-0.042164	0.28663	-8.458967	3504.71026
118.0	1.0	0.0	0.0	0.0	-90.0	0.0	0.0	0.0	42.678102	0.0	1.792769	1.792769	90.0	0.283235	-0.042009	0.286334	-8.436504	3503.287554
119.0	1.0	0.0	0.0	0.0	-90.0	0.0	0.0	0.0	121.185031	0.0	1.792658	1.792658	90.0	0.283026	-0.041849	0.286104	-8.410993	3501.839293
120.0	1.0	0.0	0.0	0.0	-90.0	0.0	0.0	0.0	-147.003983	0.0	1.792659	1.792659	90.0	0.282821	-0.041638	0.285869	-8.375197	3500.421785
121.0	1.0	0.0	0.0	0.0	-90.0	0.0	0.0	0.0	-168.858944	0.0	1.792535	1.792535	90.0	0.282541	-0.041486	0.28557	-8.353148	3498.98539
122.0	1.0	0.0	0.0	0.0	-90.0	0.0	0.0	0.0	125.129356	0.0	1.792531	1.792531	90.0	0.282351	-0.041235	0.285346	-8.308784	3497.494071
123.0	1.0	0.0	0.0	0.0	-90.0	0.0	0.0	0.0	43.175842	0.0	1.792406	1.792406	90.0	0.282079	-0.041027	0.285047	-8.275333	3496.06065
124.0	1.0	0.0	0.0	0.0	-90.0	0.0	0.0	0.0	-41.101199	0.0	1.792311	1.792311	90.0	0.281862	-0.040879	0.284811	-8.252175	3494.615265
125.0	1.0	0.0	0.0	0.0	-90.0	0.0	0.0	0.0	-143.752716	0.0	1.792184	1.792184	90.0	0.281658	-0.040723	0.284587	-8.226892	3493.19793
126.0	1.0	0.0	0.0	0.0	-90.0	0.0	0.0	0.0	29.857717	0.0	1.792017	1.792017	90.0	0.281489	-0.040474	0.284384	-8.182164	3491.77106
127.0	1.0	0.0	0.0	0.0	-90.0	0.0	0.0	0.0	71.629914	0.0	1.792034	1.792034	90.0	0.281264	-0.040343	0.284143	-8.162548	3490.327889
128.0	1.0	0.0	0.0	0.0	-90.0	0.0	0.0	0.0	-109.348124	0.0	1.791853	1.791853	90.0	0.281016	-0.040142	0.283869	-8.12946	3488.839935
129.0	1.0	0.0	0.0	0.0	-90.0	0.0	0.0	0.0	147.872741	0.0	1.791944	1.791944	90.0	0.280805	-0.040013	0.283641	-8.109709	3487.40472
130.0	1.0	0.0	0.0	0.0	-90.0	0.0	0.0	0.0	-72.401132	0.0	1.791717	1.791717	90.0	0.280628	-0.039818	0.283439	-8.075626	3485.939306
131.0	1.0	0.0	0.0	0.0	-90.0	0.0	0.0	0.0	-178.016918	0.0	1.791556	1.791556	90.0	0.280394	-0.039639	0.283182	-8.046454	3484.492017
132.0	1.0	0.0	0.0	0.0	-90.0	0.0	0.0	0.0	174.047222	0.0	1.791384	1.791384	90.0	0.280205	-0.039443	0.282968	-8.012486	3483.035196
133.0	1.0	0.0	0.0	0.0	-90.0	0.0	0.0	0.0	2.765117	0.0	1.791289	1.791289	90.0	0.279998	-0.03925	0.282736	-7.979795	3481.599411
134.0	1.0	0.0	0.0	0.0	-90.0	0.0	0.0	0.0	-46.32292	0.0	1.791075	1.791075	90.0	0.279808	-0.039096	0.282526	-7.954154	3480.166316
135.0	1.0	0.0	0.0	0.0	-90.0	0.0	0.0	0.0	23.446919	0.0	1.790928	1.790928	90.0	0.279588	-0.038916	0.282284	-7.924123	3478.702702
136.0	1.0	0.0	0.0	0.0	-90.0	0.0	0.0	0.0	-118.910775	0.0	1.790772	1.790772	90.0	0.279383	-0.038757	0.282059	-7.897953	3477.245602
137.0	1.0	0.0	0.0	0.0	-90.0	0.0	0.0	0.0	152.810407	0.0	1.790729	1.790729	90.0	0.279207	-0.038595	0.281862	-7.870145	3475.792732
138.0	1.0	0.0	0.0	0.0	-90.0	0.0	0.0	0.0	-139.01294	0.0	1.790489	1.790489	90.0	0.278991	-0.038432	0.281626	-7.843276	3474.339738
139.0	1.0	0.0	0.0	0.0	-90.0	0.0	0.0	0.0	-52.855896	0.0	1.790157	1.790157	90.0	0.278823	-0.038257	0.281435	-7.812749	3472.848254
140.0	1.0	0.0	0.0	0.0	-90.0	0.0	0.0	0.0	-3.593842	0.0	1.790093	1.790093	90.0	0.27867	-0.038107	0.281264	-7.786669	3471.37503
141.0	1.0	0.0	0.0	0.0	-90.0	0.0	0.0	0.0	54.609411	0.0	1.789815	1.789815	90.0	0.278444	-0.037951	0.281019	-7.761453	3469.947689
142.0	1.0	0.0	0.0	0.0	-90.0	0.0	0.0	0.0	-103.384168	0.0	1.789693	1.789693	90.0	0.27828	-0.037856	0.280843	-7.746684	3468.512419
143.0	1.0	0.0	0.0	0.0	-90.0	0.0	0.0	0.0	-141.99636	0.0	1.789433	1.789433	90.0	0.278181	-0.037472	0.280693	-7.671711	3467.05918
144.0	1.0	0.0	0.0	0.0	-90.0	0.0	0.0	0.0	-107.138797	0.0	1.789028	1.789028	90.0	0.278145	-0.037286	0.280633	-7.635188	3465.624003
145.0	1.0	0.0	0.0	0.0	-90.0	0.0	0.0	0.0	-85.757755	0.0	1.788845	1.788845	90.0	0.277481	-0.037445	0.279997	-7.685309	3464.184376
146.0	1.0	0.0	0.0	0.0	-90.0	0.0	0.0	0.0	-85.530523	0.0	1.788515	1.788515	90.0	0.277163	-0.036862	0.279604	-7.57572	3462.731005
147.0	1.0	0.0	0.0	0.0	-90.0	0.0	0.0	0.0	-95.174716	0.0	1.788188	1.788188	90.0	0.277252	-0.03753	0.279781	-7.70903	3461.297559
148.0	1.0	0.0	0.0	0.0	-90.0	0.0	0.0	0.0	58.028315	0.0	1.787912	1.787912	90.0	0.276438	-0.036904	0.278891	-7.603917	3459.864045
149.0	1.0	0.0	0.0	0.0	-90.0	0.0	0.0	0.0	122.268795	0.0	1.787609	1.787609	90.0	0.276923	-0.037502	0.279451	-7.712203	3458.411249
150.0	1.0	0.0	0.0	0.0	-90.0	0.0	0.0	0.0	-38.49134	0.0	1.787231	1.787231	90.0	0.27608	-0.035925	0.278408	-7.413984	3456.986009
151.0	1.0	0.0	0.0	0.0	-90.0	0.0	0.0	0.0	118.563831	0.0	1.786867	1.786867	90.0	0.275803	-0.036562	0.278215	-7.551353	3455.528919
152.0	1.0	0.0	0.0	0.0	-90.0	0.0	0.0	0.0	-84.905999	0.0	1.786474	1.786474	90.0	0.276997	-0.035484	0.27926	-7.299927	3454.088486
153.0	1.0	0.0	0.0	0.0	-90.0	0.0	0.0	0.0	-84.816591	0.0	1.786047	1.786047	90.0	0.276854	-0.035559	0.279128	-7.319016	3452.655506
154.0	1.0	0.0	0.0	0.0	-90.0	0.0	0.0	0.0	-79.79614	0.0	1.785694	1.785694	90.0	0.275696	-0.035858	0.278018	-7.410447	3451.225193
155.0	1.0	0.0	0.0	0.0	-90.0	0.0	0.0	0.0	4.135447	0.0	1.785377	1.785377	90.0	0.275764	-0.035456	0.278034	-7.326531	3449.792207
156.0	1.0	0.0	0.0	0.0	-90.0	0.0	0.0	0.0	-131.956292	0.0	1.784855	1.784855	90.0	0.275676	-0.035667	0.277974	-7.371901	3448.353104
157.0	1.0	0.0	0.0	0.0	-90.0	0.0	0.0	0.0	-82.771437	0.0	1.784375	1.784375	90.0	0.275541	-0.035342	0.277799	-7.309053	3446.893722
158.0	1.0	0.0	0.0	0.0	-90.0	0.0	0.0	0.0	174.787922	0.0	1.783843	1.783843	90.0	0.275437	-0.035227	0.277681	-7.288303	3445.462849
159.0	1.0	0.0	0.0	0.0	-90.0	0.0	0.0	0.0	-154.38013	0.0	1.783309	1.783309	90.0	0.275371	-0.034934	0.277578	-7.230044	3444.007535
160.0	1.0	0.0	0.0	0.0	-90.0	0.0	0.0	0.0	17.85982	0.0	1.782791	1.782791	90.0	0.2752	-0.03487	0.2774	-7.221326	3442.548833
161.0	1.0	0.0	0.0	0.0	-90.0	0.0	0.0	0.0	111.907002	0.0	1.782235	1.782235	90.0	0.275092	-0.034712	0.277274	-7.191792	3441.109461
162.0	1.0	0.0	0.0	0.0	-90.0	0.0	0.0	0.0	69.204549	0.0	1.781542	1.781542	90.0	0.274891	-0.034546	0.277053	-7.162911	3439.687326
163.0	1.0	0.0	0.0	0.0	-90.0	0.0	0.0	0.0	-166.852416	0.0	1.780764	1.780764	90.0	0.274764	-0.03439	0.276908	-7.134209	3438.245473
164.0	1.0	0.0	0.0	0.0	-90.0	0.0	0.0	0.0	-44.775943	0.0	1.780101	1.780101	90.0	0.274587	-0.034215	0.27671	-7.102827	3436.824842
165.0	1.0	0.0	0.0	0.0	-90.0	0.0	0.0	0.0	-141.441923	0.0	1.779258	1.779258	90.0	0.274436	-0.034063	0.276542	-7.075354	3435.369339
166.0	1.0	0.0	0.0	0.0	-90.0	0.0	0.0	0.0	135.720499	0.0	1.778415	1.778415	90.0	0.274289	-0.033903	0.276376	-7.046261	3433.926066
167.0	1.0	0.0	0.0	0.0	-90.0	0.0	0.0	0.0	147.099526	0.0	1.777606	1.777606	90.0	0.274137	-0.033756	0.276208	-7.019881	3432.45636
168.0	1.0	0.0	0.0	0.0	-90.0	0.0	0.0	0.0	-96.391231	0.0	1.776537	1.776537	90.0	0.273966	-0.033575	0.276015	-6.986807	3431.029953
169.0	1.0	0.0	0.0	0.0	-90.0	0.0	0.0	0.0	-16.732476	0.0	1.775638	1.775638	90.0	0.273813	-0.033381	0.27584	-6.950651	3429.592635
170.0	1.0	0.0	0.0	0.0	-90.0	0.0	0.0	0.0	-2.032557	0.0	1.774469	1.774469	90.0	0.273663	-0.03319	0.275668	-6.915126	3428.145196
171.0	1.0	0.0	0.0	0.0	-90.0	0.0	0.0	0.0	-149.213227	0.0	1.773338	1.773338	90.0	0.273509	-0.033061	0.2755	-6.89229	3426.692203
172.0	1.0	0.0	0.0	0.0	-90.0	0.0	0.0	0.0	-129.822258	0.0	1.771977	1.771977	90.0	0.273331	-0.032861	0.275299	-6.855429	3425.233165
173.0	1.0	0.0	0.0	0.0	-90.0	0.0	0.0	0.0	160.663845	0.0	1.77066	1.77066	90.0	0.273244	-0.032692	0.275193	-6.822659	3423.77744
174.0	1.0	0.0	0.0	0.0	-90.0	0.0	0.0	0.0	118.773676	0.0	1.769026	1.769026	90.0	0.273028	-0.032512	0.274957	-6.790678	3422.324221
175.0	1.0	0.0	0.0	0.0	-90.0	0.0	0.0	0.0	56.092914	0.0	1.767601	1.767601	90.0	0.272892	-0.032342	0.274802	-6.758857	3420.886357
176.0	1.0	0.0	0.0	0.0	-90.0	0.0	0.0	0.0	-2.240451	0.0	1.765931	1.765931	90.0	0.272733	-0.03218	0.274624	-6.729311	3419.454611
177.0	1.0	0.0	0.0	0.0	-90.0	0.0	0.0	0.0	74.531864	0.0	1.764044	1.764044	90.0	0.272604	-0.031923	0.274466	-6.679125	3418.010272
178.0	1.0	0.0	0.0	0.0	-90.0	0.0	0.0	0.0	-63.177334	0.0	1.762053	1.762053	90.0	0.272445	-0.03173	0.274286	-6.64295	3416.581069
179.0	1.0	0.0	0.0	0.0	-90.0	0.0	0.0	0.0	-84.385731	0.0	1.759688	1.759688	90.0	0.27226	-0.031551	0.274082	-6.610251	3415.103431
180.0	1.0	0.0	0.0	0.0	-90.0	0.0	0.0	0.0	70.869509	0.0	1.757295	1.757295	90.0	0.272103	-0.03132	0.2739	-6.566083	3413.665171
181.0	1.0	0.0	0.0	0.0	-90.0	0.0	0.0	0.0	54.555621	0.0	1.754553	1.754553	90.0	0.271916	-0.031117	0.273691	-6.528332	3412.180829
182.0	1.0	0.0	0.0	0.0	-90.0	0.0	0.0	0.0	85.807689	0.0	1.751676	1.751676	90.0	0.271762	-0.030909	0.273514	-6.488782	3410.745138
183.0	1.0	0.0	0.0	0.0	-90.0	0.0	0.0	0.0	-60.245603	0.0	1.748597	1.748597	90.0	0.271602	-0.030669	0.273328	-6.442398	3409.321317
184.0	1.0	0.0	0.0	0.0	-90.0	0.0	0.0	0.0	-23.701915	0.0	1.744873	1.744873	90.0	0.271366	-0.030396	0.273064	-6.3912	3407.876002
185.0	1.0	0.0	0.0	0.0	-90.0	0.0	0.0	0.0	-98.25285	0.0	1.741064	1.741064	90.0	0.271232	-0.030176	0.272905	-6.348249	3406.420653
186.0	1.0	0.0	0.0	0.0	-90.0	0.0	0.0	0.0	-122.612643	0.0	1.736538	1.736538	90.0	0.271028	-0.029888	0.272671	-6.292869	3404.972721
187.0	1.0	0.0	0.0	0.0	-90.0	0.0	0.0	0.0	76.39676	0.0	1.731516	1.731516	90.0	0.2708	-0.029596	0.272413	-6.237199	3403.491801
188.0	1.0	0.0	0.0	0.0	-90.0	0.0	0.0	0.0	-141.638704	0.0	1.725823	1.725823	90.0	0.270592	-0.029302	0.272174	-6.180461	3402.04335
189.0	1.0	0.0	0.0	0.0	-90.0	0.0	0.0	0.0	-27.376309	0.0	1.719446	1.719446	90.0	0.270376	-0.028993	0.271926	-6.120465	3400.574882
190.0	1.0	0.0	0.0	0.0	-90.0	0.0	0.0	0.0	36.906766	0.0	1.712195	1.712195	90.0	0.270123	-0.028622	0.271635	-6.048436	3399.109677
191.0	1.0	0.0	0.0	0.0	-90.0	0.0	0.0	0.0	-146.910802	0.0	1.703652	1.703652	90.0	0.269888	-0.028235	0.27136	-5.972388	3397.646069
192.0	1.0	0.0	0.0	0.0	-90.0	0.0	0.0	0.0	-176.155127	0.0	1.694062	1.694062	90.0	0.269617	-0.027812	0.271048	-5.889393	3396.198303
193.0	1.0	0.0	0.0	0.0	-90.0	0.0	0.0	0.0	167.619226	0.0	1.68261	1.68261	90.0	0.269305	-0.027344	0.270689	-5.797611	3394.752469
194.0	1.0	0.0	0.0	0.0	-90.0	0.0	0.0	0.0	32.760536	0.0	1.669565	1.669565	90.0	0.269012	-0.026848	0.270349	-5.699286	3393.317964
195.0	1.0	0.0	0.0	0.0	-90.0	0.0	0.0	0.0	-162.610398	0.0	1.655152	1.655152	90.0	0.268657	-0.026243	0.269936	-5.579173	3391.885716
196.0	1.0	0.0	0.0	0.0	-90.0	0.0	0.0	0.0	-37.8687	0.0	1.637632	1.637632	90.0	0.268326	-0.025664	0.269551	-5.463393	3390.459749
197.0	1.0	0.0	0.0	0.0	-90.0	0.0	0.0	0.0	-98.730603	0.0	1.608843	1.608843	90.0	0.267883	-0.024807	0.269029	-5.290668	3389.01964
198.0	1.0	0.0	0.0	0.0	-90.0	0.0	0.0	0.0	-150.718379	0.0	1.583689	1.583689	90.0	0.267308	-0.024085	0.268391	-5.148588	3387.576445
199.0	1.0	0.0	0.0	0.0	-90.0	0.0	0.0	0.0	-120.835128	0.0	1.548204	1.548204	90.0	0.266815	-0.023122	0.267815	-4.952889	3386.149838
200.0	1.0	0.0	0.0	0.0	-90.0	0.0	0.0	0.0	-136.514601	0.0	1.635289	1.635289	90.0	0.2694025	-0.0282	0.270941	-5.957586	2974.6140725
250.0	1.0	0.0	0.0	0.0	-90.0	0.0	0.0	0.0	-115.460242	0.0	1.773256	1.773256	90.0	0.26964	-0.03237	0.271576	-6.845538	2563.087171
300.0	1.0	0.0	0.0	0.0	-90.0	0.0	0.0	0.0	-136.668091	0.0	1.768825	1.768825	90.0	0.265827	-0.029322	0.26744	-6.294444	2561.659557
350.0	1.0	0.0	0.0	0.0	-90.0	0.0	0.0	0.0	-136.994423	0.0	1.774112	1.774112	90.0	0.263175	-0.028367	0.264699	-6.152037	2560.164919
400.0	1.0	0.0	0.0	0.0	-90.0	0.0	0.0	0.0	-138.955291	0.0	1.773817	1.773817	90.0	0.261769	-0.026417	0.263099	-5.762519	2558.695393
450.0	1.0	0.0	0.0	0.0	-90.0	0.0	0.0	0.0	6.924087	0.0	1.770221	1.770221	90.0	0.260535	-0.025121	0.261743	-5.507481	2557.18089
500.0	1.0	0.0	0.0	0.0	-90.0	0.0	0.0	0.0	-87.043505	0.0	1.770468	1.770468	90.0	0.258803	-0.024256	0.259937	-5.35444	2555.748396
550.0	1.0	0.0	0.0	0.0	-90.0	0.0	0.0	0.0	175.29909	0.0	1.77228	1.77228	90.0	0.257482	-0.02355	0.258556	-5.225896	2554.310521
600.0	1.0	0.0	0.0	0.0	-90.0	0.0	0.0	0.0	-94.766489	0.0	1.774152	1.774152	90.0	0.256556	-0.022912	0.257577	-5.103348	2552.905864
650.0	1.0	0.0	0.0	0.0	-90.0	0.0	0.0	0.0	69.251033	0.0	1.769803	1.769803	90.0	0.255666	-0.022296	0.256636	-4.984002	2551.47627
700.0	1.0	0.0	0.0	0.0	-90.0	0.0	0.0	0.0	-61.935732	0.0	1.770391	1.770391	90.0	0.254633	-0.021701	0.255556	-4.871174	2550.051792
750.0	1.0	0.0	0.0	0.0	-90.0	0.0	0.0	0.0	163.288614	0.0	1.77036	1.77036	90.0	0.253916	-0.021047	0.254787	-4.738311	2548.636669
800.0	1.0	0.0	0.0	0.0	-90.0	0.0	0.0	0.0	150.943814	0.0	1.77021	1.77021	90.0	0.253125	-0.020807	0.253978	-4.699169	2547.181914
850.0	1.0	0.0	0.0	0.0	-90.0	0.0	0.0	0.0	-170.004427	0.0	1.770325	1.770325	90.0	0.252413	-0.020414	0.253237	-4.623708	2545.764055
900.0	1.0	0.0	0.0	0.0	-90.0	0.0	0.0	0.0	-89.504132	0.0	1.770097	1.770097	90.0	0.251895	-0.020023	0.25269	-4.544869	2544.321587
950.0	1.0	0.0	0.0	0.0	-90.0	0.0	0.0	0.0	-102.287435	0.0	1.770024	1.770024	90.0	0.251272	-0.019722	0.252045	-4.487798	2542.896558
1000.0	1.0	0.0	0.0	0.0	-90.0	0.0	0.0	0.0	38.234912	0.0	1.769793	1.769793	90.0	0.250749	-0.019432	0.251501	-4.431358	2541.479607
1050.0	1.0	0.0	0.0	0.0	-90.0	0.0	0.0	0.0	-116.614668	0.0	1.769839	1.769839	90.0	0.250227	-0.01913	0.250957	-4.371796	2540.067063
1100.0	1.0	0.0	0.0	0.0	-90.0	0.0	0.0	0.0	5.371291	0.0	1.77087	1.77087	90.0	0.249783	-0.018892	0.250497	-4.325321	2538.633889
1150.0	1.0	0.0	0.0	0.0	-90.0	0.0	0.0	0.0	140.670595	0.0	1.766665	1.766665	90.0	0.249397	-0.018608	0.25009	-4.267126	2537.155814
1200.0	1.0	0.0	0.0	0.0	-90.0	0.0	0.0	0.0	177.429737	0.0	1.767657	1.767657	90.0	0.248943	-0.018428	0.249624	-4.233483	2535.687768
1250.0	1.0	0.0	0.0	0.0	-90.0	0.0	0.0	0.0	-158.444809	0.0	1.769372	1.769372	90.0	0.248528	-0.018182	0.249192	-4.184316	2534.271789
1300.0	1.0	0.0	0.0	0.0	-90.0	0.0	0.0	0.0	-131.064926	0.0	1.769258	1.769258	90.0	0.248124	-0.018014	0.248777	-4.15232	2532.821448
1350.0	1.0	0.0	0.0	0.0	-90.0	0.0	0.0	0.0	-2.027145	0.0	1.769051	1.769051	90.0	0.247751	-0.017818	0.248391	-4.113509	2531.381921
1400.0	1.0	0.0	0.0	0.0	-90.0	0.0	0.0	0.0	-96.041202	0.0	1.768959	1.768959	90.0	0.247408	-0.01768	0.248039	-4.087415	2529.919414
1450.0	1.0	0.0	0.0	0.0	-90.0	0.0	0.0	0.0	-179.146517	0.0	1.768863	1.768863	90.0	0.247085	-0.017478	0.247703	-4.046218	2528.478597
1500.0	1.0	0.0	0.0	0.0	-90.0	0.0	0.0	0.0	-85.947465	0.0	1.768948	1.768948	90.0	0.246776	-0.017357	0.247386	-4.023236	2527.041102
1550.0	1.0	0.0	0.0	0.0	-90.0	0.0	0.0	0.0	124.938544	0.0	1.768182	1.768182	90.0	0.24643	-0.017192	0.247029	-3.990739	2525.584045
1600.0	1.0	0.0	0.0	0.0	-90.0	0.0	0.0	0.0	173.350043	0.0	1.770153	1.770153	90.0	0.246177	-0.017085	0.246769	-3.970085	2524.123599
1650.0	1.0	0.0	0.0	0.0	-90.0	0.0	0.0	0.0	-128.781247	0.0	1.767672	1.767672	90.0	0.245911	-0.016933	0.246493	-3.939057	2522.62002
1700.0	1.0	0.0	0.0	0.0	-90.0	0.0	0.0	0.0	-136.181942	0.0	1.767961	1.767961	90.0	0.245588	-0.016843	0.246165	-3.92332	2521.121356
1750.0	1.0	0.0	0.0	0.0	-90.0	0.0	0.0	0.0	-34.394785	0.0	1.767837	1.767837	90.0	0.245343	-0.016721	0.245912	-3.898805	2519.655999
1800.0	1.0	0.0	0.0	0.0	-90.0	0.0	0.0	0.0	82.963288	0.0	1.767588	1.767588	90.0	0.245097	-0.016624	0.24566	-3.880234	2518.196128
1850.0	1.0	0.0	0.0	0.0	-90.0	0.0	0.0	0.0	-150.769581	0.0	1.767323	1.767323	90.0	0.244862	-0.016513	0.245418	-3.858075	2516.738215
1900.0	1.0	0.0	0.0	0.0	-90.0	0.0	0.0	0.0	-139.232647	0.0	1.767166	1.767166	90.0	0.244616	-0.016434	0.245168	-3.843613	2515.310425
1950.0	1.0	0.0	0.0	0.0	-90.0	0.0	0.0	0.0	-109.748922	0.0	1.766982	1.766982	90.0	0.244412	-0.01634	0.244957	-3.824833	2513.879161
2000.0	1.0	0.0	0.0	0.0	-90.0	0.0	0.0	0.0	167.450005	0.0	1.766826	1.766826	90.0	0.244167	-0.016239	0.244707	-3.805087	2512.433498
2050.0	1.0	0.0	0.0	0.0	-90.0	0.0	0.0	0.0	-143.976378	0.0	1.766567	1.766567	90.0	0.243953	-0.016156	0.244487	-3.788844	2511.013711
2100.0	1.0	0.0	0.0	0.0	-90.0	0.0	0.0	0.0	-2.684143	0.0	1.766358	1.766358	90.0	0.243764	-0.016095	0.244294	-3.777599	2509.581697
2150.0	1.0	0.0	0.0	0.0	-90.0	0.0	0.0	0.0	-17.400565	0.0	1.766126	1.766126	90.0	0.243588	-0.016016	0.244114	-3.761865	2508.141434
2200.0	1.0	0.0	0.0	0.0	-90.0	0.0	0.0	0.0	-153.077529	0.0	1.765774	1.765774	90.0	0.243372	-0.015948	0.243894	-3.749132	2506.703379
2250.0	1.0	0.0	0.0	0.0	-90.0	0.0	0.0	0.0	166.249994	0.0	1.765472	1.765472	90.0	0.243164	-0.015868	0.243681	-3.733514	2505.261796
2300.0	1.0	0.0	0.0	0.0	-90.0	0.0	0.0	0.0	-65.554498	0.0	1.765212	1.765212	90.0	0.24298	-0.015813	0.243494	-3.723457	2503.838738
2350.0	1.0	0.0	0.0	0.0	-90.0	0.0	0.0	0.0	-154.677806	0.0	1.764846	1.764846	90.0	0.242794	-0.015758	0.243305	-3.713391	2502.376257
2400.0	1.0	0.0	0.0	0.0	-90.0	0.0	0.0	0.0	160.335986	0.0	1.764429	1.764429	90.0	0.242599	-0.015687	0.243106	-3.699626	2500.90702
2450.0	1.0	0.0	0.0	0.0	-90.0	0.0	0.0	0.0	121.008714	0.0	1.764133	1.764133	90.0	0.242431	-0.015626	0.242934	-3.687959	2499.44153
2500.0	1.0	0.0	0.0	0.0	-90.0	0.0	0.0	0.0	61.139599	0.0	1.763855	1.763855	90.0	0.242275	-0.015571	0.242775	-3.677445	2497.999288
2550.0	1.0	0.0	0.0	0.0	-90.0	0.0	0.0	0.0	-70.990098	0.0	1.763544	1.763544	90.0	0.242118	-0.015527	0.242615	-3.669241	2496.589557
2600.0	1.0	0.0	0.0	0.0	-90.0	0.0	0.0	0.0	93.553776	0.0	1.763013	1.763013	90.0	0.241966	-0.015473	0.24246	-3.658954	2495.147908
2650.0	1.0	0.0	0.0	0.0	-90.0	0.0	0.0	0.0	118.696556	0.0	1.762552	1.762552	90.0	0.241804	-0.015419	0.242295	-3.648607	2493.712215
2700.0	1.0	0.0	0.0	0.0	-90.0	0.0	0.0	0.0	172.452474	0.0	1.762071	1.762071	90.0	0.241676	-0.015379	0.242165	-3.641125	2492.261374
2750.0	1.0	0.0	0.0	0.0	-90.0	0.0	0.0	0.0	-96.369284	0.0	1.761524	1.761524	90.0	0.241523	-0.015334	0.24201	-3.632758	2490.79058
2800.0	1.0	0.0	0.0	0.0	-90.0	0.0	0.0	0.0	-175.167743	0.0	1.760964	1.760964	90.0	0.241389	-0.015293	0.241872	-3.625129	2489.320704
2850.0	1.0	0.0	0.0	0.0	-90.0	0.0	0.0	0.0	-167.554483	0.0	1.760351	1.760351	90.0	0.241245	-0.015252	0.241727	-3.61757	2487.899526
2900.0	1.0	0.0	0.0	0.0	-90.0	0.0	0.0	0.0	-174.703748	0.0	1.759867	1.759867	90.0	0.241103	-0.01521	0.241582	-3.609624	2486.445319
2950.0	1.0	0.0	0.0	0.0	-90.0	0.0	0.0	0.0	-137.507904	0.0	1.759156	1.759156	90.0	0.240957	-0.015167	0.241434	-3.601731	2484.979986
3000.0	1.0	0.0	0.0	0.0	-90.0	0.0	0.0	0.0	168.485324	0.0	1.758546	1.758546	90.0	0.240838	-0.015136	0.241313	-3.59603	2483.541079
3050.0	1.0	0.0	0.0	0.0	-90.0	0.0	0.0	0.0	-118.50141	0.0	1.757855	1.757855	90.0	0.240694	-0.015097	0.241167	-3.588956	2482.082522
3100.0	1.0	0.0	0.0	0.0	-90.0	0.0	0.0	0.0	-164.08887	0.0	1.757131	1.757131	90.0	0.240573	-0.015066	0.241044	-3.583557	2480.636352
3150.0	1.0	0.0	0.0	0.0	-90.0	0.0	0.0	0.0	-90.092725	0.0	1.756265	1.756265	90.0	0.240435	-0.015026	0.240904	-3.576013	2479.217042
3200.0	1.0	0.0	0.0	0.0	-90.0	0.0	0.0	0.0	-120.236732	0.0	1.755556	1.755556	90.0	0.240303	-0.014998	0.240771	-3.571336	2477.778358
3250.0	1.0	0.0	0.0	0.0	-90.0	0.0	0.0	0.0	-108.563444	0.0	1.754594	1.754594	90.0	0.240177	-0.01496	0.240642	-3.564093	2476.361203
3300.0	1.0	0.0	0.0	0.0	-90.0	0.0	0.0	0.0	-100.40691	0.0	1.753389	1.753389	90.0	0.240031	-0.014932	0.240495	-3.559721	2474.906698
3350.0	1.0	0.0	0.0	0.0	-90.0	0.0	0.0	0.0	-128.632871	0.0	1.752463	1.752463	90.0	0.239914	-0.014899	0.240376	-3.553535	2473.45658
3400.0	1.0	0.0	0.0	0.0	-90.0	0.0	0.0	0.0	-141.471734	0.0	1.751413	1.751413	90.0	0.239786	-0.014872	0.240247	-3.549054	2472.014952
3450.0	1.0	0.0	0.0	0.0	-90.0	0.0	0.0	0.0	59.009626	0.0	1.750089	1.750089	90.0	0.239667	-0.014845	0.240126	-3.544404	2470.549074
3500.0	1.0	0.0	0.0	0.0	-90.0	0.0	0.0	0.0	156.20395	0.0	1.748689	1.748689	90.0	0.239532	-0.01481	0.239989	-3.537977	2469.109573
3550.0	1.0	0.0	0.0	0.0	-90.0	0.0	0.0	0.0	-137.055019	0.0	1.747307	1.747307	90.0	0.239439	-0.014782	0.239895	-3.532708	2467.657532
3600.0	1.0	0.0	0.0	0.0	-90.0	0.0	0.0	0.0	-42.874939	0.0	1.745825	1.745825	90.0	0.239339	-0.014755	0.239794	-3.527801	2466.225041
3650.0	1.0	0.0	0.0	0.0	-90.0	0.0	0.0	0.0	117.383744	0.0	1.744177	1.744177	90.0	0.239226	-0.014738	0.239679	-3.525339	2464.8135
3700.0	1.0	0.0	0.0	0.0	-90.0	0.0	0.0	0.0	152.345879	0.0	1.74233	1.74233	90.0	0.239106	-0.014701	0.239557	-3.518331	2463.352036
3750.0	1.0	0.0	0.0	0.0	-90.0	0.0	0.0	0.0	-157.705293	0.0	1.740413	1.740413	90.0	0.239015	-0.014678	0.239465	-3.514085	2461.923341
3800.0	1.0	0.0	0.0	0.0	-90.0	0.0	0.0	0.0	154.904351	0.0	1.738289	1.738289	90.0	0.238913	-0.014659	0.239362	-3.510977	2460.490785
3850.0	1.0	0.0	0.0	0.0	-90.0	0.0	0.0	0.0	-173.166662	0.0	1.735933	1.735933	90.0	0.238811	-0.014633	0.239259	-3.506384	2459.034307
3900.0	1.0	0.0	0.0	0.0	-90.0	0.0	0.0	0.0	-163.508765	0.0	1.733493	1.733493	90.0	0.238698	-0.014606	0.239144	-3.501637	2457.586594
3950.0	1.0	0.0	0.0	0.0	-90.0	0.0	0.0	0.0	-132.245463	0.0	1.730604	1.730604	90.0	0.238597	-0.014581	0.239042	-3.497099	2456.165456
4000.0	1.0	0.0	0.0	0.0	-90.0	0.0	0.0	0.0	-124.686872	0.0	1.727406	1.727406	90.0	0.2385	-0.014552	0.238943	-3.49158	2454.714785
4050.0	1.0	0.0	0.0	0.0	-90.0	0.0	0.0	0.0	-129.65448	0.0	1.724012	1.724012	90.0	0.238384	-0.014525	0.238826	-3.486817	2453.297566
4100.0	1.0	0.0	0.0	0.0	-90.0	0.0	0.0	0.0	176.587227	0.0	1.720238	1.720238	90.0	0.238298	-0.014496	0.238738	-3.481165	2451.86325
4150.0	1.0	0.0	0.0	0.0	-90.0	0.0	0.0	0.0	-159.190955	0.0	1.715735	1.715735	90.0	0.238191	-0.01447	0.23863	-3.476483	2450.432677
4200.0	1.0	0.0	0.0	0.0	-90.0	0.0	0.0	0.0	-151.650655	0.0	1.710845	1.710845	90.0	0.238089	-0.014441	0.238526	-3.47093	2448.996468
4250.0	1.0	0.0	0.0	0.0	-90.0	0.0	0.0	0.0	135.315789	0.0	1.705539	1.705539	90.0	0.238001	-0.014416	0.238437	-3.466278	2447.579769
4300.0	1.0	0.0	0.0	0.0	-90.0	0.0	0.0	0.0	-89.581507	0.0	1.699308	1.699308	90.0	0.237904	-0.014376	0.238337	-3.458135	2446.151252
4350.0	1.0	0.0	0.0	0.0	-90.0	0.0	0.0	0.0	149.557374	0.0	1.691989	1.691989	90.0	0.237804	-0.014343	0.238236	-3.451615	2444.678762
4400.0	1.0	0.0	0.0	0.0	-90.0	0.0	0.0	0.0	47.645088	0.0	1.683682	1.683682	90.0	0.237713	-0.014306	0.238143	-3.444096	2443.213308
4450.0	1.0	0.0	0.0	0.0	-90.0	0.0	0.0	0.0	-149.84397	0.0	1.67419	1.67419	90.0	0.237621	-0.014264	0.238049	-3.435244	2441.769814
4500.0	1.0	0.0	0.0	0.0	-90.0	0.0	0.0	0.0	-108.4455	0.0	1.662838	1.662838	90.0	0.237522	-0.01422	0.237948	-3.426196	2440.340311
4550.0	1.0	0.0	0.0	0.0	-90.0	0.0	0.0	0.0	-48.162296	0.0	1.649558	1.649558	90.0	0.23742	-0.01417	0.237843	-3.415639	2438.895454
4600.0	1.0	0.0	0.0	0.0	-90.0	0.0	0.0	0.0	151.878535	0.0	1.633667	1.633667	90.0	0.237332	-0.014117	0.237751	-3.404171	2437.444428
4650.0	1.0	0.0	0.0	0.0	-90.0	0.0	0.0	0.0	-108.839625	0.0	1.612719	1.612719	90.0	0.237227	-0.014053	0.237642	-3.390169	2435.999209
4700.0	1.0	0.0	0.0	0.0	-90.0	0.0	0.0	0.0	175.602833	0.0	1.588489	1.588489	90.0	0.237124	-0.013983	0.237536	-3.374804	2434.547498
4750.0	1.0	0.0	0.0	0.0	-90.0	0.0	0.0	0.0	91.160231	0.0	1.55994	1.55994	90.0	0.23702	-0.013898	0.237428	-3.355889	2433.147568
4800.0	1.0	0.0	0.0	0.0	-90.0	0.0	0.0	0.0	157.716999	0.0	1.524102	1.524102	90.0	0.236919	-0.01381	0.237322	-3.33605	2431.69946
4850.0	1.0	0.0	0.0	0.0	-90.0	0.0	0.0	0.0	-54.785124	0.0	1.480357	1.480357	90.0	0.236792	-0.013706	0.237189	-3.312757	2430.258903
4900.0	1.0	0.0	0.0	0.0	-90.0	0.0	0.0	0.0	-144.453732	0.0	1.408922	1.408922	90.0	0.236661	-0.013566	0.23705	-3.280783	2428.765409
4950.0	1.0	0.0	0.0	0.0	-90.0	0.0	0.0	0.0	-171.295301	0.0	1.315423	1.315423	90.0	0.236548	-0.013421	0.236929	-3.24718	2427.327607
5000.0	1.0	0.0	0.0	0.0	-90.0	0.0	0.0	0.0	136.6371265	0.0	1.4255545	1.4255545	90.0	0.237514	-0.0139525	0.23792400000000002	-3.361275	1517.732963
10000.0	1.0	0.0	0.0	0.0	-90.0	0.0	0.0	0.0	-162.170179	0.0	1.650705	1.650705	90.0	0.233231	-0.015183	0.233725	-3.724525	608.210726
15000.0	1.0	0.0	0.0	0.0	-90.0	0.0	0.0	0.0	167.189409	0.0	1.650288	1.650288	90.0	0.22995	-0.016158	0.230517	-4.019327	606.766741
20000.0	1.0	0.0	0.0	0.0	-90.0	0.0	0.0	0.0	99.301933	0.0	1.649951	1.649951	90.0	0.227537	-0.017201	0.228186	-4.323035	605.347419
25000.0	1.0	0.0	0.0	0.0	-90.0	0.0	0.0	0.0	109.267252	0.0	1.649557	1.649557	90.0	0.225571	-0.018206	0.226304	-4.6143	603.897697
30000.0	1.0	0.0	0.0	0.0	-90.0	0.0	0.0	0.0	-87.800377	0.0	1.649209	1.649209	90.0	0.22393	-0.019199	0.224752	-4.900322	602.433967
35000.0	1.0	0.0	0.0	0.0	-90.0	0.0	0.0	0.0	6.218398	0.0	1.648851	1.648851	90.0	0.222476	-0.020171	0.223389	-5.180599	600.996521
40000.0	1.0	0.0	0.0	0.0	-90.0	0.0	0.0	0.0	-132.641556	0.0	1.648678	1.648678	90.0	0.221208	-0.021122	0.222214	-5.454289	599.559915
45000.0	1.0	0.0	0.0	0.0	-90.0	0.0	0.0	0.0	-171.823135	0.0	1.648325	1.648325	90.0	0.220051	-0.022059	0.221154	-5.724367	598.099392
50000.0	1.0	0.0	0.0	0.0	-90.0	0.0	0.0	0.0	140.680295	0.0	1.648047	1.648047	90.0	0.218993	-0.02298	0.220195	-5.990305	596.625947
55000.0	1.0	0.0	0.0	0.0	-90.0	0.0	0.0	0.0	-140.009379	0.0	1.647798	1.647798	90.0	0.218003	-0.023885	0.219308	-6.252626	595.178913
60000.0	1.0	0.0	0.0	0.0	-90.0	0.0	0.0	0.0	-134.411277	0.0	1.64746	1.64746	90.0	0.217087	-0.024781	0.218496	-6.512288	593.726749
65000.0	1.0	0.0	0.0	0.0	-90.0	0.0	0.0	0.0	-82.513406	0.0	1.647209	1.647209	90.0	0.21622	-0.025666	0.217738	-6.769381	592.263478
70000.0	1.0	0.0	0.0	0.0	-90.0	0.0	0.0	0.0	164.096322	0.0	1.647474	1.647474	90.0	0.215408	-0.026542	0.217037	-7.024445	590.761446
75000.0	1.0	0.0	0.0	0.0	-90.0	0.0	0.0	0.0	-135.877904	0.0	1.646918	1.646918	90.0	0.214634	-0.027409	0.216377	-7.277455	589.331635
80000.0	1.0	0.0	0.0	0.0	-90.0	0.0	0.0	0.0	-130.748395	0.0	1.637941	1.637941	90.0	0.213894	-0.028263	0.215753	-7.527301	587.890116
85000.0	1.0	0.0	0.0	0.0	-90.0	0.0	0.0	0.0	-154.252332	0.0	1.641447	1.641447	90.0	0.213211	-0.029121	0.215191	-7.777456	586.459558
90000.0	1.0	0.0	0.0	0.0	-90.0	0.0	0.0	0.0	-148.149372	0.0	1.653559	1.653559	90.0	0.212531	-0.029967	0.214633	-8.025827	584.998179
95000.0	1.0	0.0	0.0	0.0	-90.0	0.0	0.0	0.0	174.45042	0.0	1.64597	1.64597	90.0	0.211873	-0.030804	0.214101	-8.272215	583.556134
100000.0	1.0	0.0	0.0	0.0	-90.0	0.0	0.0	0.0	-152.00008	0.0	1.645469	1.645469	90.0	0.211224	-0.031636	0.21358	-8.518099	582.129691
105000.0	1.0	0.0	0.0	0.0	-90.0	0.0	0.0	0.0	-72.371101	0.0	1.645171	1.645171	90.0	0.210604	-0.03246	0.21309	-8.761905	580.635984
110000.0	1.0	0.0	0.0	0.0	-90.0	0.0	0.0	0.0	-153.122162	0.0	1.644917	1.644917	90.0	0.209997	-0.03328	0.212618	-9.005254	579.151081
115000.0	1.0	0.0	0.0	0.0	-90.0	0.0	0.0	0.0	44.545701	0.0	1.644501	1.644501	90.0	0.209401	-0.034094	0.212158	-9.247528	577.635646
120000.0	1.0	0.0	0.0	0.0	-90.0	0.0	0.0	0.0	-139.00745	0.0	1.644368	1.644368	90.0	0.208829	-0.034905	0.211726	-9.488961	576.173556
125000.0	1.0	0.0	0.0	0.0	-90.0	0.0	0.0	0.0	101.405185	0.0	1.644001	1.644001	90.0	0.208269	-0.035709	0.211308	-9.729223	574.713003
130000.0	1.0	0.0	0.0	0.0	-90.0	0.0	0.0	0.0	-103.355685	0.0	1.643673	1.643673	90.0	0.207704	-0.036509	0.210888	-9.969226	573.276894
135000.0	1.0	0.0	0.0	0.0	-90.0	0.0	0.0	0.0	179.052545	0.0	1.643299	1.643299	90.0	0.207164	-0.037305	0.210496	-10.208023	571.846322
140000.0	1.0	0.0	0.0	0.0	-90.0	0.0	0.0	0.0	47.608564	0.0	1.642878	1.642878	90.0	0.206635	-0.038095	0.210117	-10.445683	570.407432
145000.0	1.0	0.0	0.0	0.0	-90.0	0.0	0.0	0.0	-108.520886	0.0	1.642479	1.642479	90.0	0.206092	-0.038879	0.209727	-10.683236	568.9582
150000.0	1.0	0.0	0.0	0.0	-90.0	0.0	0.0	0.0	-36.995854	0.0	1.642256	1.642256	90.0	0.205578	-0.039664	0.20937	-10.920286	567.510641
155000.0	1.0	0.0	0.0	0.0	-90.0	0.0	0.0	0.0	162.868266	0.0	1.641912	1.641912	90.0	0.205062	-0.040441	0.209012	-11.156341	566.072888
160000.0	1.0	0.0	0.0	0.0	-90.0	0.0	0.0	0.0	-162.918637	0.0	1.641566	1.641566	90.0	0.204558	-0.041217	0.208669	-11.392233	564.659641
165000.0	1.0	0.0	0.0	0.0	-90.0	0.0	0.0	0.0	-118.36233	0.0	1.641197	1.641197	90.0	0.204049	-0.041985	0.208323	-11.627027	563.218455
170000.0	1.0	0.0	0.0	0.0	-90.0	0.0	0.0	0.0	-122.108919	0.0	1.640755	1.640755	90.0	0.203557	-0.042754	0.207999	-11.861665	561.776575
175000.0	1.0	0.0	0.0	0.0	-90.0	0.0	0.0	0.0	-115.303363	0.0	1.64036	1.64036	90.0	0.203069	-0.043518	0.207679	-12.09568	560.357485
180000.0	1.0	0.0	0.0	0.0	-90.0	0.0	0.0	0.0	152.158417	0.0	1.640073	1.640073	90.0	0.202598	-0.044281	0.20738	-12.328919	558.945774
185000.0	1.0	0.0	0.0	0.0	-90.0	0.0	0.0	0.0	151.762028	0.0	1.639602	1.639602	90.0	0.202122	-0.045043	0.20708	-12.563217	557.485648
190000.0	1.0	0.0	0.0	0.0	-90.0	0.0	0.0	0.0	-94.455044	0.0	1.639104	1.639104	90.0	0.201636	-0.045795	0.206771	-12.795791	556.045963
195000.0	1.0	0.0	0.0	0.0	-90.0	0.0	0.0	0.0	-150.37291	0.0	1.638609	1.638609	90.0	0.201149	-0.046545	0.206464	-13.028595	554.599898
200000.0	1.0	0.0	0.0	0.0	-90.0	0.0	0.0	0.0	175.997151	0.0	1.638067	1.638067	90.0	0.200673	-0.047285	0.206168	-13.259024	553.163666
205000.0	1.0	0.0	0.0	0.0	-90.0	0.0	0.0	0.0	97.760411	0.0	1.637512	1.637512	90.0	0.200185	-0.048034	0.205867	-13.492907	551.737883
210000.0	1.0	0.0	0.0	0.0	-90.0	0.0	0.0	0.0	114.370308	0.0	1.637195	1.637195	90.0	0.199718	-0.048776	0.205588	-13.724405	550.330675
215000.0	1.0	0.0	0.0	0.0	-90.0	0.0	0.0	0.0	156.634445	0.0	1.636644	1.636644	90.0	0.199245	-0.049511	0.205304	-13.955056	548.871207
220000.0	1.0	0.0	0.0	0.0	-90.0	0.0	0.0	0.0	-68.60921	0.0	1.636169	1.636169	90.0	0.198778	-0.050249	0.205031	-14.186525	547.351886
225000.0	1.0	0.0	0.0	0.0	-90.0	0.0	0.0	0.0	161.27046	0.0	1.635637	1.635637	90.0	0.198311	-0.050982	0.204759	-14.417423	545.910202
230000.0	1.0	0.0	0.0	0.0	-90.0	0.0	0.0	0.0	168.913797	0.0	1.635125	1.635125	90.0	0.197848	-0.051711	0.204494	-14.64754	544.481946
235000.0	1.0	0.0	0.0	0.0	-90.0	0.0	0.0	0.0	-99.247882	0.0	1.634476	1.634476	90.0	0.197382	-0.052437	0.204229	-14.877731	543.028964
240000.0	1.0	0.0	0.0	0.0	-90.0	0.0	0.0	0.0	-132.48244	0.0	1.633859	1.633859	90.0	0.196929	-0.053161	0.203978	-15.106852	541.60336
245000.0	1.0	0.0	0.0	0.0	-90.0	0.0	0.0	0.0	165.441575	0.0	1.633225	1.633225	90.0	0.196461	-0.053883	0.203717	-15.337221	540.15768
250000.0	1.0	0.0	0.0	0.0	-90.0	0.0	0.0	0.0	143.901864	0.0	1.632397	1.632397	90.0	0.195991	-0.054596	0.203453	-15.566029	538.73387
255000.0	1.0	0.0	0.0	0.0	-90.0	0.0	0.0	0.0	172.794306	0.0	1.631792	1.631792	90.0	0.195539	-0.055312	0.203212	-15.794553	537.298329
260000.0	1.0	0.0	0.0	0.0	-90.0	0.0	0.0	0.0	174.723049	0.0	1.631065	1.631065	90.0	0.195084	-0.056027	0.20297	-16.023638	535.86738
265000.0	1.0	0.0	0.0	0.0	-90.0	0.0	0.0	0.0	121.573935	0.0	1.630325	1.630325	90.0	0.194621	-0.056735	0.202722	-16.252188	534.418406
270000.0	1.0	0.0	0.0	0.0	-90.0	0.0	0.0	0.0	59.467089	0.0	1.629608	1.629608	90.0	0.194173	-0.057444	0.202492	-16.480405	532.974983
275000.0	1.0	0.0	0.0	0.0	-90.0	0.0	0.0	0.0	-175.862182	0.0	1.628759	1.628759	90.0	0.193715	-0.05815	0.202254	-16.708824	531.522307
280000.0	1.0	0.0	0.0	0.0	-90.0	0.0	0.0	0.0	133.948816	0.0	1.627936	1.627936	90.0	0.193246	-0.058847	0.202007	-16.936466	530.097279
285000.0	1.0	0.0	0.0	0.0	-90.0	0.0	0.0	0.0	-145.629028	0.0	1.627054	1.627054	90.0	0.192791	-0.059546	0.201778	-17.164068	528.665045
290000.0	1.0	0.0	0.0	0.0	-90.0	0.0	0.0	0.0	90.024464	0.0	1.62605	1.62605	90.0	0.192333	-0.060243	0.201547	-17.391736	527.214352
295000.0	1.0	0.0	0.0	0.0	-90.0	0.0	0.0	0.0	-166.072846	0.0	1.625092	1.625092	90.0	0.191879	-0.060939	0.201323	-17.619423	525.761786
300000.0	1.0	0.0	0.0	0.0	-90.0	0.0	0.0	0.0	-118.599674	0.0	1.62391	1.62391	90.0	0.191423	-0.061637	0.201101	-17.848159	524.327645
305000.0	1.0	0.0	0.0	0.0	-90.0	0.0	0.0	0.0	-174.752345	0.0	1.622959	1.622959	90.0	0.190975	-0.062328	0.200889	-18.075026	522.896188
310000.0	1.0	0.0	0.0	0.0	-90.0	0.0	0.0	0.0	-144.673035	0.0	1.621762	1.621762	90.0	0.190518	-0.063015	0.200669	-18.301814	521.470717
315000.0	1.0	0.0	0.0	0.0	-90.0	0.0	0.0	0.0	-162.659095	0.0	1.620623	1.620623	90.0	0.190073	-0.063702	0.200463	-18.528337	520.032948
320000.0	1.0	0.0	0.0	0.0	-90.0	0.0	0.0	0.0	128.36768	0.0	1.619299	1.619299	90.0	0.18962	-0.064384	0.200253	-18.754413	518.607806
325000.0	1.0	0.0	0.0	0.0	-90.0	0.0	0.0	0.0	-158.468661	0.0	1.617955	1.617955	90.0	0.189157	-0.065065	0.200034	-18.981844	517.163381
330000.0	1.0	0.0	0.0	0.0	-90.0	0.0	0.0	0.0	171.439492	0.0	1.616328	1.616328	90.0	0.188692	-0.065739	0.199816	-19.208003	515.725492
335000.0	1.0	0.0	0.0	0.0	-90.0	0.0	0.0	0.0	153.621995	0.0	1.615013	1.615013	90.0	0.188241	-0.066421	0.199615	-19.43534	514.268559
340000.0	1.0	0.0	0.0	0.0	-90.0	0.0	0.0	0.0	110.034106	0.0	1.613328	1.613328	90.0	0.187775	-0.067094	0.199402	-19.662282	512.808332
345000.0	1.0	0.0	0.0	0.0	-90.0	0.0	0.0	0.0	-171.951432	0.0	1.611511	1.611511	90.0	0.187313	-0.067763	0.199193	-19.888356	511.326585
350000.0	1.0	0.0	0.0	0.0	-90.0	0.0	0.0	0.0	139.598369	0.0	1.609618	1.609618	90.0	0.186859	-0.068434	0.198996	-20.114322	509.894899
355000.0	1.0	0.0	0.0	0.0	-90.0	0.0	0.0	0.0	-144.519981	0.0	1.60752	1.60752	90.0	0.186394	-0.069098	0.198789	-20.340081	508.459764
360000.0	1.0	0.0	0.0	0.0	-90.0	0.0	0.0	0.0	160.938895	0.0	1.605434	1.605434	90.0	0.185933	-0.069761	0.198589	-20.565758	507.020083
365000.0	1.0	0.0	0.0	0.0	-90.0	0.0	0.0	0.0	116.463207	0.0	1.603097	1.603097	90.0	0.185463	-0.070419	0.198382	-20.791347	505.561565
370000.0	1.0	0.0	0.0	0.0	-90.0	0.0	0.0	0.0	-130.454683	0.0	1.600602	1.600602	90.0	0.184993	-0.071078	0.198178	-21.017855	504.151248
375000.0	1.0	0.0	0.0	0.0	-90.0	0.0	0.0	0.0	-172.498265	0.0	1.597864	1.597864	90.0	0.184516	-0.071725	0.197966	-21.241994	502.694926
380000.0	1.0	0.0	0.0	0.0	-90.0	0.0	0.0	0.0	162.031805	0.0	1.594861	1.594861	90.0	0.184042	-0.072381	0.197763	-21.469115	501.248322
385000.0	1.0	0.0	0.0	0.0	-90.0	0.0	0.0	0.0	92.208425	0.0	1.591569	1.591569	90.0	0.18357	-0.07303	0.197563	-21.694274	499.807892
390000.0	1.0	0.0	0.0	0.0	-90.0	0.0	0.0	0.0	112.71426	0.0	1.588101	1.588101	90.0	0.183095	-0.07368	0.197364	-21.920528	498.340409
395000.0	1.0	0.0	0.0	0.0	-90.0	0.0	0.0	0.0	106.309607	0.0	1.5842	1.5842	90.0	0.182635	-0.074327	0.19718	-22.144936	496.877239
400000.0	1.0	0.0	0.0	0.0	-90.0	0.0	0.0	0.0	129.514832	0.0	1.579804	1.579804	90.0	0.182151	-0.074965	0.196974	-22.369846	495.40903
405000.0	1.0	0.0	0.0	0.0	-90.0	0.0	0.0	0.0	-132.628897	0.0	1.57504	1.57504	90.0	0.181676	-0.075608	0.196781	-22.595736	493.967099
410000.0	1.0	0.0	0.0	0.0	-90.0	0.0	0.0	0.0	163.65985	0.0	1.569921	1.569921	90.0	0.181204	-0.076249	0.196593	-22.821014	492.501892
415000.0	1.0	0.0	0.0	0.0	-90.0	0.0	0.0	0.0	174.142037	0.0	1.564095	1.564095	90.0	0.180722	-0.076888	0.196398	-23.047188	491.06754
420000.0	1.0	0.0	0.0	0.0	-90.0	0.0	0.0	0.0	-137.218799	0.0	1.557469	1.557469	90.0	0.180237	-0.07752	0.196201	-23.272616	489.564756
425000.0	1.0	0.0	0.0	0.0	-90.0	0.0	0.0	0.0	111.943472	0.0	1.550466	1.550466	90.0	0.17977	-0.078156	0.196024	-23.49722	488.147567
430000.0	1.0	0.0	0.0	0.0	-90.0	0.0	0.0	0.0	131.596326	0.0	1.542221	1.542221	90.0	0.179278	-0.078782	0.195824	-23.722692	486.707876
435000.0	1.0	0.0	0.0	0.0	-90.0	0.0	0.0	0.0	76.731886	0.0	1.532767	1.532767	90.0	0.178785	-0.079407	0.195626	-23.948181	485.25059
440000.0	1.0	0.0	0.0	0.0	-90.0	0.0	0.0	0.0	-33.573458	0.0	1.522369	1.522369	90.0	0.178301	-0.080035	0.195441	-24.174178	483.85225
445000.0	1.0	0.0	0.0	0.0	-90.0	0.0	0.0	0.0	-137.639359	0.0	1.510224	1.510224	90.0	0.177815	-0.080659	0.195253	-24.399699	482.398018
450000.0	1.0	0.0	0.0	0.0	-90.0	0.0	0.0	0.0	138.485777	0.0	1.495749	1.495749	90.0	0.177325	-0.081281	0.195066	-24.625436	480.937196
455000.0	1.0	0.0	0.0	0.0	-90.0	0.0	0.0	0.0	116.794969	0.0	1.479305	1.479305	90.0	0.176834	-0.081905	0.194881	-24.852332	479.47126
460000.0	1.0	0.0	0.0	0.0	-90.0	0.0	0.0	0.0	153.830865	0.0	1.460174	1.460174	90.0	0.176341	-0.082527	0.194697	-25.079282	478.038549
465000.0	1.0	0.0	0.0	0.0	-90.0	0.0	0.0	0.0	176.90538	0.0	1.432684	1.432684	90.0	0.175845	-0.083145	0.194511	-25.306343	476.56232
470000.0	1.0	0.0	0.0	0.0	-90.0	0.0	0.0	0.0	136.638747	0.0	1.407226	1.407226	90.0	0.175341	-0.083754	0.194317	-25.532032	475.103716
475000.0	1.0	0.0	0.0	0.0	-90.0	0.0	0.0	0.0	130.997382	0.0	1.371885	1.371885	90.0	0.174857	-0.084362	0.194144	-25.755447	473.626043
480000.0	1.0	0.0	0.0	0.0	-90.0	0.0	0.0	0.0	177.126862	0.0	1.324258	1.324258	90.0	0.174348	-0.084986	0.193959	-25.986998	472.161891
485000.0	1.0	0.0	0.0	0.0	-90.0	0.0	0.0	0.0	-157.558974	0.0	1.267067	1.267067	90.0	0.173828	-0.085587	0.193756	-26.21391	470.693654
490000.0	1.0	0.0	0.0	0.0	-90.0	0.0	0.0	0.0	-161.972308	0.0	1.193154	1.193154	90.0	0.173305	-0.08619	0.193554	-26.442725	469.220993
495000.0	1.0	0.0	0.0	0.0	-90.0	0.0	0.0	0.0	98.96911	0.0	1.107484	1.107484	90.0	0.172807	-0.0868	0.193382	-26.670218	467.752165
500000.0	1.0	0.0	0.0	0.0	-90.0	0.0	0.0	0.0	-173.996935	0.0	1.000499	1.000499	90.0	0.172275	-0.087408	0.19318	-26.90204	466.339899
