# Oscilator_frequency (Hz)	DemodAll_A (-)	Demod_1_X_A (A)	Demod_1_Y_A (A)	Demod_1__R_A (A)	Demod_1__Theta_A (deg)	Demod_2_X_A (A)	Demod_2_Y_A (A)	Demod_2__R_A (A)	Demod_2__Theta_A (deg)	Demod_3_X_A (V)	Demod_3_Y_A (V)	Demod_3__R_A (V)	Demod_3__Theta_A (deg)	Demod_4_X_A (V)	Demod_4_Y_A (V)	Demod_4__R_A (V)	Demod_4__Theta_A (deg)	Timer_GET (s)	
5000.000000	 1.000000	 0.000000	 -0.000000	 0.000000	 -90.000000	 0.201849	 -0.008289	 0.202019	 -2.351468	 0.000000	 0.026071	 0.026071	 90.000000	 0.201849	 -0.008289	 0.202019	 -2.351468	 246791.006194	
4950.000000	 1.000000	 0.000000	 -0.000000	 0.000000	 -90.000000	 0.201893	 -0.008283	 0.202063	 -2.349242	 0.000000	 0.019678	 0.019678	 90.000000	 0.201893	 -0.008283	 0.202063	 -2.349281	 246792.417895	
4900.000000	 1.000000	 0.000000	 -0.000000	 0.000000	 -90.000000	 0.201939	 -0.008274	 0.202109	 -2.346266	 0.000000	 0.022147	 0.022147	 90.000000	 0.201939	 -0.008274	 0.202109	 -2.346257	 246793.861025	
4850.000000	 1.000000	 0.000000	 -0.000000	 0.000000	 -90.000000	 0.201988	 -0.008266	 0.202157	 -2.343462	 0.000000	 0.022870	 0.022870	 90.000000	 0.201988	 -0.008266	 0.202157	 -2.343442	 246795.293907	
4800.000000	 1.000000	 0.000000	 -0.000000	 0.000000	 -90.000000	 0.202030	 -0.008260	 0.202199	 -2.341105	 0.000000	 0.019962	 0.019962	 90.000000	 0.202030	 -0.008260	 0.202199	 -2.341105	 246796.737381	
4750.000000	 1.000000	 0.000000	 -0.000000	 0.000000	 -90.000000	 0.202082	 -0.008248	 0.202251	 -2.337367	 0.000000	 0.017981	 0.017981	 90.000000	 0.202082	 -0.008248	 0.202251	 -2.337367	 246798.183478	
4700.000000	 1.000000	 0.000000	 -0.000000	 0.000000	 -90.000000	 0.202129	 -0.008244	 0.202297	 -2.335446	 0.000000	 0.016848	 0.016848	 90.000000	 0.202129	 -0.008243	 0.202297	 -2.335383	 246799.622612	
4650.000000	 1.000000	 0.000000	 -0.000000	 0.000000	 -90.000000	 0.202172	 -0.008236	 0.202339	 -2.332852	 0.000000	 0.015819	 0.015819	 90.000000	 0.202172	 -0.008236	 0.202339	 -2.332852	 246801.061200	
4600.000000	 1.000000	 0.000000	 -0.000000	 0.000000	 -90.000000	 0.202215	 -0.008226	 0.202382	 -2.329337	 0.000000	 0.014846	 0.014846	 90.000000	 0.202215	 -0.008226	 0.202382	 -2.329336	 246802.523335	
4550.000000	 1.000000	 0.000000	 -0.000000	 0.000000	 -90.000000	 0.202265	 -0.008220	 0.202432	 -2.327138	 0.000000	 0.014350	 0.014350	 90.000000	 0.202265	 -0.008220	 0.202432	 -2.327138	 246803.969916	
4500.000000	 1.000000	 0.000000	 -0.000000	 0.000000	 -90.000000	 0.202323	 -0.008211	 0.202490	 -2.324125	 0.000000	 0.014244	 0.014244	 90.000000	 0.202323	 -0.008211	 0.202490	 -2.324125	 246805.400060	
4450.000000	 1.000000	 0.000000	 -0.000000	 0.000000	 -90.000000	 0.202368	 -0.008203	 0.202534	 -2.321144	 0.000000	 0.013039	 0.013039	 90.000000	 0.202368	 -0.008203	 0.202534	 -2.321144	 246806.841119	
4400.000000	 1.000000	 0.000000	 -0.000000	 0.000000	 -90.000000	 0.202410	 -0.008198	 0.202576	 -2.319298	 0.000000	 0.012311	 0.012311	 90.000000	 0.202410	 -0.008198	 0.202576	 -2.319298	 246808.284213	
4350.000000	 1.000000	 0.000000	 -0.000000	 0.000000	 -90.000000	 0.202439	 -0.008188	 0.202604	 -2.316167	 0.000000	 0.011715	 0.011715	 90.000000	 0.202439	 -0.008188	 0.202604	 -2.316154	 246809.741278	
4300.000000	 1.000000	 0.000000	 -0.000000	 0.000000	 -90.000000	 0.202496	 -0.008181	 0.202661	 -2.313488	 0.000000	 0.011209	 0.011209	 90.000000	 0.202496	 -0.008181	 0.202661	 -2.313488	 246811.192566	
4250.000000	 1.000000	 0.000000	 -0.000000	 0.000000	 -90.000000	 0.202523	 -0.008175	 0.202688	 -2.311392	 0.000000	 0.010673	 0.010673	 90.000000	 0.202523	 -0.008175	 0.202688	 -2.311392	 246812.685781	
4200.000000	 1.000000	 0.000000	 -0.000000	 0.000000	 -90.000000	 0.202565	 -0.008158	 0.202729	 -2.306350	 0.000000	 0.010258	 0.010258	 90.000000	 0.202565	 -0.008158	 0.202729	 -2.306350	 246814.130764	
4150.000000	 1.000000	 0.000000	 -0.000000	 0.000000	 -90.000000	 0.202621	 -0.008156	 0.202785	 -2.305052	 0.000000	 0.009934	 0.009934	 90.000000	 0.202621	 -0.008156	 0.202785	 -2.305052	 246815.581199	
4100.000000	 1.000000	 0.000000	 -0.000000	 0.000000	 -90.000000	 0.202689	 -0.008146	 0.202853	 -2.301378	 0.000000	 0.009513	 0.009513	 90.000000	 0.202689	 -0.008146	 0.202853	 -2.301378	 246816.993000	
4050.000000	 1.000000	 0.000000	 -0.000000	 0.000000	 -90.000000	 0.202762	 -0.008141	 0.202925	 -2.299280	 0.000000	 0.008141	 0.008141	 90.000000	 0.202762	 -0.008141	 0.202925	 -2.299280	 246818.421507	
4000.000000	 1.000000	 0.000000	 -0.000000	 0.000000	 -90.000000	 0.202819	 -0.008133	 0.202982	 -2.296264	 0.000000	 0.006253	 0.006253	 90.000000	 0.202819	 -0.008133	 0.202982	 -2.296264	 246819.857081	
3950.000000	 1.000000	 0.000000	 -0.000000	 0.000000	 -90.000000	 0.202890	 -0.008132	 0.203053	 -2.295293	 0.000000	 0.008947	 0.008947	 90.000000	 0.202890	 -0.008132	 0.203053	 -2.295293	 246821.279248	
3900.000000	 1.000000	 0.000000	 -0.000000	 0.000000	 -90.000000	 0.202957	 -0.008118	 0.203119	 -2.290492	 0.000000	 0.008756	 0.008756	 90.000000	 0.202957	 -0.008118	 0.203119	 -2.290492	 246822.732000	
3850.000000	 1.000000	 0.000000	 -0.000000	 0.000000	 -90.000000	 0.203014	 -0.008107	 0.203176	 -2.286927	 0.000000	 0.008069	 0.008069	 90.000000	 0.203014	 -0.008107	 0.203176	 -2.286927	 246824.158112	
3800.000000	 1.000000	 0.000000	 -0.000000	 0.000000	 -90.000000	 0.203079	 -0.008100	 0.203240	 -2.284012	 0.000000	 0.007839	 0.007839	 90.000000	 0.203079	 -0.008100	 0.203240	 -2.283997	 246825.618000	
3750.000000	 1.000000	 0.000000	 -0.000000	 0.000000	 -90.000000	 0.203140	 -0.008098	 0.203302	 -2.282905	 0.000000	 0.007455	 0.007455	 90.000000	 0.203140	 -0.008098	 0.203302	 -2.282931	 246827.082953	
3700.000000	 1.000000	 0.000000	 -0.000000	 0.000000	 -90.000000	 0.203192	 -0.008095	 0.203354	 -2.281436	 0.000000	 0.005976	 0.005976	 90.000000	 0.203192	 -0.008095	 0.203354	 -2.281436	 246828.519458	
3650.000000	 1.000000	 0.000000	 -0.000000	 0.000000	 -90.000000	 0.203269	 -0.008082	 0.203430	 -2.276912	 0.000000	 0.000630	 0.000630	 90.000000	 0.203269	 -0.008082	 0.203430	 -2.276953	 246829.978513	
3600.000000	 1.000000	 0.000000	 -0.000000	 0.000000	 -90.000000	 0.203345	 -0.008074	 0.203505	 -2.273725	 0.000000	 0.006909	 0.006909	 90.000000	 0.203345	 -0.008074	 0.203505	 -2.273725	 246831.439619	
3550.000000	 1.000000	 0.000000	 -0.000000	 0.000000	 -90.000000	 0.203394	 -0.008068	 0.203554	 -2.271509	 0.000000	 0.007370	 0.007370	 90.000000	 0.203394	 -0.008068	 0.203554	 -2.271509	 246832.896267	
3500.000000	 1.000000	 0.000000	 -0.000000	 0.000000	 -90.000000	 0.203467	 -0.008059	 0.203627	 -2.268154	 0.000000	 0.006747	 0.006747	 90.000000	 0.203467	 -0.008059	 0.203627	 -2.268153	 246834.341664	
3450.000000	 1.000000	 0.000000	 -0.000000	 0.000000	 -90.000000	 0.203527	 -0.008063	 0.203687	 -2.268766	 0.000000	 0.006514	 0.006514	 90.000000	 0.203527	 -0.008063	 0.203687	 -2.268766	 246835.815595	
3400.000000	 1.000000	 0.000000	 -0.000000	 0.000000	 -90.000000	 0.203594	 -0.008050	 0.203753	 -2.264367	 0.000000	 0.006355	 0.006355	 90.000000	 0.203594	 -0.008050	 0.203753	 -2.264367	 246837.259738	
3350.000000	 1.000000	 0.000000	 -0.000000	 0.000000	 -90.000000	 0.203673	 -0.008039	 0.203832	 -2.260426	 0.000000	 0.006245	 0.006245	 90.000000	 0.203673	 -0.008039	 0.203832	 -2.260426	 246838.707107	
3300.000000	 1.000000	 0.000000	 -0.000000	 0.000000	 -90.000000	 0.203737	 -0.008032	 0.203895	 -2.257716	 0.000000	 0.006062	 0.006062	 90.000000	 0.203737	 -0.008032	 0.203896	 -2.257678	 246840.132112	
3250.000000	 1.000000	 0.000000	 -0.000000	 0.000000	 -90.000000	 0.203817	 -0.008030	 0.203975	 -2.256290	 0.000000	 0.005914	 0.005914	 90.000000	 0.203817	 -0.008030	 0.203975	 -2.256290	 246841.601380	
3200.000000	 1.000000	 0.000000	 -0.000000	 0.000000	 -90.000000	 0.203894	 -0.008023	 0.204052	 -2.253303	 0.000000	 0.005311	 0.005311	 90.000000	 0.203894	 -0.008023	 0.204052	 -2.253303	 246843.022536	
3150.000000	 1.000000	 0.000000	 -0.000000	 0.000000	 -90.000000	 0.203973	 -0.008007	 0.204130	 -2.247952	 0.000000	 0.006126	 0.006126	 90.000000	 0.203973	 -0.008007	 0.204130	 -2.247951	 246844.428665	
3100.000000	 1.000000	 0.000000	 -0.000000	 0.000000	 -90.000000	 0.204050	 -0.008010	 0.204207	 -2.248019	 0.000000	 0.007986	 0.007986	 90.000000	 0.204050	 -0.008010	 0.204207	 -2.248019	 246845.853532	
3050.000000	 1.000000	 0.000000	 -0.000000	 0.000000	 -90.000000	 0.204121	 -0.008015	 0.204278	 -2.248553	 0.000000	 0.005655	 0.005655	 90.000000	 0.204121	 -0.008015	 0.204278	 -2.248553	 246847.302626	
3000.000000	 1.000000	 0.000000	 -0.000000	 0.000000	 -90.000000	 0.204202	 -0.008003	 0.204358	 -2.244380	 0.000000	 0.005422	 0.005422	 90.000000	 0.204201	 -0.008003	 0.204358	 -2.244370	 246848.746530	
2950.000000	 1.000000	 0.000000	 -0.000000	 0.000000	 -90.000000	 0.204285	 -0.007999	 0.204442	 -2.242195	 0.000000	 0.005195	 0.005195	 90.000000	 0.204285	 -0.007999	 0.204442	 -2.242195	 246850.219076	
2900.000000	 1.000000	 0.000000	 -0.000000	 0.000000	 -90.000000	 0.204349	 -0.007988	 0.204505	 -2.238436	 0.000000	 0.004472	 0.004472	 90.000000	 0.204349	 -0.007988	 0.204505	 -2.238448	 246851.675648	
2850.000000	 1.000000	 0.000000	 -0.000000	 0.000000	 -90.000000	 0.204424	 -0.007988	 0.204580	 -2.237609	 0.000000	 0.001964	 0.001964	 90.000000	 0.204424	 -0.007988	 0.204580	 -2.237608	 246853.141113	
2800.000000	 1.000000	 0.000000	 -0.000000	 0.000000	 -90.000000	 0.204512	 -0.007975	 0.204668	 -2.233010	 0.000000	 0.006225	 0.006225	 90.000000	 0.204512	 -0.007975	 0.204668	 -2.233010	 246854.606324	
2750.000000	 1.000000	 0.000000	 -0.000000	 0.000000	 -90.000000	 0.204611	 -0.007963	 0.204766	 -2.228769	 0.000000	 0.005498	 0.005498	 90.000000	 0.204611	 -0.007963	 0.204766	 -2.228769	 246856.057675	
2700.000000	 1.000000	 0.000000	 -0.000000	 0.000000	 -90.000000	 0.204695	 -0.007964	 0.204850	 -2.227924	 0.000000	 0.005078	 0.005078	 90.000000	 0.204695	 -0.007964	 0.204850	 -2.227924	 246857.475304	
2650.000000	 1.000000	 0.000000	 -0.000000	 0.000000	 -90.000000	 0.204776	 -0.007968	 0.204931	 -2.228235	 0.000000	 0.004948	 0.004948	 90.000000	 0.204776	 -0.007968	 0.204931	 -2.228235	 246858.911155	
2600.000000	 1.000000	 0.000000	 -0.000000	 0.000000	 -90.000000	 0.204868	 -0.007952	 0.205022	 -2.222754	 0.000000	 0.004742	 0.004742	 90.000000	 0.204868	 -0.007952	 0.205022	 -2.222754	 246860.332625	
2550.000000	 1.000000	 0.000000	 -0.000000	 0.000000	 -90.000000	 0.204961	 -0.007956	 0.205116	 -2.222847	 0.000000	 0.004736	 0.004736	 90.000000	 0.204961	 -0.007956	 0.205116	 -2.222847	 246861.769656	
2500.000000	 1.000000	 0.000000	 -0.000000	 0.000000	 -90.000000	 0.205041	 -0.007951	 0.205196	 -2.220571	 0.000000	 0.004677	 0.004677	 90.000000	 0.205041	 -0.007951	 0.205196	 -2.220571	 246863.197428	
2450.000000	 1.000000	 0.000000	 -0.000000	 0.000000	 -90.000000	 0.205139	 -0.007955	 0.205293	 -2.220749	 0.000000	 0.004065	 0.004065	 90.000000	 0.205139	 -0.007955	 0.205293	 -2.220749	 246864.628399	
2400.000000	 1.000000	 0.000000	 -0.000000	 0.000000	 -90.000000	 0.205241	 -0.007946	 0.205395	 -2.217070	 0.000000	 -0.003106	 0.003106	 -90.000000	 0.205241	 -0.007946	 0.205395	 -2.217070	 246866.103194	
2350.000000	 1.000000	 0.000000	 -0.000000	 0.000000	 -90.000000	 0.205344	 -0.007954	 0.205497	 -2.218183	 0.000000	 0.008187	 0.008187	 90.000000	 0.205344	 -0.007954	 0.205497	 -2.218183	 246867.510070	
2300.000000	 1.000000	 0.000000	 -0.000000	 0.000000	 -90.000000	 0.205439	 -0.007928	 0.205592	 -2.209856	 0.000000	 0.005137	 0.005137	 90.000000	 0.205439	 -0.007928	 0.205592	 -2.209856	 246868.962174	
2250.000000	 1.000000	 0.000000	 -0.000000	 0.000000	 -90.000000	 0.205556	 -0.007937	 0.205709	 -2.211131	 0.000000	 0.004589	 0.004589	 90.000000	 0.205556	 -0.007937	 0.205709	 -2.211131	 246870.371335	
2200.000000	 1.000000	 0.000000	 -0.000000	 0.000000	 -90.000000	 0.205647	 -0.007921	 0.205799	 -2.205736	 0.000000	 0.004393	 0.004393	 90.000000	 0.205647	 -0.007921	 0.205799	 -2.205736	 246871.810938	
2150.000000	 1.000000	 0.000000	 -0.000000	 0.000000	 -90.000000	 0.205768	 -0.007929	 0.205921	 -2.206779	 0.000000	 0.001548	 0.001548	 90.000000	 0.205768	 -0.007929	 0.205921	 -2.206779	 246873.263749	
2100.000000	 1.000000	 0.000000	 -0.000000	 0.000000	 -90.000000	 0.205871	 -0.007927	 0.206024	 -2.205001	 0.000000	 0.001680	 0.001680	 90.000000	 0.205871	 -0.007927	 0.206024	 -2.205001	 246874.704995	
2050.000000	 1.000000	 0.000000	 -0.000000	 0.000000	 -90.000000	 0.206003	 -0.007914	 0.206155	 -2.200121	 0.000000	 0.006339	 0.006339	 90.000000	 0.206003	 -0.007914	 0.206155	 -2.200121	 246876.155607	
2000.000000	 1.000000	 0.000000	 -0.000000	 0.000000	 -90.000000	 0.206091	 -0.007934	 0.206244	 -2.204705	 0.000000	 0.004705	 0.004705	 90.000000	 0.206091	 -0.007934	 0.206244	 -2.204705	 246877.578107	
1950.000000	 1.000000	 0.000000	 -0.000000	 0.000000	 -90.000000	 0.206224	 -0.007958	 0.206378	 -2.209896	 0.000000	 0.004345	 0.004345	 90.000000	 0.206223	 -0.007958	 0.206377	 -2.209965	 246879.023308	
1900.000000	 1.000000	 0.000000	 -0.000000	 0.000000	 -90.000000	 0.206354	 -0.007906	 0.206506	 -2.193969	 0.000000	 0.004274	 0.004274	 90.000000	 0.206354	 -0.007906	 0.206506	 -2.193969	 246880.441161	
1850.000000	 1.000000	 0.000000	 -0.000000	 0.000000	 -90.000000	 0.206485	 -0.007909	 0.206637	 -2.193581	 0.000000	 0.004194	 0.004194	 90.000000	 0.206485	 -0.007910	 0.206637	 -2.193695	 246881.925631	
1800.000000	 1.000000	 0.000000	 -0.000000	 0.000000	 -90.000000	 0.206624	 -0.007917	 0.206776	 -2.194350	 0.000000	 0.004089	 0.004089	 90.000000	 0.206624	 -0.007917	 0.206776	 -2.194350	 246883.370085	
1750.000000	 1.000000	 0.000000	 -0.000000	 0.000000	 -90.000000	 0.206768	 -0.007937	 0.206920	 -2.198283	 0.000000	 0.001457	 0.001457	 90.000000	 0.206769	 -0.007937	 0.206922	 -2.198332	 246884.802736	
1700.000000	 1.000000	 0.000000	 -0.000000	 0.000000	 -90.000000	 0.206902	 -0.007915	 0.207053	 -2.190813	 0.000000	 0.005481	 0.005481	 90.000000	 0.206902	 -0.007916	 0.207053	 -2.190987	 246886.268435	
1650.000000	 1.000000	 0.000000	 -0.000000	 0.000000	 -90.000000	 0.206977	 -0.007921	 0.207129	 -2.191759	 0.000000	 0.006008	 0.006008	 90.000000	 0.206977	 -0.007921	 0.207129	 -2.191759	 246887.679961	
1600.000000	 1.000000	 0.000000	 -0.000000	 0.000000	 -90.000000	 0.207200	 -0.007952	 0.207353	 -2.197802	 0.000000	 0.004185	 0.004185	 90.000000	 0.207200	 -0.007952	 0.207353	 -2.197802	 246889.131659	
1550.000000	 1.000000	 0.000000	 -0.000000	 0.000000	 -90.000000	 0.207437	 -0.007957	 0.207589	 -2.196618	 0.000000	 0.003803	 0.003803	 90.000000	 0.207437	 -0.007957	 0.207589	 -2.196618	 246890.570346	
1500.000000	 1.000000	 0.000000	 -0.000000	 0.000000	 -90.000000	 0.207509	 -0.007948	 0.207661	 -2.193576	 0.000000	 -0.000178	 0.000178	 -90.000000	 0.207509	 -0.007948	 0.207661	 -2.193463	 246892.018649	
1450.000000	 1.000000	 0.000000	 -0.000000	 0.000000	 -90.000000	 0.207747	 -0.007917	 0.207898	 -2.182507	 0.000000	 0.005947	 0.005947	 90.000000	 0.207747	 -0.007917	 0.207898	 -2.182507	 246893.481772	
1400.000000	 1.000000	 0.000000	 -0.000000	 0.000000	 -90.000000	 0.207862	 -0.007921	 0.208013	 -2.182292	 0.000000	 0.005033	 0.005033	 90.000000	 0.207862	 -0.007921	 0.208013	 -2.182292	 246894.915087	
1350.000000	 1.000000	 0.000000	 -0.000000	 0.000000	 -90.000000	 0.208074	 -0.007991	 0.208228	 -2.199433	 0.000000	 0.004078	 0.004078	 90.000000	 0.208074	 -0.007991	 0.208228	 -2.199433	 246896.337269	
1300.000000	 1.000000	 0.000000	 -0.000000	 0.000000	 -90.000000	 0.208200	 -0.007945	 0.208351	 -2.185415	 0.000000	 0.003944	 0.003944	 90.000000	 0.208200	 -0.007945	 0.208351	 -2.185415	 246897.773793	
1250.000000	 1.000000	 0.000000	 -0.000000	 0.000000	 -90.000000	 0.208417	 -0.007994	 0.208571	 -2.196487	 0.000000	 0.003901	 0.003901	 90.000000	 0.208417	 -0.007994	 0.208571	 -2.196486	 246899.216728	
1200.000000	 1.000000	 0.000000	 -0.000000	 0.000000	 -90.000000	 0.208616	 -0.007925	 0.208767	 -2.175486	 0.000000	 0.003837	 0.003837	 90.000000	 0.208616	 -0.007925	 0.208767	 -2.175486	 246900.656455	
1150.000000	 1.000000	 0.000000	 -0.000000	 0.000000	 -90.000000	 0.208780	 -0.007930	 0.208930	 -2.175088	 0.000000	 0.003229	 0.003229	 90.000000	 0.208780	 -0.007930	 0.208930	 -2.175088	 246902.104155	
1100.000000	 1.000000	 0.000000	 -0.000000	 0.000000	 -90.000000	 0.209068	 -0.007938	 0.209218	 -2.174343	 0.000000	 -0.003953	 0.003953	 -90.000000	 0.209068	 -0.007938	 0.209219	 -2.174488	 246903.517908	
1050.000000	 1.000000	 0.000000	 -0.000000	 0.000000	 -90.000000	 0.209383	 -0.008029	 0.209536	 -2.195901	 0.000000	 -0.005474	 0.005474	 -90.000000	 0.209383	 -0.008029	 0.209536	 -2.195901	 246904.970982	
1000.000000	 1.000000	 0.000000	 -0.000000	 0.000000	 -90.000000	 0.209631	 -0.007951	 0.209781	 -2.172159	 0.000000	 0.004537	 0.004537	 90.000000	 0.209630	 -0.007951	 0.209781	 -2.172203	 246906.401829	
950.000000	 1.000000	 0.000000	 -0.000000	 0.000000	 -90.000000	 0.209816	 -0.008000	 0.209968	 -2.183484	 0.000000	 -0.000348	 0.000348	 -90.000000	 0.209816	 -0.008000	 0.209968	 -2.183483	 246907.828670	
900.000000	 1.000000	 0.000000	 -0.000000	 0.000000	 -90.000000	 0.210104	 -0.007903	 0.210253	 -2.154184	 0.000000	 0.000968	 0.000968	 90.000000	 0.210104	 -0.007903	 0.210253	 -2.154184	 246909.240672	
850.000000	 1.000000	 0.000000	 -0.000000	 0.000000	 -90.000000	 0.210304	 -0.007997	 0.210456	 -2.177659	 0.000000	 -0.000711	 0.000711	 -90.000000	 0.210304	 -0.007997	 0.210456	 -2.177659	 246910.701049	
800.000000	 1.000000	 0.000000	 -0.000000	 0.000000	 -90.000000	 0.210694	 -0.007955	 0.210844	 -2.162223	 0.000000	 0.002049	 0.002049	 90.000000	 0.210694	 -0.007955	 0.210844	 -2.162223	 246912.152582	
750.000000	 1.000000	 0.000000	 -0.000000	 0.000000	 -90.000000	 0.211172	 -0.008197	 0.211331	 -2.222794	 0.000000	 0.002442	 0.002442	 90.000000	 0.211172	 -0.008197	 0.211331	 -2.222794	 246913.647588	
700.000000	 1.000000	 0.000000	 -0.000000	 0.000000	 -90.000000	 0.211457	 -0.007909	 0.211605	 -2.142028	 0.000000	 0.002957	 0.002957	 90.000000	 0.211457	 -0.007909	 0.211605	 -2.142028	 246915.109200	
650.000000	 1.000000	 0.000000	 -0.000000	 0.000000	 -90.000000	 0.211770	 -0.008069	 0.211924	 -2.181990	 0.000000	 0.002888	 0.002888	 90.000000	 0.211770	 -0.008069	 0.211924	 -2.181990	 246916.561544	
600.000000	 1.000000	 0.000000	 -0.000000	 0.000000	 -90.000000	 0.212468	 -0.007879	 0.212614	 -2.123853	 0.000000	 0.002894	 0.002894	 90.000000	 0.212467	 -0.007879	 0.212614	 -2.123853	 246917.990360	
550.000000	 1.000000	 0.000000	 -0.000000	 0.000000	 -90.000000	 0.212980	 -0.007699	 0.213120	 -2.070398	 0.000000	 0.002755	 0.002755	 90.000000	 0.212980	 -0.007699	 0.213120	 -2.070398	 246919.435466	
500.000000	 1.000000	 0.000000	 -0.000000	 0.000000	 -90.000000	 0.213359	 -0.007796	 0.213502	 -2.092689	 0.000000	 0.002863	 0.002863	 90.000000	 0.213359	 -0.007796	 0.213502	 -2.092689	 246920.892616	
