# Oscilator_frequency (Hz)	DemodAll_A (-)	Demod_1_X_A (A)	Demod_1_Y_A (A)	Demod_1__R_A (A)	Demod_1__Theta_A (deg)	Demod_2_X_A (A)	Demod_2_Y_A (A)	Demod_2__R_A (A)	Demod_2__Theta_A (deg)	Demod_3_X_A (V)	Demod_3_Y_A (V)	Demod_3__R_A (V)	Demod_3__Theta_A (deg)	Demod_4_X_A (V)	Demod_4_Y_A (V)	Demod_4__R_A (V)	Demod_4__Theta_A (deg)	Timer_GET (s)	
500.000000	 1.000000	 0.000000	 -0.000000	 0.000000	 -90.000000	 0.973639	 -0.001489	 0.973640	 -0.087611	 0.000000	 0.003728	 0.003728	 90.000000	 0.973639	 -0.001489	 0.973640	 -0.087611	 152961.320421	
497.995984	 1.000000	 0.000000	 -0.000000	 0.000000	 -90.000000	 0.973741	 -0.001618	 0.973742	 -0.095198	 0.000000	 0.002128	 0.002128	 90.000000	 0.973741	 -0.001618	 0.973742	 -0.095198	 152962.769145	
495.991968	 1.000000	 0.000000	 -0.000000	 0.000000	 -90.000000	 0.973877	 -0.001524	 0.973879	 -0.089674	 0.000000	 0.003947	 0.003947	 90.000000	 0.973877	 -0.001524	 0.973879	 -0.089674	 152964.228783	
493.987952	 1.000000	 0.000000	 -0.000000	 0.000000	 -90.000000	 0.973843	 -0.001443	 0.973844	 -0.084907	 0.000000	 -0.003292	 0.003292	 -90.000000	 0.973843	 -0.001443	 0.973844	 -0.084907	 152965.679009	
491.983936	 1.000000	 0.000000	 -0.000000	 0.000000	 -90.000000	 0.973850	 -0.001421	 0.973851	 -0.083591	 0.000000	 0.007933	 0.007933	 90.000000	 0.973850	 -0.001421	 0.973851	 -0.083591	 152967.159977	
489.979920	 1.000000	 0.000000	 -0.000000	 0.000000	 -90.000000	 0.973880	 -0.001394	 0.973881	 -0.082006	 0.000000	 0.003980	 0.003980	 90.000000	 0.973880	 -0.001394	 0.973881	 -0.082006	 152968.597493	
487.975904	 1.000000	 0.000000	 -0.000000	 0.000000	 -90.000000	 0.973927	 -0.001344	 0.973927	 -0.079052	 0.000000	 0.003490	 0.003490	 90.000000	 0.973927	 -0.001344	 0.973927	 -0.079052	 152970.035834	
485.971888	 1.000000	 0.000000	 -0.000000	 0.000000	 -90.000000	 0.973953	 -0.001297	 0.973954	 -0.076277	 0.000000	 0.003290	 0.003290	 90.000000	 0.973953	 -0.001297	 0.973954	 -0.076277	 152971.479271	
483.967871	 1.000000	 0.000000	 -0.000000	 0.000000	 -90.000000	 0.973975	 -0.001247	 0.973976	 -0.073340	 0.000000	 0.003259	 0.003259	 90.000000	 0.973975	 -0.001247	 0.973976	 -0.073340	 152972.925051	
481.963855	 1.000000	 0.000000	 -0.000000	 0.000000	 -90.000000	 0.974009	 -0.001197	 0.974010	 -0.070391	 0.000000	 0.004379	 0.004379	 90.000000	 0.974009	 -0.001197	 0.974010	 -0.070391	 152974.356302	
479.959839	 1.000000	 0.000000	 -0.000000	 0.000000	 -90.000000	 0.974033	 -0.001165	 0.974033	 -0.068517	 0.000000	 0.005804	 0.005804	 90.000000	 0.974030	 -0.001162	 0.974031	 -0.068355	 152975.824983	
477.955823	 1.000000	 0.000000	 -0.000000	 0.000000	 -90.000000	 0.974098	 -0.001117	 0.974098	 -0.065728	 0.000000	 0.004109	 0.004109	 90.000000	 0.974098	 -0.001117	 0.974098	 -0.065728	 152977.260741	
475.951807	 1.000000	 0.000000	 -0.000000	 0.000000	 -90.000000	 0.974116	 -0.001085	 0.974117	 -0.063803	 0.000000	 0.003378	 0.003378	 90.000000	 0.974116	 -0.001085	 0.974117	 -0.063803	 152978.703102	
473.947791	 1.000000	 0.000000	 -0.000000	 0.000000	 -90.000000	 0.974125	 -0.001008	 0.974126	 -0.059307	 0.000000	 0.003133	 0.003133	 90.000000	 0.974126	 -0.001008	 0.974127	 -0.059309	 152980.134916	
471.943775	 1.000000	 0.000000	 -0.000000	 0.000000	 -90.000000	 0.974186	 -0.001004	 0.974187	 -0.059028	 0.000000	 0.003007	 0.003007	 90.000000	 0.974186	 -0.001004	 0.974187	 -0.059028	 152981.589035	
469.939759	 1.000000	 0.000000	 -0.000000	 0.000000	 -90.000000	 0.974226	 -0.000968	 0.974227	 -0.056911	 0.000000	 0.002942	 0.002942	 90.000000	 0.974226	 -0.000968	 0.974227	 -0.056911	 152983.061923	
467.935743	 1.000000	 0.000000	 -0.000000	 0.000000	 -90.000000	 0.974253	 -0.000921	 0.974253	 -0.054164	 0.000000	 0.002883	 0.002883	 90.000000	 0.974253	 -0.000921	 0.974253	 -0.054164	 152984.477778	
465.931727	 1.000000	 0.000000	 -0.000000	 0.000000	 -90.000000	 0.974281	 -0.000851	 0.974281	 -0.050069	 0.000000	 0.002893	 0.002893	 90.000000	 0.974281	 -0.000851	 0.974281	 -0.050069	 152985.921226	
463.927711	 1.000000	 0.000000	 -0.000000	 0.000000	 -90.000000	 0.974295	 -0.000854	 0.974295	 -0.050197	 0.000000	 0.002811	 0.002811	 90.000000	 0.974295	 -0.000854	 0.974295	 -0.050197	 152987.333734	
461.923695	 1.000000	 0.000000	 -0.000000	 0.000000	 -90.000000	 0.974358	 -0.000802	 0.974358	 -0.047175	 0.000000	 0.002509	 0.002509	 90.000000	 0.974358	 -0.000802	 0.974358	 -0.047175	 152988.774890	
459.919679	 1.000000	 0.000000	 -0.000000	 0.000000	 -90.000000	 0.974348	 -0.000740	 0.974349	 -0.043491	 0.000000	 0.001196	 0.001196	 90.000000	 0.974361	 -0.000751	 0.974361	 -0.044163	 152990.204018	
457.915663	 1.000000	 0.000000	 -0.000000	 0.000000	 -90.000000	 0.974377	 -0.000828	 0.974377	 -0.048670	 0.000000	 0.007160	 0.007160	 90.000000	 0.974377	 -0.000828	 0.974377	 -0.048670	 152991.673943	
455.911647	 1.000000	 0.000000	 -0.000000	 0.000000	 -90.000000	 0.974230	 -0.000785	 0.974230	 -0.046139	 0.000000	 0.004804	 0.004804	 90.000000	 0.974230	 -0.000785	 0.974230	 -0.046139	 152993.110018	
453.907631	 1.000000	 0.000000	 -0.000000	 0.000000	 -90.000000	 0.973858	 -0.000743	 0.973858	 -0.043742	 0.000000	 0.002839	 0.002839	 90.000000	 0.973858	 -0.000743	 0.973858	 -0.043742	 152994.523508	
451.903614	 1.000000	 0.000000	 -0.000000	 0.000000	 -90.000000	 0.975513	 -0.000610	 0.975513	 -0.035831	 0.000000	 0.002702	 0.002702	 90.000000	 0.975513	 -0.000610	 0.975513	 -0.035831	 152996.042677	
449.899598	 1.000000	 0.000000	 -0.000000	 0.000000	 -90.000000	 0.973426	 -0.000943	 0.973426	 -0.055484	 0.000000	 0.002671	 0.002671	 90.000000	 0.973426	 -0.000940	 0.973426	 -0.055344	 152997.461791	
447.895582	 1.000000	 0.000000	 -0.000000	 0.000000	 -90.000000	 0.975565	 -0.000347	 0.975565	 -0.020404	 0.000000	 0.002528	 0.002528	 90.000000	 0.975565	 -0.000347	 0.975565	 -0.020404	 152998.881053	
445.891566	 1.000000	 0.000000	 -0.000000	 0.000000	 -90.000000	 0.974155	 0.000025	 0.974155	 0.001456	 0.000000	 -0.001443	 0.001443	 -90.000000	 0.974155	 0.000025	 0.974155	 0.001456	 153000.311184	
443.887550	 1.000000	 0.000000	 -0.000000	 0.000000	 -90.000000	 0.974534	 -0.000611	 0.974534	 -0.035901	 0.000000	 0.003457	 0.003457	 90.000000	 0.974534	 -0.000611	 0.974534	 -0.035901	 153001.752258	
441.883534	 1.000000	 0.000000	 -0.000000	 0.000000	 -90.000000	 0.974773	 -0.000263	 0.974773	 -0.015480	 0.000000	 0.005465	 0.005465	 90.000000	 0.974773	 -0.000263	 0.974773	 -0.015480	 153003.199033	
439.879518	 1.000000	 0.000000	 -0.000000	 0.000000	 -90.000000	 0.974740	 -0.000212	 0.974740	 -0.012435	 0.000000	 0.003080	 0.003080	 90.000000	 0.974740	 -0.000212	 0.974740	 -0.012435	 153004.667650	
437.875502	 1.000000	 0.000000	 -0.000000	 0.000000	 -90.000000	 0.974682	 -0.000215	 0.974682	 -0.012619	 0.000000	 0.002611	 0.002611	 90.000000	 0.974682	 -0.000215	 0.974682	 -0.012619	 153006.108451	
435.871486	 1.000000	 0.000000	 -0.000000	 0.000000	 -90.000000	 0.974778	 -0.000143	 0.974778	 -0.008425	 0.000000	 0.002540	 0.002540	 90.000000	 0.974778	 -0.000143	 0.974778	 -0.008425	 153007.548173	
433.867470	 1.000000	 0.000000	 -0.000000	 0.000000	 -90.000000	 0.974759	 -0.000099	 0.974759	 -0.005799	 0.000000	 0.002488	 0.002488	 90.000000	 0.974759	 -0.000099	 0.974759	 -0.005799	 153008.986046	
431.863454	 1.000000	 0.000000	 -0.000000	 0.000000	 -90.000000	 0.974765	 -0.000037	 0.974765	 -0.002171	 0.000000	 0.002480	 0.002480	 90.000000	 0.974765	 -0.000037	 0.974765	 -0.002171	 153010.447164	
429.859438	 1.000000	 0.000000	 -0.000000	 0.000000	 -90.000000	 0.974853	 0.000005	 0.974853	 0.000286	 0.000000	 0.002451	 0.002451	 90.000000	 0.974853	 0.000005	 0.974853	 0.000286	 153011.882466	
427.855422	 1.000000	 0.000000	 -0.000000	 0.000000	 -90.000000	 0.974886	 0.000028	 0.974886	 0.001666	 0.000000	 0.002438	 0.002438	 90.000000	 0.974886	 0.000028	 0.974886	 0.001666	 153013.340137	
425.851406	 1.000000	 0.000000	 -0.000000	 0.000000	 -90.000000	 0.974945	 0.000093	 0.974945	 0.005476	 0.000000	 0.002200	 0.002200	 90.000000	 0.974945	 0.000093	 0.974945	 0.005476	 153014.776389	
423.847390	 1.000000	 0.000000	 -0.000000	 0.000000	 -90.000000	 0.974945	 0.000163	 0.974945	 0.009586	 0.000000	 -0.000910	 0.000910	 -90.000000	 0.974945	 0.000163	 0.974945	 0.009586	 153016.194469	
421.843373	 1.000000	 0.000000	 -0.000000	 0.000000	 -90.000000	 0.975011	 0.000203	 0.975011	 0.011928	 0.000000	 0.002602	 0.002602	 90.000000	 0.975011	 0.000203	 0.975011	 0.011928	 153017.609211	
419.839357	 1.000000	 0.000000	 -0.000000	 0.000000	 -90.000000	 0.975047	 0.000248	 0.975047	 0.014579	 0.000000	 0.005276	 0.005276	 90.000000	 0.975047	 0.000248	 0.975047	 0.014579	 153019.057630	
417.835341	 1.000000	 0.000000	 -0.000000	 0.000000	 -90.000000	 0.975042	 0.000331	 0.975042	 0.019433	 0.000000	 0.002600	 0.002600	 90.000000	 0.975042	 0.000331	 0.975042	 0.019433	 153020.503148	
415.831325	 1.000000	 0.000000	 -0.000000	 0.000000	 -90.000000	 0.975056	 0.000370	 0.975056	 0.021723	 0.000000	 0.002367	 0.002367	 90.000000	 0.975056	 0.000370	 0.975056	 0.021723	 153021.944335	
413.827309	 1.000000	 0.000000	 -0.000000	 0.000000	 -90.000000	 0.975149	 0.000464	 0.975149	 0.027256	 0.000000	 0.002317	 0.002317	 90.000000	 0.975149	 0.000464	 0.975149	 0.027256	 153023.395356	
411.823293	 1.000000	 0.000000	 -0.000000	 0.000000	 -90.000000	 0.975178	 0.000489	 0.975179	 0.028701	 0.000000	 0.001536	 0.001536	 90.000000	 0.975178	 0.000489	 0.975179	 0.028701	 153024.847670	
409.819277	 1.000000	 0.000000	 -0.000000	 0.000000	 -90.000000	 0.975202	 0.000565	 0.975203	 0.033212	 0.000000	 -0.004088	 0.004088	 -90.000000	 0.975202	 0.000565	 0.975203	 0.033212	 153026.321564	
407.815261	 1.000000	 0.000000	 -0.000000	 0.000000	 -90.000000	 0.975247	 0.000623	 0.975247	 0.036581	 0.000000	 -0.004326	 0.004326	 -90.000000	 0.975247	 0.000623	 0.975247	 0.036581	 153027.748732	
405.811245	 1.000000	 0.000000	 -0.000000	 0.000000	 -90.000000	 0.975303	 0.000686	 0.975303	 0.040296	 0.000000	 0.002391	 0.002391	 90.000000	 0.975303	 0.000686	 0.975303	 0.040296	 153029.185395	
403.807229	 1.000000	 0.000000	 -0.000000	 0.000000	 -90.000000	 0.975309	 0.000757	 0.975309	 0.044495	 0.000000	 0.002877	 0.002877	 90.000000	 0.975306	 0.000758	 0.975306	 0.044552	 153030.625359	
401.803213	 1.000000	 0.000000	 -0.000000	 0.000000	 -90.000000	 0.975370	 0.000834	 0.975371	 0.048991	 0.000000	 0.002472	 0.002472	 90.000000	 0.975370	 0.000834	 0.975371	 0.048991	 153032.085613	
399.799197	 1.000000	 0.000000	 -0.000000	 0.000000	 -90.000000	 0.975387	 0.000889	 0.975387	 0.052208	 0.000000	 0.002290	 0.002290	 90.000000	 0.975387	 0.000889	 0.975387	 0.052220	 153033.520942	
397.795181	 1.000000	 0.000000	 -0.000000	 0.000000	 -90.000000	 0.975435	 0.000925	 0.975435	 0.054340	 0.000000	 0.002254	 0.002254	 90.000000	 0.975435	 0.000925	 0.975435	 0.054340	 153034.932736	
395.791165	 1.000000	 0.000000	 -0.000000	 0.000000	 -90.000000	 0.975478	 0.000980	 0.975478	 0.057558	 0.000000	 0.002251	 0.002251	 90.000000	 0.975478	 0.000980	 0.975478	 0.057558	 153036.338096	
393.787149	 1.000000	 0.000000	 -0.000000	 0.000000	 -90.000000	 0.975477	 0.001051	 0.975477	 0.061741	 0.000000	 0.002254	 0.002254	 90.000000	 0.975477	 0.001051	 0.975477	 0.061741	 153037.785875	
391.783133	 1.000000	 0.000000	 -0.000000	 0.000000	 -90.000000	 0.975553	 0.001127	 0.975554	 0.066190	 0.000000	 0.002195	 0.002195	 90.000000	 0.975553	 0.001127	 0.975554	 0.066190	 153039.237056	
389.779116	 1.000000	 0.000000	 -0.000000	 0.000000	 -90.000000	 0.975574	 0.001173	 0.975575	 0.068916	 0.000000	 0.002093	 0.002093	 90.000000	 0.975574	 0.001173	 0.975575	 0.068916	 153040.660241	
387.775100	 1.000000	 0.000000	 -0.000000	 0.000000	 -90.000000	 0.975598	 0.001248	 0.975599	 0.073288	 0.000000	 0.000457	 0.000457	 90.000000	 0.975598	 0.001248	 0.975599	 0.073288	 153042.108706	
385.771084	 1.000000	 0.000000	 -0.000000	 0.000000	 -90.000000	 0.975667	 0.001315	 0.975668	 0.077235	 0.000000	 -0.009566	 0.009566	 -90.000000	 0.975667	 0.001315	 0.975668	 0.077235	 153043.565398	
383.767068	 1.000000	 0.000000	 -0.000000	 0.000000	 -90.000000	 0.975698	 0.001380	 0.975699	 0.081046	 0.000000	 0.010207	 0.010207	 90.000000	 0.975698	 0.001380	 0.975699	 0.081046	 153045.004221	
381.763052	 1.000000	 0.000000	 -0.000000	 0.000000	 -90.000000	 0.975707	 0.001486	 0.975708	 0.087288	 0.000000	 0.004073	 0.004073	 90.000000	 0.975707	 0.001486	 0.975708	 0.087289	 153046.459877	
379.759036	 1.000000	 0.000000	 -0.000000	 0.000000	 -90.000000	 0.975726	 0.001536	 0.975727	 0.090177	 0.000000	 0.002402	 0.002402	 90.000000	 0.975726	 0.001536	 0.975727	 0.090177	 153047.891366	
377.755020	 1.000000	 0.000000	 -0.000000	 0.000000	 -90.000000	 0.975768	 0.001635	 0.975769	 0.095995	 0.000000	 0.002230	 0.002230	 90.000000	 0.975765	 0.001635	 0.975767	 0.095993	 153049.340207	
375.751004	 1.000000	 0.000000	 -0.000000	 0.000000	 -90.000000	 0.975845	 0.001671	 0.975847	 0.098093	 0.000000	 0.002209	 0.002209	 90.000000	 0.975849	 0.001668	 0.975851	 0.097964	 153050.765030	
373.746988	 1.000000	 0.000000	 -0.000000	 0.000000	 -90.000000	 0.975822	 0.001719	 0.975824	 0.100947	 0.000000	 0.001939	 0.001939	 90.000000	 0.975822	 0.001719	 0.975824	 0.100947	 153052.234157	
371.742972	 1.000000	 0.000000	 -0.000000	 0.000000	 -90.000000	 0.975885	 0.001835	 0.975886	 0.107745	 0.000000	 -0.000739	 0.000739	 -90.000000	 0.975885	 0.001835	 0.975886	 0.107745	 153053.650406	
369.738956	 1.000000	 0.000000	 -0.000000	 0.000000	 -90.000000	 0.975906	 0.001896	 0.975908	 0.111335	 0.000000	 0.001604	 0.001604	 90.000000	 0.975906	 0.001896	 0.975908	 0.111335	 153055.105761	
367.734940	 1.000000	 0.000000	 -0.000000	 0.000000	 -90.000000	 0.975993	 0.001947	 0.975995	 0.114318	 0.000000	 0.007088	 0.007088	 90.000000	 0.975993	 0.001947	 0.975995	 0.114318	 153056.553577	
365.730924	 1.000000	 0.000000	 -0.000000	 0.000000	 -90.000000	 0.975994	 0.002036	 0.975996	 0.119525	 0.000000	 0.004072	 0.004072	 90.000000	 0.975996	 0.002034	 0.975998	 0.119426	 153057.980567	
363.726908	 1.000000	 0.000000	 -0.000000	 0.000000	 -90.000000	 0.976007	 0.002140	 0.976010	 0.125624	 0.000000	 0.002702	 0.002702	 90.000000	 0.976016	 0.002143	 0.976018	 0.125803	 153059.419126	
361.722892	 1.000000	 0.000000	 -0.000000	 0.000000	 -90.000000	 0.976058	 0.002186	 0.976060	 0.128293	 0.000000	 0.002156	 0.002156	 90.000000	 0.976058	 0.002186	 0.976060	 0.128293	 153060.861211	
359.718876	 1.000000	 0.000000	 -0.000000	 0.000000	 -90.000000	 0.976039	 0.002322	 0.976042	 0.136282	 0.000000	 0.002141	 0.002141	 90.000000	 0.976039	 0.002322	 0.976042	 0.136283	 153062.317321	
357.714859	 1.000000	 0.000000	 -0.000000	 0.000000	 -90.000000	 0.976114	 0.002057	 0.976116	 0.120763	 0.000000	 0.002110	 0.002110	 90.000000	 0.976114	 0.002057	 0.976116	 0.120763	 153063.789684	
355.710843	 1.000000	 0.000000	 -0.000000	 0.000000	 -90.000000	 0.975499	 0.002592	 0.975503	 0.152229	 0.000000	 0.002095	 0.002095	 90.000000	 0.975499	 0.002592	 0.975503	 0.152229	 153065.197344	
353.706827	 1.000000	 0.000000	 -0.000000	 0.000000	 -90.000000	 0.977536	 0.002012	 0.977538	 0.117906	 0.000000	 0.002138	 0.002138	 90.000000	 0.977536	 0.002012	 0.977538	 0.117906	 153066.632173	
351.702811	 1.000000	 0.000000	 -0.000000	 0.000000	 -90.000000	 0.977552	 0.004108	 0.977561	 0.240789	 0.000000	 0.002037	 0.002037	 90.000000	 0.977552	 0.004108	 0.977561	 0.240789	 153068.107592	
349.698795	 1.000000	 0.000000	 -0.000000	 0.000000	 -90.000000	 0.975892	 0.004917	 0.975904	 0.288679	 0.000000	 0.001993	 0.001993	 90.000000	 0.975892	 0.004917	 0.975904	 0.288679	 153069.535367	
347.694779	 1.000000	 0.000000	 -0.000000	 0.000000	 -90.000000	 0.975281	 0.004224	 0.975290	 0.248145	 0.000000	 -0.000342	 0.000342	 -90.000000	 0.975281	 0.004224	 0.975290	 0.248145	 153071.008835	
345.690763	 1.000000	 0.000000	 -0.000000	 0.000000	 -90.000000	 0.975668	 0.003570	 0.975674	 0.209648	 0.000000	 -0.006726	 0.006726	 -90.000000	 0.975668	 0.003570	 0.975674	 0.209648	 153072.445979	
343.686747	 1.000000	 0.000000	 -0.000000	 0.000000	 -90.000000	 0.975944	 0.002850	 0.975948	 0.167299	 0.000000	 0.006911	 0.006911	 90.000000	 0.975944	 0.002850	 0.975948	 0.167299	 153073.928886	
341.682731	 1.000000	 0.000000	 -0.000000	 0.000000	 -90.000000	 0.976432	 0.003165	 0.976438	 0.185713	 0.000000	 0.002899	 0.002899	 90.000000	 0.976432	 0.003165	 0.976438	 0.185713	 153075.346607	
339.678715	 1.000000	 0.000000	 -0.000000	 0.000000	 -90.000000	 0.976443	 0.003059	 0.976447	 0.179474	 0.000000	 0.002127	 0.002127	 90.000000	 0.976443	 0.003059	 0.976447	 0.179474	 153076.804565	
337.674699	 1.000000	 0.000000	 -0.000000	 0.000000	 -90.000000	 0.976466	 0.003164	 0.976471	 0.185645	 0.000000	 0.002095	 0.002095	 90.000000	 0.976466	 0.003164	 0.976471	 0.185645	 153078.208435	
335.670683	 1.000000	 0.000000	 -0.000000	 0.000000	 -90.000000	 0.976508	 0.003256	 0.976513	 0.191054	 0.000000	 0.002007	 0.002007	 90.000000	 0.976508	 0.003256	 0.976513	 0.191054	 153079.666653	
333.666667	 1.000000	 0.000000	 -0.000000	 0.000000	 -90.000000	 0.976539	 0.003339	 0.976545	 0.195916	 0.000000	 0.001288	 0.001288	 90.000000	 0.976539	 0.003339	 0.976545	 0.195916	 153081.113026	
331.662651	 1.000000	 0.000000	 -0.000000	 0.000000	 -90.000000	 0.976584	 0.003448	 0.976590	 0.202283	 0.000000	 -0.002515	 0.002515	 -90.000000	 0.976584	 0.003448	 0.976590	 0.202283	 153082.573767	
329.658635	 1.000000	 0.000000	 -0.000000	 0.000000	 -90.000000	 0.976612	 0.003508	 0.976618	 0.205822	 0.000000	 0.008118	 0.008118	 90.000000	 0.976612	 0.003508	 0.976618	 0.205822	 153084.053692	
327.654618	 1.000000	 0.000000	 -0.000000	 0.000000	 -90.000000	 0.976646	 0.003588	 0.976652	 0.210517	 0.000000	 0.006603	 0.006603	 90.000000	 0.976646	 0.003588	 0.976653	 0.210510	 153085.449681	
325.650602	 1.000000	 0.000000	 -0.000000	 0.000000	 -90.000000	 0.976714	 0.003702	 0.976721	 0.217172	 0.000000	 0.002983	 0.002983	 90.000000	 0.976716	 0.003704	 0.976723	 0.217268	 153086.901315	
323.646586	 1.000000	 0.000000	 -0.000000	 0.000000	 -90.000000	 0.976717	 0.003832	 0.976724	 0.224807	 0.000000	 0.002200	 0.002200	 90.000000	 0.976717	 0.003832	 0.976724	 0.224807	 153088.364052	
321.642570	 1.000000	 0.000000	 -0.000000	 0.000000	 -90.000000	 0.976769	 0.003911	 0.976777	 0.229438	 0.000000	 0.002052	 0.002052	 90.000000	 0.976769	 0.003911	 0.976777	 0.229438	 153089.786599	
319.638554	 1.000000	 0.000000	 -0.000000	 0.000000	 -90.000000	 0.976781	 0.004004	 0.976789	 0.234883	 0.000000	 0.001992	 0.001992	 90.000000	 0.976781	 0.004004	 0.976789	 0.234883	 153091.232457	
317.634538	 1.000000	 0.000000	 -0.000000	 0.000000	 -90.000000	 0.976830	 0.004096	 0.976838	 0.240266	 0.000000	 0.002026	 0.002026	 90.000000	 0.976830	 0.004096	 0.976838	 0.240266	 153092.682201	
315.630522	 1.000000	 0.000000	 -0.000000	 0.000000	 -90.000000	 0.976852	 0.004199	 0.976861	 0.246279	 0.000000	 0.001988	 0.001988	 90.000000	 0.976852	 0.004199	 0.976861	 0.246279	 153094.103740	
313.626506	 1.000000	 0.000000	 -0.000000	 0.000000	 -90.000000	 0.976927	 0.004307	 0.976936	 0.252605	 0.000000	 0.001937	 0.001937	 90.000000	 0.976927	 0.004307	 0.976936	 0.252605	 153095.513376	
311.622490	 1.000000	 0.000000	 -0.000000	 0.000000	 -90.000000	 0.976964	 0.004378	 0.976973	 0.256753	 0.000000	 0.001646	 0.001646	 90.000000	 0.976964	 0.004378	 0.976973	 0.256753	 153096.946032	
309.618474	 1.000000	 0.000000	 -0.000000	 0.000000	 -90.000000	 0.977029	 0.004481	 0.977039	 0.262771	 0.000000	 -0.003673	 0.003673	 -90.000000	 0.977029	 0.004481	 0.977039	 0.262771	 153098.387901	
307.614458	 1.000000	 0.000000	 -0.000000	 0.000000	 -90.000000	 0.977083	 0.004622	 0.977094	 0.271033	 0.000000	 -0.009777	 0.009777	 -90.000000	 0.977083	 0.004622	 0.977094	 0.271033	 153099.812034	
305.610442	 1.000000	 0.000000	 -0.000000	 0.000000	 -90.000000	 0.977048	 0.004633	 0.977059	 0.271675	 0.000000	 0.004106	 0.004106	 90.000000	 0.977048	 0.004633	 0.977059	 0.271675	 153101.248061	
303.606426	 1.000000	 0.000000	 -0.000000	 0.000000	 -90.000000	 0.977047	 0.004927	 0.977059	 0.288905	 0.000000	 0.002726	 0.002726	 90.000000	 0.977047	 0.004927	 0.977059	 0.288905	 153102.682031	
301.602410	 1.000000	 0.000000	 -0.000000	 0.000000	 -90.000000	 0.977234	 0.004796	 0.977245	 0.281186	 0.000000	 0.002012	 0.002012	 90.000000	 0.977234	 0.004796	 0.977245	 0.281186	 153104.115288	
299.598394	 1.000000	 0.000000	 -0.000000	 0.000000	 -90.000000	 0.977158	 0.005225	 0.977172	 0.306353	 0.000000	 0.002032	 0.002032	 90.000000	 0.977158	 0.005225	 0.977172	 0.306353	 153105.553794	
297.594378	 1.000000	 0.000000	 -0.000000	 0.000000	 -90.000000	 0.977063	 0.005051	 0.977076	 0.296205	 0.000000	 0.001936	 0.001936	 90.000000	 0.977063	 0.005051	 0.977076	 0.296205	 153106.999955	
295.590361	 1.000000	 0.000000	 -0.000000	 0.000000	 -90.000000	 0.977234	 0.005169	 0.977247	 0.303073	 0.000000	 0.001673	 0.001673	 90.000000	 0.977234	 0.005169	 0.977247	 0.303073	 153108.432557	
293.586345	 1.000000	 0.000000	 -0.000000	 0.000000	 -90.000000	 0.977266	 0.005396	 0.977281	 0.316363	 0.000000	 -0.004342	 0.004342	 -90.000000	 0.977266	 0.005396	 0.977281	 0.316363	 153109.909102	
291.582329	 1.000000	 0.000000	 -0.000000	 0.000000	 -90.000000	 0.977300	 0.005489	 0.977316	 0.321776	 0.000000	 0.004316	 0.004316	 90.000000	 0.977300	 0.005489	 0.977316	 0.321776	 153111.411817	
289.578313	 1.000000	 0.000000	 -0.000000	 0.000000	 -90.000000	 0.977322	 0.005597	 0.977338	 0.328131	 0.000000	 0.006274	 0.006274	 90.000000	 0.977322	 0.005597	 0.977338	 0.328131	 153112.859793	
287.574297	 1.000000	 0.000000	 -0.000000	 0.000000	 -90.000000	 0.977355	 0.005706	 0.977372	 0.334495	 0.000000	 0.002744	 0.002744	 90.000000	 0.977355	 0.005706	 0.977372	 0.334495	 153114.304609	
285.570281	 1.000000	 0.000000	 -0.000000	 0.000000	 -90.000000	 0.977390	 0.005833	 0.977408	 0.341912	 0.000000	 0.002155	 0.002155	 90.000000	 0.977390	 0.005833	 0.977408	 0.341912	 153115.747452	
283.566265	 1.000000	 0.000000	 -0.000000	 0.000000	 -90.000000	 0.977466	 0.005970	 0.977484	 0.349966	 0.000000	 0.002027	 0.002027	 90.000000	 0.977465	 0.005972	 0.977483	 0.350026	 153117.185784	
281.562249	 1.000000	 0.000000	 -0.000000	 0.000000	 -90.000000	 0.977442	 0.006090	 0.977461	 0.356958	 0.000000	 0.001984	 0.001984	 90.000000	 0.977442	 0.006090	 0.977461	 0.356958	 153118.638680	
279.558233	 1.000000	 0.000000	 -0.000000	 0.000000	 -90.000000	 0.977503	 0.006209	 0.977523	 0.363906	 0.000000	 0.002018	 0.002018	 90.000000	 0.977504	 0.006209	 0.977524	 0.363911	 153120.075722	
277.554217	 1.000000	 0.000000	 -0.000000	 0.000000	 -90.000000	 0.977535	 0.006340	 0.977556	 0.371620	 0.000000	 0.001973	 0.001973	 90.000000	 0.977535	 0.006340	 0.977556	 0.371620	 153121.520170	
275.550201	 1.000000	 0.000000	 -0.000000	 0.000000	 -90.000000	 0.977567	 0.006475	 0.977588	 0.379519	 0.000000	 0.001929	 0.001929	 90.000000	 0.977567	 0.006475	 0.977588	 0.379519	 153122.970411	
273.546185	 1.000000	 0.000000	 -0.000000	 0.000000	 -90.000000	 0.977576	 0.006592	 0.977598	 0.386362	 0.000000	 0.001496	 0.001496	 90.000000	 0.977576	 0.006592	 0.977598	 0.386362	 153124.427154	
271.542169	 1.000000	 0.000000	 -0.000000	 0.000000	 -90.000000	 0.977633	 0.006717	 0.977656	 0.393638	 0.000000	 0.000246	 0.000246	 90.000000	 0.977633	 0.006717	 0.977656	 0.393638	 153125.893061	
269.538153	 1.000000	 0.000000	 -0.000000	 0.000000	 -90.000000	 0.977678	 0.006854	 0.977702	 0.401680	 0.000000	 0.009705	 0.009705	 90.000000	 0.977678	 0.006854	 0.977702	 0.401680	 153127.335103	
267.534137	 1.000000	 0.000000	 -0.000000	 0.000000	 -90.000000	 0.977695	 0.006987	 0.977720	 0.409473	 0.000000	 0.004878	 0.004878	 90.000000	 0.977695	 0.006987	 0.977720	 0.409473	 153128.787835	
265.530120	 1.000000	 0.000000	 -0.000000	 0.000000	 -90.000000	 0.977704	 0.007132	 0.977730	 0.417957	 0.000000	 0.002484	 0.002484	 90.000000	 0.977704	 0.007132	 0.977730	 0.417957	 153130.243036	
263.526104	 1.000000	 0.000000	 -0.000000	 0.000000	 -90.000000	 0.977765	 0.007243	 0.977792	 0.424411	 0.000000	 0.002008	 0.002008	 90.000000	 0.977765	 0.007243	 0.977792	 0.424411	 153131.671041	
261.522088	 1.000000	 0.000000	 -0.000000	 0.000000	 -90.000000	 0.977797	 0.007360	 0.977825	 0.431292	 0.000000	 0.001929	 0.001929	 90.000000	 0.977797	 0.007360	 0.977825	 0.431292	 153133.121332	
259.518072	 1.000000	 0.000000	 -0.000000	 0.000000	 -90.000000	 0.977995	 0.007436	 0.978023	 0.435627	 0.000000	 0.001737	 0.001737	 90.000000	 0.977995	 0.007436	 0.978023	 0.435627	 153134.558305	
257.514056	 1.000000	 0.000000	 -0.000000	 0.000000	 -90.000000	 0.978330	 0.007395	 0.978357	 0.433053	 0.000000	 -0.000222	 0.000222	 -90.000000	 0.978330	 0.007395	 0.978357	 0.433053	 153136.000494	
255.510040	 1.000000	 0.000000	 -0.000000	 0.000000	 -90.000000	 0.977218	 0.007058	 0.977244	 0.413789	 0.000000	 0.002706	 0.002706	 90.000000	 0.977218	 0.007058	 0.977244	 0.413789	 153137.433307	
253.506024	 1.000000	 0.000000	 -0.000000	 0.000000	 -90.000000	 0.978748	 0.009871	 0.978798	 0.577811	 0.000000	 0.008352	 0.008352	 90.000000	 0.978748	 0.009871	 0.978798	 0.577811	 153138.885046	
251.502008	 1.000000	 0.000000	 -0.000000	 0.000000	 -90.000000	 0.978497	 0.005159	 0.978510	 0.302106	 0.000000	 0.004446	 0.004446	 90.000000	 0.978497	 0.005159	 0.978510	 0.302106	 153140.288892	
249.497992	 1.000000	 0.000000	 -0.000000	 0.000000	 -90.000000	 0.979807	 0.011030	 0.979870	 0.644944	 0.000000	 0.002548	 0.002548	 90.000000	 0.979807	 0.011030	 0.979870	 0.644944	 153141.727421	
247.493976	 1.000000	 0.000000	 -0.000000	 0.000000	 -90.000000	 0.975930	 0.009750	 0.975979	 0.572403	 0.000000	 0.002029	 0.002029	 90.000000	 0.975965	 0.009838	 0.976014	 0.577565	 153143.128667	
245.489960	 1.000000	 0.000000	 -0.000000	 0.000000	 -90.000000	 0.976831	 0.008083	 0.976864	 0.474100	 0.000000	 0.001937	 0.001937	 90.000000	 0.976831	 0.008083	 0.976864	 0.474100	 153144.572198	
243.485944	 1.000000	 0.000000	 -0.000000	 0.000000	 -90.000000	 0.977590	 0.008421	 0.977627	 0.493542	 0.000000	 0.001915	 0.001915	 90.000000	 0.977590	 0.008421	 0.977627	 0.493542	 153146.019923	
241.481928	 1.000000	 0.000000	 -0.000000	 0.000000	 -90.000000	 0.978227	 0.008776	 0.978266	 0.514003	 0.000000	 0.001939	 0.001939	 90.000000	 0.978227	 0.008776	 0.978266	 0.514003	 153147.487709	
239.477912	 1.000000	 0.000000	 -0.000000	 0.000000	 -90.000000	 0.978206	 0.009069	 0.978248	 0.531202	 0.000000	 0.001889	 0.001889	 90.000000	 0.978206	 0.009069	 0.978248	 0.531202	 153148.954983	
237.473896	 1.000000	 0.000000	 -0.000000	 0.000000	 -90.000000	 0.978221	 0.009263	 0.978265	 0.542555	 0.000000	 0.001422	 0.001422	 90.000000	 0.978220	 0.009246	 0.978264	 0.541539	 153150.381940	
235.469880	 1.000000	 0.000000	 -0.000000	 0.000000	 -90.000000	 0.978224	 0.009430	 0.978269	 0.552292	 0.000000	 0.001077	 0.001077	 90.000000	 0.978224	 0.009430	 0.978269	 0.552292	 153151.834705	
233.465863	 1.000000	 0.000000	 -0.000000	 0.000000	 -90.000000	 0.978282	 0.009629	 0.978329	 0.563909	 0.000000	 -0.007471	 0.007471	 -90.000000	 0.978282	 0.009629	 0.978329	 0.563909	 153153.271666	
231.461847	 1.000000	 0.000000	 -0.000000	 0.000000	 -90.000000	 0.978324	 0.009806	 0.978373	 0.574267	 0.000000	 0.003224	 0.003224	 90.000000	 0.978325	 0.009809	 0.978374	 0.574440	 153154.705296	
229.457831	 1.000000	 0.000000	 -0.000000	 0.000000	 -90.000000	 0.978420	 0.009943	 0.978470	 0.582224	 0.000000	 0.006132	 0.006132	 90.000000	 0.978420	 0.009943	 0.978470	 0.582224	 153156.156250	
227.453815	 1.000000	 0.000000	 -0.000000	 0.000000	 -90.000000	 0.978439	 0.010211	 0.978492	 0.597910	 0.000000	 0.002325	 0.002325	 90.000000	 0.978439	 0.010211	 0.978492	 0.597910	 153157.584239	
225.449799	 1.000000	 0.000000	 -0.000000	 0.000000	 -90.000000	 0.978448	 0.010384	 0.978504	 0.608064	 0.000000	 0.001916	 0.001916	 90.000000	 0.978448	 0.010384	 0.978503	 0.608070	 153159.005051	
223.445783	 1.000000	 0.000000	 -0.000000	 0.000000	 -90.000000	 0.978303	 0.010532	 0.978360	 0.616774	 0.000000	 0.001826	 0.001826	 90.000000	 0.978303	 0.010532	 0.978360	 0.616774	 153160.454693	
221.441767	 1.000000	 0.000000	 -0.000000	 0.000000	 -90.000000	 0.978443	 0.010642	 0.978500	 0.623145	 0.000000	 0.001444	 0.001444	 90.000000	 0.978443	 0.010642	 0.978500	 0.623145	 153161.882550	
219.437751	 1.000000	 0.000000	 -0.000000	 0.000000	 -90.000000	 0.978488	 0.010891	 0.978549	 0.637713	 0.000000	 -0.002114	 0.002114	 -90.000000	 0.978488	 0.010891	 0.978549	 0.637713	 153163.323983	
217.433735	 1.000000	 0.000000	 -0.000000	 0.000000	 -90.000000	 0.978516	 0.011149	 0.978580	 0.652808	 0.000000	 -0.000890	 0.000890	 -90.000000	 0.978516	 0.011149	 0.978580	 0.652808	 153164.753832	
215.429719	 1.000000	 0.000000	 -0.000000	 0.000000	 -90.000000	 0.978590	 0.011281	 0.978655	 0.660446	 0.000000	 0.004294	 0.004294	 90.000000	 0.978590	 0.011281	 0.978655	 0.660446	 153166.208988	
213.425703	 1.000000	 0.000000	 -0.000000	 0.000000	 -90.000000	 0.978608	 0.011506	 0.978675	 0.673629	 0.000000	 0.011427	 0.011427	 90.000000	 0.978608	 0.011506	 0.978675	 0.673629	 153167.638142	
211.421687	 1.000000	 0.000000	 -0.000000	 0.000000	 -90.000000	 0.978624	 0.011703	 0.978694	 0.685141	 0.000000	 -0.005205	 0.005205	 -90.000000	 0.978624	 0.011703	 0.978694	 0.685141	 153169.085807	
209.417671	 1.000000	 0.000000	 -0.000000	 0.000000	 -90.000000	 0.978668	 0.011950	 0.978741	 0.699598	 0.000000	 -0.000246	 0.000246	 -90.000000	 0.978668	 0.011950	 0.978741	 0.699598	 153170.555358	
207.413655	 1.000000	 0.000000	 -0.000000	 0.000000	 -90.000000	 0.978706	 0.012215	 0.978783	 0.715039	 0.000000	 0.000297	 0.000297	 90.000000	 0.978697	 0.012216	 0.978773	 0.715126	 153171.977584	
205.409639	 1.000000	 0.000000	 -0.000000	 0.000000	 -90.000000	 0.978803	 0.012456	 0.978882	 0.729082	 0.000000	 0.001130	 0.001130	 90.000000	 0.978793	 0.012470	 0.978872	 0.729901	 153173.463109	
203.405622	 1.000000	 0.000000	 -0.000000	 0.000000	 -90.000000	 0.978903	 0.012510	 0.978983	 0.732160	 0.000000	 0.017787	 0.017787	 90.000000	 0.978903	 0.012510	 0.978983	 0.732160	 153174.885389	
201.401606	 1.000000	 0.000000	 -0.000000	 0.000000	 -90.000000	 0.978490	 0.012661	 0.978572	 0.741340	 0.000000	 0.000075	 0.000075	 90.000000	 0.978490	 0.012661	 0.978572	 0.741340	 153176.328454	
199.397590	 1.000000	 0.000000	 -0.000000	 0.000000	 -90.000000	 0.979077	 0.013162	 0.979166	 0.770171	 0.000000	 0.001801	 0.001801	 90.000000	 0.979080	 0.013156	 0.979168	 0.769834	 153177.751062	
197.393574	 1.000000	 0.000000	 -0.000000	 0.000000	 -90.000000	 0.978546	 0.013271	 0.978636	 0.777014	 0.000000	 0.004826	 0.004826	 90.000000	 0.978546	 0.013271	 0.978636	 0.777014	 153179.187149	
195.389558	 1.000000	 0.000000	 -0.000000	 0.000000	 -90.000000	 0.978815	 0.013374	 0.978906	 0.782814	 0.000000	 0.002098	 0.002098	 90.000000	 0.978815	 0.013374	 0.978906	 0.782814	 153180.615206	
193.385542	 1.000000	 0.000000	 -0.000000	 0.000000	 -90.000000	 0.978927	 0.013715	 0.979023	 0.802702	 0.000000	 0.002379	 0.002379	 90.000000	 0.978927	 0.013715	 0.979023	 0.802702	 153182.051726	
191.381526	 1.000000	 0.000000	 -0.000000	 0.000000	 -90.000000	 0.978926	 0.013993	 0.979026	 0.818920	 0.000000	 0.001823	 0.001823	 90.000000	 0.978926	 0.013993	 0.979026	 0.818920	 153183.496118	
189.377510	 1.000000	 0.000000	 -0.000000	 0.000000	 -90.000000	 0.978918	 0.014240	 0.979022	 0.833376	 0.000000	 0.001779	 0.001779	 90.000000	 0.978918	 0.014240	 0.979022	 0.833376	 153184.934178	
187.373494	 1.000000	 0.000000	 -0.000000	 0.000000	 -90.000000	 0.978956	 0.014492	 0.979063	 0.848103	 0.000000	 0.001699	 0.001699	 90.000000	 0.978956	 0.014492	 0.979063	 0.848103	 153186.387107	
185.369478	 1.000000	 0.000000	 -0.000000	 0.000000	 -90.000000	 0.978974	 0.014698	 0.979085	 0.860162	 0.000000	 0.000675	 0.000675	 90.000000	 0.978974	 0.014698	 0.979085	 0.860162	 153187.835226	
183.365462	 1.000000	 0.000000	 -0.000000	 0.000000	 -90.000000	 0.978976	 0.015041	 0.979092	 0.880246	 0.000000	 0.004159	 0.004159	 90.000000	 0.978976	 0.015041	 0.979092	 0.880246	 153189.292102	
181.361446	 1.000000	 0.000000	 -0.000000	 0.000000	 -90.000000	 0.978965	 0.015243	 0.979084	 0.892059	 0.000000	 0.003004	 0.003004	 90.000000	 0.978965	 0.015243	 0.979084	 0.892059	 153190.726133	
179.357430	 1.000000	 0.000000	 -0.000000	 0.000000	 -90.000000	 0.979047	 0.015526	 0.979171	 0.908522	 0.000000	 0.002427	 0.002427	 90.000000	 0.979047	 0.015526	 0.979171	 0.908522	 153192.168462	
177.353414	 1.000000	 0.000000	 -0.000000	 0.000000	 -90.000000	 0.979087	 0.015837	 0.979215	 0.926705	 0.000000	 0.001871	 0.001871	 90.000000	 0.979087	 0.015837	 0.979215	 0.926705	 153193.612456	
175.349398	 1.000000	 0.000000	 -0.000000	 0.000000	 -90.000000	 0.979123	 0.016198	 0.979257	 0.947788	 0.000000	 0.001761	 0.001761	 90.000000	 0.979123	 0.016198	 0.979257	 0.947787	 153195.078474	
173.345382	 1.000000	 0.000000	 -0.000000	 0.000000	 -90.000000	 0.979052	 0.016469	 0.979191	 0.963722	 0.000000	 0.001760	 0.001760	 90.000000	 0.979052	 0.016469	 0.979191	 0.963722	 153196.489375	
171.341365	 1.000000	 0.000000	 -0.000000	 0.000000	 -90.000000	 0.979009	 0.016801	 0.979153	 0.983181	 0.000000	 0.001770	 0.001770	 90.000000	 0.979008	 0.016802	 0.979152	 0.983220	 153197.918126	
169.337349	 1.000000	 0.000000	 -0.000000	 0.000000	 -90.000000	 0.979048	 0.017018	 0.979195	 0.995808	 0.000000	 0.001740	 0.001740	 90.000000	 0.979048	 0.017018	 0.979195	 0.995808	 153199.371378	
167.333333	 1.000000	 0.000000	 -0.000000	 0.000000	 -90.000000	 0.979110	 0.017336	 0.979263	 1.014363	 0.000000	 0.001300	 0.001300	 90.000000	 0.979110	 0.017336	 0.979263	 1.014363	 153200.810073	
165.329317	 1.000000	 0.000000	 -0.000000	 0.000000	 -90.000000	 0.979173	 0.017695	 0.979333	 1.035289	 0.000000	 -0.002388	 0.002388	 -90.000000	 0.979166	 0.017693	 0.979326	 1.035208	 153202.219919	
163.325301	 1.000000	 0.000000	 -0.000000	 0.000000	 -90.000000	 0.979138	 0.017964	 0.979303	 1.051092	 0.000000	 -0.004892	 0.004892	 -90.000000	 0.979138	 0.017964	 0.979303	 1.051092	 153203.649691	
161.321285	 1.000000	 0.000000	 -0.000000	 0.000000	 -90.000000	 0.979095	 0.018266	 0.979265	 1.068773	 0.000000	 0.004520	 0.004520	 90.000000	 0.979095	 0.018266	 0.979265	 1.068773	 153205.103149	
159.317269	 1.000000	 0.000000	 -0.000000	 0.000000	 -90.000000	 0.979192	 0.018540	 0.979368	 1.084691	 0.000000	 0.001894	 0.001894	 90.000000	 0.979192	 0.018540	 0.979368	 1.084691	 153206.533535	
157.313253	 1.000000	 0.000000	 -0.000000	 0.000000	 -90.000000	 0.979558	 0.019201	 0.979747	 1.122940	 0.000000	 0.001709	 0.001709	 90.000000	 0.979546	 0.019303	 0.979736	 1.128957	 153207.962521	
155.309237	 1.000000	 0.000000	 -0.000000	 0.000000	 -90.000000	 0.978782	 0.020290	 0.978992	 1.187553	 0.000000	 0.001480	 0.001480	 90.000000	 0.978782	 0.020290	 0.978992	 1.187553	 153209.385072	
153.305221	 1.000000	 0.000000	 -0.000000	 0.000000	 -90.000000	 0.980601	 0.020989	 0.980826	 1.226182	 0.000000	 0.000205	 0.000205	 90.000000	 0.980601	 0.020989	 0.980826	 1.226182	 153210.818759	
151.301205	 1.000000	 0.000000	 -0.000000	 0.000000	 -90.000000	 0.980659	 0.017774	 0.980820	 1.038327	 0.000000	 0.005430	 0.005430	 90.000000	 0.980659	 0.017774	 0.980820	 1.038327	 153212.238589	
149.297189	 1.000000	 0.000000	 -0.000000	 0.000000	 -90.000000	 0.976797	 0.022176	 0.977048	 1.300527	 0.000000	 0.004314	 0.004314	 90.000000	 0.976830	 0.022227	 0.977082	 1.303481	 153213.674854	
147.293173	 1.000000	 0.000000	 -0.000000	 0.000000	 -90.000000	 0.980543	 0.019145	 0.980730	 1.118568	 0.000000	 0.002522	 0.002522	 90.000000	 0.980543	 0.019145	 0.980730	 1.118568	 153215.106966	
145.289157	 1.000000	 0.000000	 -0.000000	 0.000000	 -90.000000	 0.979199	 0.022544	 0.979459	 1.318880	 0.000000	 0.001917	 0.001917	 90.000000	 0.979199	 0.022544	 0.979459	 1.318880	 153216.545153	
143.285141	 1.000000	 0.000000	 -0.000000	 0.000000	 -90.000000	 0.978759	 0.021946	 0.979005	 1.284471	 0.000000	 0.001810	 0.001810	 90.000000	 0.978759	 0.021946	 0.979005	 1.284471	 153217.956978	
141.281124	 1.000000	 0.000000	 -0.000000	 0.000000	 -90.000000	 0.979203	 0.021970	 0.979449	 1.285330	 0.000000	 0.001774	 0.001774	 90.000000	 0.979203	 0.021970	 0.979449	 1.285330	 153219.437538	
139.277108	 1.000000	 0.000000	 -0.000000	 0.000000	 -90.000000	 0.979240	 0.022499	 0.979499	 1.316200	 0.000000	 0.001741	 0.001741	 90.000000	 0.979240	 0.022499	 0.979499	 1.316200	 153220.855801	
137.273092	 1.000000	 0.000000	 -0.000000	 0.000000	 -90.000000	 0.979241	 0.022999	 0.979511	 1.345450	 0.000000	 0.001784	 0.001784	 90.000000	 0.979241	 0.022999	 0.979511	 1.345450	 153222.283892	
135.269076	 1.000000	 0.000000	 -0.000000	 0.000000	 -90.000000	 0.979261	 0.023491	 0.979543	 1.374188	 0.000000	 0.001350	 0.001350	 90.000000	 0.979261	 0.023491	 0.979543	 1.374188	 153223.763605	
133.265060	 1.000000	 0.000000	 -0.000000	 0.000000	 -90.000000	 0.979204	 0.023956	 0.979497	 1.401448	 0.000000	 -0.001129	 0.001129	 -90.000000	 0.979208	 0.023960	 0.979501	 1.401677	 153225.194637	
131.261044	 1.000000	 0.000000	 -0.000000	 0.000000	 -90.000000	 0.979107	 0.024476	 0.979412	 1.432008	 0.000000	 0.004289	 0.004289	 90.000000	 0.979107	 0.024476	 0.979412	 1.432008	 153226.652122	
129.257028	 1.000000	 0.000000	 -0.000000	 0.000000	 -90.000000	 0.979189	 0.024858	 0.979505	 1.454192	 0.000000	 0.006636	 0.006636	 90.000000	 0.979189	 0.024858	 0.979505	 1.454192	 153228.096728	
127.253012	 1.000000	 0.000000	 -0.000000	 0.000000	 -90.000000	 0.979326	 0.025411	 0.979656	 1.486339	 0.000000	 0.002466	 0.002466	 90.000000	 0.979326	 0.025411	 0.979656	 1.486339	 153229.530237	
125.248996	 1.000000	 0.000000	 -0.000000	 0.000000	 -90.000000	 0.979073	 0.025870	 0.979415	 1.513567	 0.000000	 0.001809	 0.001809	 90.000000	 0.979073	 0.025870	 0.979415	 1.513567	 153230.964469	
123.244980	 1.000000	 0.000000	 -0.000000	 0.000000	 -90.000000	 0.979057	 0.026629	 0.979419	 1.557962	 0.000000	 0.001622	 0.001622	 90.000000	 0.979057	 0.026629	 0.979419	 1.557962	 153232.424037	
121.240964	 1.000000	 0.000000	 -0.000000	 0.000000	 -90.000000	 0.979203	 0.026997	 0.979575	 1.579271	 0.000000	 0.000632	 0.000632	 90.000000	 0.979203	 0.026997	 0.979575	 1.579271	 153233.843608	
119.236948	 1.000000	 0.000000	 -0.000000	 0.000000	 -90.000000	 0.979218	 0.027650	 0.979608	 1.617403	 0.000000	 -0.008266	 0.008266	 -90.000000	 0.979218	 0.027650	 0.979608	 1.617403	 153235.295320	
117.232932	 1.000000	 0.000000	 -0.000000	 0.000000	 -90.000000	 0.979060	 0.028269	 0.979468	 1.653898	 0.000000	 -0.005549	 0.005549	 -90.000000	 0.979060	 0.028269	 0.979468	 1.653898	 153236.706510	
115.228916	 1.000000	 0.000000	 -0.000000	 0.000000	 -90.000000	 0.979050	 0.028883	 0.979476	 1.689819	 0.000000	 0.003663	 0.003663	 90.000000	 0.979050	 0.028883	 0.979476	 1.689819	 153238.137108	
113.224900	 1.000000	 0.000000	 -0.000000	 0.000000	 -90.000000	 0.978951	 0.029554	 0.979397	 1.729195	 0.000000	 0.002361	 0.002361	 90.000000	 0.978951	 0.029554	 0.979397	 1.729195	 153239.593368	
111.220884	 1.000000	 0.000000	 -0.000000	 0.000000	 -90.000000	 0.979007	 0.030191	 0.979472	 1.766347	 0.000000	 0.001826	 0.001826	 90.000000	 0.979007	 0.030191	 0.979472	 1.766347	 153241.038465	
109.216867	 1.000000	 0.000000	 -0.000000	 0.000000	 -90.000000	 0.978945	 0.030881	 0.979432	 1.806797	 0.000000	 0.001741	 0.001741	 90.000000	 0.978945	 0.030881	 0.979432	 1.806797	 153242.481932	
107.212851	 1.000000	 0.000000	 -0.000000	 0.000000	 -90.000000	 0.978809	 0.031538	 0.979317	 1.845489	 0.000000	 0.001757	 0.001757	 90.000000	 0.978809	 0.031538	 0.979317	 1.845489	 153243.945769	
105.208835	 1.000000	 0.000000	 -0.000000	 0.000000	 -90.000000	 0.978672	 0.032203	 0.979202	 1.884611	 0.000000	 0.001783	 0.001783	 90.000000	 0.978672	 0.032203	 0.979202	 1.884611	 153245.393504	
103.204819	 1.000000	 0.000000	 -0.000000	 0.000000	 -90.000000	 0.978571	 0.032883	 0.979123	 1.924611	 0.000000	 0.001867	 0.001867	 90.000000	 0.978571	 0.032883	 0.979123	 1.924611	 153246.820054	
101.200803	 1.000000	 0.000000	 -0.000000	 0.000000	 -90.000000	 0.978270	 0.033926	 0.978858	 1.986173	 0.000000	 0.001663	 0.001663	 90.000000	 0.978270	 0.033926	 0.978858	 1.986173	 153248.273596	
99.196787	 1.000000	 0.000000	 -0.000000	 0.000000	 -90.000000	 0.979097	 0.034932	 0.979720	 2.043326	 0.000000	 0.001141	 0.001141	 90.000000	 0.979097	 0.034932	 0.979720	 2.043326	 153249.744724	
97.192771	 1.000000	 0.000000	 -0.000000	 0.000000	 -90.000000	 0.978484	 0.035102	 0.979114	 2.054556	 0.000000	 -0.000338	 0.000338	 -90.000000	 0.978484	 0.035102	 0.979114	 2.054556	 153251.189219	
95.188755	 1.000000	 0.000000	 -0.000000	 0.000000	 -90.000000	 0.978507	 0.036490	 0.979187	 2.135648	 0.000000	 0.008695	 0.008695	 90.000000	 0.978643	 0.036499	 0.979323	 2.135890	 153252.647380	
93.184739	 1.000000	 0.000000	 -0.000000	 0.000000	 -90.000000	 0.978455	 0.037137	 0.979159	 2.173581	 0.000000	 0.002860	 0.002860	 90.000000	 0.978433	 0.037147	 0.979138	 2.174229	 153254.070169	
91.180723	 1.000000	 0.000000	 -0.000000	 0.000000	 -90.000000	 0.978329	 0.038290	 0.979078	 2.241314	 0.000000	 0.001836	 0.001836	 90.000000	 0.978340	 0.038283	 0.979089	 2.240884	 153255.516112	
89.176707	 1.000000	 0.000000	 -0.000000	 0.000000	 -90.000000	 0.978316	 0.039052	 0.979095	 2.285894	 0.000000	 0.001702	 0.001702	 90.000000	 0.978316	 0.039052	 0.979095	 2.285894	 153256.940608	
87.172691	 1.000000	 0.000000	 -0.000000	 0.000000	 -90.000000	 0.978206	 0.040239	 0.979034	 2.355581	 0.000000	 0.001499	 0.001499	 90.000000	 0.978206	 0.040239	 0.979034	 2.355581	 153258.371158	
85.168675	 1.000000	 0.000000	 -0.000000	 0.000000	 -90.000000	 0.977928	 0.041339	 0.978801	 2.420560	 0.000000	 -0.003264	 0.003264	 -90.000000	 0.977928	 0.041339	 0.978801	 2.420561	 153259.809003	
83.164659	 1.000000	 0.000000	 -0.000000	 0.000000	 -90.000000	 0.977662	 0.042289	 0.978576	 2.476776	 0.000000	 -0.001689	 0.001689	 -90.000000	 0.977662	 0.042289	 0.978576	 2.476776	 153261.248607	
81.160643	 1.000000	 0.000000	 -0.000000	 0.000000	 -90.000000	 0.977761	 0.043361	 0.978722	 2.539274	 0.000000	 0.004794	 0.004794	 90.000000	 0.977761	 0.043361	 0.978722	 2.539274	 153262.691316	
79.156627	 1.000000	 0.000000	 -0.000000	 0.000000	 -90.000000	 0.977798	 0.045130	 0.978839	 2.642613	 0.000000	 0.002595	 0.002595	 90.000000	 0.977798	 0.045130	 0.978839	 2.642613	 153264.151985	
77.152610	 1.000000	 0.000000	 -0.000000	 0.000000	 -90.000000	 0.977572	 0.046103	 0.978658	 2.700105	 0.000000	 0.001820	 0.001820	 90.000000	 0.977572	 0.046103	 0.978658	 2.700105	 153265.596494	
75.148594	 1.000000	 0.000000	 -0.000000	 0.000000	 -90.000000	 0.977622	 0.047188	 0.978761	 2.763415	 0.000000	 0.001673	 0.001673	 90.000000	 0.977622	 0.047188	 0.978761	 2.763415	 153267.061122	
73.144578	 1.000000	 0.000000	 -0.000000	 0.000000	 -90.000000	 0.977195	 0.048780	 0.978412	 2.857716	 0.000000	 0.001653	 0.001653	 90.000000	 0.977195	 0.048780	 0.978412	 2.857716	 153268.493421	
71.140562	 1.000000	 0.000000	 -0.000000	 0.000000	 -90.000000	 0.976465	 0.050451	 0.977767	 2.957656	 0.000000	 0.001691	 0.001691	 90.000000	 0.976455	 0.050407	 0.977755	 2.955127	 153269.946713	
69.136546	 1.000000	 0.000000	 -0.000000	 0.000000	 -90.000000	 0.976047	 0.051578	 0.977408	 3.024914	 0.000000	 0.001686	 0.001686	 90.000000	 0.976047	 0.051578	 0.977408	 3.024914	 153271.391623	
67.132530	 1.000000	 0.000000	 -0.000000	 0.000000	 -90.000000	 0.975788	 0.053641	 0.977261	 3.146497	 0.000000	 0.001651	 0.001651	 90.000000	 0.975788	 0.053641	 0.977261	 3.146497	 153272.836007	
65.128514	 1.000000	 0.000000	 -0.000000	 0.000000	 -90.000000	 0.975500	 0.055361	 0.977070	 3.248109	 0.000000	 0.001507	 0.001507	 90.000000	 0.975662	 0.055166	 0.977221	 3.236151	 153274.298673	
63.124498	 1.000000	 0.000000	 -0.000000	 0.000000	 -90.000000	 0.975821	 0.056136	 0.977434	 3.292433	 0.000000	 -0.002587	 0.002587	 -90.000000	 0.975821	 0.056136	 0.977434	 3.292433	 153275.709398	
61.120482	 1.000000	 0.000000	 -0.000000	 0.000000	 -90.000000	 0.976057	 0.060958	 0.977959	 3.573657	 0.000000	 0.004303	 0.004303	 90.000000	 0.976057	 0.060958	 0.977959	 3.573657	 153277.173389	
59.116466	 1.000000	 0.000000	 -0.000000	 0.000000	 -90.000000	 0.964877	 0.054373	 0.966408	 3.225307	 0.000000	 0.008195	 0.008195	 90.000000	 0.964877	 0.054373	 0.966408	 3.225307	 153278.633288	
57.112450	 1.000000	 0.000000	 -0.000000	 0.000000	 -90.000000	 0.999419	 0.077240	 1.002400	 4.419285	 0.000000	 0.002213	 0.002213	 90.000000	 0.999419	 0.077240	 1.002400	 4.419285	 153280.056472	
55.108434	 1.000000	 0.000000	 -0.000000	 0.000000	 -90.000000	 0.975222	 0.122696	 0.982910	 7.170876	 0.000000	 0.001518	 0.001518	 90.000000	 0.962481	 0.126485	 0.970756	 7.486678	 153281.492694	
53.104418	 1.000000	 0.000000	 -0.000000	 0.000000	 -90.000000	 0.862476	 0.091516	 0.867318	 6.056930	 0.000000	 0.001295	 0.001295	 90.000000	 0.862476	 0.091516	 0.867318	 6.056930	 153282.918480	
51.100402	 1.000000	 0.000000	 -0.000000	 0.000000	 -90.000000	 0.813126	 0.099543	 0.819196	 6.979435	 0.000000	 0.005637	 0.005637	 90.000000	 0.813126	 0.099543	 0.819196	 6.979435	 153284.360547	
49.096386	 1.000000	 0.000000	 -0.000000	 0.000000	 -90.000000	 0.862987	 0.196887	 0.885161	 12.851850	 0.000000	 0.005095	 0.005095	 90.000000	 0.862987	 0.196887	 0.885161	 12.851850	 153285.840632	
47.092369	 1.000000	 0.000000	 -0.000000	 0.000000	 -90.000000	 1.047723	 0.167084	 1.060962	 9.060854	 0.000000	 0.004271	 0.004271	 90.000000	 1.056458	 0.161762	 1.068770	 8.705388	 153287.304887	
45.088353	 1.000000	 0.000000	 -0.000000	 0.000000	 -90.000000	 0.970634	 0.016375	 0.970773	 0.966495	 0.000000	 0.002139	 0.002139	 90.000000	 0.970634	 0.016375	 0.970773	 0.966495	 153288.724704	
43.084337	 1.000000	 0.000000	 -0.000000	 0.000000	 -90.000000	 0.982394	 0.110130	 0.988548	 6.396367	 0.000000	 0.001716	 0.001716	 90.000000	 0.992236	 0.107977	 0.998093	 6.210601	 153290.134740	
41.080321	 1.000000	 0.000000	 -0.000000	 0.000000	 -90.000000	 0.963873	 0.081227	 0.967289	 4.817035	 0.000000	 0.001674	 0.001674	 90.000000	 0.963873	 0.081227	 0.967289	 4.817035	 153291.575437	
39.076305	 1.000000	 0.000000	 -0.000000	 0.000000	 -90.000000	 0.969771	 0.094805	 0.974394	 5.583485	 0.000000	 0.001677	 0.001677	 90.000000	 0.969771	 0.094805	 0.974394	 5.583485	 153293.016740	
37.072289	 1.000000	 0.000000	 -0.000000	 0.000000	 -90.000000	 0.964850	 0.097350	 0.969749	 5.761424	 0.000000	 0.001650	 0.001650	 90.000000	 0.964850	 0.097350	 0.969749	 5.761424	 153294.470500	
35.068273	 1.000000	 0.000000	 -0.000000	 0.000000	 -90.000000	 0.963634	 0.102340	 0.969053	 6.062195	 0.000000	 0.001654	 0.001654	 90.000000	 0.963634	 0.102340	 0.969053	 6.062195	 153295.911673	
33.064257	 1.000000	 0.000000	 -0.000000	 0.000000	 -90.000000	 0.961416	 0.108324	 0.967499	 6.428491	 0.000000	 0.000866	 0.000866	 90.000000	 0.961516	 0.108271	 0.967593	 6.424727	 153297.358373	
31.060241	 1.000000	 0.000000	 -0.000000	 0.000000	 -90.000000	 0.959012	 0.114894	 0.965870	 6.831751	 0.000000	 -0.004408	 0.004408	 -90.000000	 0.959012	 0.114894	 0.965870	 6.831751	 153298.797143	
29.056225	 1.000000	 0.000000	 -0.000000	 0.000000	 -90.000000	 0.956438	 0.122070	 0.964196	 7.273355	 0.000000	 0.008949	 0.008949	 90.000000	 0.956438	 0.122070	 0.964196	 7.273355	 153300.257537	
27.052209	 1.000000	 0.000000	 -0.000000	 0.000000	 -90.000000	 0.952433	 0.129944	 0.961256	 7.769097	 0.000000	 0.004578	 0.004578	 90.000000	 0.952433	 0.129944	 0.961256	 7.769097	 153301.707152	
25.048193	 1.000000	 0.000000	 -0.000000	 0.000000	 -90.000000	 0.948253	 0.139275	 0.958426	 8.355589	 0.000000	 0.001864	 0.001864	 90.000000	 0.948253	 0.139275	 0.958426	 8.355589	 153303.149505	
23.044177	 1.000000	 0.000000	 -0.000000	 0.000000	 -90.000000	 0.943520	 0.149684	 0.955319	 9.014513	 0.000000	 0.001785	 0.001785	 90.000000	 0.943519	 0.149672	 0.955316	 9.013837	 153304.595160	
21.040161	 1.000000	 0.000000	 -0.000000	 0.000000	 -90.000000	 0.936983	 0.162024	 0.950888	 9.810639	 0.000000	 0.001291	 0.001291	 90.000000	 0.936983	 0.162024	 0.950888	 9.810639	 153306.027712	
19.036145	 1.000000	 0.000000	 -0.000000	 0.000000	 -90.000000	 0.928675	 0.175959	 0.945198	 10.728839	 0.000000	 0.000563	 0.000563	 90.000000	 0.928675	 0.175959	 0.945198	 10.728839	 153307.507435	
17.032129	 1.000000	 0.000000	 -0.000000	 0.000000	 -90.000000	 0.917571	 0.192336	 0.937512	 11.838638	 0.000000	 -0.004296	 0.004296	 -90.000000	 0.917571	 0.192336	 0.937512	 11.838638	 153308.937333	
15.028112	 1.000000	 0.000000	 -0.000000	 0.000000	 -90.000000	 0.903645	 0.211789	 0.928132	 13.190418	 0.000000	 0.004206	 0.004206	 90.000000	 0.903645	 0.211789	 0.928132	 13.190418	 153310.392607	
13.024096	 1.000000	 0.000000	 -0.000000	 0.000000	 -90.000000	 0.883956	 0.234719	 0.914588	 14.870732	 0.000000	 0.002196	 0.002196	 90.000000	 0.883956	 0.234719	 0.914588	 14.870732	 153311.899416	
11.020080	 1.000000	 0.000000	 -0.000000	 0.000000	 -90.000000	 0.856391	 0.262252	 0.895646	 17.026122	 0.000000	 -0.011435	 0.011435	 -90.000000	 0.856391	 0.262252	 0.895646	 17.026122	 153313.330609	
9.016064	 1.000000	 0.000000	 -0.000000	 0.000000	 -90.000000	 0.816047	 0.293667	 0.867279	 19.792036	 0.000000	 0.068769	 0.068769	 90.000000	 0.816047	 0.293667	 0.867279	 19.792036	 153314.803583	
7.012048	 1.000000	 0.000000	 -0.000000	 0.000000	 -90.000000	 0.748888	 0.330858	 0.818719	 23.835784	 0.000000	 -0.167256	 0.167256	 -90.000000	 0.748888	 0.330858	 0.818719	 23.835784	 153316.266692	
5.008032	 1.000000	 0.000000	 -0.000000	 0.000000	 -90.000000	 0.676151	 0.366478	 0.769082	 28.457941	 0.000000	 -0.493192	 0.493192	 -90.000000	 0.676151	 0.366478	 0.769082	 28.457941	 153317.730461	
3.004016	 1.000000	 0.000000	 -0.000000	 0.000000	 -90.000000	 0.349438	 0.316943	 0.471763	 42.208311	 0.000000	 -0.013695	 0.013695	 -90.000000	 0.349438	 0.316943	 0.471763	 42.208311	 153319.170267	
1.000000	 1.000000	 0.000000	 -0.000000	 0.000000	 -90.000000	 -0.015068	 0.114193	 0.115183	 97.517050	 0.000000	 -0.102298	 0.102298	 -90.000000	 -0.015068	 0.114193	 0.115183	 97.517050	 153320.669501	
