# Oscilator_frequency (Hz)	DemodAll_A (-)	Demod_1_X_A (A)	Demod_1_Y_A (A)	Demod_1__R_A (A)	Demod_1__Theta_A (deg)	Demod_2_X_A (A)	Demod_2_Y_A (A)	Demod_2__R_A (A)	Demod_2__Theta_A (deg)	Demod_3_X_A (V)	Demod_3_Y_A (V)	Demod_3__R_A (V)	Demod_3__Theta_A (deg)	Demod_4_X_A (V)	Demod_4_Y_A (V)	Demod_4__R_A (V)	Demod_4__Theta_A (deg)	Timer_GET (s)	
200.000000	 1.000000	 0.000000	 -0.000000	 0.000000	 -90.000000	 0.913300	 -0.368452	 0.984821	 -21.970618	 0.000000	 0.038109	 0.038109	 90.000000	 0.914045	 -0.369073	 0.985745	 -21.987862	 331458.420960	
199.000000	 1.000000	 0.000000	 -0.000000	 0.000000	 -90.000000	 0.931432	 -0.385534	 1.008069	 -22.485386	 0.000000	 0.014277	 0.014277	 90.000000	 0.931432	 -0.385534	 1.008069	 -22.485386	 331459.831388	
198.000000	 1.000000	 0.000000	 -0.000000	 0.000000	 -90.000000	 0.936040	 -0.385690	 1.012387	 -22.393863	 0.000000	 0.045353	 0.045353	 90.000000	 0.936040	 -0.385690	 1.012387	 -22.393863	 331461.266219	
197.000000	 1.000000	 0.000000	 -0.000000	 0.000000	 -90.000000	 0.966554	 -0.407650	 1.049002	 -22.867850	 0.000000	 0.012457	 0.012457	 90.000000	 0.966554	 -0.407650	 1.049002	 -22.867850	 331462.684806	
196.000000	 1.000000	 0.000000	 -0.000000	 0.000000	 -90.000000	 0.949896	 -0.396341	 1.029266	 -22.648209	 0.000000	 0.038666	 0.038666	 90.000000	 0.949896	 -0.396341	 1.029266	 -22.648209	 331464.214826	
195.000000	 1.000000	 0.000000	 -0.000000	 0.000000	 -90.000000	 0.966923	 -0.407443	 1.049261	 -22.849640	 0.000000	 0.050216	 0.050216	 90.000000	 0.966923	 -0.407443	 1.049261	 -22.849640	 331465.658389	
194.000000	 1.000000	 0.000000	 -0.000000	 0.000000	 -90.000000	 0.982739	 -0.416387	 1.067311	 -22.962387	 0.000000	 0.044773	 0.044773	 90.000000	 0.982739	 -0.416387	 1.067311	 -22.962387	 331467.086124	
193.000000	 1.000000	 0.000000	 -0.000000	 0.000000	 -90.000000	 0.952156	 -0.398403	 1.032146	 -22.705485	 0.000000	 0.030983	 0.030983	 90.000000	 0.952156	 -0.398403	 1.032146	 -22.705485	 331468.592311	
192.000000	 1.000000	 0.000000	 -0.000000	 0.000000	 -90.000000	 0.981248	 -0.418960	 1.066946	 -23.120870	 0.000000	 0.007052	 0.007052	 90.000000	 0.981248	 -0.418960	 1.066946	 -23.120870	 331470.053580	
191.000000	 1.000000	 0.000000	 -0.000000	 0.000000	 -90.000000	 0.964040	 -0.410215	 1.047688	 -23.050530	 0.000000	 0.038536	 0.038536	 90.000000	 0.964473	 -0.410554	 1.048219	 -23.058344	 331471.494823	
190.000000	 1.000000	 0.000000	 -0.000000	 0.000000	 -90.000000	 0.995433	 -0.422892	 1.081538	 -23.017345	 0.000000	 0.039329	 0.039329	 90.000000	 0.995433	 -0.422892	 1.081538	 -23.017344	 331472.934698	
189.000000	 1.000000	 0.000000	 -0.000000	 0.000000	 -90.000000	 0.980265	 -0.415868	 1.064831	 -22.988604	 0.000000	 0.047961	 0.047961	 90.000000	 0.980265	 -0.415868	 1.064831	 -22.988604	 331474.387276	
188.000000	 1.000000	 0.000000	 -0.000000	 0.000000	 -90.000000	 0.961817	 -0.404094	 1.043257	 -22.789037	 0.000000	 0.045199	 0.045199	 90.000000	 0.961817	 -0.404094	 1.043257	 -22.789037	 331475.870566	
187.000000	 1.000000	 0.000000	 -0.000000	 0.000000	 -90.000000	 0.978422	 -0.412546	 1.061839	 -22.862443	 0.000000	 0.039161	 0.039161	 90.000000	 0.978422	 -0.412546	 1.061839	 -22.862443	 331477.362301	
186.000000	 1.000000	 0.000000	 -0.000000	 0.000000	 -90.000000	 1.012451	 -0.430184	 1.100053	 -23.020333	 0.000000	 0.054272	 0.054272	 90.000000	 1.012451	 -0.430184	 1.100053	 -23.020333	 331478.782431	
185.000000	 1.000000	 0.000000	 -0.000000	 0.000000	 -90.000000	 1.014028	 -0.431053	 1.101844	 -23.029853	 0.000000	 0.058330	 0.058330	 90.000000	 1.014028	 -0.431053	 1.101844	 -23.029853	 331480.250860	
184.000000	 1.000000	 0.000000	 -0.000000	 0.000000	 -90.000000	 0.987084	 -0.416777	 1.071465	 -22.890949	 0.000000	 0.048038	 0.048038	 90.000000	 0.987084	 -0.416777	 1.071465	 -22.890949	 331481.691020	
183.000000	 1.000000	 0.000000	 -0.000000	 0.000000	 -90.000000	 1.008915	 -0.426763	 1.095462	 -22.927974	 0.000000	 0.075023	 0.075023	 90.000000	 1.008954	 -0.426733	 1.095486	 -22.925737	 331483.124887	
182.000000	 1.000000	 0.000000	 -0.000000	 0.000000	 -90.000000	 0.992058	 -0.420167	 1.077367	 -22.954155	 0.000000	 0.029834	 0.029834	 90.000000	 0.992058	 -0.420167	 1.077367	 -22.954155	 331484.575693	
181.000000	 1.000000	 0.000000	 -0.000000	 0.000000	 -90.000000	 1.006430	 -0.430118	 1.094488	 -23.140418	 0.000000	 0.064815	 0.064815	 90.000000	 1.006430	 -0.430118	 1.094488	 -23.140418	 331486.025184	
180.000000	 1.000000	 0.000000	 -0.000000	 0.000000	 -90.000000	 0.983573	 -0.416617	 1.068170	 -22.956325	 0.000000	 0.069980	 0.069980	 90.000000	 0.983573	 -0.416617	 1.068170	 -22.956325	 331487.478190	
179.000000	 1.000000	 0.000000	 -0.000000	 0.000000	 -90.000000	 1.025674	 -0.434899	 1.114066	 -22.977577	 0.000000	 0.047893	 0.047893	 90.000000	 1.025878	 -0.435197	 1.114371	 -22.987572	 331488.918296	
178.000000	 1.000000	 0.000000	 -0.000000	 0.000000	 -90.000000	 1.008729	 -0.429231	 1.096254	 -23.050562	 0.000000	 0.047482	 0.047482	 90.000000	 1.008729	 -0.429231	 1.096254	 -23.050562	 331490.374198	
177.000000	 1.000000	 0.000000	 -0.000000	 0.000000	 -90.000000	 1.066414	 -0.449567	 1.157303	 -22.858799	 0.000000	 0.070702	 0.070702	 90.000000	 1.066414	 -0.449567	 1.157303	 -22.858799	 331491.839702	
176.000000	 1.000000	 0.000000	 -0.000000	 0.000000	 -90.000000	 1.052806	 -0.444375	 1.142747	 -22.883925	 0.000000	 0.065821	 0.065821	 90.000000	 1.052806	 -0.444375	 1.142747	 -22.883925	 331493.264564	
175.000000	 1.000000	 0.000000	 -0.000000	 0.000000	 -90.000000	 1.035790	 -0.439037	 1.124995	 -22.970496	 0.000000	 0.046436	 0.046436	 90.000000	 1.035790	 -0.439037	 1.124995	 -22.970496	 331494.695645	
174.000000	 1.000000	 0.000000	 -0.000000	 0.000000	 -90.000000	 1.089612	 -0.457296	 1.181682	 -22.767182	 0.000000	 0.043794	 0.043794	 90.000000	 1.090029	 -0.457358	 1.182091	 -22.762097	 331496.178287	
173.000000	 1.000000	 0.000000	 -0.000000	 0.000000	 -90.000000	 1.058669	 -0.450893	 1.150688	 -23.069440	 0.000000	 0.024149	 0.024149	 90.000000	 1.058669	 -0.450893	 1.150688	 -23.069440	 331497.616084	
172.000000	 1.000000	 0.000000	 -0.000000	 0.000000	 -90.000000	 1.075942	 -0.452685	 1.167294	 -22.818105	 0.000000	 0.039740	 0.039740	 90.000000	 1.075942	 -0.452685	 1.167294	 -22.818105	 331499.071739	
171.000000	 1.000000	 0.000000	 -0.000000	 0.000000	 -90.000000	 1.060487	 -0.447059	 1.150867	 -22.858339	 0.000000	 0.017117	 0.017117	 90.000000	 1.060487	 -0.447059	 1.150867	 -22.858339	 331500.512108	
170.000000	 1.000000	 0.000000	 -0.000000	 0.000000	 -90.000000	 1.079374	 -0.451180	 1.169877	 -22.684992	 0.000000	 0.025833	 0.025833	 90.000000	 1.079374	 -0.451180	 1.169877	 -22.684992	 331501.961372	
169.000000	 1.000000	 0.000000	 -0.000000	 0.000000	 -90.000000	 1.091253	 -0.457679	 1.183344	 -22.753536	 0.000000	 0.024636	 0.024636	 90.000000	 1.091253	 -0.457679	 1.183344	 -22.753536	 331503.404569	
168.000000	 1.000000	 0.000000	 -0.000000	 0.000000	 -90.000000	 1.083617	 -0.455100	 1.175305	 -22.781542	 0.000000	 0.037117	 0.037117	 90.000000	 1.083617	 -0.455100	 1.175305	 -22.781542	 331504.837756	
167.000000	 1.000000	 0.000000	 -0.000000	 0.000000	 -90.000000	 1.093341	 -0.457027	 1.185018	 -22.685402	 0.000000	 0.025049	 0.025049	 90.000000	 1.093341	 -0.457027	 1.185018	 -22.685402	 331506.266637	
166.000000	 1.000000	 0.000000	 -0.000000	 0.000000	 -90.000000	 1.126832	 -0.463623	 1.218481	 -22.364210	 0.000000	 0.034430	 0.034430	 90.000000	 1.126832	 -0.463623	 1.218481	 -22.364210	 331507.734648	
165.000000	 1.000000	 0.000000	 -0.000000	 0.000000	 -90.000000	 1.086907	 -0.453730	 1.177811	 -22.658098	 0.000000	 0.052800	 0.052800	 90.000000	 1.086907	 -0.453730	 1.177811	 -22.658098	 331509.176225	
164.000000	 1.000000	 0.000000	 -0.000000	 0.000000	 -90.000000	 1.088785	 -0.454882	 1.179988	 -22.674633	 0.000000	 0.072841	 0.072841	 90.000000	 1.088785	 -0.454882	 1.179988	 -22.674633	 331510.695460	
163.000000	 1.000000	 0.000000	 -0.000000	 0.000000	 -90.000000	 1.099467	 -0.455823	 1.190211	 -22.518175	 0.000000	 0.044857	 0.044857	 90.000000	 1.099467	 -0.455823	 1.190211	 -22.518175	 331512.126538	
162.000000	 1.000000	 0.000000	 -0.000000	 0.000000	 -90.000000	 1.137033	 -0.462349	 1.227441	 -22.128023	 0.000000	 0.037870	 0.037870	 90.000000	 1.139555	 -0.462710	 1.229913	 -22.099316	 331513.586807	
161.000000	 1.000000	 0.000000	 -0.000000	 0.000000	 -90.000000	 1.116654	 -0.460991	 1.208068	 -22.432411	 0.000000	 0.031420	 0.031420	 90.000000	 1.115775	 -0.460962	 1.207245	 -22.447076	 331515.039069	
160.000000	 1.000000	 0.000000	 -0.000000	 0.000000	 -90.000000	 1.085396	 -0.454824	 1.176839	 -22.735625	 0.000000	 0.049776	 0.049776	 90.000000	 1.084974	 -0.454593	 1.176360	 -22.733195	 331516.464826	
159.000000	 1.000000	 0.000000	 -0.000000	 0.000000	 -90.000000	 1.085995	 -0.451290	 1.176030	 -22.565543	 0.000000	 0.063562	 0.063562	 90.000000	 1.085995	 -0.451290	 1.176030	 -22.565543	 331517.904687	
158.000000	 1.000000	 0.000000	 -0.000000	 0.000000	 -90.000000	 1.082356	 -0.452691	 1.173211	 -22.696914	 0.000000	 0.096473	 0.096473	 90.000000	 1.082356	 -0.452691	 1.173211	 -22.696914	 331519.361442	
157.000000	 1.000000	 0.000000	 -0.000000	 0.000000	 -90.000000	 1.090285	 -0.452849	 1.180591	 -22.555530	 0.000000	 0.064388	 0.064388	 90.000000	 1.090285	 -0.452849	 1.180591	 -22.555530	 331520.814567	
156.000000	 1.000000	 0.000000	 -0.000000	 0.000000	 -90.000000	 1.080123	 -0.451307	 1.170616	 -22.676600	 0.000000	 0.049202	 0.049202	 90.000000	 1.080123	 -0.451307	 1.170616	 -22.676600	 331522.279639	
155.000000	 1.000000	 0.000000	 -0.000000	 0.000000	 -90.000000	 1.098435	 -0.454958	 1.188926	 -22.498744	 0.000000	 0.054313	 0.054313	 90.000000	 1.098435	 -0.454958	 1.188926	 -22.498744	 331523.702627	
154.000000	 1.000000	 0.000000	 -0.000000	 0.000000	 -90.000000	 1.077776	 -0.447686	 1.167058	 -22.556988	 0.000000	 0.033043	 0.033043	 90.000000	 1.077776	 -0.447686	 1.167058	 -22.556988	 331525.137275	
153.000000	 1.000000	 0.000000	 -0.000000	 0.000000	 -90.000000	 1.109777	 -0.457485	 1.200374	 -22.402994	 0.000000	 0.046488	 0.046488	 90.000000	 1.109777	 -0.457485	 1.200374	 -22.402994	 331526.581807	
152.000000	 1.000000	 0.000000	 -0.000000	 0.000000	 -90.000000	 1.039144	 -0.436539	 1.127114	 -22.787016	 0.000000	 0.046975	 0.046975	 90.000000	 1.039144	 -0.436539	 1.127114	 -22.787016	 331528.019749	
151.000000	 1.000000	 0.000000	 -0.000000	 0.000000	 -90.000000	 1.087175	 -0.451687	 1.177273	 -22.561371	 0.000000	 0.052816	 0.052816	 90.000000	 1.087175	 -0.451687	 1.177273	 -22.561371	 331529.448954	
150.000000	 1.000000	 0.000000	 -0.000000	 0.000000	 -90.000000	 1.056343	 -0.444392	 1.146013	 -22.815963	 0.000000	 0.021203	 0.021203	 90.000000	 1.056343	 -0.444392	 1.146013	 -22.815963	 331530.883734	
149.000000	 1.000000	 0.000000	 -0.000000	 0.000000	 -90.000000	 1.087255	 -0.448889	 1.176276	 -22.433982	 0.000000	 0.045879	 0.045879	 90.000000	 1.087853	 -0.449100	 1.176909	 -22.432373	 331532.382949	
148.000000	 1.000000	 0.000000	 -0.000000	 0.000000	 -90.000000	 1.035064	 -0.435147	 1.122813	 -22.802151	 0.000000	 0.053818	 0.053818	 90.000000	 1.035345	 -0.435286	 1.123127	 -22.803143	 331533.825125	
147.000000	 1.000000	 0.000000	 -0.000000	 0.000000	 -90.000000	 1.055207	 -0.442330	 1.144167	 -22.742856	 0.000000	 0.045091	 0.045091	 90.000000	 1.055207	 -0.442330	 1.144167	 -22.742856	 331535.249638	
146.000000	 1.000000	 0.000000	 -0.000000	 0.000000	 -90.000000	 1.073950	 -0.445061	 1.162518	 -22.509855	 0.000000	 0.076825	 0.076825	 90.000000	 1.073950	 -0.445061	 1.162518	 -22.509855	 331536.673545	
145.000000	 1.000000	 0.000000	 -0.000000	 0.000000	 -90.000000	 1.039886	 -0.433065	 1.126458	 -22.609489	 0.000000	 0.061653	 0.061653	 90.000000	 1.039886	 -0.433065	 1.126458	 -22.609489	 331538.114101	
144.000000	 1.000000	 0.000000	 -0.000000	 0.000000	 -90.000000	 1.066177	 -0.442924	 1.154520	 -22.559572	 0.000000	 0.069842	 0.069842	 90.000000	 1.066177	 -0.442924	 1.154520	 -22.559572	 331539.540204	
143.000000	 1.000000	 0.000000	 -0.000000	 0.000000	 -90.000000	 1.058811	 -0.441325	 1.147105	 -22.626932	 0.000000	 0.059632	 0.059632	 90.000000	 1.058811	 -0.441325	 1.147105	 -22.626932	 331541.009102	
142.000000	 1.000000	 0.000000	 -0.000000	 0.000000	 -90.000000	 1.029535	 -0.427004	 1.114573	 -22.526442	 0.000000	 0.068141	 0.068141	 90.000000	 1.029535	 -0.427004	 1.114573	 -22.526442	 331542.483338	
141.000000	 1.000000	 0.000000	 -0.000000	 0.000000	 -90.000000	 1.042057	 -0.435860	 1.129538	 -22.698029	 0.000000	 0.070745	 0.070745	 90.000000	 1.042057	 -0.435860	 1.129538	 -22.698029	 331543.901893	
140.000000	 1.000000	 0.000000	 -0.000000	 0.000000	 -90.000000	 1.084131	 -0.449480	 1.173615	 -22.518877	 0.000000	 0.053808	 0.053808	 90.000000	 1.084131	 -0.449480	 1.173615	 -22.518877	 331545.342692	
139.000000	 1.000000	 0.000000	 -0.000000	 0.000000	 -90.000000	 1.021827	 -0.427590	 1.107684	 -22.707204	 0.000000	 0.076391	 0.076391	 90.000000	 1.021827	 -0.427590	 1.107684	 -22.707204	 331546.784019	
138.000000	 1.000000	 0.000000	 -0.000000	 0.000000	 -90.000000	 1.071689	 -0.443799	 1.159946	 -22.495019	 0.000000	 0.040657	 0.040657	 90.000000	 1.071689	 -0.443799	 1.159946	 -22.495019	 331548.207283	
137.000000	 1.000000	 0.000000	 -0.000000	 0.000000	 -90.000000	 1.073968	 -0.440731	 1.160884	 -22.312096	 0.000000	 0.076499	 0.076499	 90.000000	 1.073968	 -0.440731	 1.160884	 -22.312096	 331549.653281	
136.000000	 1.000000	 0.000000	 -0.000000	 0.000000	 -90.000000	 1.000378	 -0.415199	 1.083119	 -22.540521	 0.000000	 0.092249	 0.092249	 90.000000	 1.000378	 -0.415199	 1.083119	 -22.540521	 331551.067165	
135.000000	 1.000000	 0.000000	 -0.000000	 0.000000	 -90.000000	 1.098643	 -0.451715	 1.187882	 -22.350378	 0.000000	 0.074868	 0.074868	 90.000000	 1.098643	 -0.451715	 1.187882	 -22.350378	 331552.515041	
134.000000	 1.000000	 0.000000	 -0.000000	 0.000000	 -90.000000	 1.068052	 -0.443498	 1.156471	 -22.550160	 0.000000	 0.059398	 0.059398	 90.000000	 1.068052	 -0.443498	 1.156471	 -22.550160	 331553.947883	
133.000000	 1.000000	 0.000000	 -0.000000	 0.000000	 -90.000000	 1.073650	 -0.443107	 1.161494	 -22.426452	 0.000000	 0.096318	 0.096318	 90.000000	 1.073650	 -0.443107	 1.161494	 -22.426452	 331555.395706	
132.000000	 1.000000	 0.000000	 -0.000000	 0.000000	 -90.000000	 1.071170	 -0.442080	 1.158809	 -22.426311	 0.000000	 0.064671	 0.064671	 90.000000	 1.071170	 -0.442080	 1.158809	 -22.426311	 331556.835242	
131.000000	 1.000000	 0.000000	 -0.000000	 0.000000	 -90.000000	 1.092631	 -0.446108	 1.180193	 -22.209574	 0.000000	 0.071053	 0.071053	 90.000000	 1.092631	 -0.446108	 1.180193	 -22.209574	 331558.292458	
130.000000	 1.000000	 0.000000	 -0.000000	 0.000000	 -90.000000	 1.086626	 -0.446777	 1.174890	 -22.350507	 0.000000	 0.059037	 0.059037	 90.000000	 1.086626	 -0.446777	 1.174890	 -22.350507	 331559.728850	
129.000000	 1.000000	 0.000000	 -0.000000	 0.000000	 -90.000000	 1.107611	 -0.451852	 1.196233	 -22.193099	 0.000000	 0.084235	 0.084235	 90.000000	 1.107611	 -0.451852	 1.196233	 -22.193099	 331561.172812	
128.000000	 1.000000	 0.000000	 -0.000000	 0.000000	 -90.000000	 1.081255	 -0.443544	 1.168693	 -22.304032	 0.000000	 0.071142	 0.071142	 90.000000	 1.081255	 -0.443544	 1.168693	 -22.304032	 331562.607124	
127.000000	 1.000000	 0.000000	 -0.000000	 0.000000	 -90.000000	 1.125096	 -0.455550	 1.213823	 -22.042965	 0.000000	 0.054183	 0.054183	 90.000000	 1.125337	 -0.455310	 1.213957	 -22.028210	 331564.105904	
126.000000	 1.000000	 0.000000	 -0.000000	 0.000000	 -90.000000	 1.070670	 -0.439748	 1.157460	 -22.329028	 0.000000	 0.080652	 0.080652	 90.000000	 1.070670	 -0.439748	 1.157460	 -22.329028	 331565.583505	
125.000000	 1.000000	 0.000000	 -0.000000	 0.000000	 -90.000000	 1.091030	 -0.448014	 1.179434	 -22.324731	 0.000000	 0.059387	 0.059387	 90.000000	 1.091030	 -0.448014	 1.179434	 -22.324731	 331567.041896	
124.000000	 1.000000	 0.000000	 -0.000000	 0.000000	 -90.000000	 1.083117	 -0.442023	 1.169841	 -22.200498	 0.000000	 0.075577	 0.075577	 90.000000	 1.083117	 -0.442023	 1.169841	 -22.200498	 331568.497164	
123.000000	 1.000000	 0.000000	 -0.000000	 0.000000	 -90.000000	 1.126290	 -0.451449	 1.213398	 -21.842319	 0.000000	 0.087372	 0.087372	 90.000000	 1.126290	 -0.451449	 1.213398	 -21.842319	 331569.937143	
122.000000	 1.000000	 0.000000	 -0.000000	 0.000000	 -90.000000	 1.076002	 -0.442074	 1.163276	 -22.335254	 0.000000	 0.081045	 0.081045	 90.000000	 1.076002	 -0.442074	 1.163276	 -22.335254	 331571.370924	
121.000000	 1.000000	 0.000000	 -0.000000	 0.000000	 -90.000000	 1.124447	 -0.450866	 1.211470	 -21.849143	 0.000000	 0.081272	 0.081272	 90.000000	 1.124447	 -0.450866	 1.211470	 -21.849143	 331572.782516	
120.000000	 1.000000	 0.000000	 -0.000000	 0.000000	 -90.000000	 1.068580	 -0.438039	 1.154877	 -22.290006	 0.000000	 0.094443	 0.094443	 90.000000	 1.068580	 -0.438039	 1.154877	 -22.290006	 331574.199327	
119.000000	 1.000000	 0.000000	 -0.000000	 0.000000	 -90.000000	 1.117952	 -0.446563	 1.203842	 -21.774121	 0.000000	 0.092327	 0.092327	 90.000000	 1.117952	 -0.446563	 1.203842	 -21.774121	 331575.639123	
118.000000	 1.000000	 0.000000	 -0.000000	 0.000000	 -90.000000	 1.095395	 -0.444391	 1.182105	 -22.081925	 0.000000	 0.093112	 0.093112	 90.000000	 1.095395	 -0.444391	 1.182105	 -22.081925	 331577.056133	
117.000000	 1.000000	 0.000000	 -0.000000	 0.000000	 -90.000000	 1.048035	 -0.432669	 1.133835	 -22.432725	 0.000000	 0.077204	 0.077204	 90.000000	 1.048035	 -0.432669	 1.133835	 -22.432725	 331578.504354	
116.000000	 1.000000	 0.000000	 -0.000000	 0.000000	 -90.000000	 1.092940	 -0.443837	 1.179623	 -22.101814	 0.000000	 0.090128	 0.090128	 90.000000	 1.092940	 -0.443837	 1.179623	 -22.101814	 331579.918601	
115.000000	 1.000000	 0.000000	 -0.000000	 0.000000	 -90.000000	 1.122630	 -0.451829	 1.210143	 -21.923513	 0.000000	 0.078313	 0.078313	 90.000000	 1.122630	 -0.451829	 1.210143	 -21.923513	 331581.347347	
114.000000	 1.000000	 0.000000	 -0.000000	 0.000000	 -90.000000	 1.086668	 -0.440813	 1.172673	 -22.080207	 0.000000	 0.072625	 0.072625	 90.000000	 1.086668	 -0.440813	 1.172673	 -22.080207	 331582.770095	
113.000000	 1.000000	 0.000000	 -0.000000	 0.000000	 -90.000000	 1.087822	 -0.442438	 1.174354	 -22.132491	 0.000000	 0.080229	 0.080229	 90.000000	 1.087740	 -0.442302	 1.174227	 -22.127861	 331584.213799	
112.000000	 1.000000	 0.000000	 -0.000000	 0.000000	 -90.000000	 1.159415	 -0.454130	 1.245182	 -21.389705	 0.000000	 0.075213	 0.075213	 90.000000	 1.159415	 -0.454130	 1.245182	 -21.389705	 331585.659792	
111.000000	 1.000000	 0.000000	 -0.000000	 0.000000	 -90.000000	 1.119786	 -0.447254	 1.205802	 -21.772274	 0.000000	 0.076660	 0.076660	 90.000000	 1.119786	 -0.447254	 1.205802	 -21.772274	 331587.117520	
110.000000	 1.000000	 0.000000	 -0.000000	 0.000000	 -90.000000	 1.093928	 -0.442776	 1.180140	 -22.036014	 0.000000	 0.069884	 0.069884	 90.000000	 1.093928	 -0.442776	 1.180140	 -22.036014	 331588.592898	
109.000000	 1.000000	 0.000000	 -0.000000	 0.000000	 -90.000000	 1.115851	 -0.448215	 1.202505	 -21.884323	 0.000000	 0.076718	 0.076718	 90.000000	 1.115851	 -0.448215	 1.202505	 -21.884323	 331590.033498	
108.000000	 1.000000	 0.000000	 -0.000000	 0.000000	 -90.000000	 1.094521	 -0.444133	 1.181199	 -22.086257	 0.000000	 0.082948	 0.082948	 90.000000	 1.094521	 -0.444133	 1.181199	 -22.086257	 331591.483477	
107.000000	 1.000000	 0.000000	 -0.000000	 0.000000	 -90.000000	 1.091933	 -0.441049	 1.177643	 -21.994533	 0.000000	 0.104438	 0.104438	 90.000000	 1.091933	 -0.441049	 1.177643	 -21.994533	 331592.919333	
106.000000	 1.000000	 0.000000	 -0.000000	 0.000000	 -90.000000	 1.110395	 -0.447599	 1.197215	 -21.954297	 0.000000	 0.098393	 0.098393	 90.000000	 1.110638	 -0.447561	 1.197426	 -21.948283	 331594.354876	
105.000000	 1.000000	 0.000000	 -0.000000	 0.000000	 -90.000000	 1.133154	 -0.451590	 1.219824	 -21.728523	 0.000000	 0.081846	 0.081846	 90.000000	 1.132552	 -0.451395	 1.219193	 -21.730476	 331595.783119	
104.000000	 1.000000	 0.000000	 -0.000000	 0.000000	 -90.000000	 1.149300	 -0.449701	 1.234148	 -21.369534	 0.000000	 0.089468	 0.089468	 90.000000	 1.149300	 -0.449701	 1.234148	 -21.369534	 331597.220062	
103.000000	 1.000000	 0.000000	 -0.000000	 0.000000	 -90.000000	 1.139523	 -0.449509	 1.224978	 -21.527800	 0.000000	 0.088176	 0.088176	 90.000000	 1.139803	 -0.449613	 1.225277	 -21.527521	 331598.659199	
102.000000	 1.000000	 0.000000	 -0.000000	 0.000000	 -90.000000	 1.103808	 -0.443040	 1.189401	 -21.869249	 0.000000	 0.081039	 0.081039	 90.000000	 1.103808	 -0.443040	 1.189401	 -21.869249	 331600.121086	
101.000000	 1.000000	 0.000000	 -0.000000	 0.000000	 -90.000000	 1.175574	 -0.452233	 1.259559	 -21.041318	 0.000000	 0.067910	 0.067910	 90.000000	 1.175574	 -0.452233	 1.259559	 -21.041318	 331601.631499	
100.000000	 1.000000	 0.000000	 -0.000000	 0.000000	 -90.000000	 1.159283	 -0.450846	 1.243865	 -21.251109	 0.000000	 0.074111	 0.074111	 90.000000	 1.159283	 -0.450846	 1.243865	 -21.251109	 331603.079474	
99.000000	 1.000000	 0.000000	 -0.000000	 0.000000	 -90.000000	 1.199764	 -0.452714	 1.282335	 -20.673286	 0.000000	 0.059846	 0.059846	 90.000000	 1.199764	 -0.452714	 1.282335	 -20.673286	 331604.538465	
98.000000	 1.000000	 0.000000	 -0.000000	 0.000000	 -90.000000	 1.167865	 -0.452933	 1.252620	 -21.197763	 0.000000	 0.066510	 0.066510	 90.000000	 1.167865	 -0.452933	 1.252620	 -21.197763	 331605.969667	
97.000000	 1.000000	 0.000000	 -0.000000	 0.000000	 -90.000000	 1.162420	 -0.450505	 1.246665	 -21.184238	 0.000000	 0.081889	 0.081889	 90.000000	 1.162420	 -0.450505	 1.246665	 -21.184238	 331607.404704	
96.000000	 1.000000	 0.000000	 -0.000000	 0.000000	 -90.000000	 1.222034	 -0.455181	 1.304054	 -20.429275	 0.000000	 0.072418	 0.072418	 90.000000	 1.222034	 -0.455181	 1.304054	 -20.429275	 331608.870033	
95.000000	 1.000000	 0.000000	 -0.000000	 0.000000	 -90.000000	 1.222062	 -0.451058	 1.302647	 -20.258913	 0.000000	 0.062426	 0.062426	 90.000000	 1.222062	 -0.451058	 1.302647	 -20.258913	 331610.292376	
94.000000	 1.000000	 0.000000	 -0.000000	 0.000000	 -90.000000	 1.154020	 -0.451771	 1.239298	 -21.379146	 0.000000	 0.060245	 0.060245	 90.000000	 1.153624	 -0.451729	 1.238914	 -21.384013	 331611.723174	
93.000000	 1.000000	 0.000000	 -0.000000	 0.000000	 -90.000000	 1.183299	 -0.452593	 1.266901	 -20.931059	 0.000000	 0.069422	 0.069422	 90.000000	 1.183299	 -0.452593	 1.266901	 -20.931059	 331613.169034	
92.000000	 1.000000	 0.000000	 -0.000000	 0.000000	 -90.000000	 1.178171	 -0.452110	 1.261940	 -20.993759	 0.000000	 0.062854	 0.062854	 90.000000	 1.178171	 -0.452110	 1.261940	 -20.993759	 331614.604782	
91.000000	 1.000000	 0.000000	 -0.000000	 0.000000	 -90.000000	 1.138930	 -0.441949	 1.221671	 -21.208176	 0.000000	 0.084130	 0.084130	 90.000000	 1.138930	 -0.441949	 1.221671	 -21.208176	 331616.045671	
90.000000	 1.000000	 0.000000	 -0.000000	 0.000000	 -90.000000	 1.170526	 -0.446959	 1.252958	 -20.899073	 0.000000	 0.072589	 0.072589	 90.000000	 1.170526	 -0.446959	 1.252958	 -20.899073	 331617.505714	
89.000000	 1.000000	 0.000000	 -0.000000	 0.000000	 -90.000000	 1.174082	 -0.447192	 1.256364	 -20.851184	 0.000000	 0.097282	 0.097282	 90.000000	 1.174082	 -0.447192	 1.256364	 -20.851184	 331618.920535	
88.000000	 1.000000	 0.000000	 -0.000000	 0.000000	 -90.000000	 1.178107	 -0.449338	 1.260889	 -20.877188	 0.000000	 0.071555	 0.071555	 90.000000	 1.178107	 -0.449338	 1.260889	 -20.877188	 331620.377463	
87.000000	 1.000000	 0.000000	 -0.000000	 0.000000	 -90.000000	 1.172651	 -0.447326	 1.255074	 -20.880104	 0.000000	 0.080555	 0.080555	 90.000000	 1.172651	 -0.447326	 1.255074	 -20.880104	 331621.811026	
86.000000	 1.000000	 0.000000	 -0.000000	 0.000000	 -90.000000	 1.175201	 -0.448304	 1.257805	 -20.880366	 0.000000	 0.084835	 0.084835	 90.000000	 1.175201	 -0.448304	 1.257805	 -20.880366	 331623.266555	
85.000000	 1.000000	 0.000000	 -0.000000	 0.000000	 -90.000000	 1.142656	 -0.445381	 1.226388	 -21.294684	 0.000000	 0.072343	 0.072343	 90.000000	 1.142656	 -0.445381	 1.226388	 -21.294684	 331624.707834	
84.000000	 1.000000	 0.000000	 -0.000000	 0.000000	 -90.000000	 1.169195	 -0.447777	 1.252006	 -20.955773	 0.000000	 0.075751	 0.075751	 90.000000	 1.169483	 -0.447826	 1.252293	 -20.953191	 331626.170264	
83.000000	 1.000000	 0.000000	 -0.000000	 0.000000	 -90.000000	 1.186701	 -0.446472	 1.267911	 -20.617776	 0.000000	 0.085784	 0.085784	 90.000000	 1.186701	 -0.446472	 1.267911	 -20.617776	 331627.611040	
82.000000	 1.000000	 0.000000	 -0.000000	 0.000000	 -90.000000	 1.186561	 -0.443793	 1.266839	 -20.506605	 0.000000	 0.065792	 0.065792	 90.000000	 1.186561	 -0.443793	 1.266839	 -20.506605	 331629.052167	
81.000000	 1.000000	 0.000000	 -0.000000	 0.000000	 -90.000000	 1.194947	 -0.445207	 1.275189	 -20.434127	 0.000000	 0.092567	 0.092567	 90.000000	 1.194947	 -0.445207	 1.275189	 -20.434127	 331630.491432	
80.000000	 1.000000	 0.000000	 -0.000000	 0.000000	 -90.000000	 1.173163	 -0.445367	 1.254856	 -20.788220	 0.000000	 0.107154	 0.107154	 90.000000	 1.173022	 -0.445373	 1.254726	 -20.790773	 331631.927477	
79.000000	 1.000000	 0.000000	 -0.000000	 0.000000	 -90.000000	 1.136308	 -0.439295	 1.218268	 -21.136447	 0.000000	 0.063351	 0.063351	 90.000000	 1.136308	 -0.439295	 1.218268	 -21.136447	 331633.370776	
78.000000	 1.000000	 0.000000	 -0.000000	 0.000000	 -90.000000	 1.186783	 -0.444701	 1.267364	 -20.541550	 0.000000	 0.075575	 0.075575	 90.000000	 1.186783	 -0.444701	 1.267364	 -20.541550	 331634.806007	
77.000000	 1.000000	 0.000000	 -0.000000	 0.000000	 -90.000000	 1.231334	 -0.444366	 1.309062	 -19.843612	 0.000000	 0.077401	 0.077401	 90.000000	 1.231421	 -0.444248	 1.309104	 -19.837421	 331636.262306	
76.000000	 1.000000	 0.000000	 -0.000000	 0.000000	 -90.000000	 1.199440	 -0.442415	 1.278432	 -20.246578	 0.000000	 0.093492	 0.093492	 90.000000	 1.199440	 -0.442415	 1.278432	 -20.246578	 331637.707189	
75.000000	 1.000000	 0.000000	 -0.000000	 0.000000	 -90.000000	 1.246324	 -0.446302	 1.323823	 -19.702201	 0.000000	 0.054858	 0.054858	 90.000000	 1.246324	 -0.446302	 1.323823	 -19.702201	 331639.143018	
74.000000	 1.000000	 0.000000	 -0.000000	 0.000000	 -90.000000	 1.229641	 -0.443472	 1.307167	 -19.831914	 0.000000	 0.087313	 0.087313	 90.000000	 1.229641	 -0.443472	 1.307167	 -19.831914	 331640.583977	
73.000000	 1.000000	 0.000000	 -0.000000	 0.000000	 -90.000000	 1.275220	 -0.436741	 1.347935	 -18.905451	 0.000000	 0.079875	 0.079875	 90.000000	 1.275220	 -0.436741	 1.347935	 -18.905451	 331642.015424	
72.000000	 1.000000	 0.000000	 -0.000000	 0.000000	 -90.000000	 1.251250	 -0.443155	 1.327408	 -19.502591	 0.000000	 0.066962	 0.066962	 90.000000	 1.251250	 -0.443155	 1.327408	 -19.502591	 331643.449674	
71.000000	 1.000000	 0.000000	 -0.000000	 0.000000	 -90.000000	 1.293867	 -0.439111	 1.366349	 -18.746116	 0.000000	 0.056245	 0.056245	 90.000000	 1.293867	 -0.439111	 1.366349	 -18.746116	 331644.886928	
70.000000	 1.000000	 0.000000	 -0.000000	 0.000000	 -90.000000	 1.292524	 -0.432122	 1.362845	 -18.486033	 0.000000	 0.085828	 0.085828	 90.000000	 1.292524	 -0.432122	 1.362845	 -18.486033	 331646.337679	
69.000000	 1.000000	 0.000000	 -0.000000	 0.000000	 -90.000000	 1.326229	 -0.427002	 1.393274	 -17.846850	 0.000000	 0.079202	 0.079202	 90.000000	 1.326229	 -0.427002	 1.393274	 -17.846850	 331647.764085	
68.000000	 1.000000	 0.000000	 -0.000000	 0.000000	 -90.000000	 1.300382	 -0.435582	 1.371395	 -18.519019	 0.000000	 0.055805	 0.055805	 90.000000	 1.300382	 -0.435582	 1.371395	 -18.519019	 331649.199999	
67.000000	 1.000000	 0.000000	 -0.000000	 0.000000	 -90.000000	 1.319560	 -0.428660	 1.387439	 -17.996440	 0.000000	 0.055380	 0.055380	 90.000000	 1.319560	 -0.428660	 1.387439	 -17.996440	 331650.624384	
66.000000	 1.000000	 0.000000	 -0.000000	 0.000000	 -90.000000	 1.307643	 -0.429426	 1.376349	 -18.180031	 0.000000	 0.063593	 0.063593	 90.000000	 1.307643	 -0.429426	 1.376349	 -18.180031	 331652.056265	
65.000000	 1.000000	 0.000000	 -0.000000	 0.000000	 -90.000000	 1.292274	 -0.429533	 1.361790	 -18.386030	 0.000000	 0.089363	 0.089363	 90.000000	 1.292274	 -0.429533	 1.361790	 -18.386030	 331653.498232	
64.000000	 1.000000	 0.000000	 -0.000000	 0.000000	 -90.000000	 1.332260	 -0.421167	 1.397247	 -17.543303	 0.000000	 0.066421	 0.066421	 90.000000	 1.332817	 -0.421298	 1.397817	 -17.541516	 331654.959247	
63.000000	 1.000000	 0.000000	 -0.000000	 0.000000	 -90.000000	 1.332701	 -0.424823	 1.398773	 -17.680643	 0.000000	 0.051797	 0.051797	 90.000000	 1.332701	 -0.424823	 1.398773	 -17.680643	 331656.404150	
62.000000	 1.000000	 0.000000	 -0.000000	 0.000000	 -90.000000	 1.384755	 -0.405757	 1.442978	 -16.331504	 0.000000	 0.045268	 0.045268	 90.000000	 1.384755	 -0.405757	 1.442978	 -16.331504	 331657.811675	
61.000000	 1.000000	 0.000000	 -0.000000	 0.000000	 -90.000000	 1.361872	 -0.418359	 1.424683	 -17.076653	 0.000000	 0.038576	 0.038576	 90.000000	 1.361872	 -0.418359	 1.424683	 -17.076653	 331659.250356	
60.000000	 1.000000	 0.000000	 -0.000000	 0.000000	 -90.000000	 1.346925	 -0.419490	 1.410737	 -17.298806	 0.000000	 0.048662	 0.048662	 90.000000	 1.347487	 -0.420059	 1.411443	 -17.314070	 331660.655294	
59.000000	 1.000000	 0.000000	 -0.000000	 0.000000	 -90.000000	 1.389830	 -0.405529	 1.447785	 -16.266341	 0.000000	 0.037092	 0.037092	 90.000000	 1.389830	 -0.405529	 1.447785	 -16.266341	 331662.097771	
58.000000	 1.000000	 0.000000	 -0.000000	 0.000000	 -90.000000	 1.349188	 -0.418869	 1.412713	 -17.247491	 0.000000	 0.056244	 0.056244	 90.000000	 1.349188	 -0.418869	 1.412713	 -17.247491	 331663.535614	
57.000000	 1.000000	 0.000000	 -0.000000	 0.000000	 -90.000000	 1.323535	 -0.428789	 1.391260	 -17.950914	 0.000000	 0.050608	 0.050608	 90.000000	 1.323535	 -0.428789	 1.391260	 -17.950914	 331664.969675	
56.000000	 1.000000	 0.000000	 -0.000000	 0.000000	 -90.000000	 1.369815	 -0.418187	 1.432227	 -16.976748	 0.000000	 0.038196	 0.038196	 90.000000	 1.369815	 -0.418187	 1.432227	 -16.976748	 331666.397377	
55.000000	 1.000000	 0.000000	 -0.000000	 0.000000	 -90.000000	 1.378602	 -0.422571	 1.441912	 -17.041439	 0.000000	 0.040880	 0.040880	 90.000000	 1.378602	 -0.422571	 1.441912	 -17.041439	 331667.790860	
54.000000	 1.000000	 0.000000	 -0.000000	 0.000000	 -90.000000	 1.413450	 -0.412170	 1.472319	 -16.256971	 0.000000	 0.014683	 0.014683	 90.000000	 1.413450	 -0.412170	 1.472319	 -16.256971	 331669.242072	
53.000000	 1.000000	 0.000000	 -0.000000	 0.000000	 -90.000000	 1.358684	 -0.381234	 1.411157	 -15.673616	 0.000000	 0.046010	 0.046010	 90.000000	 1.358684	 -0.381234	 1.411157	 -15.673616	 331670.678433	
52.000000	 1.000000	 0.000000	 -0.000000	 0.000000	 -90.000000	 1.362995	 -0.399740	 1.420404	 -16.345378	 0.000000	 0.030139	 0.030139	 90.000000	 1.362995	 -0.399740	 1.420404	 -16.345378	 331672.139893	
51.000000	 1.000000	 0.000000	 -0.000000	 0.000000	 -90.000000	 1.251377	 -0.398464	 1.313285	 -17.662528	 0.000000	 0.082357	 0.082357	 90.000000	 1.251377	 -0.398464	 1.313285	 -17.662528	 331673.604830	
50.000000	 1.000000	 0.000000	 -0.000000	 0.000000	 -90.000000	 1.306085	 -0.381846	 1.360759	 -16.296779	 0.000000	 0.071186	 0.071186	 90.000000	 1.306085	 -0.381846	 1.360759	 -16.296779	 331675.035443	
49.000000	 1.000000	 0.000000	 -0.000000	 0.000000	 -90.000000	 1.285613	 -0.388068	 1.342906	 -16.796654	 0.000000	 0.063178	 0.063178	 90.000000	 1.285711	 -0.387212	 1.342753	 -16.760497	 331676.465089	
48.000000	 1.000000	 0.000000	 -0.000000	 0.000000	 -90.000000	 1.315570	 -0.423694	 1.382115	 -17.851752	 0.000000	 0.101782	 0.101782	 90.000000	 1.315570	 -0.423694	 1.382115	 -17.851752	 331677.882653	
47.000000	 1.000000	 0.000000	 -0.000000	 0.000000	 -90.000000	 1.342445	 -0.393345	 1.398884	 -16.330916	 0.000000	 0.086899	 0.086899	 90.000000	 1.342445	 -0.393345	 1.398884	 -16.330916	 331679.332044	
46.000000	 1.000000	 0.000000	 -0.000000	 0.000000	 -90.000000	 1.319011	 -0.425104	 1.385823	 -17.863595	 0.000000	 0.069791	 0.069791	 90.000000	 1.316855	 -0.423104	 1.383157	 -17.812141	 331680.748013	
45.000000	 1.000000	 0.000000	 -0.000000	 0.000000	 -90.000000	 1.317297	 -0.410294	 1.379715	 -17.300073	 0.000000	 0.089429	 0.089429	 90.000000	 1.314415	 -0.406975	 1.375978	 -17.203791	 331682.170077	
44.000000	 1.000000	 0.000000	 -0.000000	 0.000000	 -90.000000	 1.341823	 -0.418868	 1.405681	 -17.336461	 0.000000	 0.069232	 0.069232	 90.000000	 1.341823	 -0.418868	 1.405681	 -17.336461	 331683.589919	
43.000000	 1.000000	 0.000000	 -0.000000	 0.000000	 -90.000000	 1.409755	 -0.389609	 1.462602	 -15.449005	 0.000000	 0.025578	 0.025578	 90.000000	 1.409156	 -0.390294	 1.462207	 -15.481138	 331685.046885	
42.000000	 1.000000	 0.000000	 -0.000000	 0.000000	 -90.000000	 1.401657	 -0.384446	 1.453424	 -15.337869	 0.000000	 0.029814	 0.029814	 90.000000	 1.402982	 -0.385028	 1.454855	 -15.346180	 331686.499321	
41.000000	 1.000000	 0.000000	 -0.000000	 0.000000	 -90.000000	 1.376776	 -0.390278	 1.431024	 -15.826581	 0.000000	 0.060000	 0.060000	 90.000000	 1.376776	 -0.390278	 1.431024	 -15.826581	 331687.942959	
40.000000	 1.000000	 0.000000	 -0.000000	 0.000000	 -90.000000	 1.346670	 -0.399044	 1.404548	 -16.505561	 0.000000	 0.086610	 0.086610	 90.000000	 1.346670	 -0.399044	 1.404548	 -16.505561	 331689.401603	
39.000000	 1.000000	 0.000000	 -0.000000	 0.000000	 -90.000000	 1.322225	 -0.406744	 1.383372	 -17.098977	 0.000000	 0.072408	 0.072408	 90.000000	 1.322225	 -0.406744	 1.383372	 -17.098977	 331690.845525	
38.000000	 1.000000	 0.000000	 -0.000000	 0.000000	 -90.000000	 1.354878	 -0.394049	 1.411018	 -16.216405	 0.000000	 0.068826	 0.068826	 90.000000	 1.354878	 -0.394049	 1.411018	 -16.216405	 331692.297485	
37.000000	 1.000000	 0.000000	 -0.000000	 0.000000	 -90.000000	 1.399934	 -0.382266	 1.451187	 -15.272861	 0.000000	 0.062366	 0.062366	 90.000000	 1.399934	 -0.382266	 1.451187	 -15.272861	 331693.721589	
36.000000	 1.000000	 0.000000	 -0.000000	 0.000000	 -90.000000	 1.390880	 -0.381151	 1.442159	 -15.324868	 0.000000	 0.043758	 0.043758	 90.000000	 1.390728	 -0.381234	 1.442035	 -15.329662	 331695.160916	
35.000000	 1.000000	 0.000000	 -0.000000	 0.000000	 -90.000000	 1.377566	 -0.384356	 1.430181	 -15.589679	 0.000000	 0.070793	 0.070793	 90.000000	 1.377566	 -0.384356	 1.430181	 -15.589680	 331696.596904	
34.000000	 1.000000	 0.000000	 -0.000000	 0.000000	 -90.000000	 1.398863	 -0.372949	 1.447725	 -14.928332	 0.000000	 0.056470	 0.056470	 90.000000	 1.398863	 -0.372949	 1.447725	 -14.928332	 331698.042856	
33.000000	 1.000000	 0.000000	 -0.000000	 0.000000	 -90.000000	 1.454627	 -0.348145	 1.495709	 -13.459768	 0.000000	 0.029161	 0.029161	 90.000000	 1.454627	 -0.348145	 1.495709	 -13.459768	 331699.487698	
32.000000	 1.000000	 0.000000	 -0.000000	 0.000000	 -90.000000	 1.390802	 -0.375946	 1.440717	 -15.126059	 0.000000	 0.082831	 0.082831	 90.000000	 1.390802	 -0.375946	 1.440717	 -15.126059	 331700.882812	
31.000000	 1.000000	 0.000000	 -0.000000	 0.000000	 -90.000000	 1.417255	 -0.366115	 1.463780	 -14.484401	 0.000000	 0.050976	 0.050976	 90.000000	 1.417255	 -0.366115	 1.463780	 -14.484401	 331702.330007	
30.000000	 1.000000	 0.000000	 -0.000000	 0.000000	 -90.000000	 1.445511	 -0.347914	 1.486790	 -13.532867	 0.000000	 0.055379	 0.055379	 90.000000	 1.444443	 -0.348581	 1.485908	 -13.567519	 331703.793170	
29.000000	 1.000000	 0.000000	 -0.000000	 0.000000	 -90.000000	 1.444112	 -0.348517	 1.485572	 -13.568125	 0.000000	 0.051511	 0.051511	 90.000000	 1.444112	 -0.348517	 1.485572	 -13.568125	 331705.236802	
28.000000	 1.000000	 0.000000	 -0.000000	 0.000000	 -90.000000	 1.456322	 -0.340358	 1.495566	 -13.154531	 0.000000	 0.023288	 0.023288	 90.000000	 1.456322	 -0.340358	 1.495566	 -13.154531	 331706.760878	
27.000000	 1.000000	 0.000000	 -0.000000	 0.000000	 -90.000000	 1.447211	 -0.344154	 1.487569	 -13.376768	 0.000000	 0.030013	 0.030013	 90.000000	 1.447899	 -0.343903	 1.488180	 -13.361250	 331708.203356	
26.000000	 1.000000	 0.000000	 -0.000000	 0.000000	 -90.000000	 1.450429	 -0.337558	 1.489192	 -13.101233	 0.000000	 0.030171	 0.030171	 90.000000	 1.450429	 -0.337558	 1.489192	 -13.101233	 331709.639433	
25.000000	 1.000000	 0.000000	 -0.000000	 0.000000	 -90.000000	 1.487714	 -0.313887	 1.520466	 -11.913867	 0.000000	 0.042315	 0.042315	 90.000000	 1.487714	 -0.313887	 1.520466	 -11.913867	 331711.094475	
24.000000	 1.000000	 0.000000	 -0.000000	 0.000000	 -90.000000	 1.474484	 -0.319275	 1.508655	 -12.217821	 0.000000	 0.020983	 0.020983	 90.000000	 1.475314	 -0.318750	 1.509355	 -12.191685	 331712.564418	
23.000000	 1.000000	 0.000000	 -0.000000	 0.000000	 -90.000000	 1.494252	 -0.304895	 1.525041	 -11.532629	 0.000000	 0.028559	 0.028559	 90.000000	 1.494261	 -0.304885	 1.525048	 -11.532187	 331714.000286	
22.000000	 1.000000	 0.000000	 -0.000000	 0.000000	 -90.000000	 1.505685	 -0.295494	 1.534406	 -11.103327	 0.000000	 0.033093	 0.033093	 90.000000	 1.505685	 -0.295494	 1.534406	 -11.103327	 331715.430452	
21.000000	 1.000000	 0.000000	 -0.000000	 0.000000	 -90.000000	 1.509261	 -0.289330	 1.536744	 -10.852126	 0.000000	 0.027113	 0.027113	 90.000000	 1.509261	 -0.289330	 1.536744	 -10.852126	 331716.854000	
20.000000	 1.000000	 0.000000	 -0.000000	 0.000000	 -90.000000	 1.531326	 -0.270021	 1.554951	 -10.000262	 0.000000	 0.011202	 0.011202	 90.000000	 1.531326	 -0.270021	 1.554951	 -10.000262	 331718.314336	
19.000000	 1.000000	 0.000000	 -0.000000	 0.000000	 -90.000000	 1.528274	 -0.265907	 1.551235	 -9.870189	 0.000000	 0.018534	 0.018534	 90.000000	 1.528400	 -0.265909	 1.551359	 -9.869466	 331719.764291	
18.000000	 1.000000	 0.000000	 -0.000000	 0.000000	 -90.000000	 1.533582	 -0.258999	 1.555299	 -9.585943	 0.000000	 0.011940	 0.011940	 90.000000	 1.533582	 -0.258999	 1.555299	 -9.585943	 331721.229635	
17.000000	 1.000000	 0.000000	 -0.000000	 0.000000	 -90.000000	 1.544110	 -0.242802	 1.563083	 -8.936236	 0.000000	 0.017889	 0.017889	 90.000000	 1.544110	 -0.242802	 1.563083	 -8.936236	 331722.687429	
16.000000	 1.000000	 0.000000	 -0.000000	 0.000000	 -90.000000	 1.549270	 -0.235199	 1.567021	 -8.632319	 0.000000	 0.026241	 0.026241	 90.000000	 1.549270	 -0.235199	 1.567021	 -8.632319	 331724.139949	
15.000000	 1.000000	 0.000000	 -0.000000	 0.000000	 -90.000000	 1.554713	 -0.229248	 1.571524	 -8.388029	 0.000000	 0.018316	 0.018316	 90.000000	 1.554713	 -0.229248	 1.571524	 -8.388029	 331725.575020	
14.000000	 1.000000	 0.000000	 -0.000000	 0.000000	 -90.000000	 1.553009	 -0.226369	 1.569420	 -8.293127	 0.000000	 0.031074	 0.031074	 90.000000	 1.553009	 -0.226369	 1.569420	 -8.293127	 331727.070135	
13.000000	 1.000000	 0.000000	 -0.000000	 0.000000	 -90.000000	 1.549274	 -0.223823	 1.565358	 -8.220630	 0.000000	 0.049218	 0.049218	 90.000000	 1.549274	 -0.223823	 1.565358	 -8.220630	 331728.505691	
12.000000	 1.000000	 0.000000	 -0.000000	 0.000000	 -90.000000	 1.566368	 -0.200396	 1.579135	 -7.290617	 0.000000	 0.032579	 0.032579	 90.000000	 1.566368	 -0.200396	 1.579135	 -7.290617	 331729.911130	
11.000000	 1.000000	 0.000000	 -0.000000	 0.000000	 -90.000000	 1.570295	 -0.188741	 1.581598	 -6.853762	 0.000000	 0.035827	 0.035827	 90.000000	 1.570295	 -0.188741	 1.581598	 -6.853762	 331731.354925	
10.000000	 1.000000	 0.000000	 -0.000000	 0.000000	 -90.000000	 1.578252	 -0.170448	 1.587430	 -6.163928	 0.000000	 -0.057621	 0.057621	 -90.000000	 1.578504	 -0.170565	 1.587692	 -6.167163	 331732.781608	
9.000000	 1.000000	 0.000000	 -0.000000	 0.000000	 -90.000000	 1.591011	 -0.150524	 1.598115	 -5.404624	 0.000000	 -0.121248	 0.121248	 -90.000000	 1.591011	 -0.150524	 1.598115	 -5.404624	 331734.210417	
8.000000	 1.000000	 0.000000	 -0.000000	 0.000000	 -90.000000	 1.592229	 -0.141970	 1.598545	 -5.095252	 0.000000	 0.052925	 0.052925	 90.000000	 1.592229	 -0.141970	 1.598545	 -5.095252	 331735.627856	
7.000000	 1.000000	 0.000000	 -0.000000	 0.000000	 -90.000000	 1.597241	 -0.135610	 1.602988	 -4.852923	 0.000000	 -0.527412	 0.527412	 -90.000000	 1.597241	 -0.135610	 1.602988	 -4.852923	 331737.072840	
6.000000	 1.000000	 0.000000	 -0.000000	 0.000000	 -90.000000	 1.611935	 -0.108133	 1.615558	 -3.837818	 0.000000	 -0.483917	 0.483917	 -90.000000	 1.611935	 -0.108133	 1.615558	 -3.837818	 331738.505800	
5.000000	 1.000000	 0.000000	 -0.000000	 0.000000	 -90.000000	 1.654811	 -0.044699	 1.655414	 -1.547287	 0.000000	 0.737003	 0.737003	 90.000000	 1.654805	 -0.044605	 1.655406	 -1.544035	 331739.975983	
4.000000	 1.000000	 0.000000	 -0.000000	 0.000000	 -90.000000	 1.711771	 0.047078	 1.712419	 1.575382	 0.000000	 1.019225	 1.019225	 90.000000	 1.677117	 0.105881	 1.680456	 3.612454	 331741.429813	
3.000000	 1.000000	 0.000000	 -0.000000	 0.000000	 -90.000000	 1.970827	 0.061648	 1.971791	 1.791651	 0.000000	 -2.062866	 2.062866	 -90.000000	 1.970827	 0.061648	 1.971791	 1.791651	 331742.868077	
2.000000	 1.000000	 0.000000	 -0.000000	 0.000000	 -90.000000	 2.447557	 -0.231246	 2.458456	 -5.397303	 0.000000	 -2.730200	 2.730200	 -90.000000	 2.447557	 -0.231246	 2.458456	 -5.397303	 331744.290217	
1.000000	 1.000000	 0.000000	 -0.000000	 0.000000	 -90.000000	 0.990741	 -1.228634	 1.578324	 -51.118141	 0.000000	 1.643389	 1.643389	 90.000000	 0.990741	 -1.228634	 1.578324	 -51.118141	 331745.716219	
