# Oscilator_frequency (Hz)	DemodAll_A (-)	Demod_1_X_A (A)	Demod_1_Y_A (A)	Demod_1__R_A (A)	Demod_1__Theta_A (deg)	Demod_2_X_A (A)	Demod_2_Y_A (A)	Demod_2__R_A (A)	Demod_2__Theta_A (deg)	Demod_3_X_A (V)	Demod_3_Y_A (V)	Demod_3__R_A (V)	Demod_3__Theta_A (deg)	Demod_4_X_A (V)	Demod_4_Y_A (V)	Demod_4__R_A (V)	Demod_4__Theta_A (deg)	Timer_GET (s)	
500000.000000	 1.000000	 0.000000	 -0.000000	 0.000000	 -90.000000	 0.303336	 -0.150570	 0.338650	 -26.398850	 0.000000	 1.975156	 1.975156	 90.000000	 0.303335	 -0.150570	 0.338650	 -26.398923	 363413.521320	
495000.000000	 1.000000	 0.000000	 -0.000000	 0.000000	 -90.000000	 0.304222	 -0.149578	 0.339005	 -26.182191	 0.000000	 1.981629	 1.981629	 90.000000	 0.304222	 -0.149578	 0.339005	 -26.182191	 363414.982559	
490000.000000	 1.000000	 0.000000	 -0.000000	 0.000000	 -90.000000	 0.305057	 -0.148562	 0.339308	 -25.965952	 0.000000	 1.982683	 1.982683	 90.000000	 0.305057	 -0.148562	 0.339308	 -25.965952	 363416.413830	
485000.000000	 1.000000	 0.000000	 -0.000000	 0.000000	 -90.000000	 0.305873	 -0.147550	 0.339601	 -25.752173	 0.000000	 1.983422	 1.983422	 90.000000	 0.305873	 -0.147550	 0.339601	 -25.752173	 363417.855563	
480000.000000	 1.000000	 0.000000	 -0.000000	 0.000000	 -90.000000	 0.306757	 -0.146436	 0.339917	 -25.518411	 0.000000	 1.981190	 1.981190	 90.000000	 0.306757	 -0.146436	 0.339917	 -25.518411	 363419.288858	
475000.000000	 1.000000	 0.000000	 -0.000000	 0.000000	 -90.000000	 0.307597	 -0.145408	 0.340235	 -25.301219	 0.000000	 1.978761	 1.978761	 90.000000	 0.307597	 -0.145408	 0.340235	 -25.301219	 363420.711257	
470000.000000	 1.000000	 0.000000	 -0.000000	 0.000000	 -90.000000	 0.308396	 -0.144382	 0.340521	 -25.087592	 0.000000	 1.976522	 1.976522	 90.000000	 0.308396	 -0.144382	 0.340521	 -25.087592	 363422.144434	
465000.000000	 1.000000	 0.000000	 -0.000000	 0.000000	 -90.000000	 0.309161	 -0.143396	 0.340797	 -24.882904	 0.000000	 1.976997	 1.976997	 90.000000	 0.309161	 -0.143395	 0.340797	 -24.882863	 363423.604950	
460000.000000	 1.000000	 0.000000	 -0.000000	 0.000000	 -90.000000	 0.309998	 -0.142351	 0.341119	 -24.664547	 0.000000	 1.984922	 1.984922	 90.000000	 0.309998	 -0.142351	 0.341119	 -24.664547	 363425.043815	
455000.000000	 1.000000	 0.000000	 -0.000000	 0.000000	 -90.000000	 0.310744	 -0.141379	 0.341394	 -24.464136	 0.000000	 1.981137	 1.981137	 90.000000	 0.310744	 -0.141379	 0.341394	 -24.464136	 363426.507095	
450000.000000	 1.000000	 0.000000	 -0.000000	 0.000000	 -90.000000	 0.311564	 -0.140303	 0.341698	 -24.242961	 0.000000	 1.981793	 1.981793	 90.000000	 0.311564	 -0.140303	 0.341698	 -24.242961	 363427.934706	
445000.000000	 1.000000	 0.000000	 -0.000000	 0.000000	 -90.000000	 0.312418	 -0.139151	 0.342006	 -24.008201	 0.000000	 1.976880	 1.976880	 90.000000	 0.312418	 -0.139151	 0.342006	 -24.008201	 363429.385777	
440000.000000	 1.000000	 0.000000	 -0.000000	 0.000000	 -90.000000	 0.313210	 -0.138103	 0.342306	 -23.794031	 0.000000	 1.975011	 1.975011	 90.000000	 0.313210	 -0.138103	 0.342306	 -23.794031	 363430.804336	
435000.000000	 1.000000	 0.000000	 -0.000000	 0.000000	 -90.000000	 0.314004	 -0.137048	 0.342609	 -23.578960	 0.000000	 1.974218	 1.974218	 90.000000	 0.314004	 -0.137048	 0.342609	 -23.578960	 363432.240076	
430000.000000	 1.000000	 0.000000	 -0.000000	 0.000000	 -90.000000	 0.314828	 -0.135966	 0.342934	 -23.358267	 0.000000	 1.974615	 1.974615	 90.000000	 0.314828	 -0.135966	 0.342934	 -23.358267	 363433.728704	
425000.000000	 1.000000	 0.000000	 -0.000000	 0.000000	 -90.000000	 0.315592	 -0.134927	 0.343225	 -23.148489	 0.000000	 1.973908	 1.973908	 90.000000	 0.315592	 -0.134927	 0.343225	 -23.148489	 363435.164595	
420000.000000	 1.000000	 0.000000	 -0.000000	 0.000000	 -90.000000	 0.316388	 -0.133873	 0.343545	 -22.934603	 0.000000	 1.972822	 1.972822	 90.000000	 0.316388	 -0.133873	 0.343545	 -22.934603	 363436.600830	
415000.000000	 1.000000	 0.000000	 -0.000000	 0.000000	 -90.000000	 0.317165	 -0.132824	 0.343854	 -22.723209	 0.000000	 1.973913	 1.973913	 90.000000	 0.317165	 -0.132824	 0.343854	 -22.723209	 363438.033112	
410000.000000	 1.000000	 0.000000	 -0.000000	 0.000000	 -90.000000	 0.317941	 -0.131758	 0.344161	 -22.509547	 0.000000	 1.972248	 1.972248	 90.000000	 0.317941	 -0.131758	 0.344161	 -22.509547	 363439.496734	
405000.000000	 1.000000	 0.000000	 -0.000000	 0.000000	 -90.000000	 0.318708	 -0.130704	 0.344468	 -22.298746	 0.000000	 1.971915	 1.971915	 90.000000	 0.318708	 -0.130704	 0.344468	 -22.298746	 363440.935102	
400000.000000	 1.000000	 0.000000	 -0.000000	 0.000000	 -90.000000	 0.319492	 -0.129657	 0.344798	 -22.088448	 0.000000	 1.973187	 1.973187	 90.000000	 0.319491	 -0.129657	 0.344798	 -22.088378	 363442.402389	
395000.000000	 1.000000	 0.000000	 -0.000000	 0.000000	 -90.000000	 0.320255	 -0.128593	 0.345107	 -21.877147	 0.000000	 1.973427	 1.973427	 90.000000	 0.320255	 -0.128593	 0.345107	 -21.877147	 363443.844992	
390000.000000	 1.000000	 0.000000	 -0.000000	 0.000000	 -90.000000	 0.321014	 -0.127523	 0.345416	 -21.665403	 0.000000	 1.971080	 1.971080	 90.000000	 0.321014	 -0.127523	 0.345416	 -21.665403	 363445.292925	
385000.000000	 1.000000	 0.000000	 -0.000000	 0.000000	 -90.000000	 0.321768	 -0.126444	 0.345721	 -21.453153	 0.000000	 1.970941	 1.970941	 90.000000	 0.321768	 -0.126444	 0.345721	 -21.453153	 363446.746074	
380000.000000	 1.000000	 0.000000	 -0.000000	 0.000000	 -90.000000	 0.322532	 -0.125383	 0.346045	 -21.243380	 0.000000	 1.972130	 1.972130	 90.000000	 0.322532	 -0.125383	 0.346045	 -21.243380	 363448.172874	
375000.000000	 1.000000	 0.000000	 -0.000000	 0.000000	 -90.000000	 0.323288	 -0.124335	 0.346373	 -21.036554	 0.000000	 1.972017	 1.972017	 90.000000	 0.323288	 -0.124336	 0.346373	 -21.036622	 363449.585651	
370000.000000	 1.000000	 0.000000	 -0.000000	 0.000000	 -90.000000	 0.324037	 -0.123256	 0.346687	 -20.825573	 0.000000	 1.971957	 1.971957	 90.000000	 0.324037	 -0.123256	 0.346687	 -20.825573	 363451.014163	
365000.000000	 1.000000	 0.000000	 -0.000000	 0.000000	 -90.000000	 0.324780	 -0.122168	 0.346997	 -20.614014	 0.000000	 1.971481	 1.971481	 90.000000	 0.324780	 -0.122168	 0.346997	 -20.614014	 363452.444947	
360000.000000	 1.000000	 0.000000	 -0.000000	 0.000000	 -90.000000	 0.325545	 -0.121100	 0.347339	 -20.404716	 0.000000	 1.970775	 1.970775	 90.000000	 0.325545	 -0.121100	 0.347339	 -20.404716	 363453.879983	
355000.000000	 1.000000	 0.000000	 -0.000000	 0.000000	 -90.000000	 0.326296	 -0.120048	 0.347678	 -20.199145	 0.000000	 1.971729	 1.971729	 90.000000	 0.326296	 -0.120048	 0.347678	 -20.199145	 363455.302033	
350000.000000	 1.000000	 0.000000	 -0.000000	 0.000000	 -90.000000	 0.327050	 -0.118979	 0.348020	 -19.991140	 0.000000	 1.971367	 1.971367	 90.000000	 0.327050	 -0.118979	 0.348020	 -19.991140	 363456.733405	
345000.000000	 1.000000	 0.000000	 -0.000000	 0.000000	 -90.000000	 0.327775	 -0.117895	 0.348333	 -19.782822	 0.000000	 1.971180	 1.971180	 90.000000	 0.327775	 -0.117895	 0.348333	 -19.782822	 363458.204934	
340000.000000	 1.000000	 0.000000	 -0.000000	 0.000000	 -90.000000	 0.328524	 -0.116785	 0.348664	 -19.569444	 0.000000	 1.974036	 1.974036	 90.000000	 0.328524	 -0.116785	 0.348664	 -19.569444	 363459.640424	
335000.000000	 1.000000	 0.000000	 -0.000000	 0.000000	 -90.000000	 0.329289	 -0.115657	 0.349009	 -19.352988	 0.000000	 1.972276	 1.972276	 90.000000	 0.329289	 -0.115657	 0.349009	 -19.352988	 363461.097463	
330000.000000	 1.000000	 0.000000	 -0.000000	 0.000000	 -90.000000	 0.330021	 -0.114567	 0.349341	 -19.144448	 0.000000	 1.970015	 1.970015	 90.000000	 0.330021	 -0.114567	 0.349341	 -19.144448	 363462.539845	
325000.000000	 1.000000	 0.000000	 -0.000000	 0.000000	 -90.000000	 0.330768	 -0.113471	 0.349690	 -18.934730	 0.000000	 1.970915	 1.970915	 90.000000	 0.330768	 -0.113471	 0.349690	 -18.934730	 363463.987736	
320000.000000	 1.000000	 0.000000	 -0.000000	 0.000000	 -90.000000	 0.331537	 -0.112389	 0.350069	 -18.726342	 0.000000	 1.970261	 1.970261	 90.000000	 0.331537	 -0.112389	 0.350069	 -18.726342	 363465.413352	
315000.000000	 1.000000	 0.000000	 -0.000000	 0.000000	 -90.000000	 0.332279	 -0.111248	 0.350408	 -18.510725	 0.000000	 1.972578	 1.972578	 90.000000	 0.332279	 -0.111248	 0.350408	 -18.510725	 363466.844565	
310000.000000	 1.000000	 0.000000	 -0.000000	 0.000000	 -90.000000	 0.333023	 -0.110187	 0.350778	 -18.307858	 0.000000	 1.968547	 1.968547	 90.000000	 0.333023	 -0.110187	 0.350778	 -18.307858	 363468.290148	
305000.000000	 1.000000	 0.000000	 -0.000000	 0.000000	 -90.000000	 0.333779	 -0.109109	 0.351160	 -18.102104	 0.000000	 1.969849	 1.969849	 90.000000	 0.333779	 -0.109109	 0.351160	 -18.102104	 363469.730875	
300000.000000	 1.000000	 0.000000	 -0.000000	 0.000000	 -90.000000	 0.334526	 -0.107996	 0.351526	 -17.891792	 0.000000	 1.971138	 1.971138	 90.000000	 0.334526	 -0.107996	 0.351526	 -17.891792	 363471.165716	
295000.000000	 1.000000	 0.000000	 -0.000000	 0.000000	 -90.000000	 0.335261	 -0.106903	 0.351892	 -17.685602	 0.000000	 1.971450	 1.971450	 90.000000	 0.335261	 -0.106903	 0.351892	 -17.685616	 363472.639733	
290000.000000	 1.000000	 0.000000	 -0.000000	 0.000000	 -90.000000	 0.336019	 -0.105805	 0.352283	 -17.478152	 0.000000	 1.970048	 1.970048	 90.000000	 0.336019	 -0.105805	 0.352283	 -17.478152	 363474.055798	
285000.000000	 1.000000	 0.000000	 -0.000000	 0.000000	 -90.000000	 0.336769	 -0.104718	 0.352674	 -17.273091	 0.000000	 1.969020	 1.969020	 90.000000	 0.336769	 -0.104718	 0.352675	 -17.273099	 363475.522870	
280000.000000	 1.000000	 0.000000	 -0.000000	 0.000000	 -90.000000	 0.337502	 -0.103596	 0.353043	 -17.063796	 0.000000	 1.968872	 1.968872	 90.000000	 0.337502	 -0.103596	 0.353043	 -17.063796	 363476.998801	
275000.000000	 1.000000	 0.000000	 -0.000000	 0.000000	 -90.000000	 0.338253	 -0.102509	 0.353445	 -16.859692	 0.000000	 1.970082	 1.970082	 90.000000	 0.338253	 -0.102509	 0.353445	 -16.859692	 363478.434476	
270000.000000	 1.000000	 0.000000	 -0.000000	 0.000000	 -90.000000	 0.339001	 -0.101411	 0.353844	 -16.654442	 0.000000	 1.970492	 1.970492	 90.000000	 0.339001	 -0.101411	 0.353844	 -16.654442	 363479.870217	
265000.000000	 1.000000	 0.000000	 -0.000000	 0.000000	 -90.000000	 0.339772	 -0.100264	 0.354256	 -16.440931	 0.000000	 1.972663	 1.972663	 90.000000	 0.339772	 -0.100264	 0.354256	 -16.440931	 363481.308023	
260000.000000	 1.000000	 0.000000	 -0.000000	 0.000000	 -90.000000	 0.340522	 -0.099203	 0.354678	 -16.242292	 0.000000	 1.971914	 1.971914	 90.000000	 0.340521	 -0.099204	 0.354678	 -16.242415	 363482.734838	
255000.000000	 1.000000	 0.000000	 -0.000000	 0.000000	 -90.000000	 0.341272	 -0.098086	 0.355088	 -16.035307	 0.000000	 1.970563	 1.970563	 90.000000	 0.341272	 -0.098086	 0.355088	 -16.035307	 363484.164706	
250000.000000	 1.000000	 0.000000	 -0.000000	 0.000000	 -90.000000	 0.342023	 -0.096973	 0.355504	 -15.829449	 0.000000	 1.970735	 1.970735	 90.000000	 0.342024	 -0.096971	 0.355505	 -15.829196	 363485.589849	
245000.000000	 1.000000	 0.000000	 -0.000000	 0.000000	 -90.000000	 0.342767	 -0.095886	 0.355926	 -15.628519	 0.000000	 1.970210	 1.970210	 90.000000	 0.342767	 -0.095886	 0.355926	 -15.628519	 363487.038751	
240000.000000	 1.000000	 0.000000	 -0.000000	 0.000000	 -90.000000	 0.343531	 -0.094780	 0.356367	 -15.424163	 0.000000	 1.969612	 1.969612	 90.000000	 0.343531	 -0.094780	 0.356367	 -15.424163	 363488.502695	
235000.000000	 1.000000	 0.000000	 -0.000000	 0.000000	 -90.000000	 0.344308	 -0.093669	 0.356822	 -15.218932	 0.000000	 1.969353	 1.969353	 90.000000	 0.344308	 -0.093669	 0.356822	 -15.218932	 363489.994769	
230000.000000	 1.000000	 0.000000	 -0.000000	 0.000000	 -90.000000	 0.345067	 -0.092573	 0.357269	 -15.017458	 0.000000	 1.970155	 1.970155	 90.000000	 0.345067	 -0.092573	 0.357269	 -15.017458	 363491.442657	
225000.000000	 1.000000	 0.000000	 -0.000000	 0.000000	 -90.000000	 0.345833	 -0.091418	 0.357711	 -14.806927	 0.000000	 1.969803	 1.969803	 90.000000	 0.345833	 -0.091418	 0.357711	 -14.806927	 363492.904972	
220000.000000	 1.000000	 0.000000	 -0.000000	 0.000000	 -90.000000	 0.346601	 -0.090354	 0.358184	 -14.611049	 0.000000	 1.969437	 1.969437	 90.000000	 0.346600	 -0.090355	 0.358184	 -14.611123	 363494.335257	
215000.000000	 1.000000	 0.000000	 -0.000000	 0.000000	 -90.000000	 0.347390	 -0.089231	 0.358667	 -14.405686	 0.000000	 1.968379	 1.968379	 90.000000	 0.347390	 -0.089231	 0.358667	 -14.405686	 363495.783523	
210000.000000	 1.000000	 0.000000	 -0.000000	 0.000000	 -90.000000	 0.348158	 -0.088134	 0.359140	 -14.205646	 0.000000	 1.968164	 1.968164	 90.000000	 0.348158	 -0.088134	 0.359140	 -14.205646	 363497.221357	
205000.000000	 1.000000	 0.000000	 -0.000000	 0.000000	 -90.000000	 0.348955	 -0.087032	 0.359645	 -14.004255	 0.000000	 1.969280	 1.969280	 90.000000	 0.348955	 -0.087032	 0.359645	 -14.004255	 363498.661116	
200000.000000	 1.000000	 0.000000	 -0.000000	 0.000000	 -90.000000	 0.349741	 -0.085922	 0.360141	 -13.802693	 0.000000	 1.969895	 1.969895	 90.000000	 0.349741	 -0.085923	 0.360141	 -13.802798	 363500.123383	
195000.000000	 1.000000	 0.000000	 -0.000000	 0.000000	 -90.000000	 0.350556	 -0.084892	 0.360688	 -13.612880	 0.000000	 1.970933	 1.970933	 90.000000	 0.350556	 -0.084892	 0.360688	 -13.612880	 363501.553748	
190000.000000	 1.000000	 0.000000	 -0.000000	 0.000000	 -90.000000	 0.351360	 -0.083812	 0.361218	 -13.416324	 0.000000	 1.970419	 1.970419	 90.000000	 0.351360	 -0.083812	 0.361218	 -13.416324	 363502.982126	
185000.000000	 1.000000	 0.000000	 -0.000000	 0.000000	 -90.000000	 0.352187	 -0.082657	 0.361756	 -13.208063	 0.000000	 1.968326	 1.968326	 90.000000	 0.352187	 -0.082657	 0.361756	 -13.208063	 363504.394088	
180000.000000	 1.000000	 0.000000	 -0.000000	 0.000000	 -90.000000	 0.353015	 -0.081623	 0.362329	 -13.019022	 0.000000	 1.971017	 1.971017	 90.000000	 0.353015	 -0.081623	 0.362329	 -13.019022	 363505.860275	
175000.000000	 1.000000	 0.000000	 -0.000000	 0.000000	 -90.000000	 0.353850	 -0.080561	 0.362905	 -12.825851	 0.000000	 1.970481	 1.970481	 90.000000	 0.353850	 -0.080561	 0.362905	 -12.825851	 363507.298461	
170000.000000	 1.000000	 0.000000	 -0.000000	 0.000000	 -90.000000	 0.354692	 -0.079487	 0.363490	 -12.631431	 0.000000	 1.969055	 1.969055	 90.000000	 0.354692	 -0.079487	 0.363490	 -12.631431	 363508.752977	
165000.000000	 1.000000	 0.000000	 -0.000000	 0.000000	 -90.000000	 0.355552	 -0.078426	 0.364098	 -12.438882	 0.000000	 1.969143	 1.969143	 90.000000	 0.355552	 -0.078427	 0.364099	 -12.439038	 363510.192643	
160000.000000	 1.000000	 0.000000	 -0.000000	 0.000000	 -90.000000	 0.356419	 -0.077384	 0.364723	 -12.249686	 0.000000	 1.968542	 1.968542	 90.000000	 0.356419	 -0.077384	 0.364723	 -12.249686	 363511.642373	
155000.000000	 1.000000	 0.000000	 -0.000000	 0.000000	 -90.000000	 0.357309	 -0.076353	 0.365375	 -12.062053	 0.000000	 1.969345	 1.969345	 90.000000	 0.357309	 -0.076353	 0.365375	 -12.062053	 363513.057907	
150000.000000	 1.000000	 0.000000	 -0.000000	 0.000000	 -90.000000	 0.358191	 -0.075284	 0.366017	 -11.869480	 0.000000	 1.970065	 1.970065	 90.000000	 0.358191	 -0.075284	 0.366017	 -11.869480	 363514.495374	
145000.000000	 1.000000	 0.000000	 -0.000000	 0.000000	 -90.000000	 0.359093	 -0.074285	 0.366696	 -11.687892	 0.000000	 1.968379	 1.968379	 90.000000	 0.359093	 -0.074285	 0.366696	 -11.687892	 363515.922237	
140000.000000	 1.000000	 0.000000	 -0.000000	 0.000000	 -90.000000	 0.360026	 -0.073270	 0.367406	 -11.503255	 0.000000	 1.969503	 1.969503	 90.000000	 0.360026	 -0.073270	 0.367406	 -11.503255	 363517.383248	
135000.000000	 1.000000	 0.000000	 -0.000000	 0.000000	 -90.000000	 0.360959	 -0.072238	 0.368117	 -11.316920	 0.000000	 1.967511	 1.967511	 90.000000	 0.360959	 -0.072238	 0.368117	 -11.316920	 363518.822436	
130000.000000	 1.000000	 0.000000	 -0.000000	 0.000000	 -90.000000	 0.361907	 -0.071273	 0.368858	 -11.141048	 0.000000	 1.968861	 1.968861	 90.000000	 0.361907	 -0.071273	 0.368858	 -11.141048	 363520.250359	
125000.000000	 1.000000	 0.000000	 -0.000000	 0.000000	 -90.000000	 0.362918	 -0.070253	 0.369655	 -10.955785	 0.000000	 1.968261	 1.968261	 90.000000	 0.362918	 -0.070253	 0.369655	 -10.955785	 363521.660449	
120000.000000	 1.000000	 0.000000	 -0.000000	 0.000000	 -90.000000	 0.363941	 -0.069063	 0.370436	 -10.744879	 0.000000	 1.971509	 1.971509	 90.000000	 0.363941	 -0.069063	 0.370436	 -10.744879	 363523.086111	
115000.000000	 1.000000	 0.000000	 -0.000000	 0.000000	 -90.000000	 0.364959	 -0.068376	 0.371309	 -10.611504	 0.000000	 1.968947	 1.968947	 90.000000	 0.364959	 -0.068376	 0.371309	 -10.611505	 363524.522625	
110000.000000	 1.000000	 0.000000	 -0.000000	 0.000000	 -90.000000	 0.366026	 -0.067493	 0.372196	 -10.447659	 0.000000	 1.968962	 1.968962	 90.000000	 0.366026	 -0.067493	 0.372196	 -10.447659	 363525.967150	
105000.000000	 1.000000	 0.000000	 -0.000000	 0.000000	 -90.000000	 0.367130	 -0.066391	 0.373084	 -10.250405	 0.000000	 1.971007	 1.971007	 90.000000	 0.367130	 -0.066391	 0.373084	 -10.250405	 363527.412479	
100000.000000	 1.000000	 0.000000	 -0.000000	 0.000000	 -90.000000	 0.368247	 -0.065794	 0.374078	 -10.130045	 0.000000	 1.968783	 1.968783	 90.000000	 0.368247	 -0.065794	 0.374078	 -10.130045	 363528.857378	
95000.000000	 1.000000	 0.000000	 -0.000000	 0.000000	 -90.000000	 0.369428	 -0.065058	 0.375112	 -9.987693	 0.000000	 1.967934	 1.967934	 90.000000	 0.369428	 -0.065058	 0.375112	 -9.987693	 363530.296025	
90000.000000	 1.000000	 0.000000	 -0.000000	 0.000000	 -90.000000	 0.370663	 -0.064215	 0.376184	 -9.828550	 0.000000	 1.967746	 1.967746	 90.000000	 0.370663	 -0.064215	 0.376184	 -9.828550	 363531.739960	
85000.000000	 1.000000	 0.000000	 -0.000000	 0.000000	 -90.000000	 0.371924	 -0.063506	 0.377307	 -9.689818	 0.000000	 1.968268	 1.968268	 90.000000	 0.371924	 -0.063506	 0.377307	 -9.689818	 363533.191727	
80000.000000	 1.000000	 0.000000	 -0.000000	 0.000000	 -90.000000	 0.373275	 -0.062914	 0.378540	 -9.567014	 0.000000	 1.968611	 1.968611	 90.000000	 0.373275	 -0.062914	 0.378540	 -9.567014	 363534.601648	
75000.000000	 1.000000	 0.000000	 -0.000000	 0.000000	 -90.000000	 0.374683	 -0.062413	 0.379846	 -9.457173	 0.000000	 1.968108	 1.968108	 90.000000	 0.374683	 -0.062413	 0.379846	 -9.457173	 363536.037353	
70000.000000	 1.000000	 0.000000	 -0.000000	 0.000000	 -90.000000	 0.376182	 -0.061859	 0.381235	 -9.338026	 0.000000	 1.970370	 1.970370	 90.000000	 0.376181	 -0.061839	 0.381230	 -9.335143	 363537.467701	
65000.000000	 1.000000	 0.000000	 -0.000000	 0.000000	 -90.000000	 0.377765	 -0.061783	 0.382784	 -9.288459	 0.000000	 1.968699	 1.968699	 90.000000	 0.377765	 -0.061783	 0.382784	 -9.288459	 363538.911017	
60000.000000	 1.000000	 0.000000	 -0.000000	 0.000000	 -90.000000	 0.379492	 -0.061712	 0.384477	 -9.236456	 0.000000	 1.968793	 1.968793	 90.000000	 0.379492	 -0.061712	 0.384477	 -9.236456	 363540.342425	
55000.000000	 1.000000	 0.000000	 -0.000000	 0.000000	 -90.000000	 0.381347	 -0.061802	 0.386322	 -9.205527	 0.000000	 1.968445	 1.968445	 90.000000	 0.381347	 -0.061802	 0.386322	 -9.205467	 363541.752159	
50000.000000	 1.000000	 0.000000	 -0.000000	 0.000000	 -90.000000	 0.383407	 -0.062198	 0.388419	 -9.214478	 0.000000	 1.969094	 1.969094	 90.000000	 0.383407	 -0.062198	 0.388419	 -9.214478	 363543.207785	
45000.000000	 1.000000	 0.000000	 -0.000000	 0.000000	 -90.000000	 0.385670	 -0.063028	 0.390786	 -9.281471	 0.000000	 1.968051	 1.968051	 90.000000	 0.385670	 -0.063028	 0.390786	 -9.281471	 363544.644079	
40000.000000	 1.000000	 0.000000	 -0.000000	 0.000000	 -90.000000	 0.388226	 -0.064293	 0.393514	 -9.403196	 0.000000	 1.968167	 1.968167	 90.000000	 0.388226	 -0.064292	 0.393514	 -9.403064	 363546.109193	
35000.000000	 1.000000	 0.000000	 -0.000000	 0.000000	 -90.000000	 0.391197	 -0.066317	 0.396778	 -9.621443	 0.000000	 1.967617	 1.967617	 90.000000	 0.391197	 -0.066317	 0.396778	 -9.621443	 363547.556394	
30000.000000	 1.000000	 0.000000	 -0.000000	 0.000000	 -90.000000	 0.394786	 -0.069448	 0.400848	 -9.977018	 0.000000	 1.967693	 1.967693	 90.000000	 0.394786	 -0.069448	 0.400848	 -9.977018	 363548.993531	
25000.000000	 1.000000	 0.000000	 -0.000000	 0.000000	 -90.000000	 0.399264	 -0.074325	 0.406123	 -10.545117	 0.000000	 1.967449	 1.967449	 90.000000	 0.399264	 -0.074325	 0.406123	 -10.545117	 363550.414118	
20000.000000	 1.000000	 0.000000	 -0.000000	 0.000000	 -90.000000	 0.405086	 -0.081220	 0.413148	 -11.337514	 0.000000	 1.971281	 1.971281	 90.000000	 0.405086	 -0.081220	 0.413148	 -11.337514	 363551.842563	
15000.000000	 1.000000	 0.000000	 -0.000000	 0.000000	 -90.000000	 0.414189	 -0.094613	 0.424858	 -12.867244	 0.000000	 1.971131	 1.971131	 90.000000	 0.414189	 -0.094613	 0.424858	 -12.867244	 363553.308111	
10000.000000	 1.000000	 0.000000	 -0.000000	 0.000000	 -90.000000	 0.431626	 -0.121199	 0.448319	 -15.684540	 0.000000	 1.970391	 1.970391	 90.000000	 0.431626	 -0.121199	 0.448319	 -15.684540	 363554.733143	
5000.000000	 1.000000	 0.000000	 -0.000000	 0.000000	 -90.000000	 0.487175	 -0.187747	 0.522099	 -21.075579	 0.000000	 1.970347	 1.970347	 90.000000	 0.487175	 -0.187747	 0.522099	 -21.075579	 363556.184698	
