# Oscilator_frequency (Hz)	DemodAll_A (-)	Demod_1_X_A (A)	Demod_1_Y_A (A)	Demod_1__R_A (A)	Demod_1__Theta_A (deg)	Demod_2_X_A (A)	Demod_2_Y_A (A)	Demod_2__R_A (A)	Demod_2__Theta_A (deg)	Demod_3_X_A (V)	Demod_3_Y_A (V)	Demod_3__R_A (V)	Demod_3__Theta_A (deg)	Demod_4_X_A (V)	Demod_4_Y_A (V)	Demod_4__R_A (V)	Demod_4__Theta_A (deg)	Timer_GET (s)
1.0	1.0	0.0	0.0	0.0	-90.0	0.787948	-1.553548	1.741945	-63.106214	0.0	-1.867166	1.867166	-90.0	0.844276	-1.572278	1.784618	-61.765255	352159.71574
2.0	1.0	0.0	0.0	0.0	-90.0	-0.040267	-0.053386	0.066869	-127.02552	0.0	-0.116594	0.116594	-90.0	-0.040267	-0.053386	0.066869	-127.025521	352158.278616
3.0	1.0	0.0	0.0	0.0	-90.0	0.197297	-0.621255	0.651832	-72.381291	0.0	-0.848438	0.848438	-90.0	0.197297	-0.621255	0.651832	-72.381291	352156.811501
4.0	1.0	0.0	0.0	0.0	-90.0	0.34211	0.477328	0.587266	54.370127	0.0	-0.92912	0.92912	-90.0	0.34211	0.477328	0.587266	54.370127	352155.349229
5.0	1.0	0.0	0.0	0.0	-90.0	0.321625	0.199008	0.378215	31.747467	0.0	-0.920403	0.920403	-90.0	0.321625	0.199008	0.378215	31.747467	352153.884365
6.0	1.0	0.0	0.0	0.0	-90.0	0.656452	-0.412644	0.775373	-32.153374	0.0	-1.342784	1.342784	-90.0	0.656452	-0.412644	0.775373	-32.153374	352152.44455
7.0	1.0	0.0	0.0	0.0	-90.0	0.513768	-0.274086	0.582306	-28.079121	0.0	-1.203669	1.203669	-90.0	0.513768	-0.274086	0.582306	-28.079121	352150.997912
8.0	1.0	0.0	0.0	0.0	-90.0	0.662936	-0.244979	0.706753	-20.281089	0.0	-1.368832	1.368832	-90.0	0.662936	-0.244979	0.706753	-20.281089	352149.577975
9.0	1.0	0.0	0.0	0.0	-90.0	0.553366	-0.174831	0.580328	-17.533494	0.0	-1.255557	1.255557	-90.0	0.553366	-0.174831	0.580328	-17.533494	352148.131146
10.0	1.0	0.0	0.0	0.0	-90.0	0.630351	-0.125952	0.642812	-11.299637	0.0	-1.322948	1.322948	-90.0	0.630351	-0.125952	0.642812	-11.299637	352146.672901
11.0	1.0	0.0	0.0	0.0	-90.0	0.576558	-0.153225	0.596571	-14.882856	0.0	-1.29615	1.29615	-90.0	0.576558	-0.153225	0.596571	-14.882856	352145.208364
12.0	1.0	0.0	0.0	0.0	-90.0	0.567698	-0.141938	0.585173	-14.037524	0.0	-1.2976	1.2976	-90.0	0.567698	-0.141938	0.585173	-14.037523	352143.780433
13.0	1.0	0.0	0.0	0.0	-90.0	0.56158	-0.14035	0.578853	-14.031907	0.0	-1.309188	1.309188	-90.0	0.56158	-0.14035	0.578853	-14.031907	352142.342297
14.0	1.0	0.0	0.0	0.0	-90.0	0.545413	-0.140776	0.563288	-14.472724	0.0	-1.293963	1.293963	-90.0	0.545413	-0.140776	0.563288	-14.472724	352140.904307
15.0	1.0	0.0	0.0	0.0	-90.0	0.539934	-0.140897	0.558015	-14.625266	0.0	-1.306069	1.306069	-90.0	0.539934	-0.140897	0.558015	-14.625266	352139.471994
16.0	1.0	0.0	0.0	0.0	-90.0	0.530175	-0.135994	0.547339	-14.386641	0.0	-1.29202	1.29202	-90.0	0.529514	-0.134579	0.546349	-14.260151	352138.053368
17.0	1.0	0.0	0.0	0.0	-90.0	0.524044	-0.133232	0.540715	-14.264579	0.0	-1.283714	1.283714	-90.0	0.523161	-0.132293	0.539629	-14.191032	352136.631063
18.0	1.0	0.0	0.0	0.0	-90.0	0.51523	-0.131756	0.531809	-14.344461	0.0	-1.280475	1.280475	-90.0	0.51523	-0.131756	0.531809	-14.344461	352135.226558
19.0	1.0	0.0	0.0	0.0	-90.0	0.508165	-0.132271	0.525097	-14.589891	0.0	-1.289651	1.289651	-90.0	0.508165	-0.132271	0.525097	-14.589891	352133.76842
20.0	1.0	0.0	0.0	0.0	-90.0	0.502997	-0.129565	0.519416	-14.444547	0.0	-1.274107	1.274107	-90.0	0.502997	-0.129565	0.519416	-14.444547	352132.32876
21.0	1.0	0.0	0.0	0.0	-90.0	0.498623	-0.130285	0.515363	-14.643378	0.0	-1.293952	1.293952	-90.0	0.498623	-0.130285	0.515363	-14.643378	352130.883839
22.0	1.0	0.0	0.0	0.0	-90.0	0.494515	-0.12942	0.511169	-14.666015	0.0	-1.289671	1.289671	-90.0	0.494515	-0.12942	0.511169	-14.666015	352129.451598
23.0	1.0	0.0	0.0	0.0	-90.0	0.489007	-0.131141	0.506287	-15.012205	0.0	-1.321658	1.321658	-90.0	0.489007	-0.131141	0.506287	-15.012205	352128.040976
24.0	1.0	0.0	0.0	0.0	-90.0	0.485878	-0.128711	0.502637	-14.837064	0.0	-1.316727	1.316727	-90.0	0.485878	-0.128711	0.502637	-14.837064	352126.589966
25.0	1.0	0.0	0.0	0.0	-90.0	0.480186	-0.124799	0.496138	-14.568752	0.0	-1.279115	1.279115	-90.0	0.480186	-0.124799	0.496138	-14.568752	352125.127483
26.0	1.0	0.0	0.0	0.0	-90.0	0.47522	-0.120423	0.490241	-14.219698	0.0	-1.28168	1.28168	-90.0	0.47522	-0.120423	0.490241	-14.219698	352123.724115
27.0	1.0	0.0	0.0	0.0	-90.0	0.471877	-0.119896	0.486871	-14.256175	0.0	-1.269996	1.269996	-90.0	0.471877	-0.119896	0.486871	-14.256175	352122.230526
28.0	1.0	0.0	0.0	0.0	-90.0	0.469381	-0.115721	0.483436	-13.849522	0.0	-1.251388	1.251388	-90.0	0.469381	-0.115721	0.483436	-13.849522	352120.781014
29.0	1.0	0.0	0.0	0.0	-90.0	0.465328	-0.115583	0.479468	-13.949448	0.0	-1.274503	1.274503	-90.0	0.465267	-0.115588	0.47941	-13.951748	352119.30889
30.0	1.0	0.0	0.0	0.0	-90.0	0.463446	-0.118592	0.478379	-14.353466	0.0	-1.293714	1.293714	-90.0	0.463446	-0.118592	0.478379	-14.353466	352117.872961
31.0	1.0	0.0	0.0	0.0	-90.0	0.46028	-0.115216	0.474481	-14.053381	0.0	-1.281738	1.281738	-90.0	0.460225	-0.115192	0.474422	-14.052209	352116.439451
32.0	1.0	0.0	0.0	0.0	-90.0	0.456993	-0.11283	0.470716	-13.868761	0.0	-1.275972	1.275972	-90.0	0.456993	-0.11283	0.470716	-13.868761	352115.02329
33.0	1.0	0.0	0.0	0.0	-90.0	0.456503	-0.114728	0.470699	-14.107354	0.0	-1.292067	1.292067	-90.0	0.456558	-0.114751	0.470758	-14.108429	352113.583566
34.0	1.0	0.0	0.0	0.0	-90.0	0.452154	-0.114554	0.46644	-14.216831	0.0	-1.322138	1.322138	-90.0	0.452154	-0.114554	0.46644	-14.216831	352112.148646
35.0	1.0	0.0	0.0	0.0	-90.0	0.449966	-0.114017	0.464187	-14.218937	0.0	-1.320774	1.320774	-90.0	0.449966	-0.114017	0.464187	-14.218937	352110.718268
36.0	1.0	0.0	0.0	0.0	-90.0	0.448605	-0.109743	0.461833	-13.746329	0.0	-1.287705	1.287705	-90.0	0.448605	-0.109743	0.461833	-13.746329	352109.293704
37.0	1.0	0.0	0.0	0.0	-90.0	0.446092	-0.110834	0.459654	-13.952952	0.0	-1.30759	1.30759	-90.0	0.446266	-0.11059	0.459764	-13.918251	352107.859879
38.0	1.0	0.0	0.0	0.0	-90.0	0.443778	-0.108509	0.456852	-13.739938	0.0	-1.294631	1.294631	-90.0	0.443778	-0.108509	0.456852	-13.739938	352106.412197
39.0	1.0	0.0	0.0	0.0	-90.0	0.442084	-0.104639	0.454299	-13.31651	0.0	-1.280764	1.280764	-90.0	0.442084	-0.104639	0.454299	-13.31651	352104.963008
40.0	1.0	0.0	0.0	0.0	-90.0	0.438134	-0.107281	0.451077	-13.758611	0.0	-1.305428	1.305428	-90.0	0.437641	-0.106383	0.450386	-13.662655	352103.501224
41.0	1.0	0.0	0.0	0.0	-90.0	0.439268	-0.099764	0.450455	-12.795674	0.0	-1.293435	1.293435	-90.0	0.439268	-0.099764	0.450455	-12.795674	352102.074935
42.0	1.0	0.0	0.0	0.0	-90.0	0.429667	-0.105384	0.442402	-13.780843	0.0	-1.287028	1.287028	-90.0	0.429667	-0.105384	0.442402	-13.780843	352100.641771
43.0	1.0	0.0	0.0	0.0	-90.0	0.4372	-0.090307	0.446429	-11.670781	0.0	-1.291744	1.291744	-90.0	0.4372	-0.090307	0.446429	-11.670781	352099.205386
44.0	1.0	0.0	0.0	0.0	-90.0	0.418988	-0.087205	0.427967	-11.7573	0.0	-1.288103	1.288103	-90.0	0.418988	-0.087205	0.427967	-11.7573	352097.773192
45.0	1.0	0.0	0.0	0.0	-90.0	0.455029	-0.122363	0.471194	-15.051455	0.0	-1.334373	1.334373	-90.0	0.455029	-0.122363	0.471194	-15.051455	352096.333017
46.0	1.0	0.0	0.0	0.0	-90.0	0.46198	-0.128655	0.47956	-15.561824	0.0	-1.271754	1.271754	-90.0	0.454071	-0.138349	0.474679	-16.94523	352094.885976
47.0	1.0	0.0	0.0	0.0	-90.0	0.420813	-0.043258	0.423031	-5.86924	0.0	-1.24887	1.24887	-90.0	0.420813	-0.043258	0.423031	-5.86924	352093.443232
48.0	1.0	0.0	0.0	0.0	-90.0	0.474422	-0.041794	0.476259	-5.034439	0.0	-1.209792	1.209792	-90.0	0.474422	-0.041794	0.476259	-5.034439	352092.021553
49.0	1.0	0.0	0.0	0.0	-90.0	0.355449	-0.058668	0.360258	-9.372302	0.0	-1.239579	1.239579	-90.0	0.355449	-0.058668	0.360258	-9.372302	352090.523909
50.0	1.0	0.0	0.0	0.0	-90.0	0.455864	-0.018455	0.456237	-2.31833	0.0	-1.259239	1.259239	-90.0	0.455864	-0.018455	0.456237	-2.31833	352089.077012
51.0	1.0	0.0	0.0	0.0	-90.0	0.353031	-0.052615	0.356931	-8.476877	0.0	-1.280894	1.280894	-90.0	0.353031	-0.052615	0.356931	-8.476877	352087.635161
52.0	1.0	0.0	0.0	0.0	-90.0	0.494038	-0.070898	0.499099	-8.166567	0.0	-1.195921	1.195921	-90.0	0.494038	-0.070898	0.499099	-8.166567	352086.214016
53.0	1.0	0.0	0.0	0.0	-90.0	0.472276	-0.060865	0.476182	-7.343618	0.0	-1.23943	1.23943	-90.0	0.472276	-0.060865	0.476182	-7.343618	352084.772335
54.0	1.0	0.0	0.0	0.0	-90.0	0.388783	-0.117016	0.406011	-16.75076	0.0	-1.263147	1.263147	-90.0	0.392319	-0.123774	0.411381	-17.510172	352083.334927
55.0	1.0	0.0	0.0	0.0	-90.0	0.390305	-0.106379	0.404543	-15.245831	0.0	-1.326106	1.326106	-90.0	0.390305	-0.106379	0.404543	-15.245831	352081.897079
56.0	1.0	0.0	0.0	0.0	-90.0	0.440196	-0.098079	0.45099	-12.560753	0.0	-1.319572	1.319572	-90.0	0.440196	-0.098079	0.45099	-12.560753	352080.475377
57.0	1.0	0.0	0.0	0.0	-90.0	0.416204	-0.105102	0.42927	-14.172266	0.0	-1.301709	1.301709	-90.0	0.416204	-0.105102	0.42927	-14.172266	352079.035869
58.0	1.0	0.0	0.0	0.0	-90.0	0.425817	-0.090383	0.435303	-11.98364	0.0	-1.285632	1.285632	-90.0	0.425817	-0.090383	0.435303	-11.98364	352077.597671
59.0	1.0	0.0	0.0	0.0	-90.0	0.417405	-0.096693	0.428458	-13.042739	0.0	-1.313104	1.313104	-90.0	0.417405	-0.096693	0.428458	-13.042739	352076.159882
60.0	1.0	0.0	0.0	0.0	-90.0	0.417603	-0.086843	0.426538	-11.747558	0.0	-1.268134	1.268134	-90.0	0.416568	-0.084935	0.425139	-11.524218	352074.69318
61.0	1.0	0.0	0.0	0.0	-90.0	0.415305	-0.088364	0.424602	-12.011603	0.0	-1.262918	1.262918	-90.0	0.415305	-0.088364	0.424602	-12.011603	352073.246056
62.0	1.0	0.0	0.0	0.0	-90.0	0.415147	-0.086844	0.424133	-11.815297	0.0	-1.267851	1.267851	-90.0	0.415147	-0.086844	0.424133	-11.815297	352071.793918
63.0	1.0	0.0	0.0	0.0	-90.0	0.414471	-0.084082	0.422914	-11.467786	0.0	-1.238804	1.238804	-90.0	0.414471	-0.084082	0.422914	-11.467786	352070.303022
64.0	1.0	0.0	0.0	0.0	-90.0	0.413131	-0.08584	0.421954	-11.737854	0.0	-1.256217	1.256217	-90.0	0.413131	-0.08584	0.421954	-11.737854	352068.888793
65.0	1.0	0.0	0.0	0.0	-90.0	0.412741	-0.084766	0.421355	-11.60572	0.0	-1.250135	1.250135	-90.0	0.412741	-0.084766	0.421355	-11.605721	352067.439991
66.0	1.0	0.0	0.0	0.0	-90.0	0.411209	-0.085956	0.420097	-11.806713	0.0	-1.296818	1.296818	-90.0	0.411209	-0.085956	0.420097	-11.806713	352066.010776
67.0	1.0	0.0	0.0	0.0	-90.0	0.409466	-0.085297	0.418256	-11.767168	0.0	-1.313949	1.313949	-90.0	0.409363	-0.08516	0.418127	-11.751626	352064.58231
68.0	1.0	0.0	0.0	0.0	-90.0	0.407535	-0.088435	0.41702	-12.243362	0.0	-1.371347	1.371347	-90.0	0.407535	-0.088435	0.41702	-12.243362	352063.176873
69.0	1.0	0.0	0.0	0.0	-90.0	0.409934	-0.083255	0.418303	-11.480273	0.0	-1.251882	1.251882	-90.0	0.409941	-0.083306	0.41832	-11.486984	352061.746151
70.0	1.0	0.0	0.0	0.0	-90.0	0.408335	-0.083658	0.416817	-11.578299	0.0	-1.292611	1.292611	-90.0	0.408335	-0.083658	0.416817	-11.578299	352060.309545
71.0	1.0	0.0	0.0	0.0	-90.0	0.406855	-0.084577	0.415553	-11.743422	0.0	-1.323039	1.323039	-90.0	0.406855	-0.084577	0.415553	-11.743423	352058.817101
72.0	1.0	0.0	0.0	0.0	-90.0	0.406778	-0.08244	0.415048	-11.456658	0.0	-1.284426	1.284426	-90.0	0.406778	-0.08244	0.415048	-11.456658	352057.390084
73.0	1.0	0.0	0.0	0.0	-90.0	0.406302	-0.080789	0.414256	-11.245993	0.0	-1.274002	1.274002	-90.0	0.406253	-0.080758	0.414202	-11.243087	352055.929714
74.0	1.0	0.0	0.0	0.0	-90.0	0.405441	-0.083169	0.413883	-11.592436	0.0	-1.313501	1.313501	-90.0	0.405441	-0.083169	0.413883	-11.592436	352054.484855
75.0	1.0	0.0	0.0	0.0	-90.0	0.405593	-0.080227	0.413452	-11.188786	0.0	-1.266599	1.266599	-90.0	0.405593	-0.080227	0.413452	-11.188786	352053.038869
76.0	1.0	0.0	0.0	0.0	-90.0	0.404354	-0.080097	0.41221	-11.204435	0.0	-1.285627	1.285627	-90.0	0.404354	-0.080097	0.41221	-11.204435	352051.604068
77.0	1.0	0.0	0.0	0.0	-90.0	0.402834	-0.081148	0.410926	-11.389431	0.0	-1.323034	1.323034	-90.0	0.402834	-0.081148	0.410926	-11.389431	352050.191997
78.0	1.0	0.0	0.0	0.0	-90.0	0.403167	-0.079935	0.411015	-11.214395	0.0	-1.291316	1.291316	-90.0	0.403167	-0.079935	0.411015	-11.214395	352048.744566
79.0	1.0	0.0	0.0	0.0	-90.0	0.403241	-0.079111	0.410928	-11.099727	0.0	-1.281607	1.281607	-90.0	0.403241	-0.079111	0.410928	-11.099727	352047.308564
80.0	1.0	0.0	0.0	0.0	-90.0	0.401285	-0.079747	0.409132	-11.2399	0.0	-1.315501	1.315501	-90.0	0.401285	-0.079747	0.409132	-11.2399	352045.878291
81.0	1.0	0.0	0.0	0.0	-90.0	0.400838	-0.078723	0.408496	-11.111185	0.0	-1.303808	1.303808	-90.0	0.400838	-0.078723	0.408496	-11.111185	352044.428114
82.0	1.0	0.0	0.0	0.0	-90.0	0.401678	-0.077517	0.409089	-10.922875	0.0	-1.266271	1.266271	-90.0	0.401701	-0.077543	0.409117	-10.925793	352042.995741
83.0	1.0	0.0	0.0	0.0	-90.0	0.400345	-0.076862	0.407656	-10.867957	0.0	-1.278917	1.278917	-90.0	0.400345	-0.076862	0.407656	-10.867957	352041.558947
84.0	1.0	0.0	0.0	0.0	-90.0	0.398399	-0.077655	0.405896	-11.029711	0.0	-1.330749	1.330749	-90.0	0.398399	-0.077655	0.405896	-11.029711	352040.127996
85.0	1.0	0.0	0.0	0.0	-90.0	0.399618	-0.076881	0.406946	-10.88987	0.0	-1.281349	1.281349	-90.0	0.39961	-0.07673	0.40691	-10.86925	352038.692033
86.0	1.0	0.0	0.0	0.0	-90.0	0.398423	-0.075579	0.405528	-10.741122	0.0	-1.283399	1.283399	-90.0	0.398423	-0.075579	0.405528	-10.741122	352037.27032
87.0	1.0	0.0	0.0	0.0	-90.0	0.399251	-0.075422	0.406312	-10.697592	0.0	-1.245994	1.245994	-90.0	0.399232	-0.075386	0.406287	-10.693087	352035.837116
88.0	1.0	0.0	0.0	0.0	-90.0	0.401598	-0.074539	0.408457	-10.514754	0.0	-1.167031	1.167031	-90.0	0.401581	-0.074515	0.408436	-10.511929	352034.395485
89.0	1.0	0.0	0.0	0.0	-90.0	0.400139	-0.074734	0.407058	-10.57933	0.0	-1.206427	1.206427	-90.0	0.400139	-0.074734	0.407058	-10.57933	352032.969546
90.0	1.0	0.0	0.0	0.0	-90.0	0.39678	-0.073942	0.403611	-10.556297	0.0	-1.26929	1.26929	-90.0	0.39678	-0.073942	0.403611	-10.556297	352031.520309
91.0	1.0	0.0	0.0	0.0	-90.0	0.39828	-0.073536	0.405012	-10.460951	0.0	-1.221297	1.221297	-90.0	0.39828	-0.073536	0.405012	-10.460951	352030.090291
92.0	1.0	0.0	0.0	0.0	-90.0	0.398446	-0.074115	0.405281	-10.537213	0.0	-1.213607	1.213607	-90.0	0.398446	-0.074115	0.405281	-10.537213	352028.651499
93.0	1.0	0.0	0.0	0.0	-90.0	0.399002	-0.073329	0.405684	-10.413654	0.0	-1.18277	1.18277	-90.0	0.399002	-0.073329	0.405684	-10.413654	352027.216857
94.0	1.0	0.0	0.0	0.0	-90.0	0.398012	-0.073448	0.404732	-10.455569	0.0	-1.205663	1.205663	-90.0	0.398012	-0.073448	0.404732	-10.455569	352025.794175
95.0	1.0	0.0	0.0	0.0	-90.0	0.395442	-0.072261	0.40199	-10.355695	0.0	-1.24568	1.24568	-90.0	0.395442	-0.072261	0.40199	-10.355695	352024.339712
96.0	1.0	0.0	0.0	0.0	-90.0	0.396946	-0.072743	0.403556	-10.384667	0.0	-1.202374	1.202374	-90.0	0.396946	-0.072743	0.403556	-10.384667	352022.901087
97.0	1.0	0.0	0.0	0.0	-90.0	0.396657	-0.07133	0.40302	-10.194417	0.0	-1.184836	1.184836	-90.0	0.396657	-0.07133	0.40302	-10.194417	352021.459347
98.0	1.0	0.0	0.0	0.0	-90.0	0.397407	-0.0726	0.403984	-10.352837	0.0	-1.176313	1.176313	-90.0	0.397407	-0.0726	0.403984	-10.352837	352020.018552
99.0	1.0	0.0	0.0	0.0	-90.0	0.397116	-0.072241	0.403633	-10.310244	0.0	-1.169844	1.169844	-90.0	0.397116	-0.072241	0.403633	-10.310244	352018.509501
100.0	1.0	0.0	0.0	0.0	-90.0	0.397999	-0.072801	0.404602	-10.365785	0.0	-1.138537	1.138537	-90.0	0.397999	-0.072801	0.404602	-10.365785	352017.073789
101.0	1.0	0.0	0.0	0.0	-90.0	0.396814	-0.071638	0.403229	-10.233498	0.0	-1.15578	1.15578	-90.0	0.396814	-0.071638	0.403229	-10.233498	352015.598332
102.0	1.0	0.0	0.0	0.0	-90.0	0.397209	-0.072221	0.403722	-10.304951	0.0	-1.144132	1.144132	-90.0	0.397209	-0.072221	0.403722	-10.304951	352014.170816
103.0	1.0	0.0	0.0	0.0	-90.0	0.397889	-0.071822	0.404319	-10.232092	0.0	-1.114994	1.114994	-90.0	0.397889	-0.071822	0.404319	-10.232092	352012.740115
104.0	1.0	0.0	0.0	0.0	-90.0	0.396582	-0.071353	0.40295	-10.199583	0.0	-1.139644	1.139644	-90.0	0.396582	-0.071353	0.40295	-10.199583	352011.282162
105.0	1.0	0.0	0.0	0.0	-90.0	0.395461	-0.07065	0.401722	-10.129209	0.0	-1.166973	1.166973	-90.0	0.395461	-0.07065	0.401722	-10.129209	352009.864116
106.0	1.0	0.0	0.0	0.0	-90.0	0.394652	-0.070514	0.400902	-10.130382	0.0	-1.177108	1.177108	-90.0	0.394652	-0.070521	0.400904	-10.131342	352008.43382
107.0	1.0	0.0	0.0	0.0	-90.0	0.395769	-0.070754	0.402044	-10.135985	0.0	-1.145985	1.145985	-90.0	0.395769	-0.070754	0.402044	-10.135985	352006.995022
108.0	1.0	0.0	0.0	0.0	-90.0	0.393154	-0.069368	0.399226	-10.006212	0.0	-1.20076	1.20076	-90.0	0.393146	-0.069353	0.399217	-10.004304	352005.570144
109.0	1.0	0.0	0.0	0.0	-90.0	0.392428	-0.069047	0.398456	-9.978876	0.0	-1.215634	1.215634	-90.0	0.392428	-0.069047	0.398456	-9.978876	352004.127042
110.0	1.0	0.0	0.0	0.0	-90.0	0.392475	-0.069383	0.398561	-10.025349	0.0	-1.207509	1.207509	-90.0	0.392475	-0.069383	0.398561	-10.025349	352002.68581
111.0	1.0	0.0	0.0	0.0	-90.0	0.392216	-0.068629	0.398175	-9.924993	0.0	-1.199447	1.199447	-90.0	0.392216	-0.068629	0.398175	-9.924993	352001.220723
112.0	1.0	0.0	0.0	0.0	-90.0	0.392004	-0.068466	0.397938	-9.907163	0.0	-1.198419	1.198419	-90.0	0.392004	-0.068466	0.397938	-9.907163	351999.764334
113.0	1.0	0.0	0.0	0.0	-90.0	0.391185	-0.068059	0.397061	-9.869623	0.0	-1.212419	1.212419	-90.0	0.391185	-0.068059	0.397061	-9.869623	351998.348024
114.0	1.0	0.0	0.0	0.0	-90.0	0.39058	-0.067594	0.396385	-9.818439	0.0	-1.218407	1.218407	-90.0	0.390561	-0.067577	0.396364	-9.816466	351996.878796
115.0	1.0	0.0	0.0	0.0	-90.0	0.391674	-0.068104	0.397551	-9.863897	0.0	-1.18649	1.18649	-90.0	0.391674	-0.068104	0.397551	-9.863897	351995.396274
116.0	1.0	0.0	0.0	0.0	-90.0	0.390289	-0.067382	0.396063	-9.795337	0.0	-1.217206	1.217206	-90.0	0.390289	-0.067382	0.396063	-9.795337	351993.960932
117.0	1.0	0.0	0.0	0.0	-90.0	0.390176	-0.067257	0.39593	-9.780312	0.0	-1.208218	1.208218	-90.0	0.390176	-0.067257	0.39593	-9.780312	351992.520136
118.0	1.0	0.0	0.0	0.0	-90.0	0.390582	-0.067356	0.396347	-9.784463	0.0	-1.19211	1.19211	-90.0	0.390582	-0.067356	0.396347	-9.784463	351991.079232
119.0	1.0	0.0	0.0	0.0	-90.0	0.388628	-0.065241	0.394066	-9.529706	0.0	-1.218815	1.218815	-90.0	0.388525	-0.065176	0.393953	-9.52278	351989.6292
120.0	1.0	0.0	0.0	0.0	-90.0	0.389865	-0.066427	0.395484	-9.669481	0.0	-1.187992	1.187992	-90.0	0.389865	-0.066427	0.395484	-9.669481	351988.198542
121.0	1.0	0.0	0.0	0.0	-90.0	0.390067	-0.066871	0.395757	-9.72797	0.0	-1.182903	1.182903	-90.0	0.390067	-0.066871	0.395757	-9.72797	351986.746635
122.0	1.0	0.0	0.0	0.0	-90.0	0.389665	-0.066615	0.395318	-9.701177	0.0	-1.196919	1.196919	-90.0	0.389665	-0.066615	0.395318	-9.701177	351985.301834
123.0	1.0	0.0	0.0	0.0	-90.0	0.389496	-0.066778	0.395179	-9.728579	0.0	-1.196504	1.196504	-90.0	0.389496	-0.066778	0.395179	-9.728579	351983.841823
124.0	1.0	0.0	0.0	0.0	-90.0	0.389465	-0.066387	0.395083	-9.673463	0.0	-1.185036	1.185036	-90.0	0.389465	-0.066387	0.395083	-9.673463	351982.364001
125.0	1.0	0.0	0.0	0.0	-90.0	0.387475	-0.06503	0.392894	-9.5272	0.0	-1.230355	1.230355	-90.0	0.387475	-0.06503	0.392894	-9.5272	351980.94302
126.0	1.0	0.0	0.0	0.0	-90.0	0.38759	-0.065058	0.393012	-9.528454	0.0	-1.219893	1.219893	-90.0	0.387582	-0.065041	0.393001	-9.526195	351979.501089
127.0	1.0	0.0	0.0	0.0	-90.0	0.386155	-0.064501	0.391505	-9.482846	0.0	-1.254909	1.254909	-90.0	0.386155	-0.064501	0.391505	-9.482846	351978.069073
128.0	1.0	0.0	0.0	0.0	-90.0	0.38495	-0.06372	0.390188	-9.398866	0.0	-1.27746	1.27746	-90.0	0.38495	-0.06372	0.390188	-9.398866	351976.628632
129.0	1.0	0.0	0.0	0.0	-90.0	0.3871	-0.064489	0.392435	-9.458325	0.0	-1.20819	1.20819	-90.0	0.3871	-0.064489	0.392435	-9.458325	351975.199745
130.0	1.0	0.0	0.0	0.0	-90.0	0.38522	-0.063783	0.390465	-9.401437	0.0	-1.256897	1.256897	-90.0	0.38522	-0.063808	0.390468	-9.405096	351973.746094
131.0	1.0	0.0	0.0	0.0	-90.0	0.387079	-0.06467	0.392444	-9.484836	0.0	-1.197696	1.197696	-90.0	0.387079	-0.06467	0.392444	-9.484836	351972.293804
132.0	1.0	0.0	0.0	0.0	-90.0	0.385361	-0.06329	0.390524	-9.326672	0.0	-1.233938	1.233938	-90.0	0.385361	-0.06329	0.390524	-9.326672	351970.837609
133.0	1.0	0.0	0.0	0.0	-90.0	0.384343	-0.063495	0.389553	-9.380703	0.0	-1.26857	1.26857	-90.0	0.384343	-0.063495	0.389553	-9.380703	351969.392176
134.0	1.0	0.0	0.0	0.0	-90.0	0.383658	-0.062801	0.388764	-9.296287	0.0	-1.279848	1.279848	-90.0	0.383658	-0.062801	0.388764	-9.296287	351967.956835
135.0	1.0	0.0	0.0	0.0	-90.0	0.384131	-0.063493	0.389343	-9.385578	0.0	-1.263828	1.263828	-90.0	0.384131	-0.063493	0.389343	-9.385578	351966.513464
136.0	1.0	0.0	0.0	0.0	-90.0	0.385216	-0.063448	0.390406	-9.353031	0.0	-1.216559	1.216559	-90.0	0.385216	-0.063448	0.390406	-9.353031	351965.037158
137.0	1.0	0.0	0.0	0.0	-90.0	0.384244	-0.063268	0.389418	-9.350163	0.0	-1.239647	1.239647	-90.0	0.38427	-0.063302	0.389449	-9.354573	351963.594825
138.0	1.0	0.0	0.0	0.0	-90.0	0.384047	-0.062229	0.389056	-9.203925	0.0	-1.227824	1.227824	-90.0	0.384047	-0.062229	0.389056	-9.203925	351962.086425
139.0	1.0	0.0	0.0	0.0	-90.0	0.383885	-0.06219	0.38889	-9.202097	0.0	-1.228019	1.228019	-90.0	0.383885	-0.06219	0.38889	-9.202097	351960.647666
140.0	1.0	0.0	0.0	0.0	-90.0	0.384234	-0.06241	0.38927	-9.225846	0.0	-1.212026	1.212026	-90.0	0.384234	-0.06241	0.38927	-9.225846	351959.207013
141.0	1.0	0.0	0.0	0.0	-90.0	0.384752	-0.063686	0.389987	-9.398593	0.0	-1.206232	1.206232	-90.0	0.384752	-0.063686	0.389987	-9.398593	351957.76303
142.0	1.0	0.0	0.0	0.0	-90.0	0.384443	-0.062491	0.389489	-9.232683	0.0	-1.196882	1.196882	-90.0	0.384443	-0.062491	0.389489	-9.232683	351956.324081
143.0	1.0	0.0	0.0	0.0	-90.0	0.383676	-0.062337	0.388707	-9.228393	0.0	-1.208174	1.208174	-90.0	0.383676	-0.062337	0.388707	-9.228393	351954.88272
144.0	1.0	0.0	0.0	0.0	-90.0	0.383995	-0.062229	0.389004	-9.205121	0.0	-1.203475	1.203475	-90.0	0.383995	-0.062229	0.389004	-9.205121	351953.452359
145.0	1.0	0.0	0.0	0.0	-90.0	0.383058	-0.061225	0.38792	-9.080939	0.0	-1.208103	1.208103	-90.0	0.383058	-0.061225	0.38792	-9.080939	351951.985291
146.0	1.0	0.0	0.0	0.0	-90.0	0.382765	-0.060692	0.387547	-9.00999	0.0	-1.221382	1.221382	-90.0	0.382765	-0.060692	0.387547	-9.00999	351950.544337
147.0	1.0	0.0	0.0	0.0	-90.0	0.382389	-0.062182	0.387412	-9.236221	0.0	-1.198881	1.198881	-90.0	0.382389	-0.062182	0.387412	-9.236221	351949.084511
148.0	1.0	0.0	0.0	0.0	-90.0	0.382387	-0.060723	0.387179	-9.023256	0.0	-1.193951	1.193951	-90.0	0.382387	-0.060723	0.387179	-9.023256	351947.639561
149.0	1.0	0.0	0.0	0.0	-90.0	0.380691	-0.061604	0.385643	-9.191958	0.0	-1.242038	1.242038	-90.0	0.380656	-0.061586	0.385606	-9.190144	351946.2343
150.0	1.0	0.0	0.0	0.0	-90.0	0.380007	-0.059071	0.38457	-8.835776	0.0	-1.234277	1.234277	-90.0	0.380007	-0.059071	0.38457	-8.835776	351944.774111
151.0	1.0	0.0	0.0	0.0	-90.0	0.379483	-0.060584	0.384289	-9.07072	0.0	-1.245386	1.245386	-90.0	0.379483	-0.060584	0.384289	-9.07072	351943.354194
152.0	1.0	0.0	0.0	0.0	-90.0	0.382276	-0.059564	0.386888	-8.856215	0.0	-1.220903	1.220903	-90.0	0.382276	-0.059564	0.386888	-8.856215	351941.940904
153.0	1.0	0.0	0.0	0.0	-90.0	0.380858	-0.058698	0.385355	-8.761561	0.0	-1.253578	1.253578	-90.0	0.380858	-0.058698	0.385355	-8.761561	351940.47771
154.0	1.0	0.0	0.0	0.0	-90.0	0.378383	-0.059035	0.382961	-8.867768	0.0	-1.267428	1.267428	-90.0	0.378383	-0.059035	0.382961	-8.867768	351939.033274
155.0	1.0	0.0	0.0	0.0	-90.0	0.379063	-0.058737	0.383587	-8.808164	0.0	-1.243832	1.243832	-90.0	0.379063	-0.058737	0.383587	-8.808164	351937.610623
156.0	1.0	0.0	0.0	0.0	-90.0	0.378926	-0.058595	0.383429	-8.790279	0.0	-1.275052	1.275052	-90.0	0.378926	-0.058595	0.383429	-8.790279	351936.155888
157.0	1.0	0.0	0.0	0.0	-90.0	0.37893	-0.058623	0.383438	-8.794352	0.0	-1.246684	1.246684	-90.0	0.37893	-0.058623	0.383438	-8.794352	351934.709245
158.0	1.0	0.0	0.0	0.0	-90.0	0.3792	-0.05887	0.383742	-8.824611	0.0	-1.252894	1.252894	-90.0	0.3792	-0.05887	0.383742	-8.824611	351933.279468
159.0	1.0	0.0	0.0	0.0	-90.0	0.378003	-0.05786	0.382406	-8.702585	0.0	-1.275969	1.275969	-90.0	0.378003	-0.05786	0.382406	-8.702585	351931.831174
160.0	1.0	0.0	0.0	0.0	-90.0	0.378059	-0.05865	0.382581	-8.818244	0.0	-1.279106	1.279106	-90.0	0.378067	-0.058742	0.382603	-8.831752	351930.393275
161.0	1.0	0.0	0.0	0.0	-90.0	0.380293	-0.059988	0.384995	-8.964115	0.0	-1.189769	1.189769	-90.0	0.380293	-0.059988	0.384995	-8.964115	351928.944331
162.0	1.0	0.0	0.0	0.0	-90.0	0.383638	-0.063591	0.388872	-9.411727	0.0	-1.102842	1.102842	-90.0	0.383638	-0.063591	0.388872	-9.411727	351927.467758
163.0	1.0	0.0	0.0	0.0	-90.0	0.385992	-0.06622	0.391632	-9.734792	0.0	-1.047768	1.047768	-90.0	0.385986	-0.066188	0.39162	-9.73025	351926.044184
164.0	1.0	0.0	0.0	0.0	-90.0	0.384616	-0.064953	0.390062	-9.585527	0.0	-1.086496	1.086496	-90.0	0.384616	-0.064953	0.390062	-9.585527	351924.629638
165.0	1.0	0.0	0.0	0.0	-90.0	0.384788	-0.065328	0.390295	-9.63561	0.0	-1.088247	1.088247	-90.0	0.384788	-0.065328	0.390295	-9.63561	351923.138868
166.0	1.0	0.0	0.0	0.0	-90.0	0.384933	-0.065196	0.390415	-9.612942	0.0	-1.075751	1.075751	-90.0	0.384933	-0.065196	0.390415	-9.612942	351921.692414
167.0	1.0	0.0	0.0	0.0	-90.0	0.38796	-0.068316	0.393929	-9.986928	0.0	-1.011985	1.011985	-90.0	0.38796	-0.068316	0.393929	-9.986928	351920.266222
168.0	1.0	0.0	0.0	0.0	-90.0	0.385978	-0.066722	0.391703	-9.807427	0.0	-1.06139	1.06139	-90.0	0.385978	-0.066722	0.391703	-9.807427	351918.823856
169.0	1.0	0.0	0.0	0.0	-90.0	0.387115	-0.067533	0.392962	-9.895741	0.0	-1.030205	1.030205	-90.0	0.387115	-0.067533	0.392962	-9.895741	351917.400577
170.0	1.0	0.0	0.0	0.0	-90.0	0.381747	-0.061981	0.386746	-9.22219	0.0	-1.153781	1.153781	-90.0	0.381747	-0.061981	0.386746	-9.22219	351915.984292
171.0	1.0	0.0	0.0	0.0	-90.0	0.384766	-0.065626	0.390322	-9.679285	0.0	-1.088946	1.088946	-90.0	0.384774	-0.065649	0.390335	-9.682366	351914.56793
172.0	1.0	0.0	0.0	0.0	-90.0	0.383362	-0.063623	0.388605	-9.422931	0.0	-1.110831	1.110831	-90.0	0.383327	-0.063593	0.388566	-9.419499	351913.163042
173.0	1.0	0.0	0.0	0.0	-90.0	0.381822	-0.062543	0.38691	-9.302456	0.0	-1.157727	1.157727	-90.0	0.381824	-0.062559	0.386915	-9.304772	351911.690205
174.0	1.0	0.0	0.0	0.0	-90.0	0.381333	-0.061852	0.386317	-9.213136	0.0	-1.160837	1.160837	-90.0	0.381333	-0.061852	0.386317	-9.213136	351910.25697
175.0	1.0	0.0	0.0	0.0	-90.0	0.381393	-0.061907	0.386385	-9.219794	0.0	-1.15424	1.15424	-90.0	0.381393	-0.061907	0.386385	-9.219794	351908.790608
176.0	1.0	0.0	0.0	0.0	-90.0	0.381422	-0.062444	0.3865	-9.297632	0.0	-1.164215	1.164215	-90.0	0.381422	-0.062444	0.3865	-9.297632	351907.349522
177.0	1.0	0.0	0.0	0.0	-90.0	0.386717	-0.067862	0.392626	-9.952988	0.0	-1.047423	1.047423	-90.0	0.386717	-0.067862	0.392626	-9.952988	351905.890254
178.0	1.0	0.0	0.0	0.0	-90.0	0.384685	-0.065064	0.390149	-9.599895	0.0	-1.074598	1.074598	-90.0	0.384685	-0.065064	0.390149	-9.599895	351904.479619
179.0	1.0	0.0	0.0	0.0	-90.0	0.385945	-0.066999	0.391717	-9.848255	0.0	-1.0703	1.0703	-90.0	0.385945	-0.066999	0.391717	-9.848255	351902.954691
180.0	1.0	0.0	0.0	0.0	-90.0	0.383802	-0.064508	0.389185	-9.540819	0.0	-1.105329	1.105329	-90.0	0.383802	-0.064508	0.389185	-9.540819	351901.549282
181.0	1.0	0.0	0.0	0.0	-90.0	0.382413	-0.063438	0.387639	-9.418871	0.0	-1.140087	1.140087	-90.0	0.382396	-0.063417	0.387619	-9.416332	351900.09398
182.0	1.0	0.0	0.0	0.0	-90.0	0.385106	-0.066646	0.39083	-9.818345	0.0	-1.089447	1.089447	-90.0	0.385111	-0.066637	0.390833	-9.816926	351898.642951
183.0	1.0	0.0	0.0	0.0	-90.0	0.383743	-0.06446	0.389119	-9.535342	0.0	-1.096987	1.096987	-90.0	0.383743	-0.06446	0.389119	-9.535342	351897.235947
184.0	1.0	0.0	0.0	0.0	-90.0	0.388851	-0.070052	0.395111	-10.212306	0.0	-1.021696	1.021696	-90.0	0.388851	-0.070052	0.395111	-10.212305	351895.77506
185.0	1.0	0.0	0.0	0.0	-90.0	0.385795	-0.067487	0.391653	-9.922394	0.0	-1.081095	1.081095	-90.0	0.385795	-0.067487	0.391653	-9.922394	351894.343671
186.0	1.0	0.0	0.0	0.0	-90.0	0.387307	-0.06884	0.393377	-10.07856	0.0	-1.054561	1.054561	-90.0	0.387307	-0.06884	0.393377	-10.078559	351892.897664
187.0	1.0	0.0	0.0	0.0	-90.0	0.386695	-0.068227	0.392667	-10.006088	0.0	-1.063837	1.063837	-90.0	0.386695	-0.068227	0.392667	-10.006088	351891.44059
188.0	1.0	0.0	0.0	0.0	-90.0	0.389429	-0.070573	0.395771	-10.271717	0.0	-1.024423	1.024423	-90.0	0.389416	-0.070538	0.395753	-10.267127	351889.994211
189.0	1.0	0.0	0.0	0.0	-90.0	0.391791	-0.07301	0.398535	-10.555896	0.0	-1.005727	1.005727	-90.0	0.391817	-0.073029	0.398565	-10.557988	351888.55384
190.0	1.0	0.0	0.0	0.0	-90.0	0.392897	-0.073611	0.399733	-10.611647	0.0	-0.99673	0.99673	-90.0	0.392897	-0.073611	0.399733	-10.611647	351887.091939
191.0	1.0	0.0	0.0	0.0	-90.0	0.389961	-0.071911	0.396536	-10.448357	0.0	-1.063065	1.063065	-90.0	0.389961	-0.071911	0.396536	-10.448357	351885.632
192.0	1.0	0.0	0.0	0.0	-90.0	0.392603	-0.07343	0.399411	-10.593873	0.0	-1.024519	1.024519	-90.0	0.392603	-0.07343	0.399411	-10.593873	351884.208221
193.0	1.0	0.0	0.0	0.0	-90.0	0.393631	-0.074053	0.400536	-10.654469	0.0	-1.021541	1.021541	-90.0	0.393631	-0.074053	0.400536	-10.654469	351882.754466
194.0	1.0	0.0	0.0	0.0	-90.0	0.392696	-0.072854	0.399397	-10.51012	0.0	-1.04072	1.04072	-90.0	0.392696	-0.072854	0.399397	-10.510119	351881.338101
195.0	1.0	0.0	0.0	0.0	-90.0	0.393465	-0.073557	0.400282	-10.589034	0.0	-1.048919	1.048919	-90.0	0.393465	-0.073557	0.400282	-10.589034	351879.817111
196.0	1.0	0.0	0.0	0.0	-90.0	0.393237	-0.073756	0.400094	-10.6231	0.0	-1.075913	1.075913	-90.0	0.393225	-0.073745	0.400081	-10.621823	351878.375926
197.0	1.0	0.0	0.0	0.0	-90.0	0.392943	-0.073467	0.399752	-10.590154	0.0	-1.101468	1.101468	-90.0	0.39294	-0.073473	0.39975	-10.591079	351876.947272
198.0	1.0	0.0	0.0	0.0	-90.0	0.390793	-0.072165	0.3974	-10.46257	0.0	-1.1545	1.1545	-90.0	0.390763	-0.07216	0.39737	-10.462556	351875.502107
199.0	1.0	0.0	0.0	0.0	-90.0	0.388678	-0.071442	0.395189	-10.415177	0.0	-1.225199	1.225199	-90.0	0.388693	-0.071467	0.395209	-10.418281	351874.060741
200.0	1.0	0.0	0.0	0.0	-90.0	0.38409150000000003	-0.065235	0.3896505	-9.6173945	0.0	-1.196082	1.196082	-90.0	0.3840905	-0.0652355	0.3896495	-9.6175265	351526.8320825
250.0	1.0	0.0	0.0	0.0	-90.0	0.371279	-0.049505	0.374565	-7.594873	0.0	-1.203548	1.203548	-90.0	0.371274	-0.049498	0.374559	-7.593895	351179.606227
300.0	1.0	0.0	0.0	0.0	-90.0	0.366967	-0.04681	0.36994	-7.269324	0.0	-1.199262	1.199262	-90.0	0.366967	-0.04681	0.36994	-7.269324	351178.183675
350.0	1.0	0.0	0.0	0.0	-90.0	0.363082	-0.04107	0.365398	-6.4536	0.0	-1.230505	1.230505	-90.0	0.363079	-0.041068	0.365395	-6.453377	351176.743078
400.0	1.0	0.0	0.0	0.0	-90.0	0.360968	-0.039167	0.363086	-6.192754	0.0	-1.226984	1.226984	-90.0	0.360968	-0.039167	0.363086	-6.192754	351175.317554
450.0	1.0	0.0	0.0	0.0	-90.0	0.358726	-0.035107	0.36044	-5.589442	0.0	-1.289575	1.289575	-90.0	0.358726	-0.035107	0.36044	-5.589443	351173.856892
500.0	1.0	0.0	0.0	0.0	-90.0	0.356466	-0.032896	0.357981	-5.272525	0.0	-1.307592	1.307592	-90.0	0.356466	-0.032896	0.357981	-5.272525	351172.419268
550.0	1.0	0.0	0.0	0.0	-90.0	0.355502	-0.032097	0.356948	-5.159122	0.0	-1.26725	1.26725	-90.0	0.355504	-0.032111	0.356952	-5.161262	351170.981959
600.0	1.0	0.0	0.0	0.0	-90.0	0.354158	-0.030047	0.355431	-4.849358	0.0	-1.293231	1.293231	-90.0	0.354158	-0.030047	0.355431	-4.849358	351169.512156
650.0	1.0	0.0	0.0	0.0	-90.0	0.353809	-0.029476	0.355035	-4.762346	0.0	-1.236388	1.236388	-90.0	0.353809	-0.029476	0.355035	-4.762346	351168.0919
700.0	1.0	0.0	0.0	0.0	-90.0	0.352645	-0.028263	0.353776	-4.582212	0.0	-1.250221	1.250221	-90.0	0.352645	-0.028263	0.353776	-4.582212	351166.60962
750.0	1.0	0.0	0.0	0.0	-90.0	0.351943	-0.027878	0.353046	-4.528964	0.0	-1.226011	1.226011	-90.0	0.351947	-0.027884	0.35305	-4.529963	351165.180818
800.0	1.0	0.0	0.0	0.0	-90.0	0.351202	-0.026318	0.352187	-4.285541	0.0	-1.231941	1.231941	-90.0	0.351202	-0.026318	0.352187	-4.285541	351163.768014
850.0	1.0	0.0	0.0	0.0	-90.0	0.350752	-0.025869	0.351705	-4.218043	0.0	-1.230782	1.230782	-90.0	0.350752	-0.025869	0.351705	-4.218043	351162.324551
900.0	1.0	0.0	0.0	0.0	-90.0	0.350038	-0.024717	0.350909	-4.039115	0.0	-1.232134	1.232134	-90.0	0.350038	-0.024717	0.350909	-4.039115	351160.887001
950.0	1.0	0.0	0.0	0.0	-90.0	0.349627	-0.024358	0.350474	-3.985209	0.0	-1.209166	1.209166	-90.0	0.349627	-0.024358	0.350474	-3.985209	351159.436134
1000.0	1.0	0.0	0.0	0.0	-90.0	0.349351	-0.024522	0.350211	-4.015124	0.0	-1.175416	1.175416	-90.0	0.34935	-0.024519	0.350209	-4.014711	351158.024886
1050.0	1.0	0.0	0.0	0.0	-90.0	0.349364	-0.02502	0.350259	-4.096291	0.0	-1.145793	1.145793	-90.0	0.349364	-0.02502	0.350259	-4.096291	351156.616073
1100.0	1.0	0.0	0.0	0.0	-90.0	0.348221	-0.022677	0.348958	-3.725926	0.0	-1.221058	1.221058	-90.0	0.348225	-0.02269	0.348963	-3.728008	351155.167733
1150.0	1.0	0.0	0.0	0.0	-90.0	0.347846	-0.022028	0.348543	-3.623449	0.0	-1.21215	1.21215	-90.0	0.347846	-0.022028	0.348543	-3.623449	351153.73206
1200.0	1.0	0.0	0.0	0.0	-90.0	0.347467	-0.021526	0.348133	-3.544949	0.0	-1.213161	1.213161	-90.0	0.347464	-0.021512	0.348129	-3.542745	351152.284911
1250.0	1.0	0.0	0.0	0.0	-90.0	0.347053	-0.020816	0.347676	-3.432396	0.0	-1.225004	1.225004	-90.0	0.347053	-0.020816	0.347676	-3.432396	351150.827806
1300.0	1.0	0.0	0.0	0.0	-90.0	0.346687	-0.020307	0.347281	-3.352212	0.0	-1.236894	1.236894	-90.0	0.346687	-0.020307	0.347281	-3.352212	351149.385019
1350.0	1.0	0.0	0.0	0.0	-90.0	0.346512	-0.020246	0.347103	-3.34382	0.0	-1.217007	1.217007	-90.0	0.346512	-0.020246	0.347103	-3.34382	351147.955346
1400.0	1.0	0.0	0.0	0.0	-90.0	0.34635	-0.020019	0.346928	-3.307931	0.0	-1.195246	1.195246	-90.0	0.34635	-0.020019	0.346928	-3.307931	351146.53665
1450.0	1.0	0.0	0.0	0.0	-90.0	0.346035	-0.019611	0.34659	-3.243748	0.0	-1.202627	1.202627	-90.0	0.346031	-0.019602	0.346586	-3.242306	351145.092778
1500.0	1.0	0.0	0.0	0.0	-90.0	0.34592	-0.019721	0.346481	-3.262839	0.0	-1.179657	1.179657	-90.0	0.34592	-0.019721	0.346481	-3.262839	351143.658153
1550.0	1.0	0.0	0.0	0.0	-90.0	0.345564	-0.019183	0.346096	-3.17736	0.0	-1.195052	1.195052	-90.0	0.345564	-0.019183	0.346096	-3.17736	351142.224619
1600.0	1.0	0.0	0.0	0.0	-90.0	0.345376	-0.018824	0.345889	-3.119714	0.0	-1.188527	1.188527	-90.0	0.345376	-0.018824	0.345889	-3.119714	351140.783271
1650.0	1.0	0.0	0.0	0.0	-90.0	0.344529	-0.016674	0.344932	-2.770782	0.0	-1.363026	1.363026	-90.0	0.344529	-0.016674	0.344932	-2.770782	351139.324211
1700.0	1.0	0.0	0.0	0.0	-90.0	0.344277	-0.016248	0.34466	-2.702004	0.0	-1.375753	1.375753	-90.0	0.344277	-0.016248	0.34466	-2.702004	351137.884777
1750.0	1.0	0.0	0.0	0.0	-90.0	0.344695	-0.017801	0.345154	-2.956264	0.0	-1.201198	1.201198	-90.0	0.344698	-0.017812	0.345158	-2.958153	351136.4506
1800.0	1.0	0.0	0.0	0.0	-90.0	0.344547	-0.017566	0.344994	-2.918625	0.0	-1.185729	1.185729	-90.0	0.344547	-0.017566	0.344994	-2.918625	351135.037984
1850.0	1.0	0.0	0.0	0.0	-90.0	0.344577	-0.017991	0.345046	-2.988885	0.0	-1.155141	1.155141	-90.0	0.344578	-0.017995	0.345048	-2.989536	351133.594989
1900.0	1.0	0.0	0.0	0.0	-90.0	0.344484	-0.01798	0.344953	-2.987751	0.0	-1.127451	1.127451	-90.0	0.344484	-0.01798	0.344953	-2.987751	351132.156758
1950.0	1.0	0.0	0.0	0.0	-90.0	0.344123	-0.01733	0.344559	-2.883005	0.0	-1.168101	1.168101	-90.0	0.344123	-0.01733	0.344559	-2.883005	351130.722425
2000.0	1.0	0.0	0.0	0.0	-90.0	0.343959	-0.016893	0.344373	-2.811658	0.0	-1.16285	1.16285	-90.0	0.343948	-0.016868	0.344361	-2.807665	351129.285433
2050.0	1.0	0.0	0.0	0.0	-90.0	0.343691	-0.016408	0.344083	-2.73318	0.0	-1.185527	1.185527	-90.0	0.343691	-0.016408	0.344083	-2.73318	351127.840932
2100.0	1.0	0.0	0.0	0.0	-90.0	0.343696	-0.016787	0.344106	-2.796174	0.0	-1.163085	1.163085	-90.0	0.343696	-0.016787	0.344106	-2.796174	351126.395157
2150.0	1.0	0.0	0.0	0.0	-90.0	0.343856	-0.017304	0.344292	-2.880943	0.0	-1.105735	1.105735	-90.0	0.343856	-0.017303	0.344291	-2.88076	351124.960778
2200.0	1.0	0.0	0.0	0.0	-90.0	0.343813	-0.017323	0.344249	-2.884464	0.0	-1.088542	1.088542	-90.0	0.343813	-0.017323	0.344249	-2.884464	351123.524916
2250.0	1.0	0.0	0.0	0.0	-90.0	0.343674	-0.017181	0.344103	-2.861886	0.0	-1.096586	1.096586	-90.0	0.343674	-0.017181	0.344103	-2.861886	351122.075561
2300.0	1.0	0.0	0.0	0.0	-90.0	0.343645	-0.017212	0.344076	-2.867369	0.0	-1.088265	1.088265	-90.0	0.343645	-0.017214	0.344076	-2.867657	351120.648133
2350.0	1.0	0.0	0.0	0.0	-90.0	0.343606	-0.017179	0.344035	-2.862177	0.0	-1.069133	1.069133	-90.0	0.343606	-0.017179	0.344035	-2.862177	351119.194978
2400.0	1.0	0.0	0.0	0.0	-90.0	0.343618	-0.017314	0.344054	-2.884625	0.0	-1.069836	1.069836	-90.0	0.343618	-0.017314	0.344054	-2.884625	351117.766777
2450.0	1.0	0.0	0.0	0.0	-90.0	0.343535	-0.017086	0.34396	-2.847325	0.0	-1.085331	1.085331	-90.0	0.34354	-0.017096	0.343965	-2.848951	351116.344611
2500.0	1.0	0.0	0.0	0.0	-90.0	0.343709	-0.017507	0.344154	-2.915798	0.0	-1.049416	1.049416	-90.0	0.343709	-0.017507	0.344154	-2.915798	351114.872627
2550.0	1.0	0.0	0.0	0.0	-90.0	0.343738	-0.017581	0.344187	-2.927988	0.0	-1.02504	1.02504	-90.0	0.343737	-0.017579	0.344186	-2.927538	351113.405869
2600.0	1.0	0.0	0.0	0.0	-90.0	0.343524	-0.017245	0.343956	-2.873803	0.0	-1.04085	1.04085	-90.0	0.343523	-0.017242	0.343956	-2.873409	351111.917245
2650.0	1.0	0.0	0.0	0.0	-90.0	0.343173	-0.016635	0.343576	-2.775261	0.0	-1.078541	1.078541	-90.0	0.343173	-0.016635	0.343576	-2.775261	351110.485293
2700.0	1.0	0.0	0.0	0.0	-90.0	0.34341	-0.017086	0.343835	-2.848263	0.0	-1.038619	1.038619	-90.0	0.343409	-0.017084	0.343834	-2.848033	351109.044802
2750.0	1.0	0.0	0.0	0.0	-90.0	0.34311	-0.016649	0.343514	-2.778027	0.0	-1.070739	1.070739	-90.0	0.34311	-0.016649	0.343514	-2.778027	351107.591686
2800.0	1.0	0.0	0.0	0.0	-90.0	0.343192	-0.0168	0.343603	-2.802584	0.0	-1.042505	1.042505	-90.0	0.343192	-0.0168	0.343603	-2.802584	351106.184907
2850.0	1.0	0.0	0.0	0.0	-90.0	0.342885	-0.016217	0.343268	-2.707784	0.0	-1.066858	1.066858	-90.0	0.342885	-0.016217	0.343268	-2.707784	351104.745915
2900.0	1.0	0.0	0.0	0.0	-90.0	0.342916	-0.016368	0.343306	-2.732801	0.0	-1.058566	1.058566	-90.0	0.342916	-0.016368	0.343306	-2.732801	351103.324124
2950.0	1.0	0.0	0.0	0.0	-90.0	0.343314	-0.01718	0.343743	-2.864729	0.0	-1.012454	1.012454	-90.0	0.343314	-0.01718	0.343743	-2.864729	351101.888614
3000.0	1.0	0.0	0.0	0.0	-90.0	0.343096	-0.016879	0.343511	-2.816484	0.0	-1.028586	1.028586	-90.0	0.343096	-0.016879	0.343511	-2.816483	351100.417732
3050.0	1.0	0.0	0.0	0.0	-90.0	0.342837	-0.016375	0.343228	-2.734522	0.0	-1.030606	1.030606	-90.0	0.342833	-0.016366	0.343223	-2.733018	351098.958493
3100.0	1.0	0.0	0.0	0.0	-90.0	0.342526	-0.015957	0.342897	-2.667274	0.0	-1.063687	1.063687	-90.0	0.342526	-0.015957	0.342897	-2.667274	351097.534895
3150.0	1.0	0.0	0.0	0.0	-90.0	0.342237	-0.015428	0.342585	-2.581199	0.0	-1.101015	1.101015	-90.0	0.342237	-0.015428	0.342585	-2.581199	351096.083284
3200.0	1.0	0.0	0.0	0.0	-90.0	0.342235	-0.015397	0.342581	-2.575912	0.0	-1.085902	1.085902	-90.0	0.342235	-0.015397	0.342581	-2.575912	351094.639043
3250.0	1.0	0.0	0.0	0.0	-90.0	0.34254	-0.016063	0.342916	-2.684841	0.0	-1.05014	1.05014	-90.0	0.342542	-0.016064	0.342919	-2.685034	351093.201344
3300.0	1.0	0.0	0.0	0.0	-90.0	0.342812	-0.016517	0.34321	-2.758499	0.0	-1.019544	1.019544	-90.0	0.342812	-0.016517	0.34321	-2.758499	351091.750773
3350.0	1.0	0.0	0.0	0.0	-90.0	0.34255	-0.016067	0.342926	-2.685432	0.0	-1.043389	1.043389	-90.0	0.34255	-0.016067	0.342926	-2.685432	351090.295346
3400.0	1.0	0.0	0.0	0.0	-90.0	0.342612	-0.016174	0.342994	-2.702849	0.0	-1.025572	1.025572	-90.0	0.342612	-0.016174	0.342994	-2.702849	351088.854717
3450.0	1.0	0.0	0.0	0.0	-90.0	0.342452	-0.015987	0.342825	-2.672856	0.0	-1.042321	1.042321	-90.0	0.342452	-0.015987	0.342825	-2.672856	351087.426972
3500.0	1.0	0.0	0.0	0.0	-90.0	0.342605	-0.016242	0.342989	-2.714147	0.0	-1.021814	1.021814	-90.0	0.342605	-0.016242	0.342989	-2.714147	351085.94901
3550.0	1.0	0.0	0.0	0.0	-90.0	0.342691	-0.016455	0.343086	-2.749045	0.0	-1.015273	1.015273	-90.0	0.342691	-0.016455	0.343086	-2.749045	351084.486582
3600.0	1.0	0.0	0.0	0.0	-90.0	0.342919	-0.016786	0.343329	-2.8024	0.0	-0.990628	0.990628	-90.0	0.342922	-0.016789	0.343333	-2.802843	351083.04082
3650.0	1.0	0.0	0.0	0.0	-90.0	0.342991	-0.016813	0.343403	-2.806353	0.0	-0.965545	0.965545	-90.0	0.342991	-0.016813	0.343403	-2.806353	351081.600781
3700.0	1.0	0.0	0.0	0.0	-90.0	0.342497	-0.016183	0.342879	-2.705253	0.0	-1.016288	1.016288	-90.0	0.342497	-0.016183	0.342879	-2.705253	351080.173931
3750.0	1.0	0.0	0.0	0.0	-90.0	0.342286	-0.015882	0.342655	-2.65655	0.0	-1.032996	1.032996	-90.0	0.342287	-0.015882	0.342656	-2.656569	351078.766541
3800.0	1.0	0.0	0.0	0.0	-90.0	0.34257	-0.016295	0.342957	-2.723364	0.0	-1.008992	1.008992	-90.0	0.34257	-0.016295	0.342957	-2.723364	351077.318718
3850.0	1.0	0.0	0.0	0.0	-90.0	0.342616	-0.016274	0.343003	-2.719463	0.0	-0.99404	0.99404	-90.0	0.342616	-0.016274	0.343003	-2.719463	351075.837868
3900.0	1.0	0.0	0.0	0.0	-90.0	0.342937	-0.016698	0.343344	-2.787513	0.0	-0.969684	0.969684	-90.0	0.342937	-0.016698	0.343344	-2.787513	351074.407401
3950.0	1.0	0.0	0.0	0.0	-90.0	0.34322	-0.01698	0.34364	-2.832221	0.0	-0.943526	0.943526	-90.0	0.34322	-0.01698	0.34364	-2.832221	351072.966364
4000.0	1.0	0.0	0.0	0.0	-90.0	0.343191	-0.016981	0.343611	-2.832697	0.0	-0.948875	0.948875	-90.0	0.343191	-0.016981	0.343611	-2.832697	351071.517638
4050.0	1.0	0.0	0.0	0.0	-90.0	0.343271	-0.017101	0.343697	-2.851984	0.0	-0.952177	0.952177	-90.0	0.343271	-0.017101	0.343697	-2.851984	351070.074549
4100.0	1.0	0.0	0.0	0.0	-90.0	0.343675	-0.017487	0.344119	-2.912879	0.0	-0.92457	0.92457	-90.0	0.343675	-0.017487	0.344119	-2.912879	351068.613037
4150.0	1.0	0.0	0.0	0.0	-90.0	0.344143	-0.018032	0.344615	-2.999434	0.0	-0.912715	0.912715	-90.0	0.344154	-0.018039	0.344626	-3.000459	351067.176875
4200.0	1.0	0.0	0.0	0.0	-90.0	0.343923	-0.017688	0.344378	-2.944058	0.0	-0.896523	0.896523	-90.0	0.343922	-0.01769	0.344377	-2.944521	351065.775269
4250.0	1.0	0.0	0.0	0.0	-90.0	0.343566	-0.017408	0.344006	-2.900656	0.0	-0.924682	0.924682	-90.0	0.343566	-0.017403	0.344006	-2.899786	351064.364162
4300.0	1.0	0.0	0.0	0.0	-90.0	0.343578	-0.017479	0.344022	-2.912339	0.0	-0.936583	0.936583	-90.0	0.343578	-0.017479	0.344022	-2.912339	351062.885723
4350.0	1.0	0.0	0.0	0.0	-90.0	0.344071	-0.017957	0.344539	-2.987573	0.0	-0.91796	0.91796	-90.0	0.344071	-0.017957	0.344539	-2.987573	351061.432699
4400.0	1.0	0.0	0.0	0.0	-90.0	0.344169	-0.017961	0.344637	-2.987299	0.0	-0.90478	0.90478	-90.0	0.344169	-0.017961	0.344637	-2.987299	351059.982087
4450.0	1.0	0.0	0.0	0.0	-90.0	0.344357	-0.017981	0.344826	-2.989126	0.0	-0.873234	0.873234	-90.0	0.344357	-0.017981	0.344826	-2.989126	351058.542427
4500.0	1.0	0.0	0.0	0.0	-90.0	0.344677	-0.018227	0.345159	-3.027091	0.0	-0.862983	0.862983	-90.0	0.344677	-0.018227	0.345159	-3.027091	351057.093065
4550.0	1.0	0.0	0.0	0.0	-90.0	0.345294	-0.018574	0.345793	-3.079005	0.0	-0.823254	0.823254	-90.0	0.345294	-0.018574	0.345793	-3.079005	351055.680733
4600.0	1.0	0.0	0.0	0.0	-90.0	0.345182	-0.018388	0.345672	-3.049212	0.0	-0.808811	0.808811	-90.0	0.345182	-0.018388	0.345672	-3.049212	351054.242637
4650.0	1.0	0.0	0.0	0.0	-90.0	0.344734	-0.018271	0.345218	-3.033842	0.0	-0.873661	0.873661	-90.0	0.344734	-0.018271	0.345218	-3.033842	351052.805636
4700.0	1.0	0.0	0.0	0.0	-90.0	0.345578	-0.018905	0.346095	-3.131221	0.0	-0.847359	0.847359	-90.0	0.345578	-0.018905	0.346095	-3.131221	351051.345964
4750.0	1.0	0.0	0.0	0.0	-90.0	0.346495	-0.019154	0.347024	-3.163999	0.0	-0.731987	0.731987	-90.0	0.346495	-0.019154	0.347024	-3.163999	351049.90009
4800.0	1.0	0.0	0.0	0.0	-90.0	0.346682	-0.018736	0.347188	-3.093411	0.0	-0.598393	0.598393	-90.0	0.346682	-0.018736	0.347188	-3.093411	351048.423193
4850.0	1.0	0.0	0.0	0.0	-90.0	0.346444	-0.018566	0.346941	-3.067574	0.0	-0.604622	0.604622	-90.0	0.346444	-0.018566	0.346941	-3.067574	351046.990142
4900.0	1.0	0.0	0.0	0.0	-90.0	0.346075	-0.018343	0.346561	-3.03393	0.0	-0.620183	0.620183	-90.0	0.346072	-0.018341	0.346557	-3.033716	351045.519537
4950.0	1.0	0.0	0.0	0.0	-90.0	0.345523	-0.018019	0.345992	-2.985201	0.0	-0.649106	0.649106	-90.0	0.345523	-0.018019	0.345992	-2.985201	351044.092406
5000.0	1.0	0.0	0.0	0.0	-90.0	0.342473	-0.0165025	0.3428715	-2.7583145	0.0	-0.8455935	0.8455935	-90.0	0.342473	-0.0165025	0.3428715	-2.7583145	350105.670954
10000.0	1.0	0.0	0.0	0.0	-90.0	0.337437	-0.013644	0.337713	-2.315524	0.0	-0.872435	0.872435	-90.0	0.337437	-0.013644	0.337713	-2.315524	349167.263854
15000.0	1.0	0.0	0.0	0.0	-90.0	0.335126	-0.01338	0.335393	-2.286259	0.0	-0.96008	0.96008	-90.0	0.335126	-0.01338	0.335393	-2.286259	349165.79208
20000.0	1.0	0.0	0.0	0.0	-90.0	0.333567	-0.013884	0.333856	-2.383374	0.0	-1.031086	1.031086	-90.0	0.333567	-0.013882	0.333855	-2.383174	349164.342696
25000.0	1.0	0.0	0.0	0.0	-90.0	0.332394	-0.014784	0.332723	-2.546647	0.0	-1.105296	1.105296	-90.0	0.332394	-0.014784	0.332723	-2.546647	349162.901891
30000.0	1.0	0.0	0.0	0.0	-90.0	0.331462	-0.015994	0.331847	-2.762504	0.0	-1.120255	1.120255	-90.0	0.331462	-0.015994	0.331847	-2.762504	349161.446364
35000.0	1.0	0.0	0.0	0.0	-90.0	0.330644	-0.017189	0.331091	-2.976002	0.0	-1.150563	1.150563	-90.0	0.330644	-0.017189	0.331091	-2.976002	349160.033094
40000.0	1.0	0.0	0.0	0.0	-90.0	0.329937	-0.018476	0.330453	-3.205089	0.0	-1.148891	1.148891	-90.0	0.329937	-0.018476	0.330453	-3.205089	349158.59661
45000.0	1.0	0.0	0.0	0.0	-90.0	0.329264	-0.019723	0.329854	-3.427946	0.0	-1.159574	1.159574	-90.0	0.329264	-0.019723	0.329854	-3.427946	349157.148538
50000.0	1.0	0.0	0.0	0.0	-90.0	0.328649	-0.020997	0.329319	-3.65557	0.0	-1.175787	1.175787	-90.0	0.328649	-0.020997	0.329319	-3.65557	349155.718258
55000.0	1.0	0.0	0.0	0.0	-90.0	0.328098	-0.022329	0.328857	-3.893347	0.0	-1.107402	1.107402	-90.0	0.328098	-0.022329	0.328857	-3.893347	349154.277034
60000.0	1.0	0.0	0.0	0.0	-90.0	0.327562	-0.023585	0.328409	-4.118285	0.0	-1.142048	1.142048	-90.0	0.327562	-0.023585	0.328409	-4.118285	349152.819696
65000.0	1.0	0.0	0.0	0.0	-90.0	0.326965	-0.02477	0.327902	-4.332365	0.0	-1.238268	1.238268	-90.0	0.326965	-0.02477	0.327902	-4.332365	349151.355629
70000.0	1.0	0.0	0.0	0.0	-90.0	0.326515	-0.026094	0.327556	-4.569201	0.0	-1.203469	1.203469	-90.0	0.326515	-0.026095	0.327556	-4.569265	349149.929579
75000.0	1.0	0.0	0.0	0.0	-90.0	0.326015	-0.027371	0.327162	-4.799063	0.0	-1.216269	1.216269	-90.0	0.326015	-0.027371	0.327162	-4.799063	349148.503596
80000.0	1.0	0.0	0.0	0.0	-90.0	0.325692	-0.028903	0.326972	-5.071384	0.0	-0.983486	0.983486	-90.0	0.325692	-0.028903	0.326972	-5.071384	349147.068947
85000.0	1.0	0.0	0.0	0.0	-90.0	0.325175	-0.030078	0.326564	-5.284763	0.0	-1.012151	1.012151	-90.0	0.325175	-0.030078	0.326564	-5.284763	349145.629373
90000.0	1.0	0.0	0.0	0.0	-90.0	0.324729	-0.031382	0.326242	-5.519986	0.0	-0.985659	0.985659	-90.0	0.324729	-0.031382	0.326242	-5.519986	349144.221053
95000.0	1.0	0.0	0.0	0.0	-90.0	0.32438	-0.032842	0.326038	-5.781258	0.0	-0.874839	0.874839	-90.0	0.32438	-0.032842	0.326038	-5.781258	349142.786609
100000.0	1.0	0.0	0.0	0.0	-90.0	0.323929	-0.034065	0.325716	-6.003242	0.0	-0.887331	0.887331	-90.0	0.323929	-0.034065	0.325716	-6.003242	349141.359912
105000.0	1.0	0.0	0.0	0.0	-90.0	0.323421	-0.035129	0.325323	-6.199075	0.0	-0.979639	0.979639	-90.0	0.323421	-0.035129	0.325323	-6.199075	349139.927512
110000.0	1.0	0.0	0.0	0.0	-90.0	0.322982	-0.036354	0.325021	-6.422117	0.0	-0.983898	0.983898	-90.0	0.322982	-0.036354	0.325021	-6.422117	349138.511937
115000.0	1.0	0.0	0.0	0.0	-90.0	0.322577	-0.03762	0.324763	-6.651895	0.0	-0.961953	0.961953	-90.0	0.322577	-0.03762	0.324763	-6.651895	349137.036068
120000.0	1.0	0.0	0.0	0.0	-90.0	0.322156	-0.03884	0.324489	-6.874586	0.0	-0.98319	0.98319	-90.0	0.322156	-0.03884	0.324489	-6.874586	349135.599226
125000.0	1.0	0.0	0.0	0.0	-90.0	0.321808	-0.040194	0.324308	-7.119322	0.0	-0.920484	0.920484	-90.0	0.321809	-0.040195	0.32431	-7.119645	349134.145091
130000.0	1.0	0.0	0.0	0.0	-90.0	0.321428	-0.041532	0.3241	-7.362531	0.0	-0.851821	0.851821	-90.0	0.321428	-0.041532	0.3241	-7.362531	349132.698591
135000.0	1.0	0.0	0.0	0.0	-90.0	0.320924	-0.04253	0.32373	-7.549029	0.0	-0.970257	0.970257	-90.0	0.320924	-0.042529	0.32373	-7.548963	349131.269297
140000.0	1.0	0.0	0.0	0.0	-90.0	0.320565	-0.043882	0.323555	-7.794791	0.0	-0.926891	0.926891	-90.0	0.320565	-0.043882	0.323555	-7.794791	349129.834473
145000.0	1.0	0.0	0.0	0.0	-90.0	0.320281	-0.045384	0.323481	-8.065174	0.0	-0.779167	0.779167	-90.0	0.320281	-0.045384	0.323481	-8.065174	349128.388838
150000.0	1.0	0.0	0.0	0.0	-90.0	0.319773	-0.046398	0.323122	-8.255759	0.0	-0.830418	0.830418	-90.0	0.319773	-0.046398	0.323122	-8.255759	349126.96333
155000.0	1.0	0.0	0.0	0.0	-90.0	0.319372	-0.047623	0.322903	-8.481191	0.0	-0.831299	0.831299	-90.0	0.319372	-0.047623	0.322903	-8.481191	349125.534185
160000.0	1.0	0.0	0.0	0.0	-90.0	0.318896	-0.048699	0.322593	-8.682638	0.0	-0.907448	0.907448	-90.0	0.318896	-0.048699	0.322593	-8.682638	349124.065625
165000.0	1.0	0.0	0.0	0.0	-90.0	0.318468	-0.049882	0.322351	-8.90205	0.0	-0.917981	0.917981	-90.0	0.318469	-0.049884	0.322352	-8.902324	349122.620605
170000.0	1.0	0.0	0.0	0.0	-90.0	0.317989	-0.05092	0.322041	-9.097676	0.0	-1.046323	1.046323	-90.0	0.317989	-0.05092	0.322041	-9.097676	349121.192545
175000.0	1.0	0.0	0.0	0.0	-90.0	0.31766	-0.052289	0.321934	-9.347477	0.0	-0.997896	0.997896	-90.0	0.31766	-0.052289	0.321934	-9.347477	349119.757252
180000.0	1.0	0.0	0.0	0.0	-90.0	0.317389	-0.053753	0.321908	-9.612398	0.0	-0.782226	0.782226	-90.0	0.317389	-0.053753	0.321908	-9.612398	349118.301962
185000.0	1.0	0.0	0.0	0.0	-90.0	0.317125	-0.055236	0.321899	-9.880543	0.0	-0.697013	0.697013	-90.0	0.317125	-0.055236	0.321899	-9.880543	349116.852377
190000.0	1.0	0.0	0.0	0.0	-90.0	0.316975	-0.056865	0.322036	-10.170647	0.0	-0.559592	0.559592	-90.0	0.316975	-0.056866	0.322036	-10.170784	349115.417479
195000.0	1.0	0.0	0.0	0.0	-90.0	0.316667	-0.058215	0.321974	-10.41666	0.0	-0.460974	0.460974	-90.0	0.316667	-0.058215	0.321974	-10.41666	349113.922334
200000.0	1.0	0.0	0.0	0.0	-90.0	0.316234	-0.05938	0.321761	-10.634723	0.0	-0.462759	0.462759	-90.0	0.316234	-0.05938	0.321761	-10.634723	349112.485414
205000.0	1.0	0.0	0.0	0.0	-90.0	0.315779	-0.060535	0.321529	-10.852018	0.0	-0.4628	0.4628	-90.0	0.31578	-0.060535	0.32153	-10.85202	349111.025532
210000.0	1.0	0.0	0.0	0.0	-90.0	0.315335	-0.061692	0.321313	-11.069591	0.0	-0.463839	0.463839	-90.0	0.315335	-0.061693	0.321313	-11.069595	349109.569982
215000.0	1.0	0.0	0.0	0.0	-90.0	0.314873	-0.062843	0.321083	-11.286984	0.0	-0.465072	0.465072	-90.0	0.314873	-0.062843	0.321083	-11.286984	349108.134931
220000.0	1.0	0.0	0.0	0.0	-90.0	0.314398	-0.06399	0.320843	-11.504319	0.0	-0.466229	0.466229	-90.0	0.314398	-0.06399	0.320843	-11.504319	349106.702842
225000.0	1.0	0.0	0.0	0.0	-90.0	0.313934	-0.065136	0.320621	-11.721648	0.0	-0.467461	0.467461	-90.0	0.313934	-0.065136	0.320621	-11.721648	349105.283835
230000.0	1.0	0.0	0.0	0.0	-90.0	0.313494	-0.066283	0.320424	-11.938375	0.0	-0.468822	0.468822	-90.0	0.313494	-0.066283	0.320424	-11.938375	349103.794447
235000.0	1.0	0.0	0.0	0.0	-90.0	0.313038	-0.067426	0.320217	-12.155322	0.0	-0.470172	0.470172	-90.0	0.313038	-0.067426	0.320217	-12.155322	349102.32632
240000.0	1.0	0.0	0.0	0.0	-90.0	0.312567	-0.068564	0.319999	-12.372283	0.0	-0.471383	0.471383	-90.0	0.312567	-0.068564	0.319999	-12.372283	349100.855606
245000.0	1.0	0.0	0.0	0.0	-90.0	0.312092	-0.069696	0.319779	-12.588751	0.0	-0.472657	0.472657	-90.0	0.312092	-0.069696	0.319779	-12.588751	349099.414502
250000.0	1.0	0.0	0.0	0.0	-90.0	0.311622	-0.070832	0.319571	-12.805882	0.0	-0.47398	0.47398	-90.0	0.311622	-0.070832	0.319571	-12.805882	349097.957938
255000.0	1.0	0.0	0.0	0.0	-90.0	0.311179	-0.071967	0.319393	-13.021898	0.0	-0.475391	0.475391	-90.0	0.311179	-0.071967	0.319393	-13.021898	349096.526846
260000.0	1.0	0.0	0.0	0.0	-90.0	0.310693	-0.073092	0.319174	-13.238388	0.0	-0.476739	0.476739	-90.0	0.310692	-0.073092	0.319174	-13.238387	349095.100371
265000.0	1.0	0.0	0.0	0.0	-90.0	0.31021	-0.074216	0.318964	-13.454795	0.0	-0.478146	0.478146	-90.0	0.31021	-0.074216	0.318964	-13.454795	349093.674172
270000.0	1.0	0.0	0.0	0.0	-90.0	0.309727	-0.075339	0.318758	-13.671234	0.0	-0.479534	0.479534	-90.0	0.309727	-0.075339	0.318758	-13.671234	349092.222967
275000.0	1.0	0.0	0.0	0.0	-90.0	0.309254	-0.076462	0.318566	-13.887642	0.0	-0.481042	0.481042	-90.0	0.309254	-0.076462	0.318566	-13.887642	349090.74357
280000.0	1.0	0.0	0.0	0.0	-90.0	0.308798	-0.077585	0.318395	-14.103508	0.0	-0.482616	0.482616	-90.0	0.308798	-0.077585	0.318395	-14.103508	349089.301258
285000.0	1.0	0.0	0.0	0.0	-90.0	0.308314	-0.078702	0.3182	-14.31984	0.0	-0.484099	0.484099	-90.0	0.308314	-0.078702	0.3182	-14.319838	349087.842728
290000.0	1.0	0.0	0.0	0.0	-90.0	0.30782	-0.079813	0.317999	-14.535784	0.0	-0.485723	0.485723	-90.0	0.30782	-0.079813	0.317999	-14.535784	349086.435699
295000.0	1.0	0.0	0.0	0.0	-90.0	0.307314	-0.08092	0.317789	-14.751915	0.0	-0.487308	0.487308	-90.0	0.307314	-0.08092	0.317789	-14.751915	349084.982268
300000.0	1.0	0.0	0.0	0.0	-90.0	0.306812	-0.082027	0.317588	-14.968063	0.0	-0.488952	0.488952	-90.0	0.306812	-0.082027	0.317588	-14.968063	349083.540338
305000.0	1.0	0.0	0.0	0.0	-90.0	0.306325	-0.083135	0.317406	-15.184043	0.0	-0.490786	0.490786	-90.0	0.306325	-0.083135	0.317406	-15.184043	349082.057424
310000.0	1.0	0.0	0.0	0.0	-90.0	0.305829	-0.084237	0.317218	-15.399529	0.0	-0.492488	0.492488	-90.0	0.305829	-0.084237	0.317218	-15.399529	349080.612978
315000.0	1.0	0.0	0.0	0.0	-90.0	0.305336	-0.08534	0.317037	-15.615428	0.0	-0.49431	0.49431	-90.0	0.305336	-0.08534	0.317037	-15.615428	349079.15097
320000.0	1.0	0.0	0.0	0.0	-90.0	0.304856	-0.086445	0.316875	-15.831171	0.0	-0.496201	0.496201	-90.0	0.304856	-0.086445	0.316875	-15.831171	349077.717127
325000.0	1.0	0.0	0.0	0.0	-90.0	0.304358	-0.087543	0.316698	-16.046943	0.0	-0.498076	0.498076	-90.0	0.304358	-0.087543	0.316698	-16.046943	349076.274889
330000.0	1.0	0.0	0.0	0.0	-90.0	0.303856	-0.088637	0.31652	-16.26232	0.0	-0.499952	0.499952	-90.0	0.303856	-0.088637	0.31652	-16.26232	349074.850094
335000.0	1.0	0.0	0.0	0.0	-90.0	0.303331	-0.089723	0.316323	-16.477856	0.0	-0.501818	0.501818	-90.0	0.303331	-0.089723	0.316323	-16.477856	349073.407683
340000.0	1.0	0.0	0.0	0.0	-90.0	0.30285	-0.090821	0.316174	-16.693288	0.0	-0.503944	0.503944	-90.0	0.30285	-0.090821	0.316174	-16.693288	349071.976771
345000.0	1.0	0.0	0.0	0.0	-90.0	0.302344	-0.091911	0.316006	-16.908958	0.0	-0.506073	0.506073	-90.0	0.302344	-0.091911	0.316006	-16.908961	349070.553292
350000.0	1.0	0.0	0.0	0.0	-90.0	0.301807	-0.092992	0.315808	-17.124964	0.0	-0.508248	0.508248	-90.0	0.301807	-0.092992	0.315808	-17.124964	349069.069212
355000.0	1.0	0.0	0.0	0.0	-90.0	0.301326	-0.094083	0.315673	-17.339918	0.0	-0.510701	0.510701	-90.0	0.301326	-0.094083	0.315673	-17.339909	349067.6057
360000.0	1.0	0.0	0.0	0.0	-90.0	0.300811	-0.095161	0.315504	-17.554668	0.0	-0.51308	0.51308	-90.0	0.300811	-0.095161	0.315504	-17.554668	349066.153856
365000.0	1.0	0.0	0.0	0.0	-90.0	0.300253	-0.09623	0.315297	-17.770439	0.0	-0.515377	0.515377	-90.0	0.300253	-0.09623	0.315297	-17.770439	349064.727496
370000.0	1.0	0.0	0.0	0.0	-90.0	0.299717	-0.097302	0.315116	-17.985799	0.0	-0.517886	0.517886	-90.0	0.299717	-0.097302	0.315116	-17.985797	349063.273471
375000.0	1.0	0.0	0.0	0.0	-90.0	0.299203	-0.098381	0.314963	-18.201342	0.0	-0.520531	0.520531	-90.0	0.299203	-0.098381	0.314963	-18.201341	349061.838617
380000.0	1.0	0.0	0.0	0.0	-90.0	0.298675	-0.099447	0.314796	-18.415673	0.0	-0.523298	0.523298	-90.0	0.298675	-0.099447	0.314796	-18.415673	349060.394296
385000.0	1.0	0.0	0.0	0.0	-90.0	0.298138	-0.100513	0.314625	-18.630836	0.0	-0.526105	0.526105	-90.0	0.298138	-0.100513	0.314625	-18.630836	349058.950451
390000.0	1.0	0.0	0.0	0.0	-90.0	0.297582	-0.10157	0.314439	-18.845702	0.0	-0.529013	0.529013	-90.0	0.297582	-0.10157	0.314439	-18.845702	349057.511403
395000.0	1.0	0.0	0.0	0.0	-90.0	0.297032	-0.102629	0.314263	-19.060804	0.0	-0.53208	0.53208	-90.0	0.297032	-0.102629	0.314262	-19.060805	349056.065517
400000.0	1.0	0.0	0.0	0.0	-90.0	0.296495	-0.10369	0.314103	-19.275679	0.0	-0.535375	0.535375	-90.0	0.296495	-0.10369	0.314103	-19.275679	349054.606193
405000.0	1.0	0.0	0.0	0.0	-90.0	0.29594	-0.104742	0.313929	-19.490344	0.0	-0.53874	0.53874	-90.0	0.29594	-0.104742	0.313929	-19.490344	349053.134917
410000.0	1.0	0.0	0.0	0.0	-90.0	0.29536	-0.105784	0.313732	-19.705132	0.0	-0.542212	0.542212	-90.0	0.29536	-0.105784	0.313732	-19.705132	349051.703881
415000.0	1.0	0.0	0.0	0.0	-90.0	0.2948	-0.106832	0.31356	-19.919935	0.0	-0.545936	0.545936	-90.0	0.294799	-0.106832	0.31356	-19.919932	349050.24755
420000.0	1.0	0.0	0.0	0.0	-90.0	0.294236	-0.107874	0.313387	-20.134117	0.0	-0.549794	0.549794	-90.0	0.294236	-0.107874	0.313387	-20.134119	349048.801364
425000.0	1.0	0.0	0.0	0.0	-90.0	0.293657	-0.108911	0.313203	-20.348672	0.0	-0.553866	0.553866	-90.0	0.293657	-0.108911	0.313203	-20.348667	349047.398376
430000.0	1.0	0.0	0.0	0.0	-90.0	0.293062	-0.109943	0.313006	-20.56367	0.0	-0.558145	0.558145	-90.0	0.293062	-0.109943	0.313006	-20.56367	349045.949682
435000.0	1.0	0.0	0.0	0.0	-90.0	0.29251	-0.110983	0.312857	-20.777522	0.0	-0.562948	0.562948	-90.0	0.29251	-0.110983	0.312857	-20.777522	349044.47942
440000.0	1.0	0.0	0.0	0.0	-90.0	0.291947	-0.112015	0.312699	-20.990985	0.0	-0.567896	0.567896	-90.0	0.291947	-0.112015	0.312699	-20.990985	349043.017032
445000.0	1.0	0.0	0.0	0.0	-90.0	0.291371	-0.113045	0.312531	-21.205034	0.0	-0.573116	0.573116	-90.0	0.291371	-0.113045	0.312531	-21.205027	349041.614862
450000.0	1.0	0.0	0.0	0.0	-90.0	0.290777	-0.114061	0.312348	-21.418182	0.0	-0.578591	0.578591	-90.0	0.290777	-0.114061	0.312348	-21.418177	349040.194819
455000.0	1.0	0.0	0.0	0.0	-90.0	0.290175	-0.115077	0.31216	-21.632132	0.0	-0.584614	0.584614	-90.0	0.290175	-0.115077	0.31216	-21.632132	349038.756312
460000.0	1.0	0.0	0.0	0.0	-90.0	0.289576	-0.116087	0.311978	-21.845167	0.0	-0.591071	0.591071	-90.0	0.289576	-0.116087	0.311978	-21.845167	349037.337979
465000.0	1.0	0.0	0.0	0.0	-90.0	0.288963	-0.11709	0.311785	-22.058072	0.0	-0.598015	0.598015	-90.0	0.288963	-0.11709	0.311785	-22.058072	349035.926918
470000.0	1.0	0.0	0.0	0.0	-90.0	0.288346	-0.118081	0.311587	-22.269706	0.0	-0.605588	0.605588	-90.0	0.288346	-0.118081	0.311587	-22.269706	349034.476515
475000.0	1.0	0.0	0.0	0.0	-90.0	0.287762	-0.119077	0.311426	-22.479922	0.0	-0.61745	0.61745	-90.0	0.287762	-0.119077	0.311426	-22.479899	349033.023248
480000.0	1.0	0.0	0.0	0.0	-90.0	0.287139	-0.120074	0.311234	-22.693332	0.0	-0.62393	0.62393	-90.0	0.287139	-0.120074	0.311234	-22.693319	349031.535425
485000.0	1.0	0.0	0.0	0.0	-90.0	0.286508	-0.121054	0.311032	-22.904801	0.0	-0.636442	0.636442	-90.0	0.286508	-0.121054	0.311032	-22.904801	349030.080394
490000.0	1.0	0.0	0.0	0.0	-90.0	0.285861	-0.122017	0.310813	-23.114738	0.0	-0.650876	0.650876	-90.0	0.285861	-0.122017	0.310813	-23.114738	349028.600652
495000.0	1.0	0.0	0.0	0.0	-90.0	0.285241	-0.122978	0.310622	-23.322691	0.0	-0.66369	0.66369	-90.0	0.285241	-0.122978	0.310622	-23.322691	349027.154857
500000.0	1.0	0.0	0.0	0.0	-90.0	0.284588	-0.123922	0.310398	-23.530454	0.0	-0.689455	0.689455	-90.0	0.284588	-0.123922	0.310398	-23.530454	349025.671315
