# Oscilator_frequency (Hz)	DemodAll_A (-)	Demod_1_X_A (A)	Demod_1_Y_A (A)	Demod_1__R_A (A)	Demod_1__Theta_A (deg)	Demod_2_X_A (A)	Demod_2_Y_A (A)	Demod_2__R_A (A)	Demod_2__Theta_A (deg)	Demod_3_X_A (V)	Demod_3_Y_A (V)	Demod_3__R_A (V)	Demod_3__Theta_A (deg)	Demod_4_X_A (V)	Demod_4_Y_A (V)	Demod_4__R_A (V)	Demod_4__Theta_A (deg)	Timer_GET (s)
1.0	1.0	0.0	0.0	0.0	-90.0	0.115333	-0.048487	0.125111	-22.802448	0.0	-0.124753	0.124753	-90.0	0.115333	-0.048487	0.125111	-22.802448	329481.468108
2.0	1.0	0.0	0.0	0.0	-90.0	0.538743	0.133956	0.555147	13.963152	0.0	0.623203	0.623203	90.0	0.538743	0.133956	0.555147	13.963152	329480.036398
3.0	1.0	0.0	0.0	0.0	-90.0	0.491955	0.22568	0.54125	24.642879	0.0	0.571487	0.571487	90.0	0.485559	0.245187	0.543953	26.791909	329478.606513
4.0	1.0	0.0	0.0	0.0	-90.0	0.481975	0.123264	0.497488	14.345735	0.0	-0.469371	0.469371	-90.0	0.481975	0.123264	0.497488	14.345735	329477.179094
5.0	1.0	0.0	0.0	0.0	-90.0	0.471248	0.10461	0.482719	12.515914	0.0	-0.335114	0.335114	-90.0	0.480168	0.107409	0.492034	12.608949	329475.738399
6.0	1.0	0.0	0.0	0.0	-90.0	0.469623	0.096138	0.479362	11.569292	0.0	0.147808	0.147808	90.0	0.469623	0.096138	0.479362	11.569292	329474.30457
7.0	1.0	0.0	0.0	0.0	-90.0	0.480749	0.083133	0.487884	9.810744	0.0	-0.113825	0.113825	-90.0	0.480749	0.083133	0.487884	9.810744	329472.90031
8.0	1.0	0.0	0.0	0.0	-90.0	0.485684	0.070575	0.490785	8.267762	0.0	0.041205	0.041205	90.0	0.485684	0.070575	0.490785	8.267761	329471.446634
9.0	1.0	0.0	0.0	0.0	-90.0	0.488406	0.062053	0.492332	7.240806	0.0	-0.040295	0.040295	-90.0	0.488406	0.062053	0.492332	7.240806	329470.01118
10.0	1.0	0.0	0.0	0.0	-90.0	0.490298	0.054347	0.493301	6.325145	0.0	-0.01824	0.01824	-90.0	0.490298	0.054347	0.493301	6.325145	329468.575676
11.0	1.0	0.0	0.0	0.0	-90.0	0.491445	0.047842	0.493768	5.560167	0.0	-0.006524	0.006524	-90.0	0.491715	0.047777	0.494031	5.549663	329467.123766
12.0	1.0	0.0	0.0	0.0	-90.0	0.492156	0.042425	0.493981	4.926891	0.0	0.004418	0.004418	90.0	0.492156	0.042425	0.493981	4.926891	329465.644726
13.0	1.0	0.0	0.0	0.0	-90.0	0.49258	0.037795	0.494028	4.387583	0.0	0.001463	0.001463	90.0	0.49258	0.037795	0.494028	4.387583	329464.196748
14.0	1.0	0.0	0.0	0.0	-90.0	0.492847	0.033807	0.494005	3.92412	0.0	0.001933	0.001933	90.0	0.492847	0.033807	0.494005	3.92412	329462.777791
15.0	1.0	0.0	0.0	0.0	-90.0	0.492868	0.030352	0.493801	3.523969	0.0	0.00189	0.00189	90.0	0.492882	0.030345	0.493815	3.523006	329461.294625
16.0	1.0	0.0	0.0	0.0	-90.0	0.49258	0.027132	0.493327	3.152792	0.0	0.001505	0.001505	90.0	0.49258	0.027132	0.493327	3.152792	329459.863704
17.0	1.0	0.0	0.0	0.0	-90.0	0.492407	0.024568	0.49302	2.856303	0.0	0.00266	0.00266	90.0	0.492402	0.024557	0.493014	2.855122	329458.421183
18.0	1.0	0.0	0.0	0.0	-90.0	0.492326	0.021937	0.492814	2.5513	0.0	0.002525	0.002525	90.0	0.492326	0.021937	0.492814	2.5513	329457.002127
19.0	1.0	0.0	0.0	0.0	-90.0	0.492131	0.019931	0.492535	2.319119	0.0	0.002488	0.002488	90.0	0.492131	0.019931	0.492535	2.319119	329455.521116
20.0	1.0	0.0	0.0	0.0	-90.0	0.491832	0.017975	0.49216	2.093024	0.0	0.002205	0.002205	90.0	0.491832	0.017975	0.49216	2.093024	329454.074955
21.0	1.0	0.0	0.0	0.0	-90.0	0.491577	0.016193	0.491844	1.886722	0.0	0.002142	0.002142	90.0	0.491577	0.016193	0.491844	1.886722	329452.605437
22.0	1.0	0.0	0.0	0.0	-90.0	0.491195	0.014606	0.491413	1.703166	0.0	0.002081	0.002081	90.0	0.491195	0.014606	0.491413	1.703166	329451.163094
23.0	1.0	0.0	0.0	0.0	-90.0	0.49097	0.013105	0.491145	1.529031	0.0	0.001603	0.001603	90.0	0.49097	0.013105	0.491145	1.529031	329449.721253
24.0	1.0	0.0	0.0	0.0	-90.0	0.490598	0.011739	0.490738	1.370754	0.0	0.002601	0.002601	90.0	0.490598	0.011739	0.490738	1.370754	329448.27205
25.0	1.0	0.0	0.0	0.0	-90.0	0.490357	0.010555	0.490471	1.233108	0.0	0.002095	0.002095	90.0	0.490357	0.010555	0.490471	1.233107	329446.849405
26.0	1.0	0.0	0.0	0.0	-90.0	0.489996	0.009372	0.490085	1.095703	0.0	0.002472	0.002472	90.0	0.489996	0.009372	0.490085	1.095703	329445.430408
27.0	1.0	0.0	0.0	0.0	-90.0	0.489617	0.008475	0.48969	0.991619	0.0	0.001809	0.001809	90.0	0.489617	0.008475	0.48969	0.991619	329444.007464
28.0	1.0	0.0	0.0	0.0	-90.0	0.489234	0.0073	0.489289	0.854882	0.0	0.002196	0.002196	90.0	0.489232	0.007303	0.489286	0.855167	329442.561517
29.0	1.0	0.0	0.0	0.0	-90.0	0.489048	0.00637	0.48909	0.746285	0.0	0.002225	0.002225	90.0	0.489048	0.00637	0.48909	0.746285	329441.110192
30.0	1.0	0.0	0.0	0.0	-90.0	0.488714	0.005743	0.488747	0.67324	0.0	0.002179	0.002179	90.0	0.488714	0.005743	0.488747	0.673239	329439.67817
31.0	1.0	0.0	0.0	0.0	-90.0	0.488328	0.004829	0.488352	0.566622	0.0	0.002125	0.002125	90.0	0.488328	0.004829	0.488352	0.566622	329438.218171
32.0	1.0	0.0	0.0	0.0	-90.0	0.488093	0.004177	0.488111	0.490344	0.0	0.002119	0.002119	90.0	0.488093	0.004177	0.488111	0.490344	329436.794963
33.0	1.0	0.0	0.0	0.0	-90.0	0.487868	0.003394	0.48788	0.398582	0.0	0.002146	0.002146	90.0	0.487815	0.003352	0.487826	0.393709	329435.356797
34.0	1.0	0.0	0.0	0.0	-90.0	0.487396	0.002636	0.487403	0.309885	0.0	0.002082	0.002082	90.0	0.487396	0.002636	0.487403	0.309885	329433.908792
35.0	1.0	0.0	0.0	0.0	-90.0	0.487075	0.002214	0.48708	0.260445	0.0	0.002126	0.002126	90.0	0.487075	0.002214	0.48708	0.260445	329432.418089
36.0	1.0	0.0	0.0	0.0	-90.0	0.48669	0.00191	0.486694	0.224855	0.0	0.0021	0.0021	90.0	0.48669	0.00191	0.486694	0.224855	329430.994034
37.0	1.0	0.0	0.0	0.0	-90.0	0.486558	0.001021	0.486559	0.120283	0.0	0.002132	0.002132	90.0	0.486558	0.001021	0.486559	0.120283	329429.546753
38.0	1.0	0.0	0.0	0.0	-90.0	0.486811	-3e-06	0.486811	-0.000323	0.0	0.002106	0.002106	90.0	0.486811	-3e-06	0.486811	-0.000323	329428.105055
39.0	1.0	0.0	0.0	0.0	-90.0	0.484935	0.000199	0.484935	0.02346	0.0	0.002112	0.002112	90.0	0.484935	0.000199	0.484935	0.02346	329426.65601
40.0	1.0	0.0	0.0	0.0	-90.0	0.487397	-0.001587	0.4874	-0.186613	0.0	0.002137	0.002137	90.0	0.487492	-0.002558	0.487498	-0.300635	329425.215274
41.0	1.0	0.0	0.0	0.0	-90.0	0.481465	-0.000309	0.481465	-0.036727	0.0	0.002081	0.002081	90.0	0.481465	-0.000309	0.481465	-0.036727	329423.753343
42.0	1.0	0.0	0.0	0.0	-90.0	0.48688	-0.009337	0.48697	-1.098633	0.0	0.002096	0.002096	90.0	0.484904	-0.010523	0.485018	-1.243223	329422.328593
43.0	1.0	0.0	0.0	0.0	-90.0	0.48302	0.010874	0.483143	1.289639	0.0	0.00215	0.00215	90.0	0.48302	0.010874	0.483143	1.289639	329420.879105
44.0	1.0	0.0	0.0	0.0	-90.0	0.473405	0.013061	0.473585	1.580391	0.0	0.002093	0.002093	90.0	0.473405	0.013061	0.473585	1.580391	329419.417404
45.0	1.0	0.0	0.0	0.0	-90.0	0.509294	-0.018417	0.509627	-2.07098	0.0	0.002134	0.002134	90.0	0.509294	-0.018417	0.509627	-2.07098	329417.964895
46.0	1.0	0.0	0.0	0.0	-90.0	0.525463	-0.002032	0.525467	-0.221531	0.0	0.002119	0.002119	90.0	0.525463	-0.002032	0.525467	-0.221531	329416.539865
47.0	1.0	0.0	0.0	0.0	-90.0	0.431619	0.003083	0.43163	0.409266	0.0	0.002106	0.002106	90.0	0.431619	0.003083	0.43163	0.409266	329415.098102
48.0	1.0	0.0	0.0	0.0	-90.0	0.427281	0.033636	0.428603	4.50107	0.0	0.002107	0.002107	90.0	0.427281	0.033636	0.428603	4.50107	329413.67576
49.0	1.0	0.0	0.0	0.0	-90.0	0.51794	-0.071433	0.522843	-7.852536	0.0	0.00217	0.00217	90.0	0.516065	-0.072501	0.521133	-7.997002	329412.25351
50.0	1.0	0.0	0.0	0.0	-90.0	0.43317	-0.065486	0.438092	-8.596826	0.0	0.002137	0.002137	90.0	0.43317	-0.065486	0.438092	-8.596826	329410.805378
51.0	1.0	0.0	0.0	0.0	-90.0	0.54699	-0.045391	0.54887	-4.743742	0.0	0.002173	0.002173	90.0	0.547658	-0.044484	0.549462	-4.643738	329409.354687
52.0	1.0	0.0	0.0	0.0	-90.0	0.420778	-0.028894	0.421769	-3.928237	0.0	0.002161	0.002161	90.0	0.420778	-0.028894	0.421769	-3.928237	329407.944235
53.0	1.0	0.0	0.0	0.0	-90.0	0.495192	-0.057471	0.498516	-6.619997	0.0	0.002112	0.002112	90.0	0.495192	-0.057471	0.498516	-6.619997	329406.477414
54.0	1.0	0.0	0.0	0.0	-90.0	0.470759	0.034839	0.472047	4.23257	0.0	0.002191	0.002191	90.0	0.470759	0.034839	0.472047	4.23257	329405.041704
55.0	1.0	0.0	0.0	0.0	-90.0	0.467542	0.017678	0.467876	2.165295	0.0	0.002194	0.002194	90.0	0.467542	0.017678	0.467876	2.165295	329403.593347
56.0	1.0	0.0	0.0	0.0	-90.0	0.497591	-0.015903	0.497845	-1.830595	0.0	0.002198	0.002198	90.0	0.500579	-0.013705	0.500767	-1.568316	329402.124431
57.0	1.0	0.0	0.0	0.0	-90.0	0.4942	-0.012959	0.49437	-1.502069	0.0	0.002198	0.002198	90.0	0.4942	-0.012959	0.49437	-1.502069	329400.685315
58.0	1.0	0.0	0.0	0.0	-90.0	0.48052	0.001589	0.480523	0.189497	0.0	0.002213	0.002213	90.0	0.48052	0.001589	0.480523	0.189497	329399.220697
59.0	1.0	0.0	0.0	0.0	-90.0	0.483138	-0.010635	0.483255	-1.261018	0.0	0.002188	0.002188	90.0	0.483138	-0.010635	0.483255	-1.261019	329397.804232
60.0	1.0	0.0	0.0	0.0	-90.0	0.479555	-0.00575	0.479589	-0.68692	0.0	0.002203	0.002203	90.0	0.479555	-0.00575	0.479589	-0.68692	329396.307808
61.0	1.0	0.0	0.0	0.0	-90.0	0.481993	-0.005065	0.482019	-0.6021	0.0	0.002169	0.002169	90.0	0.481993	-0.005065	0.482019	-0.6021	329394.868257
62.0	1.0	0.0	0.0	0.0	-90.0	0.480276	-0.006549	0.48032	-0.781174	0.0	0.002278	0.002278	90.0	0.480276	-0.006549	0.48032	-0.781174	329393.398395
63.0	1.0	0.0	0.0	0.0	-90.0	0.481446	-0.007102	0.481499	-0.845174	0.0	0.003295	0.003295	90.0	0.481446	-0.007102	0.481499	-0.845174	329391.962857
64.0	1.0	0.0	0.0	0.0	-90.0	0.48086	-0.007197	0.480913	-0.857449	0.0	0.001289	0.001289	90.0	0.48086	-0.007197	0.480913	-0.857449	329390.515523
65.0	1.0	0.0	0.0	0.0	-90.0	0.480723	-0.007047	0.480774	-0.839865	0.0	0.002079	0.002079	90.0	0.480723	-0.007047	0.480774	-0.839865	329389.085715
66.0	1.0	0.0	0.0	0.0	-90.0	0.480413	-0.007101	0.480466	-0.846843	0.0	0.002174	0.002174	90.0	0.480413	-0.007101	0.480466	-0.846843	329387.639505
67.0	1.0	0.0	0.0	0.0	-90.0	0.480289	-0.00733	0.480345	-0.874304	0.0	0.002238	0.002238	90.0	0.480343	-0.007309	0.480399	-0.87174	329386.199273
68.0	1.0	0.0	0.0	0.0	-90.0	0.480085	-0.007452	0.480143	-0.88929	0.0	0.00219	0.00219	90.0	0.480085	-0.007452	0.480143	-0.88929	329384.765786
69.0	1.0	0.0	0.0	0.0	-90.0	0.479774	-0.007682	0.479835	-0.917321	0.0	0.002165	0.002165	90.0	0.479791	-0.007703	0.479853	-0.919759	329383.309302
70.0	1.0	0.0	0.0	0.0	-90.0	0.479762	-0.007745	0.479825	-0.924837	0.0	0.002284	0.002284	90.0	0.479762	-0.007745	0.479825	-0.924837	329381.86481
71.0	1.0	0.0	0.0	0.0	-90.0	0.479787	-0.007862	0.479851	-0.938754	0.0	0.002165	0.002165	90.0	0.479787	-0.007862	0.479851	-0.938754	329380.431736
72.0	1.0	0.0	0.0	0.0	-90.0	0.479555	-0.008216	0.479625	-0.981523	0.0	0.002196	0.002196	90.0	0.479555	-0.008216	0.479625	-0.981523	329379.004124
73.0	1.0	0.0	0.0	0.0	-90.0	0.479394	-0.008178	0.479463	-0.977318	0.0	0.002238	0.002238	90.0	0.479394	-0.008178	0.479463	-0.977318	329377.552111
74.0	1.0	0.0	0.0	0.0	-90.0	0.479172	-0.008441	0.479246	-1.00921	0.0	0.002195	0.002195	90.0	0.479172	-0.008441	0.479246	-1.00921	329376.101466
75.0	1.0	0.0	0.0	0.0	-90.0	0.479074	-0.00856	0.47915	-1.023612	0.0	0.002211	0.002211	90.0	0.479074	-0.00856	0.47915	-1.023612	329374.622323
76.0	1.0	0.0	0.0	0.0	-90.0	0.479055	-0.00863	0.479133	-1.032068	0.0	0.002288	0.002288	90.0	0.479055	-0.00863	0.479133	-1.032068	329373.186051
77.0	1.0	0.0	0.0	0.0	-90.0	0.478759	-0.008771	0.47884	-1.04955	0.0	0.002218	0.002218	90.0	0.478759	-0.008771	0.47884	-1.04955	329371.729014
78.0	1.0	0.0	0.0	0.0	-90.0	0.478723	-0.008798	0.478804	-1.052815	0.0	0.002275	0.002275	90.0	0.478723	-0.008798	0.478804	-1.052816	329370.289053
79.0	1.0	0.0	0.0	0.0	-90.0	0.47861	-0.008921	0.478693	-1.067861	0.0	0.002201	0.002201	90.0	0.47861	-0.008921	0.478693	-1.067861	329368.865128
80.0	1.0	0.0	0.0	0.0	-90.0	0.478475	-0.009018	0.47856	-1.079775	0.0	0.0022	0.0022	90.0	0.478475	-0.009018	0.47856	-1.079775	329367.434991
81.0	1.0	0.0	0.0	0.0	-90.0	0.478245	-0.00914	0.478332	-1.094876	0.0	0.002384	0.002384	90.0	0.478245	-0.00914	0.478332	-1.094876	329365.998046
82.0	1.0	0.0	0.0	0.0	-90.0	0.478136	-0.009176	0.478224	-1.099487	0.0	0.000247	0.000247	90.0	0.478136	-0.009176	0.478224	-1.099487	329364.560874
83.0	1.0	0.0	0.0	0.0	-90.0	0.478022	-0.009227	0.478111	-1.105857	0.0	0.003598	0.003598	90.0	0.478022	-0.009227	0.478111	-1.105857	329363.128345
84.0	1.0	0.0	0.0	0.0	-90.0	0.477746	-0.009148	0.477834	-1.09695	0.0	0.006963	0.006963	90.0	0.477746	-0.009148	0.477834	-1.09695	329361.700536
85.0	1.0	0.0	0.0	0.0	-90.0	0.4777	-0.009274	0.47779	-1.11215	0.0	0.001002	0.001002	90.0	0.4777	-0.009274	0.47779	-1.11215	329360.24167
86.0	1.0	0.0	0.0	0.0	-90.0	0.477618	-0.009656	0.477715	-1.158199	0.0	0.003081	0.003081	90.0	0.477618	-0.009656	0.477715	-1.158199	329358.702871
87.0	1.0	0.0	0.0	0.0	-90.0	0.477588	-0.009799	0.477688	-1.175367	0.0	-0.000941	0.000941	-90.0	0.477588	-0.009799	0.477688	-1.175366	329357.265285
88.0	1.0	0.0	0.0	0.0	-90.0	0.477434	-0.009885	0.477536	-1.186125	0.0	0.002281	0.002281	90.0	0.477434	-0.009885	0.477536	-1.186125	329355.821876
89.0	1.0	0.0	0.0	0.0	-90.0	0.477325	-0.009992	0.477429	-1.199269	0.0	0.0023	0.0023	90.0	0.477325	-0.009992	0.477429	-1.199269	329354.393463
90.0	1.0	0.0	0.0	0.0	-90.0	0.477216	-0.010015	0.477321	-1.202267	0.0	0.002298	0.002298	90.0	0.477216	-0.010015	0.477321	-1.202267	329352.951126
91.0	1.0	0.0	0.0	0.0	-90.0	0.477154	-0.01013	0.477262	-1.216229	0.0	0.002331	0.002331	90.0	0.477154	-0.01013	0.477262	-1.216229	329351.511384
92.0	1.0	0.0	0.0	0.0	-90.0	0.47701	-0.010218	0.47712	-1.227111	0.0	0.002365	0.002365	90.0	0.47701	-0.010218	0.47712	-1.227111	329350.096993
93.0	1.0	0.0	0.0	0.0	-90.0	0.47686	-0.01029	0.476971	-1.236146	0.0	0.002294	0.002294	90.0	0.47686	-0.01029	0.476971	-1.236146	329348.603049
94.0	1.0	0.0	0.0	0.0	-90.0	0.476758	-0.010367	0.476871	-1.245686	0.0	0.002318	0.002318	90.0	0.476758	-0.010367	0.476871	-1.245686	329347.175297
95.0	1.0	0.0	0.0	0.0	-90.0	0.476575	-0.010348	0.476687	-1.243906	0.0	0.002275	0.002275	90.0	0.476575	-0.010348	0.476687	-1.243906	329345.750079
96.0	1.0	0.0	0.0	0.0	-90.0	0.476437	-0.01053	0.476554	-1.266069	0.0	0.00228	0.00228	90.0	0.476437	-0.01053	0.476554	-1.266069	329344.315666
97.0	1.0	0.0	0.0	0.0	-90.0	0.476569	-0.010498	0.476685	-1.261938	0.0	0.002339	0.002339	90.0	0.476569	-0.010498	0.476685	-1.261938	329342.898866
98.0	1.0	0.0	0.0	0.0	-90.0	0.476482	-0.010585	0.476599	-1.272657	0.0	0.00232	0.00232	90.0	0.476482	-0.010585	0.476599	-1.272657	329341.431303
99.0	1.0	0.0	0.0	0.0	-90.0	0.475967	-0.010668	0.476086	-1.283955	0.0	0.002238	0.002238	90.0	0.475967	-0.010668	0.476086	-1.283955	329339.961961
100.0	1.0	0.0	0.0	0.0	-90.0	0.475986	-0.010582	0.476104	-1.27362	0.0	0.002149	0.002149	90.0	0.475986	-0.010583	0.476104	-1.273719	329338.514843
101.0	1.0	0.0	0.0	0.0	-90.0	0.475872	-0.011018	0.475999	-1.326402	0.0	0.002492	0.002492	90.0	0.475876	-0.011023	0.476004	-1.32697	329337.087983
102.0	1.0	0.0	0.0	0.0	-90.0	0.475731	-0.01083	0.475855	-1.304058	0.0	0.00228	0.00228	90.0	0.475731	-0.01083	0.475855	-1.304058	329335.633065
103.0	1.0	0.0	0.0	0.0	-90.0	0.475687	-0.011108	0.475817	-1.33768	0.0	0.002489	0.002489	90.0	0.475687	-0.011108	0.475817	-1.33768	329334.172814
104.0	1.0	0.0	0.0	0.0	-90.0	0.475712	-0.010944	0.475838	-1.317868	0.0	0.00228	0.00228	90.0	0.475712	-0.010944	0.475838	-1.317868	329332.758066
105.0	1.0	0.0	0.0	0.0	-90.0	0.475624	-0.011	0.475751	-1.324852	0.0	0.002304	0.002304	90.0	0.475624	-0.011	0.475751	-1.324852	329331.324463
106.0	1.0	0.0	0.0	0.0	-90.0	0.475399	-0.011136	0.475529	-1.341906	0.0	0.002405	0.002405	90.0	0.475396	-0.011152	0.475527	-1.343817	329329.906705
107.0	1.0	0.0	0.0	0.0	-90.0	0.475279	-0.011195	0.475411	-1.349309	0.0	0.002384	0.002384	90.0	0.475279	-0.011195	0.475411	-1.349309	329328.466346
108.0	1.0	0.0	0.0	0.0	-90.0	0.475243	-0.011256	0.475376	-1.356758	0.0	0.002413	0.002413	90.0	0.475249	-0.011257	0.475382	-1.356875	329327.018189
109.0	1.0	0.0	0.0	0.0	-90.0	0.475117	-0.01135	0.475253	-1.368492	0.0	0.00241	0.00241	90.0	0.475117	-0.01135	0.475253	-1.368492	329325.584148
110.0	1.0	0.0	0.0	0.0	-90.0	0.47505	-0.011376	0.475186	-1.371806	0.0	0.002501	0.002501	90.0	0.47505	-0.011376	0.475186	-1.371806	329324.107052
111.0	1.0	0.0	0.0	0.0	-90.0	0.474908	-0.011411	0.475045	-1.376456	0.0	0.002194	0.002194	90.0	0.474908	-0.011411	0.475045	-1.376456	329322.67434
112.0	1.0	0.0	0.0	0.0	-90.0	0.474812	-0.011489	0.474951	-1.386058	0.0	0.000908	0.000908	90.0	0.474812	-0.011489	0.474951	-1.386058	329321.235049
113.0	1.0	0.0	0.0	0.0	-90.0	0.474766	-0.011575	0.474907	-1.396604	0.0	0.002231	0.002231	90.0	0.474766	-0.011575	0.474907	-1.396604	329319.803404
114.0	1.0	0.0	0.0	0.0	-90.0	0.474665	-0.011641	0.474808	-1.404927	0.0	0.002423	0.002423	90.0	0.474665	-0.011641	0.474808	-1.404927	329318.375133
115.0	1.0	0.0	0.0	0.0	-90.0	0.474547	-0.011674	0.47469	-1.40925	0.0	0.002478	0.002478	90.0	0.474547	-0.011674	0.47469	-1.40925	329316.935969
116.0	1.0	0.0	0.0	0.0	-90.0	0.474466	-0.011717	0.47461	-1.414655	0.0	0.002723	0.002723	90.0	0.474466	-0.011717	0.47461	-1.414655	329315.526462
117.0	1.0	0.0	0.0	0.0	-90.0	0.474413	-0.01176	0.474559	-1.41999	0.0	0.003523	0.003523	90.0	0.474413	-0.01176	0.474559	-1.41999	329314.10564
118.0	1.0	0.0	0.0	0.0	-90.0	0.474334	-0.011838	0.474482	-1.429626	0.0	0.001512	0.001512	90.0	0.474334	-0.011838	0.474482	-1.429626	329312.664287
119.0	1.0	0.0	0.0	0.0	-90.0	0.474281	-0.011836	0.474428	-1.429567	0.0	0.002414	0.002414	90.0	0.474281	-0.011836	0.474428	-1.429567	329311.260147
120.0	1.0	0.0	0.0	0.0	-90.0	0.474206	-0.011888	0.474355	-1.436082	0.0	0.002479	0.002479	90.0	0.474206	-0.011888	0.474355	-1.436082	329309.828905
121.0	1.0	0.0	0.0	0.0	-90.0	0.474079	-0.011914	0.474228	-1.439628	0.0	0.002514	0.002514	90.0	0.474078	-0.011914	0.474227	-1.439631	329308.394947
122.0	1.0	0.0	0.0	0.0	-90.0	0.47398	-0.012012	0.474132	-1.451695	0.0	0.002554	0.002554	90.0	0.47398	-0.012012	0.474132	-1.451695	329306.961967
123.0	1.0	0.0	0.0	0.0	-90.0	0.473919	-0.012076	0.474072	-1.459592	0.0	0.005134	0.005134	90.0	0.47392	-0.012076	0.474073	-1.459654	329305.507621
124.0	1.0	0.0	0.0	0.0	-90.0	0.473791	-0.01209	0.473945	-1.461753	0.0	0.001456	0.001456	90.0	0.473791	-0.01209	0.473945	-1.461753	329304.068175
125.0	1.0	0.0	0.0	0.0	-90.0	0.473711	-0.012119	0.473866	-1.46546	0.0	0.002562	0.002562	90.0	0.473711	-0.012119	0.473866	-1.46546	329302.615225
126.0	1.0	0.0	0.0	0.0	-90.0	0.473585	-0.012186	0.473742	-1.473965	0.0	0.002551	0.002551	90.0	0.473585	-0.012186	0.473742	-1.473965	329301.157428
127.0	1.0	0.0	0.0	0.0	-90.0	0.473498	-0.012208	0.473656	-1.476879	0.0	0.002532	0.002532	90.0	0.473499	-0.012207	0.473656	-1.476824	329299.697252
128.0	1.0	0.0	0.0	0.0	-90.0	0.473396	-0.012193	0.473553	-1.475449	0.0	0.002584	0.002584	90.0	0.473396	-0.012193	0.473553	-1.475449	329298.273622
129.0	1.0	0.0	0.0	0.0	-90.0	0.473325	-0.012294	0.473484	-1.487898	0.0	0.002551	0.002551	90.0	0.473324	-0.012294	0.473484	-1.487885	329296.823703
130.0	1.0	0.0	0.0	0.0	-90.0	0.473274	-0.012346	0.473435	-1.494338	0.0	0.002555	0.002555	90.0	0.473274	-0.012346	0.473435	-1.494338	329295.394346
131.0	1.0	0.0	0.0	0.0	-90.0	0.473197	-0.012366	0.473358	-1.49701	0.0	0.00255	0.00255	90.0	0.473197	-0.012366	0.473358	-1.49701	329293.950268
132.0	1.0	0.0	0.0	0.0	-90.0	0.473137	-0.012381	0.473299	-1.498985	0.0	0.002435	0.002435	90.0	0.473137	-0.012381	0.473299	-1.498985	329292.495661
133.0	1.0	0.0	0.0	0.0	-90.0	0.47308	-0.012429	0.473244	-1.505004	0.0	0.002515	0.002515	90.0	0.47308	-0.012429	0.473244	-1.505004	329291.059933
134.0	1.0	0.0	0.0	0.0	-90.0	0.472978	-0.012485	0.473143	-1.512047	0.0	0.002524	0.002524	90.0	0.472978	-0.012485	0.473143	-1.512047	329289.598481
135.0	1.0	0.0	0.0	0.0	-90.0	0.472888	-0.01251	0.473053	-1.515344	0.0	0.002589	0.002589	90.0	0.472888	-0.01251	0.473053	-1.515344	329288.171955
136.0	1.0	0.0	0.0	0.0	-90.0	0.472836	-0.012563	0.473003	-1.521908	0.0	0.002595	0.002595	90.0	0.472836	-0.012563	0.473003	-1.521908	329286.732494
137.0	1.0	0.0	0.0	0.0	-90.0	0.472729	-0.012601	0.472897	-1.52687	0.0	0.0026	0.0026	90.0	0.472729	-0.012601	0.472897	-1.52687	329285.309264
138.0	1.0	0.0	0.0	0.0	-90.0	0.472659	-0.012655	0.472828	-1.533721	0.0	0.002664	0.002664	90.0	0.472659	-0.012655	0.472828	-1.533721	329283.89907
139.0	1.0	0.0	0.0	0.0	-90.0	0.472654	-0.012672	0.472823	-1.535772	0.0	0.002644	0.002644	90.0	0.472654	-0.012672	0.472823	-1.535772	329282.456273
140.0	1.0	0.0	0.0	0.0	-90.0	0.472483	-0.012678	0.472654	-1.537047	0.0	0.002663	0.002663	90.0	0.472483	-0.012678	0.472654	-1.537047	329281.022428
141.0	1.0	0.0	0.0	0.0	-90.0	0.472477	-0.012692	0.472648	-1.538795	0.0	0.002637	0.002637	90.0	0.472477	-0.012692	0.472648	-1.538795	329279.562027
142.0	1.0	0.0	0.0	0.0	-90.0	0.472238	-0.012808	0.472411	-1.553554	0.0	0.002658	0.002658	90.0	0.472238	-0.012808	0.472411	-1.553554	329278.123356
143.0	1.0	0.0	0.0	0.0	-90.0	0.472187	-0.01262	0.472356	-1.53094	0.0	0.002607	0.002607	90.0	0.472187	-0.01262	0.472356	-1.53094	329276.684459
144.0	1.0	0.0	0.0	0.0	-90.0	0.471873	-0.012867	0.472049	-1.561909	0.0	0.002638	0.002638	90.0	0.471873	-0.012867	0.472049	-1.561909	329275.274786
145.0	1.0	0.0	0.0	0.0	-90.0	0.472642	-0.012722	0.472813	-1.541851	0.0	0.002648	0.002648	90.0	0.472642	-0.012722	0.472813	-1.541851	329273.806942
146.0	1.0	0.0	0.0	0.0	-90.0	0.472137	-0.012222	0.472295	-1.48288	0.0	0.002681	0.002681	90.0	0.472213	-0.012216	0.472371	-1.481867	329272.368061
147.0	1.0	0.0	0.0	0.0	-90.0	0.472412	-0.013719	0.472611	-1.663406	0.0	0.002702	0.002702	90.0	0.472412	-0.013719	0.472611	-1.663406	329270.955613
148.0	1.0	0.0	0.0	0.0	-90.0	0.472419	-0.013971	0.472625	-1.693973	0.0	0.00263	0.00263	90.0	0.472339	-0.01402	0.472547	-1.70015	329269.494463
149.0	1.0	0.0	0.0	0.0	-90.0	0.471806	-0.011736	0.471952	-1.424882	0.0	0.002723	0.002723	90.0	0.471806	-0.011736	0.471952	-1.424882	329268.068189
150.0	1.0	0.0	0.0	0.0	-90.0	0.472691	-0.012097	0.472846	-1.466012	0.0	0.002733	0.002733	90.0	0.472691	-0.012097	0.472846	-1.466012	329266.604618
151.0	1.0	0.0	0.0	0.0	-90.0	0.47051	-0.01262	0.470679	-1.536446	0.0	0.002713	0.002713	90.0	0.470488	-0.012674	0.470659	-1.543095	329265.162514
152.0	1.0	0.0	0.0	0.0	-90.0	0.471906	-0.012003	0.472059	-1.45704	0.0	0.002719	0.002719	90.0	0.471906	-0.012003	0.472059	-1.45704	329263.715429
153.0	1.0	0.0	0.0	0.0	-90.0	0.470735	-0.012917	0.470912	-1.571856	0.0	0.002739	0.002739	90.0	0.470735	-0.012917	0.470912	-1.571856	329262.278501
154.0	1.0	0.0	0.0	0.0	-90.0	0.471934	-0.012617	0.472103	-1.531392	0.0	0.00275	0.00275	90.0	0.471881	-0.012555	0.472048	-1.524128	329260.8132
155.0	1.0	0.0	0.0	0.0	-90.0	0.471754	-0.012843	0.471929	-1.559383	0.0	0.002736	0.002736	90.0	0.471712	-0.012781	0.471885	-1.552025	329259.389312
156.0	1.0	0.0	0.0	0.0	-90.0	0.471357	-0.013536	0.471551	-1.644957	0.0	0.002778	0.002778	90.0	0.471357	-0.013536	0.471551	-1.644957	329257.904636
157.0	1.0	0.0	0.0	0.0	-90.0	0.47129	-0.013428	0.471482	-1.632081	0.0	0.002787	0.002787	90.0	0.47129	-0.013428	0.471482	-1.632081	329256.467057
158.0	1.0	0.0	0.0	0.0	-90.0	0.471304	-0.013153	0.471487	-1.598573	0.0	0.002794	0.002794	90.0	0.471304	-0.013153	0.471487	-1.598573	329255.000082
159.0	1.0	0.0	0.0	0.0	-90.0	0.471232	-0.013235	0.471418	-1.608769	0.0	0.002827	0.002827	90.0	0.471232	-0.013235	0.471418	-1.608769	329253.547104
160.0	1.0	0.0	0.0	0.0	-90.0	0.471105	-0.013264	0.471292	-1.612715	0.0	0.00281	0.00281	90.0	0.471097	-0.013261	0.471284	-1.612372	329252.107655
161.0	1.0	0.0	0.0	0.0	-90.0	0.471091	-0.01329	0.471279	-1.615975	0.0	0.002871	0.002871	90.0	0.471091	-0.01329	0.471279	-1.615975	329250.678744
162.0	1.0	0.0	0.0	0.0	-90.0	0.471036	-0.013357	0.471225	-1.624314	0.0	0.002928	0.002928	90.0	0.471036	-0.013357	0.471225	-1.624314	329249.226685
163.0	1.0	0.0	0.0	0.0	-90.0	0.470918	-0.013376	0.471108	-1.627026	0.0	0.002895	0.002895	90.0	0.470914	-0.013374	0.471104	-1.626753	329247.822489
164.0	1.0	0.0	0.0	0.0	-90.0	0.470887	-0.013388	0.471077	-1.628558	0.0	0.002909	0.002909	90.0	0.470887	-0.013388	0.471077	-1.628558	329246.383994
165.0	1.0	0.0	0.0	0.0	-90.0	0.470792	-0.013456	0.470984	-1.637163	0.0	0.002917	0.002917	90.0	0.470792	-0.013456	0.470984	-1.637163	329244.937599
166.0	1.0	0.0	0.0	0.0	-90.0	0.470748	-0.013459	0.470941	-1.637634	0.0	0.002974	0.002974	90.0	0.470748	-0.013459	0.470941	-1.637622	329243.516891
167.0	1.0	0.0	0.0	0.0	-90.0	0.470668	-0.013483	0.470861	-1.640925	0.0	0.003022	0.003022	90.0	0.470668	-0.013483	0.470861	-1.640925	329242.070794
168.0	1.0	0.0	0.0	0.0	-90.0	0.470609	-0.013512	0.470803	-1.644638	0.0	0.00299	0.00299	90.0	0.470609	-0.013512	0.470803	-1.644638	329240.615889
169.0	1.0	0.0	0.0	0.0	-90.0	0.470523	-0.013557	0.470718	-1.650378	0.0	0.002969	0.002969	90.0	0.470521	-0.013556	0.470717	-1.650242	329239.18654
170.0	1.0	0.0	0.0	0.0	-90.0	0.470459	-0.01357	0.470654	-1.652151	0.0	0.002983	0.002983	90.0	0.47046	-0.013567	0.470656	-1.651839	329237.74365
171.0	1.0	0.0	0.0	0.0	-90.0	0.470421	-0.013594	0.470618	-1.655199	0.0	0.003003	0.003003	90.0	0.470421	-0.013594	0.470618	-1.655199	329236.294966
172.0	1.0	0.0	0.0	0.0	-90.0	0.470349	-0.013614	0.470546	-1.657918	0.0	0.003052	0.003052	90.0	0.470349	-0.013614	0.470546	-1.657918	329234.83617
173.0	1.0	0.0	0.0	0.0	-90.0	0.470284	-0.013619	0.470481	-1.658819	0.0	0.003103	0.003103	90.0	0.470285	-0.013619	0.470483	-1.658799	329233.380025
174.0	1.0	0.0	0.0	0.0	-90.0	0.470212	-0.013661	0.47041	-1.664191	0.0	0.003114	0.003114	90.0	0.470212	-0.013661	0.47041	-1.664191	329231.941909
175.0	1.0	0.0	0.0	0.0	-90.0	0.470162	-0.013667	0.47036	-1.665068	0.0	0.003123	0.003123	90.0	0.470162	-0.013667	0.47036	-1.665068	329230.498809
176.0	1.0	0.0	0.0	0.0	-90.0	0.470122	-0.013695	0.470322	-1.668594	0.0	0.003153	0.003153	90.0	0.470122	-0.013695	0.470322	-1.668594	329229.065404
177.0	1.0	0.0	0.0	0.0	-90.0	0.470042	-0.013705	0.470242	-1.670045	0.0	0.003204	0.003204	90.0	0.470042	-0.013705	0.470242	-1.670045	329227.624538
178.0	1.0	0.0	0.0	0.0	-90.0	0.470007	-0.013733	0.470207	-1.67363	0.0	0.003191	0.003191	90.0	0.470007	-0.013733	0.470207	-1.67363	329226.161295
179.0	1.0	0.0	0.0	0.0	-90.0	0.469951	-0.013727	0.470151	-1.673162	0.0	0.003239	0.003239	90.0	0.469951	-0.013727	0.470151	-1.673138	329224.718675
180.0	1.0	0.0	0.0	0.0	-90.0	0.469892	-0.013762	0.470094	-1.677564	0.0	0.003266	0.003266	90.0	0.469892	-0.013762	0.470094	-1.677564	329223.265515
181.0	1.0	0.0	0.0	0.0	-90.0	0.469813	-0.013764	0.470014	-1.678091	0.0	0.003258	0.003258	90.0	0.469813	-0.013764	0.470014	-1.678058	329221.787953
182.0	1.0	0.0	0.0	0.0	-90.0	0.469741	-0.013791	0.469943	-1.681607	0.0	0.003338	0.003338	90.0	0.469741	-0.01379	0.469943	-1.6815	329220.309167
183.0	1.0	0.0	0.0	0.0	-90.0	0.469685	-0.013837	0.469889	-1.687408	0.0	0.003317	0.003317	90.0	0.469685	-0.013837	0.469889	-1.687408	329218.889403
184.0	1.0	0.0	0.0	0.0	-90.0	0.469628	-0.013838	0.469832	-1.687769	0.0	0.003354	0.003354	90.0	0.469628	-0.013838	0.469832	-1.687769	329217.421618
185.0	1.0	0.0	0.0	0.0	-90.0	0.469527	-0.01386	0.469732	-1.690856	0.0	0.003425	0.003425	90.0	0.469527	-0.01386	0.469732	-1.690856	329215.956439
186.0	1.0	0.0	0.0	0.0	-90.0	0.469497	-0.013878	0.469702	-1.693104	0.0	0.003423	0.003423	90.0	0.469497	-0.013878	0.469702	-1.693104	329214.491853
187.0	1.0	0.0	0.0	0.0	-90.0	0.469393	-0.013883	0.469599	-1.694072	0.0	0.003482	0.003482	90.0	0.469393	-0.013883	0.469599	-1.694072	329213.054928
188.0	1.0	0.0	0.0	0.0	-90.0	0.469325	-0.0139	0.469531	-1.696478	0.0	0.003467	0.003467	90.0	0.469325	-0.0139	0.469531	-1.696478	329211.604601
189.0	1.0	0.0	0.0	0.0	-90.0	0.469274	-0.013923	0.46948	-1.699468	0.0	0.00352	0.00352	90.0	0.469274	-0.013923	0.46948	-1.699468	329210.131955
190.0	1.0	0.0	0.0	0.0	-90.0	0.469229	-0.013942	0.469436	-1.701876	0.0	0.003571	0.003571	90.0	0.469229	-0.013942	0.469436	-1.701876	329208.698188
191.0	1.0	0.0	0.0	0.0	-90.0	0.469183	-0.013962	0.469391	-1.704523	0.0	0.003593	0.003593	90.0	0.469183	-0.013962	0.469391	-1.704523	329207.267715
192.0	1.0	0.0	0.0	0.0	-90.0	0.469111	-0.013954	0.469319	-1.703745	0.0	0.003693	0.003693	90.0	0.469111	-0.013954	0.469319	-1.703746	329205.852012
193.0	1.0	0.0	0.0	0.0	-90.0	0.469101	-0.013979	0.469309	-1.706876	0.0	0.003747	0.003747	90.0	0.469101	-0.013979	0.469309	-1.706876	329204.415358
194.0	1.0	0.0	0.0	0.0	-90.0	0.469001	-0.013988	0.46921	-1.708374	0.0	0.003837	0.003837	90.0	0.469001	-0.013988	0.46921	-1.708374	329202.886082
195.0	1.0	0.0	0.0	0.0	-90.0	0.469018	-0.013966	0.469226	-1.705645	0.0	0.003974	0.003974	90.0	0.469018	-0.013966	0.469226	-1.705645	329201.45551
196.0	1.0	0.0	0.0	0.0	-90.0	0.468973	-0.01403	0.469183	-1.713588	0.0	0.003571	0.003571	90.0	0.468973	-0.01403	0.469183	-1.713588	329199.976592
197.0	1.0	0.0	0.0	0.0	-90.0	0.468797	-0.013914	0.469004	-1.699998	0.0	0.00477	0.00477	90.0	0.468797	-0.013914	0.469004	-1.699998	329198.541424
198.0	1.0	0.0	0.0	0.0	-90.0	0.468833	-0.013876	0.469039	-1.69525	0.0	0.004859	0.004859	90.0	0.468833	-0.013876	0.469039	-1.69525	329197.095695
199.0	1.0	0.0	0.0	0.0	-90.0	0.468549	-0.013921	0.468755	-1.701781	0.0	-0.006628	0.006628	-90.0	0.468549	-0.013921	0.468755	-1.701781	329195.670308
200.0	1.0	0.0	0.0	0.0	-90.0	0.46796499999999996	-0.014875000000000001	0.46820249999999997	-1.820797	0.0	0.0017745	0.0021845	0.0	0.46796499999999996	-0.014875000000000001	0.46820249999999997	-1.820797	299238.0199205
250.0	1.0	0.0	0.0	0.0	-90.0	0.463331	-0.016591	0.463627	-2.050782	0.0	0.003198	0.003198	90.0	0.463331	-0.016591	0.463627	-2.050782	269280.375639
300.0	1.0	0.0	0.0	0.0	-90.0	0.462571	-0.016656	0.462871	-2.062236	0.0	0.007111	0.007111	90.0	0.462571	-0.016656	0.462871	-2.062235	269278.931726
350.0	1.0	0.0	0.0	0.0	-90.0	0.46061	-0.016031	0.460889	-1.993358	0.0	0.004037	0.004037	90.0	0.460613	-0.016031	0.460892	-1.993334	269277.465569
400.0	1.0	0.0	0.0	0.0	-90.0	0.459153	-0.017085	0.459471	-2.131028	0.0	0.003753	0.003753	90.0	0.459153	-0.017085	0.459471	-2.131028	269276.02681
450.0	1.0	0.0	0.0	0.0	-90.0	0.457744	-0.01765	0.458084	-2.208099	0.0	0.000625	0.000625	90.0	0.457744	-0.01765	0.458084	-2.208099	269274.599093
500.0	1.0	0.0	0.0	0.0	-90.0	0.456504	-0.01724	0.45683	-2.162774	0.0	0.001474	0.001474	90.0	0.456504	-0.01724	0.45683	-2.162774	269273.154476
550.0	1.0	0.0	0.0	0.0	-90.0	0.455293	-0.017364	0.455624	-2.184095	0.0	0.001828	0.001828	90.0	0.455293	-0.017364	0.455624	-2.184095	269271.733458
600.0	1.0	0.0	0.0	0.0	-90.0	0.454172	-0.017174	0.454497	-2.165549	0.0	-0.021046	0.021046	-90.0	0.454172	-0.017174	0.454497	-2.165549	269270.316656
650.0	1.0	0.0	0.0	0.0	-90.0	0.453459	-0.017188	0.453785	-2.170693	0.0	0.010734	0.010734	90.0	0.453459	-0.017188	0.453785	-2.170693	269268.861448
700.0	1.0	0.0	0.0	0.0	-90.0	0.452433	-0.017301	0.452763	-2.189875	0.0	0.00546	0.00546	90.0	0.452433	-0.017301	0.452763	-2.189875	269267.420053
750.0	1.0	0.0	0.0	0.0	-90.0	0.451431	-0.017212	0.45176	-2.183519	0.0	0.002785	0.002785	90.0	0.451431	-0.017212	0.451759	-2.183438	269265.996734
800.0	1.0	0.0	0.0	0.0	-90.0	0.450909	-0.017187	0.451236	-2.182857	0.0	0.002535	0.002535	90.0	0.450909	-0.017187	0.451236	-2.182857	269264.532178
850.0	1.0	0.0	0.0	0.0	-90.0	0.45021	-0.017025	0.450532	-2.165638	0.0	0.002558	0.002558	90.0	0.45021	-0.017025	0.450532	-2.165638	269263.105673
900.0	1.0	0.0	0.0	0.0	-90.0	0.44953	-0.017121	0.449855	-2.181077	0.0	0.0021	0.0021	90.0	0.44953	-0.017121	0.449855	-2.181077	269261.691502
950.0	1.0	0.0	0.0	0.0	-90.0	0.448913	-0.016944	0.449233	-2.161535	0.0	-0.013029	0.013029	-90.0	0.448913	-0.016943	0.449233	-2.161454	269260.24318
1000.0	1.0	0.0	0.0	0.0	-90.0	0.448414	-0.016953	0.448735	-2.16512	0.0	0.011079	0.011079	90.0	0.448414	-0.016953	0.448735	-2.165072	269258.80301
1050.0	1.0	0.0	0.0	0.0	-90.0	0.447802	-0.016947	0.448122	-2.167288	0.0	0.000565	0.000565	90.0	0.447802	-0.016947	0.448122	-2.167288	269257.361239
1100.0	1.0	0.0	0.0	0.0	-90.0	0.447326	-0.016885	0.447644	-2.161714	0.0	0.0056	0.0056	90.0	0.447326	-0.016885	0.447644	-2.161714	269255.918807
1150.0	1.0	0.0	0.0	0.0	-90.0	0.446795	-0.016866	0.447113	-2.161876	0.0	0.007197	0.007197	90.0	0.446795	-0.016866	0.447113	-2.161876	269254.443913
1200.0	1.0	0.0	0.0	0.0	-90.0	0.446431	-0.016803	0.446748	-2.155507	0.0	0.002589	0.002589	90.0	0.446431	-0.016803	0.446748	-2.155507	269252.989818
1250.0	1.0	0.0	0.0	0.0	-90.0	0.445989	-0.016791	0.446305	-2.156125	0.0	0.002497	0.002497	90.0	0.445989	-0.016791	0.446305	-2.156125	269251.525264
1300.0	1.0	0.0	0.0	0.0	-90.0	0.445611	-0.016716	0.445925	-2.14826	0.0	0.002552	0.002552	90.0	0.445611	-0.016716	0.445924	-2.148288	269250.07994
1350.0	1.0	0.0	0.0	0.0	-90.0	0.445167	-0.016725	0.445481	-2.151561	0.0	0.002487	0.002487	90.0	0.445167	-0.016725	0.445481	-2.151561	269248.629755
1400.0	1.0	0.0	0.0	0.0	-90.0	0.444845	-0.016664	0.445157	-2.145351	0.0	0.001998	0.001998	90.0	0.444845	-0.016664	0.445157	-2.145351	269247.199899
1450.0	1.0	0.0	0.0	0.0	-90.0	0.444433	-0.016637	0.444744	-2.143768	0.0	-0.000662	0.000662	-90.0	0.444433	-0.016637	0.444744	-2.143768	269245.782145
1500.0	1.0	0.0	0.0	0.0	-90.0	0.444096	-0.016558	0.444405	-2.135306	0.0	-0.007972	0.007972	-90.0	0.444096	-0.016558	0.444405	-2.135306	269244.354071
1550.0	1.0	0.0	0.0	0.0	-90.0	0.443771	-0.016535	0.444078	-2.133886	0.0	0.007686	0.007686	90.0	0.443769	-0.016535	0.444077	-2.133928	269242.930839
1600.0	1.0	0.0	0.0	0.0	-90.0	0.443483	-0.016515	0.44379	-2.132629	0.0	0.002704	0.002704	90.0	0.443482	-0.016516	0.443789	-2.132794	269241.493048
1650.0	1.0	0.0	0.0	0.0	-90.0	0.443179	-0.016563	0.443489	-2.140346	0.0	0.008908	0.008908	90.0	0.443179	-0.016563	0.443489	-2.140346	269240.02985
1700.0	1.0	0.0	0.0	0.0	-90.0	0.442899	-0.01651	0.443207	-2.134829	0.0	0.00282	0.00282	90.0	0.4429	-0.01651	0.443208	-2.134824	269238.569259
1750.0	1.0	0.0	0.0	0.0	-90.0	0.442634	-0.016493	0.442941	-2.133909	0.0	0.002689	0.002689	90.0	0.442634	-0.016493	0.442941	-2.133909	269237.139277
1800.0	1.0	0.0	0.0	0.0	-90.0	0.442382	-0.016466	0.442688	-2.131637	0.0	0.002669	0.002669	90.0	0.442382	-0.016466	0.442688	-2.131637	269235.720251
1850.0	1.0	0.0	0.0	0.0	-90.0	0.442102	-0.016458	0.442408	-2.13201	0.0	0.002657	0.002657	90.0	0.442102	-0.016458	0.442408	-2.13201	269234.293313
1900.0	1.0	0.0	0.0	0.0	-90.0	0.441876	-0.016445	0.442182	-2.131348	0.0	0.002712	0.002712	90.0	0.441876	-0.016445	0.442182	-2.131348	269232.879795
1950.0	1.0	0.0	0.0	0.0	-90.0	0.441632	-0.016449	0.441938	-2.132999	0.0	0.002681	0.002681	90.0	0.441632	-0.016449	0.441938	-2.132999	269231.426416
2000.0	1.0	0.0	0.0	0.0	-90.0	0.441357	-0.016413	0.441662	-2.129754	0.0	0.002678	0.002678	90.0	0.441357	-0.016413	0.441662	-2.129754	269229.983636
2050.0	1.0	0.0	0.0	0.0	-90.0	0.441133	-0.016421	0.441439	-2.131858	0.0	0.002729	0.002729	90.0	0.441135	-0.016422	0.44144	-2.13192	269228.54092
2100.0	1.0	0.0	0.0	0.0	-90.0	0.440901	-0.016398	0.441206	-2.130026	0.0	0.002755	0.002755	90.0	0.440901	-0.016398	0.441206	-2.130026	269227.092757
2150.0	1.0	0.0	0.0	0.0	-90.0	0.44065	-0.01639	0.440954	-2.130145	0.0	0.002732	0.002732	90.0	0.440649	-0.01639	0.440954	-2.13016	269225.644106
2200.0	1.0	0.0	0.0	0.0	-90.0	0.44044	-0.016392	0.440745	-2.131351	0.0	0.002742	0.002742	90.0	0.44044	-0.016392	0.440745	-2.131351	269224.206484
2250.0	1.0	0.0	0.0	0.0	-90.0	0.440239	-0.016387	0.440544	-2.131689	0.0	0.002762	0.002762	90.0	0.440239	-0.016387	0.440544	-2.131776	269222.783183
2300.0	1.0	0.0	0.0	0.0	-90.0	0.440045	-0.016387	0.44035	-2.132729	0.0	0.002788	0.002788	90.0	0.440045	-0.016387	0.44035	-2.132729	269221.355561
2350.0	1.0	0.0	0.0	0.0	-90.0	0.439844	-0.016385	0.440149	-2.133412	0.0	0.002796	0.002796	90.0	0.439844	-0.016385	0.440149	-2.133412	269219.937681
2400.0	1.0	0.0	0.0	0.0	-90.0	0.43962	-0.016379	0.439925	-2.133642	0.0	0.002849	0.002849	90.0	0.43962	-0.016379	0.439925	-2.133642	269218.474401
2450.0	1.0	0.0	0.0	0.0	-90.0	0.439425	-0.016383	0.43973	-2.135175	0.0	0.002834	0.002834	90.0	0.439425	-0.016383	0.43973	-2.135175	269217.046011
2500.0	1.0	0.0	0.0	0.0	-90.0	0.439246	-0.016383	0.439551	-2.136019	0.0	0.002822	0.002822	90.0	0.439246	-0.016383	0.439551	-2.136027	269215.613693
2550.0	1.0	0.0	0.0	0.0	-90.0	0.439078	-0.016384	0.439384	-2.137009	0.0	0.002841	0.002841	90.0	0.439078	-0.016384	0.439384	-2.137009	269214.141092
2600.0	1.0	0.0	0.0	0.0	-90.0	0.438899	-0.016389	0.439205	-2.138454	0.0	0.002867	0.002867	90.0	0.438899	-0.016389	0.439205	-2.138454	269212.709554
2650.0	1.0	0.0	0.0	0.0	-90.0	0.438732	-0.016388	0.439038	-2.139154	0.0	0.002842	0.002842	90.0	0.438732	-0.016388	0.439038	-2.139154	269211.286564
2700.0	1.0	0.0	0.0	0.0	-90.0	0.438539	-0.016394	0.438846	-2.140908	0.0	0.002893	0.002893	90.0	0.438539	-0.016394	0.438846	-2.140908	269209.853887
2750.0	1.0	0.0	0.0	0.0	-90.0	0.438339	-0.016399	0.438646	-2.142538	0.0	0.002912	0.002912	90.0	0.438339	-0.016399	0.438646	-2.142594	269208.382508
2800.0	1.0	0.0	0.0	0.0	-90.0	0.438199	-0.016406	0.438506	-2.144094	0.0	0.002873	0.002873	90.0	0.438199	-0.016406	0.438506	-2.144094	269206.948828
2850.0	1.0	0.0	0.0	0.0	-90.0	0.438012	-0.016408	0.438319	-2.145348	0.0	0.003003	0.003003	90.0	0.438012	-0.016408	0.438319	-2.145348	269205.500429
2900.0	1.0	0.0	0.0	0.0	-90.0	0.437876	-0.016417	0.438183	-2.147127	0.0	0.002932	0.002932	90.0	0.437876	-0.016417	0.438183	-2.147127	269204.051701
2950.0	1.0	0.0	0.0	0.0	-90.0	0.437713	-0.016426	0.438021	-2.149058	0.0	0.002939	0.002939	90.0	0.437713	-0.016426	0.438021	-2.149058	269202.611035
3000.0	1.0	0.0	0.0	0.0	-90.0	0.437566	-0.016436	0.437874	-2.151147	0.0	0.002955	0.002955	90.0	0.437566	-0.016436	0.437874	-2.151147	269201.182576
3050.0	1.0	0.0	0.0	0.0	-90.0	0.437417	-0.016449	0.437726	-2.153581	0.0	0.002958	0.002958	90.0	0.437417	-0.016449	0.437726	-2.153581	269199.723949
3100.0	1.0	0.0	0.0	0.0	-90.0	0.437255	-0.016451	0.437564	-2.154615	0.0	0.003004	0.003004	90.0	0.437255	-0.016451	0.437564	-2.154606	269198.279158
3150.0	1.0	0.0	0.0	0.0	-90.0	0.437112	-0.016466	0.437422	-2.157287	0.0	0.002983	0.002983	90.0	0.437112	-0.016466	0.437422	-2.157287	269196.841999
3200.0	1.0	0.0	0.0	0.0	-90.0	0.436985	-0.016473	0.437295	-2.15879	0.0	0.003012	0.003012	90.0	0.436985	-0.016473	0.437295	-2.15879	269195.436401
3250.0	1.0	0.0	0.0	0.0	-90.0	0.436841	-0.016478	0.437151	-2.160209	0.0	0.003026	0.003026	90.0	0.436841	-0.016478	0.437151	-2.160209	269193.979934
3300.0	1.0	0.0	0.0	0.0	-90.0	0.436695	-0.016492	0.437006	-2.162837	0.0	0.003018	0.003018	90.0	0.436695	-0.016492	0.437006	-2.162843	269192.523739
3350.0	1.0	0.0	0.0	0.0	-90.0	0.436565	-0.016501	0.436877	-2.164628	0.0	0.003031	0.003031	90.0	0.436565	-0.016501	0.436877	-2.164628	269191.086073
3400.0	1.0	0.0	0.0	0.0	-90.0	0.436417	-0.016518	0.43673	-2.167619	0.0	0.003043	0.003043	90.0	0.436417	-0.016518	0.43673	-2.167619	269189.608933
3450.0	1.0	0.0	0.0	0.0	-90.0	0.436299	-0.016522	0.436612	-2.168733	0.0	0.003062	0.003062	90.0	0.436299	-0.016522	0.436612	-2.168733	269188.145194
3500.0	1.0	0.0	0.0	0.0	-90.0	0.436168	-0.016536	0.436481	-2.17112	0.0	0.003093	0.003093	90.0	0.436168	-0.016536	0.436481	-2.17112	269186.722248
3550.0	1.0	0.0	0.0	0.0	-90.0	0.436071	-0.01657	0.436386	-2.176112	0.0	0.003122	0.003122	90.0	0.436071	-0.01657	0.436386	-2.176112	269185.278655
3600.0	1.0	0.0	0.0	0.0	-90.0	0.435954	-0.016573	0.436269	-2.177109	0.0	0.003134	0.003134	90.0	0.435954	-0.016573	0.436269	-2.177132	269183.850446
3650.0	1.0	0.0	0.0	0.0	-90.0	0.435815	-0.016584	0.43613	-2.179197	0.0	0.003172	0.003172	90.0	0.435815	-0.016584	0.43613	-2.179197	269182.412675
3700.0	1.0	0.0	0.0	0.0	-90.0	0.435692	-0.016602	0.436008	-2.182246	0.0	0.003202	0.003202	90.0	0.435691	-0.016602	0.436008	-2.182237	269180.963588
3750.0	1.0	0.0	0.0	0.0	-90.0	0.435574	-0.016614	0.435891	-2.184366	0.0	0.003218	0.003218	90.0	0.435574	-0.016614	0.435891	-2.184366	269179.512078
3800.0	1.0	0.0	0.0	0.0	-90.0	0.435447	-0.016628	0.435764	-2.186778	0.0	0.003178	0.003178	90.0	0.435447	-0.016628	0.435765	-2.186786	269178.092562
3850.0	1.0	0.0	0.0	0.0	-90.0	0.435364	-0.01664	0.435682	-2.188885	0.0	0.003288	0.003288	90.0	0.435364	-0.01664	0.435682	-2.18888	269176.621358
3900.0	1.0	0.0	0.0	0.0	-90.0	0.435227	-0.016657	0.435546	-2.191725	0.0	0.003324	0.003324	90.0	0.435227	-0.016657	0.435546	-2.191725	269175.14691
3950.0	1.0	0.0	0.0	0.0	-90.0	0.435097	-0.016672	0.435416	-2.194379	0.0	0.003377	0.003377	90.0	0.435097	-0.016672	0.435416	-2.194379	269173.69384
4000.0	1.0	0.0	0.0	0.0	-90.0	0.434958	-0.016685	0.435278	-2.196804	0.0	0.003381	0.003381	90.0	0.434958	-0.016685	0.435278	-2.196804	269172.284493
4050.0	1.0	0.0	0.0	0.0	-90.0	0.434849	-0.016704	0.43517	-2.199818	0.0	0.003401	0.003401	90.0	0.434849	-0.016704	0.43517	-2.199819	269170.84125
4100.0	1.0	0.0	0.0	0.0	-90.0	0.434735	-0.016717	0.435057	-2.202171	0.0	0.003397	0.003397	90.0	0.434735	-0.016717	0.435057	-2.202171	269169.397735
4150.0	1.0	0.0	0.0	0.0	-90.0	0.434625	-0.016732	0.434947	-2.204671	0.0	0.003442	0.003442	90.0	0.434625	-0.016732	0.434947	-2.204671	269167.960376
4200.0	1.0	0.0	0.0	0.0	-90.0	0.434535	-0.016751	0.434858	-2.207668	0.0	0.003492	0.003492	90.0	0.434535	-0.016751	0.434858	-2.207668	269166.51229
4250.0	1.0	0.0	0.0	0.0	-90.0	0.434472	-0.016767	0.434795	-2.210086	0.0	0.003514	0.003514	90.0	0.434472	-0.016767	0.434795	-2.210086	269165.087293
4300.0	1.0	0.0	0.0	0.0	-90.0	0.434348	-0.016786	0.434672	-2.213135	0.0	0.003533	0.003533	90.0	0.434348	-0.016786	0.434672	-2.213135	269163.67336
4350.0	1.0	0.0	0.0	0.0	-90.0	0.43423	-0.016801	0.434555	-2.215807	0.0	0.003561	0.003561	90.0	0.43423	-0.016801	0.434555	-2.215807	269162.227112
4400.0	1.0	0.0	0.0	0.0	-90.0	0.43412	-0.016818	0.434445	-2.218502	0.0	0.003565	0.003565	90.0	0.43412	-0.016818	0.434445	-2.218502	269160.778986
4450.0	1.0	0.0	0.0	0.0	-90.0	0.434024	-0.016834	0.434351	-2.221179	0.0	0.003657	0.003657	90.0	0.434024	-0.016834	0.434351	-2.221179	269159.325714
4500.0	1.0	0.0	0.0	0.0	-90.0	0.433915	-0.01685	0.434242	-2.223775	0.0	0.003712	0.003712	90.0	0.433915	-0.01685	0.434242	-2.223775	269157.897533
4550.0	1.0	0.0	0.0	0.0	-90.0	0.433799	-0.016866	0.434126	-2.226522	0.0	0.003752	0.003752	90.0	0.433799	-0.016866	0.434126	-2.226522	269156.461864
4600.0	1.0	0.0	0.0	0.0	-90.0	0.433735	-0.016886	0.434064	-2.229461	0.0	0.003768	0.003768	90.0	0.433735	-0.016886	0.434064	-2.229461	269154.99682
4650.0	1.0	0.0	0.0	0.0	-90.0	0.433663	-0.0169	0.433992	-2.231768	0.0	0.003904	0.003904	90.0	0.433662	-0.0169	0.433991	-2.231775	269153.560197
4700.0	1.0	0.0	0.0	0.0	-90.0	0.433547	-0.016919	0.433877	-2.234767	0.0	0.003975	0.003975	90.0	0.433547	-0.016919	0.433877	-2.234767	269152.096753
4750.0	1.0	0.0	0.0	0.0	-90.0	0.433451	-0.016932	0.433782	-2.23702	0.0	0.004031	0.004031	90.0	0.433451	-0.016932	0.433782	-2.23702	269150.651445
4800.0	1.0	0.0	0.0	0.0	-90.0	0.433363	-0.016954	0.433695	-2.240376	0.0	0.004151	0.004151	90.0	0.433363	-0.016954	0.433695	-2.240376	269149.199691
4850.0	1.0	0.0	0.0	0.0	-90.0	0.433248	-0.016967	0.43358	-2.242672	0.0	0.004201	0.004201	90.0	0.433248	-0.016967	0.43358	-2.242672	269147.757996
4900.0	1.0	0.0	0.0	0.0	-90.0	0.433206	-0.016983	0.433539	-2.245015	0.0	0.005017	0.005017	90.0	0.433206	-0.016983	0.433539	-2.245009	269146.320874
4950.0	1.0	0.0	0.0	0.0	-90.0	0.4331	-0.016994	0.433433	-2.246973	0.0	0.002481	0.002481	90.0	0.4331	-0.016994	0.433433	-2.246973	269144.860579
5000.0	1.0	0.0	0.0	0.0	-90.0	0.433336	-0.017037	0.43367049999999996	-2.251448	0.0	0.0024005	0.0024005	90.0	0.433336	-0.017037	0.43367049999999996	-2.2514564999999997	267635.7937445
10000.0	1.0	0.0	0.0	0.0	-90.0	0.42729	-0.019343	0.427727	-2.59194	0.0	0.002128	0.002128	90.0	0.42729	-0.019343	0.427727	-2.59194	266126.7161
15000.0	1.0	0.0	0.0	0.0	-90.0	0.423245	-0.021659	0.423799	-2.929532	0.0	0.002212	0.002212	90.0	0.423245	-0.021659	0.423799	-2.929532	266125.275135
20000.0	1.0	0.0	0.0	0.0	-90.0	0.420166	-0.023878	0.420844	-3.252566	0.0	0.00229	0.00229	90.0	0.420166	-0.023878	0.420844	-3.252566	266123.782867
25000.0	1.0	0.0	0.0	0.0	-90.0	0.417671	-0.025996	0.418479	-3.5615	0.0	0.002248	0.002248	90.0	0.417671	-0.025996	0.418479	-3.5615	266122.337495
30000.0	1.0	0.0	0.0	0.0	-90.0	0.415579	-0.028039	0.416524	-3.859923	0.0	0.002275	0.002275	90.0	0.415579	-0.028039	0.416524	-3.859923	266120.899801
35000.0	1.0	0.0	0.0	0.0	-90.0	0.413702	-0.030021	0.41479	-4.150473	0.0	0.002305	0.002305	90.0	0.413702	-0.030021	0.41479	-4.150473	266119.45948
40000.0	1.0	0.0	0.0	0.0	-90.0	0.41202	-0.031957	0.413258	-4.435035	0.0	0.002351	0.002351	90.0	0.41202	-0.031957	0.413258	-4.435035	266117.999732
45000.0	1.0	0.0	0.0	0.0	-90.0	0.41046	-0.033847	0.411854	-4.713991	0.0	0.00231	0.00231	90.0	0.410461	-0.033847	0.411854	-4.713987	266116.542296
50000.0	1.0	0.0	0.0	0.0	-90.0	0.409021	-0.035706	0.410577	-4.98905	0.0	0.002341	0.002341	90.0	0.409021	-0.035706	0.410576	-4.989047	266115.075142
55000.0	1.0	0.0	0.0	0.0	-90.0	0.407688	-0.037536	0.409412	-5.260435	0.0	0.002339	0.002339	90.0	0.407688	-0.037536	0.409412	-5.260435	266113.62827
60000.0	1.0	0.0	0.0	0.0	-90.0	0.406428	-0.039342	0.408328	-5.528941	0.0	0.002301	0.002301	90.0	0.406428	-0.039342	0.408328	-5.528941	266112.192496
65000.0	1.0	0.0	0.0	0.0	-90.0	0.405214	-0.041124	0.407296	-5.794893	0.0	0.002343	0.002343	90.0	0.405214	-0.041124	0.407296	-5.794893	266110.726897
70000.0	1.0	0.0	0.0	0.0	-90.0	0.404068	-0.042887	0.406338	-6.05854	0.0	0.00236	0.00236	90.0	0.404068	-0.042887	0.406338	-6.05854	266109.263302
75000.0	1.0	0.0	0.0	0.0	-90.0	0.40294	-0.044629	0.405404	-6.320305	0.0	0.002405	0.002405	90.0	0.40294	-0.044629	0.405404	-6.320304	266107.730037
80000.0	1.0	0.0	0.0	0.0	-90.0	0.401871	-0.046357	0.404536	-6.580136	0.0	0.002353	0.002353	90.0	0.401872	-0.046357	0.404537	-6.580139	266106.296744
85000.0	1.0	0.0	0.0	0.0	-90.0	0.400856	-0.048068	0.403727	-6.837926	0.0	0.002351	0.002351	90.0	0.400856	-0.048068	0.403727	-6.837926	266104.87137
90000.0	1.0	0.0	0.0	0.0	-90.0	0.399855	-0.049765	0.40294	-7.094448	0.0	0.00235	0.00235	90.0	0.399855	-0.049765	0.40294	-7.094448	266103.413967
95000.0	1.0	0.0	0.0	0.0	-90.0	0.398904	-0.051452	0.402209	-7.349676	0.0	0.002412	0.002412	90.0	0.398904	-0.051452	0.402209	-7.349676	266101.965883
100000.0	1.0	0.0	0.0	0.0	-90.0	0.397916	-0.053116	0.401445	-7.603211	0.0	0.002393	0.002393	90.0	0.397916	-0.053116	0.401445	-7.603211	266100.526636
105000.0	1.0	0.0	0.0	0.0	-90.0	0.396973	-0.054776	0.400734	-7.856336	0.0	0.002396	0.002396	90.0	0.396973	-0.054776	0.400734	-7.856336	266099.092569
110000.0	1.0	0.0	0.0	0.0	-90.0	0.396069	-0.056424	0.400068	-8.107862	0.0	0.002427	0.002427	90.0	0.396069	-0.056424	0.400068	-8.107862	266097.645856
115000.0	1.0	0.0	0.0	0.0	-90.0	0.395173	-0.058061	0.399415	-8.358357	0.0	0.002507	0.002507	90.0	0.395173	-0.058061	0.399415	-8.358357	266096.178211
120000.0	1.0	0.0	0.0	0.0	-90.0	0.394279	-0.059684	0.39877	-8.607821	0.0	0.002472	0.002472	90.0	0.394279	-0.059684	0.398771	-8.607821	266094.740302
125000.0	1.0	0.0	0.0	0.0	-90.0	0.393413	-0.061304	0.39816	-8.85693	0.0	0.002538	0.002538	90.0	0.393413	-0.061304	0.39816	-8.85693	266093.299724
130000.0	1.0	0.0	0.0	0.0	-90.0	0.392547	-0.062907	0.397555	-9.104477	0.0	0.002522	0.002522	90.0	0.392547	-0.062907	0.397555	-9.104477	266091.835592
135000.0	1.0	0.0	0.0	0.0	-90.0	0.391667	-0.0645	0.396942	-9.351539	0.0	0.002502	0.002502	90.0	0.391667	-0.0645	0.396942	-9.35154	266090.388566
140000.0	1.0	0.0	0.0	0.0	-90.0	0.390822	-0.066088	0.39637	-9.597875	0.0	0.002481	0.002481	90.0	0.390822	-0.066088	0.39637	-9.597875	266088.965657
145000.0	1.0	0.0	0.0	0.0	-90.0	0.389999	-0.067667	0.395826	-9.84322	0.0	0.002465	0.002465	90.0	0.389999	-0.067667	0.395826	-9.84322	266087.515392
150000.0	1.0	0.0	0.0	0.0	-90.0	0.389187	-0.06924	0.395298	-10.08797	0.0	0.002521	0.002521	90.0	0.389187	-0.06924	0.395298	-10.08797	266086.075299
155000.0	1.0	0.0	0.0	0.0	-90.0	0.38837	-0.070804	0.394772	-10.332131	0.0	0.002495	0.002495	90.0	0.38837	-0.070804	0.394772	-10.332131	266084.643487
160000.0	1.0	0.0	0.0	0.0	-90.0	0.387518	-0.072351	0.394214	-10.575538	0.0	0.002495	0.002495	90.0	0.387518	-0.072351	0.394214	-10.575538	266083.231636
165000.0	1.0	0.0	0.0	0.0	-90.0	0.386702	-0.073899	0.3937	-10.818841	0.0	0.002509	0.002509	90.0	0.386702	-0.073899	0.3937	-10.818841	266081.774223
170000.0	1.0	0.0	0.0	0.0	-90.0	0.385871	-0.075432	0.393175	-11.061003	0.0	0.002561	0.002561	90.0	0.385871	-0.075432	0.393175	-11.061007	266080.305395
175000.0	1.0	0.0	0.0	0.0	-90.0	0.385061	-0.076962	0.392677	-11.302788	0.0	0.002485	0.002485	90.0	0.385061	-0.076962	0.392677	-11.302788	266078.862262
180000.0	1.0	0.0	0.0	0.0	-90.0	0.384251	-0.078484	0.392185	-11.54401	0.0	0.002536	0.002536	90.0	0.384251	-0.078484	0.392185	-11.54401	266077.418983
185000.0	1.0	0.0	0.0	0.0	-90.0	0.383465	-0.080005	0.391722	-11.785034	0.0	0.002499	0.002499	90.0	0.383465	-0.080005	0.391722	-11.785032	266075.96857
190000.0	1.0	0.0	0.0	0.0	-90.0	0.382674	-0.081517	0.39126	-12.025303	0.0	0.002518	0.002518	90.0	0.382674	-0.081517	0.39126	-12.025303	266074.511594
195000.0	1.0	0.0	0.0	0.0	-90.0	0.381864	-0.083017	0.390784	-12.265168	0.0	0.002525	0.002525	90.0	0.381864	-0.083017	0.390784	-12.265168	266073.059103
200000.0	1.0	0.0	0.0	0.0	-90.0	0.381082	-0.08452	0.390343	-12.505215	0.0	0.002488	0.002488	90.0	0.381082	-0.08452	0.390343	-12.505215	266071.613865
205000.0	1.0	0.0	0.0	0.0	-90.0	0.380306	-0.086011	0.389911	-12.743784	0.0	0.002523	0.002523	90.0	0.380306	-0.086011	0.389911	-12.743784	266070.084113
210000.0	1.0	0.0	0.0	0.0	-90.0	0.379531	-0.087498	0.389487	-12.982254	0.0	0.002491	0.002491	90.0	0.379531	-0.087498	0.389487	-12.982254	266068.666064
215000.0	1.0	0.0	0.0	0.0	-90.0	0.378721	-0.088973	0.389032	-13.220723	0.0	0.002525	0.002525	90.0	0.378721	-0.088973	0.389032	-13.220723	266067.250103
220000.0	1.0	0.0	0.0	0.0	-90.0	0.377909	-0.09044	0.38858	-13.458645	0.0	0.002561	0.002561	90.0	0.377909	-0.09044	0.38858	-13.458645	266065.789661
225000.0	1.0	0.0	0.0	0.0	-90.0	0.37711	-0.091902	0.388147	-13.696072	0.0	0.002525	0.002525	90.0	0.37711	-0.091902	0.388147	-13.696072	266064.360713
230000.0	1.0	0.0	0.0	0.0	-90.0	0.37634	-0.093368	0.387749	-13.933462	0.0	0.002564	0.002564	90.0	0.37634	-0.093368	0.387749	-13.933463	266062.922919
235000.0	1.0	0.0	0.0	0.0	-90.0	0.375535	-0.094818	0.38732	-14.170354	0.0	0.002576	0.002576	90.0	0.375535	-0.094818	0.38732	-14.170354	266061.50308
240000.0	1.0	0.0	0.0	0.0	-90.0	0.374723	-0.096263	0.38689	-14.407211	0.0	0.002579	0.002579	90.0	0.374723	-0.096263	0.38689	-14.407211	266059.974578
245000.0	1.0	0.0	0.0	0.0	-90.0	0.373915	-0.097701	0.386468	-14.643504	0.0	0.0026	0.0026	90.0	0.373915	-0.097701	0.386468	-14.643504	266058.525862
250000.0	1.0	0.0	0.0	0.0	-90.0	0.373139	-0.099148	0.386087	-14.880445	0.0	0.002595	0.002595	90.0	0.373139	-0.099148	0.386087	-14.880445	266057.054507
255000.0	1.0	0.0	0.0	0.0	-90.0	0.3724	-0.100586	0.385745	-15.114993	0.0	0.002632	0.002632	90.0	0.3724	-0.100586	0.385745	-15.114993	266055.628198
260000.0	1.0	0.0	0.0	0.0	-90.0	0.371576	-0.102004	0.385323	-15.35052	0.0	0.002624	0.002624	90.0	0.371576	-0.102004	0.385323	-15.35052	266054.188669
265000.0	1.0	0.0	0.0	0.0	-90.0	0.370752	-0.103417	0.384905	-15.585894	0.0	0.002661	0.002661	90.0	0.370752	-0.103417	0.384905	-15.585894	266052.762666
270000.0	1.0	0.0	0.0	0.0	-90.0	0.369951	-0.104831	0.384517	-15.820872	0.0	0.002604	0.002604	90.0	0.369951	-0.104831	0.384517	-15.820872	266051.32007
275000.0	1.0	0.0	0.0	0.0	-90.0	0.369149	-0.10624	0.384132	-16.05572	0.0	0.002646	0.002646	90.0	0.369149	-0.10624	0.384132	-16.05572	266049.888918
280000.0	1.0	0.0	0.0	0.0	-90.0	0.368354	-0.107646	0.383761	-16.290196	0.0	0.002653	0.002653	90.0	0.368354	-0.107646	0.383761	-16.290196	266048.436484
285000.0	1.0	0.0	0.0	0.0	-90.0	0.367549	-0.109042	0.383383	-16.524163	0.0	0.002696	0.002696	90.0	0.367549	-0.109042	0.383383	-16.524163	266046.994155
290000.0	1.0	0.0	0.0	0.0	-90.0	0.366753	-0.110438	0.38302	-16.758266	0.0	0.0027	0.0027	90.0	0.366753	-0.110438	0.38302	-16.758266	266045.565579
295000.0	1.0	0.0	0.0	0.0	-90.0	0.365956	-0.111828	0.382661	-16.991992	0.0	0.002669	0.002669	90.0	0.365956	-0.111828	0.382661	-16.991992	266044.135677
300000.0	1.0	0.0	0.0	0.0	-90.0	0.365138	-0.113207	0.382284	-17.225424	0.0	0.002684	0.002684	90.0	0.365138	-0.113207	0.382284	-17.225425	266042.68849
305000.0	1.0	0.0	0.0	0.0	-90.0	0.364318	-0.114582	0.381912	-17.458915	0.0	0.002671	0.002671	90.0	0.364318	-0.114582	0.381912	-17.458915	266041.243567
310000.0	1.0	0.0	0.0	0.0	-90.0	0.3635	-0.115953	0.381546	-17.692251	0.0	0.002786	0.002786	90.0	0.3635	-0.115953	0.381546	-17.692251	266039.782055
315000.0	1.0	0.0	0.0	0.0	-90.0	0.36268	-0.117322	0.381184	-17.92568	0.0	0.002763	0.002763	90.0	0.36268	-0.117322	0.381184	-17.92568	266038.332813
320000.0	1.0	0.0	0.0	0.0	-90.0	0.361826	-0.118672	0.38079	-18.158469	0.0	0.002762	0.002762	90.0	0.361826	-0.118672	0.38079	-18.158469	266036.906387
325000.0	1.0	0.0	0.0	0.0	-90.0	0.360981	-0.120022	0.380411	-18.391326	0.0	0.002789	0.002789	90.0	0.360982	-0.120022	0.380412	-18.391332	266035.482424
330000.0	1.0	0.0	0.0	0.0	-90.0	0.360153	-0.121371	0.380054	-18.623811	0.0	0.002763	0.002763	90.0	0.360153	-0.121371	0.380054	-18.623811	266034.037936
335000.0	1.0	0.0	0.0	0.0	-90.0	0.359305	-0.12271	0.379681	-18.856131	0.0	0.002824	0.002824	90.0	0.359305	-0.12271	0.379681	-18.856131	266032.621937
340000.0	1.0	0.0	0.0	0.0	-90.0	0.358486	-0.124053	0.379343	-19.087993	0.0	0.002842	0.002842	90.0	0.358486	-0.124053	0.379343	-19.087993	266031.15801
345000.0	1.0	0.0	0.0	0.0	-90.0	0.357686	-0.125397	0.37903	-19.319638	0.0	0.002811	0.002811	90.0	0.357686	-0.125397	0.37903	-19.319638	266029.731992
350000.0	1.0	0.0	0.0	0.0	-90.0	0.356855	-0.12673	0.37869	-19.551536	0.0	0.002841	0.002841	90.0	0.356855	-0.12673	0.37869	-19.551536	266028.308002
355000.0	1.0	0.0	0.0	0.0	-90.0	0.356001	-0.128051	0.378331	-19.783266	0.0	0.002909	0.002909	90.0	0.356001	-0.128051	0.378331	-19.783266	266026.847126
360000.0	1.0	0.0	0.0	0.0	-90.0	0.35514	-0.129367	0.377969	-20.015234	0.0	0.002879	0.002879	90.0	0.35514	-0.129367	0.377969	-20.015234	266025.401221
365000.0	1.0	0.0	0.0	0.0	-90.0	0.354291	-0.130681	0.377623	-20.246603	0.0	0.002887	0.002887	90.0	0.354291	-0.130681	0.377623	-20.246605	266023.958452
370000.0	1.0	0.0	0.0	0.0	-90.0	0.353445	-0.131994	0.377288	-20.478111	0.0	0.002918	0.002918	90.0	0.353445	-0.131994	0.377288	-20.478111	266022.528409
375000.0	1.0	0.0	0.0	0.0	-90.0	0.352614	-0.133307	0.376971	-20.709288	0.0	0.002933	0.002933	90.0	0.352614	-0.133307	0.376971	-20.709288	266021.111272
380000.0	1.0	0.0	0.0	0.0	-90.0	0.351765	-0.134607	0.37664	-20.939871	0.0	0.002925	0.002925	90.0	0.351765	-0.134607	0.37664	-20.93987	266019.690773
385000.0	1.0	0.0	0.0	0.0	-90.0	0.350897	-0.135896	0.376293	-21.170435	0.0	0.002989	0.002989	90.0	0.350897	-0.135896	0.376293	-21.170435	266018.248126
390000.0	1.0	0.0	0.0	0.0	-90.0	0.350038	-0.137186	0.375961	-21.401121	0.0	0.002991	0.002991	90.0	0.350038	-0.137186	0.375961	-21.401121	266016.820026
395000.0	1.0	0.0	0.0	0.0	-90.0	0.349158	-0.138467	0.375613	-21.631996	0.0	0.003045	0.003045	90.0	0.349158	-0.138467	0.375613	-21.631996	266015.376199
400000.0	1.0	0.0	0.0	0.0	-90.0	0.348272	-0.139742	0.375262	-21.862833	0.0	0.003085	0.003085	90.0	0.348272	-0.139742	0.375262	-21.862833	266013.943712
405000.0	1.0	0.0	0.0	0.0	-90.0	0.347398	-0.141016	0.374928	-22.093239	0.0	0.003135	0.003135	90.0	0.347398	-0.141016	0.374928	-22.093239	266012.492151
410000.0	1.0	0.0	0.0	0.0	-90.0	0.346491	-0.142275	0.374564	-22.323888	0.0	0.003125	0.003125	90.0	0.346491	-0.142275	0.374564	-22.323888	266011.060519
415000.0	1.0	0.0	0.0	0.0	-90.0	0.345604	-0.14354	0.374227	-22.554655	0.0	0.003158	0.003158	90.0	0.345604	-0.14354	0.374227	-22.554655	266009.628262
420000.0	1.0	0.0	0.0	0.0	-90.0	0.344715	-0.144799	0.373892	-22.785043	0.0	0.00318	0.00318	90.0	0.344716	-0.144799	0.373893	-22.785044	266008.202795
425000.0	1.0	0.0	0.0	0.0	-90.0	0.343825	-0.14605	0.373559	-23.014759	0.0	0.003196	0.003196	90.0	0.343825	-0.14605	0.373559	-23.014759	266006.778157
430000.0	1.0	0.0	0.0	0.0	-90.0	0.342927	-0.147295	0.373222	-23.24464	0.0	0.003236	0.003236	90.0	0.342927	-0.147295	0.373222	-23.24464	266005.33761
435000.0	1.0	0.0	0.0	0.0	-90.0	0.342021	-0.148534	0.372882	-23.474465	0.0	0.003273	0.003273	90.0	0.342021	-0.148534	0.372882	-23.474465	266003.881765
440000.0	1.0	0.0	0.0	0.0	-90.0	0.341114	-0.14977	0.372545	-23.704385	0.0	0.003361	0.003361	90.0	0.341114	-0.14977	0.372545	-23.704385	266002.437939
445000.0	1.0	0.0	0.0	0.0	-90.0	0.340189	-0.150994	0.372193	-23.93413	0.0	0.003387	0.003387	90.0	0.340189	-0.150994	0.372193	-23.93413	266000.957435
450000.0	1.0	0.0	0.0	0.0	-90.0	0.339264	-0.152216	0.371846	-24.164137	0.0	0.003423	0.003423	90.0	0.339264	-0.152216	0.371846	-24.164137	265999.510391
455000.0	1.0	0.0	0.0	0.0	-90.0	0.338342	-0.153437	0.371508	-24.394067	0.0	0.00346	0.00346	90.0	0.338342	-0.153437	0.371508	-24.394067	265998.065368
460000.0	1.0	0.0	0.0	0.0	-90.0	0.337412	-0.154648	0.371164	-24.623616	0.0	0.003444	0.003444	90.0	0.337412	-0.154648	0.371164	-24.623616	265996.613572
465000.0	1.0	0.0	0.0	0.0	-90.0	0.336536	-0.155872	0.370881	-24.851968	0.0	0.003496	0.003496	90.0	0.336536	-0.155872	0.370881	-24.851968	265995.158982
470000.0	1.0	0.0	0.0	0.0	-90.0	0.335636	-0.157083	0.370576	-25.080388	0.0	0.003593	0.003593	90.0	0.335636	-0.157083	0.370576	-25.080388	265993.735323
475000.0	1.0	0.0	0.0	0.0	-90.0	0.334719	-0.15829	0.37026	-25.309565	0.0	0.003714	0.003714	90.0	0.334719	-0.15829	0.37026	-25.309565	265992.309113
480000.0	1.0	0.0	0.0	0.0	-90.0	0.333767	-0.159485	0.369914	-25.540083	0.0	0.003791	0.003791	90.0	0.333767	-0.159486	0.369914	-25.540083	265990.845578
485000.0	1.0	0.0	0.0	0.0	-90.0	0.33282	-0.160674	0.369574	-25.769631	0.0	0.00391	0.00391	90.0	0.33282	-0.160674	0.369574	-25.769631	265989.392612
490000.0	1.0	0.0	0.0	0.0	-90.0	0.331883	-0.161855	0.369246	-25.99785	0.0	0.004047	0.004047	90.0	0.331883	-0.161855	0.369246	-25.99785	265987.916009
495000.0	1.0	0.0	0.0	0.0	-90.0	0.330938	-0.163035	0.368918	-26.226879	0.0	0.004271	0.004271	90.0	0.330938	-0.163035	0.368918	-26.226879	265986.474477
500000.0	1.0	0.0	0.0	0.0	-90.0	0.329969	-0.164203	0.368568	-26.456387	0.0	0.005579	0.005579	90.0	0.329969	-0.164203	0.368568	-26.456387	265985.025196
