# Oscilator_frequency (Hz)	DemodAll_A (-)	Demod_1_X_A (A)	Demod_1_Y_A (A)	Demod_1__R_A (A)	Demod_1__Theta_A (deg)	Demod_2_X_A (A)	Demod_2_Y_A (A)	Demod_2__R_A (A)	Demod_2__Theta_A (deg)	Demod_3_X_A (V)	Demod_3_Y_A (V)	Demod_3__R_A (V)	Demod_3__Theta_A (deg)	Demod_4_X_A (V)	Demod_4_Y_A (V)	Demod_4__R_A (V)	Demod_4__Theta_A (deg)	Timer_GET (s)	
5000.000000	 1.000000	 0.000000	 -0.000000	 0.000000	 -90.000000	 0.439414	 -0.112176	 0.453507	 -14.320934	 0.000000	 1.981681	 1.981681	 90.000000	 0.439414	 -0.112176	 0.453507	 -14.320934	 363977.393065	
4950.000000	 1.000000	 0.000000	 -0.000000	 0.000000	 -90.000000	 0.439655	 -0.112393	 0.453793	 -14.339907	 0.000000	 1.978766	 1.978766	 90.000000	 0.439653	 -0.112388	 0.453790	 -14.339399	 363978.821935	
4900.000000	 1.000000	 0.000000	 -0.000000	 0.000000	 -90.000000	 0.440202	 -0.113427	 0.454581	 -14.449132	 0.000000	 1.982333	 1.982333	 90.000000	 0.440202	 -0.113427	 0.454581	 -14.449132	 363980.240451	
4850.000000	 1.000000	 0.000000	 -0.000000	 0.000000	 -90.000000	 0.439398	 -0.111100	 0.453226	 -14.189656	 0.000000	 1.977844	 1.977844	 90.000000	 0.439398	 -0.111100	 0.453226	 -14.189656	 363981.675898	
4800.000000	 1.000000	 0.000000	 -0.000000	 0.000000	 -90.000000	 0.439380	 -0.110732	 0.453119	 -14.145101	 0.000000	 1.980616	 1.980616	 90.000000	 0.439380	 -0.110732	 0.453119	 -14.145101	 363983.118188	
4750.000000	 1.000000	 0.000000	 -0.000000	 0.000000	 -90.000000	 0.439601	 -0.110899	 0.453374	 -14.158630	 0.000000	 1.981736	 1.981736	 90.000000	 0.439601	 -0.110899	 0.453374	 -14.158630	 363984.594929	
4700.000000	 1.000000	 0.000000	 -0.000000	 0.000000	 -90.000000	 0.438833	 -0.108663	 0.452086	 -13.907746	 0.000000	 1.982825	 1.982825	 90.000000	 0.438833	 -0.108663	 0.452086	 -13.907746	 363986.087858	
4650.000000	 1.000000	 0.000000	 -0.000000	 0.000000	 -90.000000	 0.438690	 -0.107999	 0.451789	 -13.830315	 0.000000	 1.981308	 1.981308	 90.000000	 0.438697	 -0.108015	 0.451799	 -13.832091	 363987.524875	
4600.000000	 1.000000	 0.000000	 -0.000000	 0.000000	 -90.000000	 0.438552	 -0.107286	 0.451485	 -13.746680	 0.000000	 1.979024	 1.979024	 90.000000	 0.438552	 -0.107286	 0.451485	 -13.746680	 363988.951516	
4550.000000	 1.000000	 0.000000	 -0.000000	 0.000000	 -90.000000	 0.438670	 -0.107190	 0.451576	 -13.731315	 0.000000	 1.978695	 1.978695	 90.000000	 0.438670	 -0.107190	 0.451576	 -13.731315	 363990.427154	
4500.000000	 1.000000	 0.000000	 -0.000000	 0.000000	 -90.000000	 0.439116	 -0.107880	 0.452174	 -13.802818	 0.000000	 1.979824	 1.979824	 90.000000	 0.439116	 -0.107880	 0.452174	 -13.802818	 363991.853131	
4450.000000	 1.000000	 0.000000	 -0.000000	 0.000000	 -90.000000	 0.439833	 -0.109307	 0.453212	 -13.956310	 0.000000	 1.980447	 1.980447	 90.000000	 0.439833	 -0.109307	 0.453212	 -13.956310	 363993.317841	
4400.000000	 1.000000	 0.000000	 -0.000000	 0.000000	 -90.000000	 0.439321	 -0.107716	 0.452334	 -13.776481	 0.000000	 1.980132	 1.980132	 90.000000	 0.439321	 -0.107716	 0.452334	 -13.776481	 363994.733490	
4350.000000	 1.000000	 0.000000	 -0.000000	 0.000000	 -90.000000	 0.439969	 -0.108955	 0.453259	 -13.909067	 0.000000	 1.979676	 1.979676	 90.000000	 0.439969	 -0.108955	 0.453259	 -13.909067	 363996.180673	
4300.000000	 1.000000	 0.000000	 -0.000000	 0.000000	 -90.000000	 0.439799	 -0.108235	 0.452922	 -13.825826	 0.000000	 1.979949	 1.979949	 90.000000	 0.439799	 -0.108235	 0.452922	 -13.825826	 363997.646465	
4250.000000	 1.000000	 0.000000	 -0.000000	 0.000000	 -90.000000	 0.440297	 -0.109030	 0.453595	 -13.908280	 0.000000	 1.984613	 1.984613	 90.000000	 0.440305	 -0.109048	 0.453607	 -13.910305	 363999.058847	
4200.000000	 1.000000	 0.000000	 -0.000000	 0.000000	 -90.000000	 0.440914	 -0.110058	 0.454442	 -14.015340	 0.000000	 1.981527	 1.981527	 90.000000	 0.440914	 -0.110058	 0.454442	 -14.015340	 364000.471642	
4150.000000	 1.000000	 0.000000	 -0.000000	 0.000000	 -90.000000	 0.440805	 -0.109408	 0.454180	 -13.939186	 0.000000	 1.986065	 1.986065	 90.000000	 0.440805	 -0.109408	 0.454180	 -13.939186	 364001.893257	
4100.000000	 1.000000	 0.000000	 -0.000000	 0.000000	 -90.000000	 0.440827	 -0.109037	 0.454112	 -13.893047	 0.000000	 1.984000	 1.984000	 90.000000	 0.440826	 -0.109035	 0.454111	 -13.892875	 364003.324857	
4050.000000	 1.000000	 0.000000	 -0.000000	 0.000000	 -90.000000	 0.441841	 -0.111097	 0.455595	 -14.113965	 0.000000	 1.984209	 1.984209	 90.000000	 0.441841	 -0.111097	 0.455595	 -14.113965	 364004.765046	
4000.000000	 1.000000	 0.000000	 -0.000000	 0.000000	 -90.000000	 0.442337	 -0.111684	 0.456219	 -14.170279	 0.000000	 1.989330	 1.989330	 90.000000	 0.442337	 -0.111684	 0.456219	 -14.170279	 364006.186443	
3950.000000	 1.000000	 0.000000	 -0.000000	 0.000000	 -90.000000	 0.442239	 -0.111015	 0.455960	 -14.091764	 0.000000	 1.990375	 1.990375	 90.000000	 0.442239	 -0.111015	 0.455960	 -14.091764	 364007.652022	
3900.000000	 1.000000	 0.000000	 -0.000000	 0.000000	 -90.000000	 0.441980	 -0.109989	 0.455460	 -13.974512	 0.000000	 1.990113	 1.990113	 90.000000	 0.441988	 -0.110008	 0.455472	 -13.976533	 364009.061863	
3850.000000	 1.000000	 0.000000	 -0.000000	 0.000000	 -90.000000	 0.442972	 -0.111752	 0.456851	 -14.159005	 0.000000	 1.992507	 1.992507	 90.000000	 0.442972	 -0.111752	 0.456851	 -14.159005	 364010.503605	
3800.000000	 1.000000	 0.000000	 -0.000000	 0.000000	 -90.000000	 0.443648	 -0.112984	 0.457809	 -14.287843	 0.000000	 1.988070	 1.988070	 90.000000	 0.443648	 -0.112984	 0.457809	 -14.287843	 364011.925248	
3750.000000	 1.000000	 0.000000	 -0.000000	 0.000000	 -90.000000	 0.442700	 -0.110464	 0.456274	 -14.010587	 0.000000	 1.987889	 1.987889	 90.000000	 0.442700	 -0.110464	 0.456274	 -14.010587	 364013.368645	
3700.000000	 1.000000	 0.000000	 -0.000000	 0.000000	 -90.000000	 0.442318	 -0.109090	 0.455572	 -13.854572	 0.000000	 1.985928	 1.985928	 90.000000	 0.442318	 -0.109091	 0.455573	 -13.854658	 364014.890458	
3650.000000	 1.000000	 0.000000	 -0.000000	 0.000000	 -90.000000	 0.442353	 -0.108717	 0.455517	 -13.807912	 0.000000	 1.989787	 1.989787	 90.000000	 0.442353	 -0.108717	 0.455517	 -13.807912	 364016.334165	
3600.000000	 1.000000	 0.000000	 -0.000000	 0.000000	 -90.000000	 0.442832	 -0.109384	 0.456142	 -13.874865	 0.000000	 1.991805	 1.991805	 90.000000	 0.442832	 -0.109384	 0.456142	 -13.874865	 364017.790799	
3550.000000	 1.000000	 0.000000	 -0.000000	 0.000000	 -90.000000	 0.442696	 -0.108566	 0.455814	 -13.779232	 0.000000	 1.987899	 1.987899	 90.000000	 0.442696	 -0.108566	 0.455814	 -13.779232	 364019.217327	
3500.000000	 1.000000	 0.000000	 -0.000000	 0.000000	 -90.000000	 0.443571	 -0.110136	 0.457040	 -13.944160	 0.000000	 1.989000	 1.989000	 90.000000	 0.443571	 -0.110136	 0.457040	 -13.944160	 364020.659498	
3450.000000	 1.000000	 0.000000	 -0.000000	 0.000000	 -90.000000	 0.444662	 -0.112087	 0.458571	 -14.147892	 0.000000	 1.988055	 1.988055	 90.000000	 0.444662	 -0.112087	 0.458571	 -14.147892	 364022.089961	
3400.000000	 1.000000	 0.000000	 -0.000000	 0.000000	 -90.000000	 0.445015	 -0.112441	 0.459000	 -14.180016	 0.000000	 1.987200	 1.987200	 90.000000	 0.445015	 -0.112441	 0.459000	 -14.180016	 364023.529973	
3350.000000	 1.000000	 0.000000	 -0.000000	 0.000000	 -90.000000	 0.445198	 -0.112335	 0.459152	 -14.161607	 0.000000	 1.984371	 1.984371	 90.000000	 0.445198	 -0.112335	 0.459152	 -14.161607	 364024.961063	
3300.000000	 1.000000	 0.000000	 -0.000000	 0.000000	 -90.000000	 0.445684	 -0.112985	 0.459783	 -14.225354	 0.000000	 1.986657	 1.986657	 90.000000	 0.445692	 -0.113001	 0.459794	 -14.226999	 364026.413551	
3250.000000	 1.000000	 0.000000	 -0.000000	 0.000000	 -90.000000	 0.446430	 -0.114077	 0.460775	 -14.334099	 0.000000	 1.986365	 1.986365	 90.000000	 0.446430	 -0.114077	 0.460775	 -14.334099	 364027.862746	
3200.000000	 1.000000	 0.000000	 -0.000000	 0.000000	 -90.000000	 0.447067	 -0.115048	 0.461633	 -14.431343	 0.000000	 1.994138	 1.994138	 90.000000	 0.447067	 -0.115048	 0.461633	 -14.431343	 364029.270356	
3150.000000	 1.000000	 0.000000	 -0.000000	 0.000000	 -90.000000	 0.447456	 -0.115456	 0.462112	 -14.468274	 0.000000	 1.992110	 1.992110	 90.000000	 0.447456	 -0.115456	 0.462112	 -14.468274	 364030.754270	
3100.000000	 1.000000	 0.000000	 -0.000000	 0.000000	 -90.000000	 0.448310	 -0.116744	 0.463261	 -14.596208	 0.000000	 1.990922	 1.990922	 90.000000	 0.448310	 -0.116744	 0.463261	 -14.596208	 364032.182630	
3050.000000	 1.000000	 0.000000	 -0.000000	 0.000000	 -90.000000	 0.449625	 -0.118994	 0.465105	 -14.823520	 0.000000	 1.991314	 1.991314	 90.000000	 0.449625	 -0.118994	 0.465105	 -14.823520	 364033.660590	
3000.000000	 1.000000	 0.000000	 -0.000000	 0.000000	 -90.000000	 0.449199	 -0.117640	 0.464348	 -14.675486	 0.000000	 1.991654	 1.991654	 90.000000	 0.449199	 -0.117640	 0.464348	 -14.675486	 364035.099867	
2950.000000	 1.000000	 0.000000	 -0.000000	 0.000000	 -90.000000	 0.450362	 -0.119716	 0.466002	 -14.886162	 0.000000	 1.991067	 1.991067	 90.000000	 0.450362	 -0.119716	 0.466002	 -14.886162	 364036.544326	
2900.000000	 1.000000	 0.000000	 -0.000000	 0.000000	 -90.000000	 0.451514	 -0.121531	 0.467584	 -15.064856	 0.000000	 1.987032	 1.987032	 90.000000	 0.451514	 -0.121531	 0.467584	 -15.064857	 364037.992354	
2850.000000	 1.000000	 0.000000	 -0.000000	 0.000000	 -90.000000	 0.452683	 -0.123497	 0.469227	 -15.259543	 0.000000	 1.990869	 1.990869	 90.000000	 0.452683	 -0.123497	 0.469227	 -15.259543	 364039.429611	
2800.000000	 1.000000	 0.000000	 -0.000000	 0.000000	 -90.000000	 0.453131	 -0.123883	 0.469761	 -15.290666	 0.000000	 1.990718	 1.990718	 90.000000	 0.453142	 -0.123908	 0.469778	 -15.293195	 364040.857359	
2750.000000	 1.000000	 0.000000	 -0.000000	 0.000000	 -90.000000	 0.453666	 -0.124450	 0.470426	 -15.340074	 0.000000	 1.989172	 1.989172	 90.000000	 0.453666	 -0.124450	 0.470426	 -15.340074	 364042.276604	
2700.000000	 1.000000	 0.000000	 -0.000000	 0.000000	 -90.000000	 0.454625	 -0.125778	 0.471704	 -15.464852	 0.000000	 1.989860	 1.989860	 90.000000	 0.454625	 -0.125778	 0.471704	 -15.464852	 364043.703808	
2650.000000	 1.000000	 0.000000	 -0.000000	 0.000000	 -90.000000	 0.455240	 -0.126454	 0.472476	 -15.523913	 0.000000	 1.987095	 1.987095	 90.000000	 0.455240	 -0.126454	 0.472476	 -15.523913	 364045.145325	
2600.000000	 1.000000	 0.000000	 -0.000000	 0.000000	 -90.000000	 0.456008	 -0.127382	 0.473465	 -15.607209	 0.000000	 1.986658	 1.986658	 90.000000	 0.456008	 -0.127382	 0.473465	 -15.607209	 364046.614301	
2550.000000	 1.000000	 0.000000	 -0.000000	 0.000000	 -90.000000	 0.456354	 -0.127578	 0.473851	 -15.618843	 0.000000	 1.985905	 1.985905	 90.000000	 0.456354	 -0.127578	 0.473851	 -15.618843	 364048.069259	
2500.000000	 1.000000	 0.000000	 -0.000000	 0.000000	 -90.000000	 0.457718	 -0.129586	 0.475708	 -15.807529	 0.000000	 1.984659	 1.984659	 90.000000	 0.457718	 -0.129586	 0.475708	 -15.807529	 364049.518606	
2450.000000	 1.000000	 0.000000	 -0.000000	 0.000000	 -90.000000	 0.458985	 -0.131497	 0.477451	 -15.986720	 0.000000	 1.985263	 1.985263	 90.000000	 0.458985	 -0.131497	 0.477451	 -15.986720	 364050.954620	
2400.000000	 1.000000	 0.000000	 -0.000000	 0.000000	 -90.000000	 0.459773	 -0.132278	 0.478423	 -16.050726	 0.000000	 1.985389	 1.985389	 90.000000	 0.459773	 -0.132278	 0.478423	 -16.050726	 364052.401649	
2350.000000	 1.000000	 0.000000	 -0.000000	 0.000000	 -90.000000	 0.460654	 -0.133378	 0.479574	 -16.147866	 0.000000	 1.983360	 1.983360	 90.000000	 0.460654	 -0.133378	 0.479574	 -16.147866	 364053.878243	
2300.000000	 1.000000	 0.000000	 -0.000000	 0.000000	 -90.000000	 0.462040	 -0.135295	 0.481441	 -16.321085	 0.000000	 1.984884	 1.984884	 90.000000	 0.462066	 -0.135342	 0.481480	 -16.325578	 364055.305476	
2250.000000	 1.000000	 0.000000	 -0.000000	 0.000000	 -90.000000	 0.464064	 -0.138251	 0.484220	 -16.589518	 0.000000	 1.982702	 1.982702	 90.000000	 0.464064	 -0.138251	 0.484220	 -16.589518	 364056.750089	
2200.000000	 1.000000	 0.000000	 -0.000000	 0.000000	 -90.000000	 0.464721	 -0.138753	 0.484993	 -16.624218	 0.000000	 1.979278	 1.979278	 90.000000	 0.464721	 -0.138753	 0.484993	 -16.624218	 364058.190297	
2150.000000	 1.000000	 0.000000	 -0.000000	 0.000000	 -90.000000	 0.465440	 -0.139348	 0.485852	 -16.667187	 0.000000	 1.981476	 1.981476	 90.000000	 0.465440	 -0.139348	 0.485852	 -16.667187	 364059.645895	
2100.000000	 1.000000	 0.000000	 -0.000000	 0.000000	 -90.000000	 0.468088	 -0.143274	 0.489524	 -17.018503	 0.000000	 1.981295	 1.981295	 90.000000	 0.468088	 -0.143274	 0.489524	 -17.018503	 364061.061837	
2050.000000	 1.000000	 0.000000	 -0.000000	 0.000000	 -90.000000	 0.469981	 -0.145718	 0.492053	 -17.226082	 0.000000	 1.980236	 1.980236	 90.000000	 0.469981	 -0.145718	 0.492053	 -17.226082	 364062.501364	
2000.000000	 1.000000	 0.000000	 -0.000000	 0.000000	 -90.000000	 0.470971	 -0.146655	 0.493276	 -17.296006	 0.000000	 1.981937	 1.981937	 90.000000	 0.470971	 -0.146655	 0.493276	 -17.296006	 364063.948407	
1950.000000	 1.000000	 0.000000	 -0.000000	 0.000000	 -90.000000	 0.472756	 -0.148896	 0.495649	 -17.482028	 0.000000	 1.985870	 1.985870	 90.000000	 0.472756	 -0.148896	 0.495649	 -17.482028	 364065.382551	
1900.000000	 1.000000	 0.000000	 -0.000000	 0.000000	 -90.000000	 0.476534	 -0.154094	 0.500829	 -17.919330	 0.000000	 1.980637	 1.980637	 90.000000	 0.476534	 -0.154096	 0.500829	 -17.919548	 364066.822478	
1850.000000	 1.000000	 0.000000	 -0.000000	 0.000000	 -90.000000	 0.476257	 -0.153028	 0.500238	 -17.812965	 0.000000	 1.987315	 1.987315	 90.000000	 0.476257	 -0.153028	 0.500238	 -17.812965	 364068.274441	
1800.000000	 1.000000	 0.000000	 -0.000000	 0.000000	 -90.000000	 0.476530	 -0.152668	 0.500388	 -17.764077	 0.000000	 1.985251	 1.985251	 90.000000	 0.476547	 -0.152691	 0.500411	 -17.766045	 364069.698699	
1750.000000	 1.000000	 0.000000	 -0.000000	 0.000000	 -90.000000	 0.478808	 -0.155291	 0.503361	 -17.969303	 0.000000	 1.987103	 1.987103	 90.000000	 0.478798	 -0.155282	 0.503349	 -17.968731	 364071.144329	
1700.000000	 1.000000	 0.000000	 -0.000000	 0.000000	 -90.000000	 0.481232	 -0.158124	 0.506545	 -18.189552	 0.000000	 1.983581	 1.983581	 90.000000	 0.481232	 -0.158124	 0.506545	 -18.189552	 364072.588404	
1650.000000	 1.000000	 0.000000	 -0.000000	 0.000000	 -90.000000	 0.483402	 -0.160517	 0.509356	 -18.369098	 0.000000	 1.982373	 1.982373	 90.000000	 0.483402	 -0.160517	 0.509356	 -18.369098	 364074.047359	
1600.000000	 1.000000	 0.000000	 -0.000000	 0.000000	 -90.000000	 0.486681	 -0.164266	 0.513655	 -18.650715	 0.000000	 1.981838	 1.981838	 90.000000	 0.486699	 -0.164288	 0.513679	 -18.652410	 364075.497050	
1550.000000	 1.000000	 0.000000	 -0.000000	 0.000000	 -90.000000	 0.490142	 -0.168196	 0.518198	 -18.940028	 0.000000	 1.980946	 1.980946	 90.000000	 0.490142	 -0.168196	 0.518198	 -18.940028	 364076.943809	
1500.000000	 1.000000	 0.000000	 -0.000000	 0.000000	 -90.000000	 0.492374	 -0.170276	 0.520986	 -19.076757	 0.000000	 1.980916	 1.980916	 90.000000	 0.492374	 -0.170276	 0.520986	 -19.076757	 364078.349976	
1450.000000	 1.000000	 0.000000	 -0.000000	 0.000000	 -90.000000	 0.494537	 -0.172276	 0.523685	 -19.206207	 0.000000	 1.980147	 1.980147	 90.000000	 0.494537	 -0.172276	 0.523685	 -19.206207	 364079.793935	
1400.000000	 1.000000	 0.000000	 -0.000000	 0.000000	 -90.000000	 0.499155	 -0.177108	 0.529645	 -19.535485	 0.000000	 1.980633	 1.980633	 90.000000	 0.499155	 -0.177108	 0.529645	 -19.535485	 364081.232120	
1350.000000	 1.000000	 0.000000	 -0.000000	 0.000000	 -90.000000	 0.504477	 -0.182333	 0.536417	 -19.871348	 0.000000	 1.975507	 1.975507	 90.000000	 0.504485	 -0.182340	 0.536426	 -19.871810	 364082.679834	
1300.000000	 1.000000	 0.000000	 -0.000000	 0.000000	 -90.000000	 0.510283	 -0.187865	 0.543766	 -20.211598	 0.000000	 1.980452	 1.980452	 90.000000	 0.510283	 -0.187865	 0.543766	 -20.211598	 364084.143862	
1250.000000	 1.000000	 0.000000	 -0.000000	 0.000000	 -90.000000	 0.512895	 -0.189956	 0.546941	 -20.322617	 0.000000	 1.979308	 1.979308	 90.000000	 0.512895	 -0.189956	 0.546941	 -20.322617	 364085.570732	
1200.000000	 1.000000	 0.000000	 -0.000000	 0.000000	 -90.000000	 0.517968	 -0.194202	 0.553177	 -20.552543	 0.000000	 1.977457	 1.977457	 90.000000	 0.517968	 -0.194202	 0.553177	 -20.552543	 364087.030655	
1150.000000	 1.000000	 0.000000	 -0.000000	 0.000000	 -90.000000	 0.521218	 -0.196554	 0.557047	 -20.661687	 0.000000	 1.975609	 1.975609	 90.000000	 0.521218	 -0.196554	 0.557047	 -20.661687	 364088.440574	
1100.000000	 1.000000	 0.000000	 -0.000000	 0.000000	 -90.000000	 0.525963	 -0.200384	 0.562842	 -20.856071	 0.000000	 1.973503	 1.973503	 90.000000	 0.525988	 -0.200407	 0.562873	 -20.857348	 364089.877490	
1050.000000	 1.000000	 0.000000	 -0.000000	 0.000000	 -90.000000	 0.532139	 -0.205081	 0.570290	 -21.076122	 0.000000	 1.975037	 1.975037	 90.000000	 0.532139	 -0.205081	 0.570290	 -21.076122	 364091.348384	
1000.000000	 1.000000	 0.000000	 -0.000000	 0.000000	 -90.000000	 0.537170	 -0.208477	 0.576207	 -21.211394	 0.000000	 1.974559	 1.974559	 90.000000	 0.537170	 -0.208477	 0.576207	 -21.211394	 364092.793347	
950.000000	 1.000000	 0.000000	 -0.000000	 0.000000	 -90.000000	 0.546885	 -0.215316	 0.587745	 -21.490269	 0.000000	 1.975229	 1.975229	 90.000000	 0.546885	 -0.215316	 0.587745	 -21.490269	 364094.221956	
900.000000	 1.000000	 0.000000	 -0.000000	 0.000000	 -90.000000	 0.553317	 -0.219247	 0.595171	 -21.615544	 0.000000	 1.974283	 1.974283	 90.000000	 0.553336	 -0.219265	 0.595196	 -21.616437	 364095.666279	
850.000000	 1.000000	 0.000000	 -0.000000	 0.000000	 -90.000000	 0.562932	 -0.224978	 0.606224	 -21.784346	 0.000000	 1.971654	 1.971654	 90.000000	 0.562906	 -0.224959	 0.606193	 -21.783521	 364097.099199	
800.000000	 1.000000	 0.000000	 -0.000000	 0.000000	 -90.000000	 0.572066	 -0.229868	 0.616521	 -21.891335	 0.000000	 1.973304	 1.973304	 90.000000	 0.572066	 -0.229868	 0.616521	 -21.891335	 364098.545140	
750.000000	 1.000000	 0.000000	 -0.000000	 0.000000	 -90.000000	 0.580176	 -0.233722	 0.625484	 -21.941925	 0.000000	 1.972361	 1.972361	 90.000000	 0.580176	 -0.233722	 0.625484	 -21.941925	 364099.976388	
700.000000	 1.000000	 0.000000	 -0.000000	 0.000000	 -90.000000	 0.594683	 -0.240103	 0.641325	 -21.986338	 0.000000	 1.970870	 1.970870	 90.000000	 0.594683	 -0.240103	 0.641325	 -21.986338	 364101.830336	
650.000000	 1.000000	 0.000000	 -0.000000	 0.000000	 -90.000000	 0.612414	 -0.247201	 0.660424	 -21.981476	 0.000000	 1.968786	 1.968786	 90.000000	 0.612414	 -0.247201	 0.660424	 -21.981476	 364103.306178	
600.000000	 1.000000	 0.000000	 -0.000000	 0.000000	 -90.000000	 0.624247	 -0.250730	 0.672718	 -21.882951	 0.000000	 1.970106	 1.970106	 90.000000	 0.624247	 -0.250730	 0.672718	 -21.882951	 364104.744341	
550.000000	 1.000000	 0.000000	 -0.000000	 0.000000	 -90.000000	 0.643244	 -0.255517	 0.692136	 -21.664510	 0.000000	 1.968181	 1.968181	 90.000000	 0.643244	 -0.255517	 0.692136	 -21.664510	 364106.184632	
500.000000	 1.000000	 0.000000	 -0.000000	 0.000000	 -90.000000	 0.659242	 -0.258494	 0.708109	 -21.410569	 0.000000	 1.970189	 1.970189	 90.000000	 0.659242	 -0.258494	 0.708109	 -21.410569	 364107.640988	
450.000000	 1.000000	 0.000000	 -0.000000	 0.000000	 -90.000000	 0.681484	 -0.261029	 0.729765	 -20.958365	 0.000000	 1.966389	 1.966389	 90.000000	 0.681484	 -0.261029	 0.729765	 -20.958365	 364109.097982	
400.000000	 1.000000	 0.000000	 -0.000000	 0.000000	 -90.000000	 0.701280	 -0.261649	 0.748501	 -20.460669	 0.000000	 1.968894	 1.968894	 90.000000	 0.701280	 -0.261649	 0.748501	 -20.460669	 364110.533158	
350.000000	 1.000000	 0.000000	 -0.000000	 0.000000	 -90.000000	 0.723666	 -0.260401	 0.769091	 -19.790537	 0.000000	 1.972095	 1.972095	 90.000000	 0.723705	 -0.260394	 0.769126	 -19.789081	 364111.966198	
300.000000	 1.000000	 0.000000	 -0.000000	 0.000000	 -90.000000	 0.751168	 -0.257199	 0.793980	 -18.901145	 0.000000	 1.968982	 1.968982	 90.000000	 0.751168	 -0.257199	 0.793980	 -18.901145	 364113.407834	
250.000000	 1.000000	 0.000000	 -0.000000	 0.000000	 -90.000000	 0.782929	 -0.249831	 0.821824	 -17.697764	 0.000000	 1.969827	 1.969827	 90.000000	 0.782932	 -0.249833	 0.821826	 -17.697831	 364114.843285	
200.000000	 1.000000	 0.000000	 -0.000000	 0.000000	 -90.000000	 0.819999	 -0.236171	 0.853331	 -16.067109	 0.000000	 1.968869	 1.968869	 90.000000	 0.819999	 -0.236171	 0.853331	 -16.067109	 364116.263377	
