# Oscilator_frequency (Hz)	DemodAll_A (-)	Demod_1_X_A (A)	Demod_1_Y_A (A)	Demod_1__R_A (A)	Demod_1__Theta_A (deg)	Demod_2_X_A (A)	Demod_2_Y_A (A)	Demod_2__R_A (A)	Demod_2__Theta_A (deg)	Demod_3_X_A (V)	Demod_3_Y_A (V)	Demod_3__R_A (V)	Demod_3__Theta_A (deg)	Demod_4_X_A (V)	Demod_4_Y_A (V)	Demod_4__R_A (V)	Demod_4__Theta_A (deg)	Timer_GET (s)
1.0	1.0	0.0	0.0	0.0	-90.0	0.099145	0.247683	0.266789	68.184258	0.0	-0.242786	0.242786	-90.0	0.099145	0.247683	0.266789	68.184258	263488.40734
2.0	1.0	0.0	0.0	0.0	-90.0	0.966752	-0.252703	0.999234	-14.648995	0.0	-1.116596	1.116596	-90.0	0.966752	-0.252703	0.999234	-14.648995	263486.988757
3.0	1.0	0.0	0.0	0.0	-90.0	1.033774	0.0675	1.035975	3.735788	0.0	-1.149225	1.149225	-90.0	1.033774	0.0675	1.035975	3.735788	263485.550895
4.0	1.0	0.0	0.0	0.0	-90.0	0.954055	0.087524	0.958061	5.241586	0.0	0.893479	0.893479	90.0	0.954055	0.087524	0.958061	5.241586	263484.109398
5.0	1.0	0.0	0.0	0.0	-90.0	0.891972	0.050576	0.893405	3.245249	0.0	0.645033	0.645033	90.0	0.891972	0.050576	0.893405	3.245249	263482.675554
6.0	1.0	0.0	0.0	0.0	-90.0	0.871004	0.05482	0.872727	3.601351	0.0	-0.30362	0.30362	-90.0	0.871004	0.05482	0.872727	3.601351	263481.248804
7.0	1.0	0.0	0.0	0.0	-90.0	0.884099	0.041362	0.885066	2.678579	0.0	0.142952	0.142952	90.0	0.886305	0.042487	0.887323	2.744476	263479.80829
8.0	1.0	0.0	0.0	0.0	-90.0	0.882259	0.030231	0.882776	1.962491	0.0	-0.134918	0.134918	-90.0	0.882384	0.029262	0.882869	1.899357	263478.350144
9.0	1.0	0.0	0.0	0.0	-90.0	0.881563	0.019873	0.881787	1.291378	0.0	-0.035573	0.035573	-90.0	0.881563	0.019873	0.881787	1.291378	263476.920495
10.0	1.0	0.0	0.0	0.0	-90.0	0.880532	0.012602	0.880622	0.819976	0.0	-0.046954	0.046954	-90.0	0.880532	0.012602	0.880622	0.819976	263475.478124
11.0	1.0	0.0	0.0	0.0	-90.0	0.878807	0.006745	0.878833	0.439767	0.0	-0.045019	0.045019	-90.0	0.878807	0.006745	0.878833	0.439767	263474.043338
12.0	1.0	0.0	0.0	0.0	-90.0	0.877027	0.001409	0.877028	0.092031	0.0	-0.008701	0.008701	-90.0	0.877027	0.001409	0.877028	0.092031	263472.542907
13.0	1.0	0.0	0.0	0.0	-90.0	0.87523	-0.003242	0.875236	-0.212239	0.0	0.010704	0.010704	90.0	0.87523	-0.003242	0.875236	-0.212239	263471.105701
14.0	1.0	0.0	0.0	0.0	-90.0	0.873292	-0.007011	0.87332	-0.459989	0.0	0.005931	0.005931	90.0	0.873292	-0.007011	0.87332	-0.459989	263469.652237
15.0	1.0	0.0	0.0	0.0	-90.0	0.87174	-0.010378	0.871802	-0.682097	0.0	0.003382	0.003382	90.0	0.871746	-0.010407	0.871808	-0.683961	263468.23058
16.0	1.0	0.0	0.0	0.0	-90.0	0.868764	-0.012754	0.868858	-0.841055	0.0	0.003718	0.003718	90.0	0.868764	-0.012754	0.868858	-0.841055	263466.776466
17.0	1.0	0.0	0.0	0.0	-90.0	0.866938	-0.014594	0.867061	-0.964411	0.0	0.002952	0.002952	90.0	0.866938	-0.014594	0.867061	-0.964412	263465.336148
18.0	1.0	0.0	0.0	0.0	-90.0	0.865814	-0.018159	0.866005	-1.201537	0.0	0.001877	0.001877	90.0	0.865814	-0.018159	0.866004	-1.201537	263463.902658
19.0	1.0	0.0	0.0	0.0	-90.0	0.864629	-0.019322	0.864845	-1.280191	0.0	0.00288	0.00288	90.0	0.864629	-0.019322	0.864845	-1.280191	263462.468392
20.0	1.0	0.0	0.0	0.0	-90.0	0.86285	-0.021067	0.863107	-1.398601	0.0	0.003016	0.003016	90.0	0.86285	-0.021067	0.863107	-1.398601	263460.992975
21.0	1.0	0.0	0.0	0.0	-90.0	0.86136	-0.022661	0.861658	-1.506997	0.0	0.002665	0.002665	90.0	0.86136	-0.022661	0.861658	-1.506997	263459.530542
22.0	1.0	0.0	0.0	0.0	-90.0	0.859782	-0.024069	0.860119	-1.603523	0.0	0.00193	0.00193	90.0	0.859795	-0.024066	0.860132	-1.603304	263458.083471
23.0	1.0	0.0	0.0	0.0	-90.0	0.858392	-0.02522	0.858763	-1.682886	0.0	0.002088	0.002088	90.0	0.858392	-0.02522	0.858763	-1.682886	263456.659674
24.0	1.0	0.0	0.0	0.0	-90.0	0.856914	-0.026214	0.857315	-1.752189	0.0	0.00672	0.00672	90.0	0.856914	-0.026214	0.857315	-1.752189	263455.193725
25.0	1.0	0.0	0.0	0.0	-90.0	0.85565	-0.027269	0.856084	-1.825342	0.0	0.004355	0.004355	90.0	0.85565	-0.027269	0.856084	-1.825342	263453.758927
26.0	1.0	0.0	0.0	0.0	-90.0	0.854474	-0.028278	0.854941	-1.895445	0.0	0.000184	0.000184	90.0	0.854474	-0.028278	0.854941	-1.895445	263452.329092
27.0	1.0	0.0	0.0	0.0	-90.0	0.85313	-0.02909	0.853626	-1.952945	0.0	0.004536	0.004536	90.0	0.85313	-0.02909	0.853626	-1.952945	263450.893218
28.0	1.0	0.0	0.0	0.0	-90.0	0.851989	-0.029881	0.852513	-2.008681	0.0	0.003216	0.003216	90.0	0.851989	-0.029881	0.852513	-2.008681	263449.438122
29.0	1.0	0.0	0.0	0.0	-90.0	0.850921	-0.030511	0.851468	-2.05357	0.0	0.002977	0.002977	90.0	0.850921	-0.030511	0.851468	-2.05357	263447.990913
30.0	1.0	0.0	0.0	0.0	-90.0	0.849946	-0.031156	0.850517	-2.099343	0.0	0.003173	0.003173	90.0	0.849946	-0.031156	0.850517	-2.099343	263446.550975
31.0	1.0	0.0	0.0	0.0	-90.0	0.848945	-0.031727	0.849538	-2.140275	0.0	0.003293	0.003293	90.0	0.848945	-0.031727	0.849538	-2.140275	263445.106518
32.0	1.0	0.0	0.0	0.0	-90.0	0.847765	-0.03221	0.848377	-2.17587	0.0	0.003297	0.003297	90.0	0.847765	-0.03221	0.848377	-2.17587	263443.668895
33.0	1.0	0.0	0.0	0.0	-90.0	0.846834	-0.032813	0.84747	-2.218948	0.0	0.003275	0.003275	90.0	0.846905	-0.03289	0.847543	-2.224003	263442.249422
34.0	1.0	0.0	0.0	0.0	-90.0	0.845828	-0.033259	0.846482	-2.251784	0.0	0.003232	0.003232	90.0	0.845828	-0.033259	0.846482	-2.251784	263440.823071
35.0	1.0	0.0	0.0	0.0	-90.0	0.845031	-0.033395	0.84569	-2.263096	0.0	0.003229	0.003229	90.0	0.845155	-0.03354	0.84582	-2.272584	263439.389291
36.0	1.0	0.0	0.0	0.0	-90.0	0.844144	-0.034208	0.844837	-2.320603	0.0	0.003214	0.003214	90.0	0.844144	-0.034208	0.844837	-2.320603	263437.936238
37.0	1.0	0.0	0.0	0.0	-90.0	0.843305	-0.034644	0.844016	-2.352445	0.0	0.003226	0.003226	90.0	0.843305	-0.034644	0.844016	-2.352445	263436.508449
38.0	1.0	0.0	0.0	0.0	-90.0	0.842316	-0.033636	0.842988	-2.286778	0.0	0.003289	0.003289	90.0	0.842316	-0.033636	0.842988	-2.286778	263435.058057
39.0	1.0	0.0	0.0	0.0	-90.0	0.841673	-0.033385	0.842335	-2.271475	0.0	0.003311	0.003311	90.0	0.841673	-0.033385	0.842335	-2.271475	263433.614071
40.0	1.0	0.0	0.0	0.0	-90.0	0.839432	-0.038131	0.840298	-2.600853	0.0	0.00324	0.00324	90.0	0.839432	-0.038131	0.840298	-2.600853	263432.182006
41.0	1.0	0.0	0.0	0.0	-90.0	0.837226	-0.038832	0.838126	-2.655542	0.0	0.003274	0.003274	90.0	0.836496	-0.038765	0.837394	-2.653321	263430.739287
42.0	1.0	0.0	0.0	0.0	-90.0	0.840956	-0.042814	0.842045	-2.914508	0.0	0.003357	0.003357	90.0	0.840956	-0.042814	0.842045	-2.914508	263429.289117
43.0	1.0	0.0	0.0	0.0	-90.0	0.825686	-0.038007	0.826561	-2.635539	0.0	0.003345	0.003345	90.0	0.825686	-0.038007	0.826561	-2.635539	263427.849303
44.0	1.0	0.0	0.0	0.0	-90.0	0.848327	-0.051779	0.849906	-3.492805	0.0	0.003322	0.003322	90.0	0.848327	-0.051779	0.849906	-3.492805	263426.443815
45.0	1.0	0.0	0.0	0.0	-90.0	0.811216	-0.047238	0.81259	-3.332639	0.0	0.003231	0.003231	90.0	0.811216	-0.047238	0.81259	-3.332639	263425.00954
46.0	1.0	0.0	0.0	0.0	-90.0	0.807323	-0.063004	0.809778	-4.462387	0.0	0.003221	0.003221	90.0	0.807323	-0.063004	0.809778	-4.462387	263423.555837
47.0	1.0	0.0	0.0	0.0	-90.0	0.874028	0.001178	0.874029	0.077191	0.0	0.003331	0.003331	90.0	0.874028	0.001178	0.874029	0.077191	263422.106751
48.0	1.0	0.0	0.0	0.0	-90.0	0.895499	-0.01312	0.895595	-0.839395	0.0	0.003316	0.003316	90.0	0.895499	-0.01312	0.895595	-0.839395	263420.660754
49.0	1.0	0.0	0.0	0.0	-90.0	0.76122	-0.034623	0.762007	-2.604244	0.0	0.003246	0.003246	90.0	0.761209	-0.032561	0.761905	-2.449368	263419.205771
50.0	1.0	0.0	0.0	0.0	-90.0	0.782283	0.018936	0.782512	1.386612	0.0	0.003422	0.003422	90.0	0.782175	0.018836	0.782402	1.379504	263417.754044
51.0	1.0	0.0	0.0	0.0	-90.0	0.803929	-0.105658	0.810842	-7.487285	0.0	0.003182	0.003182	90.0	0.803929	-0.105658	0.810842	-7.487285	263416.309406
52.0	1.0	0.0	0.0	0.0	-90.0	0.770381	-0.021939	0.770693	-1.631227	0.0	0.003266	0.003266	90.0	0.770381	-0.021939	0.770693	-1.631227	263414.868428
53.0	1.0	0.0	0.0	0.0	-90.0	0.797987	-0.077046	0.801698	-5.514865	0.0	0.003274	0.003274	90.0	0.797987	-0.077046	0.801698	-5.514865	263413.422205
54.0	1.0	0.0	0.0	0.0	-90.0	0.826015	0.000641	0.826015	0.04449	0.0	0.003387	0.003387	90.0	0.826015	0.000641	0.826015	0.04449	263411.97941
55.0	1.0	0.0	0.0	0.0	-90.0	0.816294	-0.015786	0.816446	-1.107888	0.0	0.003342	0.003342	90.0	0.816294	-0.015786	0.816446	-1.107888	263410.54049
56.0	1.0	0.0	0.0	0.0	-90.0	0.842541	-0.051877	0.844136	-3.523357	0.0	0.00337	0.00337	90.0	0.842541	-0.051877	0.844136	-3.523357	263409.097875
57.0	1.0	0.0	0.0	0.0	-90.0	0.826009	-0.048735	0.827445	-3.376539	0.0	0.00338	0.00338	90.0	0.832031	-0.052281	0.833672	-3.595467	263407.669363
58.0	1.0	0.0	0.0	0.0	-90.0	0.834357	-0.033786	0.835041	-2.318839	0.0	0.003378	0.003378	90.0	0.834357	-0.033786	0.835041	-2.318839	263406.216225
59.0	1.0	0.0	0.0	0.0	-90.0	0.831438	-0.041559	0.832476	-2.861551	0.0	0.003386	0.003386	90.0	0.832144	-0.041485	0.833177	-2.854035	263404.782772
60.0	1.0	0.0	0.0	0.0	-90.0	0.830069	-0.03695	0.830891	-2.548803	0.0	0.00337	0.00337	90.0	0.830069	-0.03695	0.830891	-2.548803	263403.342265
61.0	1.0	0.0	0.0	0.0	-90.0	0.828539	-0.039425	0.829476	-2.724295	0.0	0.003368	0.003368	90.0	0.829177	-0.039228	0.830104	-2.708611	263401.906075
62.0	1.0	0.0	0.0	0.0	-90.0	0.827656	-0.038269	0.82854	-2.647328	0.0	0.003365	0.003365	90.0	0.827656	-0.038269	0.82854	-2.647328	263400.44751
63.0	1.0	0.0	0.0	0.0	-90.0	0.826835	-0.039066	0.827757	-2.705054	0.0	0.003325	0.003325	90.0	0.82683	-0.039327	0.827764	-2.72316	263399.001814
64.0	1.0	0.0	0.0	0.0	-90.0	0.826619	-0.039121	0.827544	-2.709622	0.0	0.003382	0.003382	90.0	0.826619	-0.039121	0.827544	-2.709622	263397.546569
65.0	1.0	0.0	0.0	0.0	-90.0	0.826186	-0.039082	0.82711	-2.708308	0.0	0.003317	0.003317	90.0	0.826186	-0.039082	0.82711	-2.708308	263396.122851
66.0	1.0	0.0	0.0	0.0	-90.0	0.825596	-0.039389	0.826535	-2.731528	0.0	0.003409	0.003409	90.0	0.825596	-0.039389	0.826535	-2.731528	263394.677697
67.0	1.0	0.0	0.0	0.0	-90.0	0.825222	-0.039261	0.826156	-2.723835	0.0	0.003397	0.003397	90.0	0.825222	-0.039261	0.826156	-2.723835	263393.234532
68.0	1.0	0.0	0.0	0.0	-90.0	0.824799	-0.039478	0.825743	-2.740296	0.0	0.003439	0.003439	90.0	0.824833	-0.039475	0.825777	-2.739977	263391.788863
69.0	1.0	0.0	0.0	0.0	-90.0	0.824414	-0.039445	0.825357	-2.739291	0.0	0.003405	0.003405	90.0	0.824414	-0.039445	0.825357	-2.739291	263390.341352
70.0	1.0	0.0	0.0	0.0	-90.0	0.823974	-0.039491	0.82492	-2.743961	0.0	0.003406	0.003406	90.0	0.823974	-0.039491	0.82492	-2.743961	263388.913946
71.0	1.0	0.0	0.0	0.0	-90.0	0.823514	-0.03955	0.824463	-2.749553	0.0	0.003454	0.003454	90.0	0.823514	-0.03955	0.824463	-2.749553	263387.471233
72.0	1.0	0.0	0.0	0.0	-90.0	0.823064	-0.039639	0.824018	-2.757232	0.0	0.003395	0.003395	90.0	0.823064	-0.039639	0.824018	-2.757232	263386.01374
73.0	1.0	0.0	0.0	0.0	-90.0	0.822828	-0.039595	0.82378	-2.754959	0.0	0.003491	0.003491	90.0	0.822828	-0.039595	0.82378	-2.754959	263384.553529
74.0	1.0	0.0	0.0	0.0	-90.0	0.822376	-0.039633	0.82333	-2.759121	0.0	0.003468	0.003468	90.0	0.822376	-0.039633	0.82333	-2.759121	263383.109426
75.0	1.0	0.0	0.0	0.0	-90.0	0.821912	-0.039759	0.822873	-2.769465	0.0	0.003525	0.003525	90.0	0.821912	-0.039759	0.822873	-2.769465	263381.667395
76.0	1.0	0.0	0.0	0.0	-90.0	0.82152	-0.039829	0.822485	-2.775667	0.0	0.003474	0.003474	90.0	0.82152	-0.039829	0.822485	-2.775668	263380.22263
77.0	1.0	0.0	0.0	0.0	-90.0	0.821089	-0.039825	0.822055	-2.776834	0.0	0.003495	0.003495	90.0	0.821089	-0.039825	0.822055	-2.776834	263378.746312
78.0	1.0	0.0	0.0	0.0	-90.0	0.820753	-0.039883	0.821721	-2.781964	0.0	0.003449	0.003449	90.0	0.820753	-0.039883	0.821721	-2.781964	263377.326849
79.0	1.0	0.0	0.0	0.0	-90.0	0.820337	-0.039971	0.82131	-2.789519	0.0	0.003463	0.003463	90.0	0.820337	-0.039971	0.82131	-2.789519	263375.871516
80.0	1.0	0.0	0.0	0.0	-90.0	0.820067	-0.039956	0.82104	-2.789399	0.0	0.003478	0.003478	90.0	0.820067	-0.039956	0.82104	-2.789399	263374.422774
81.0	1.0	0.0	0.0	0.0	-90.0	0.819693	-0.040125	0.820675	-2.802467	0.0	0.003475	0.003475	90.0	0.819691	-0.040118	0.820672	-2.801995	263372.964317
82.0	1.0	0.0	0.0	0.0	-90.0	0.819323	-0.04016	0.820306	-2.80617	0.0	0.003463	0.003463	90.0	0.819323	-0.04016	0.820306	-2.80617	263371.518833
83.0	1.0	0.0	0.0	0.0	-90.0	0.819046	-0.039977	0.820021	-2.794378	0.0	0.003457	0.003457	90.0	0.819046	-0.039977	0.820021	-2.794378	263370.0915
84.0	1.0	0.0	0.0	0.0	-90.0	0.818597	-0.040175	0.819582	-2.809708	0.0	0.003429	0.003429	90.0	0.818598	-0.040179	0.819584	-2.809975	263368.638404
85.0	1.0	0.0	0.0	0.0	-90.0	0.818517	-0.040162	0.819502	-2.809068	0.0	0.003472	0.003472	90.0	0.818517	-0.040162	0.819502	-2.809068	263367.173215
86.0	1.0	0.0	0.0	0.0	-90.0	0.818102	-0.040106	0.819085	-2.806562	0.0	0.003496	0.003496	90.0	0.818102	-0.040106	0.819085	-2.806562	263365.724344
87.0	1.0	0.0	0.0	0.0	-90.0	0.817709	-0.040279	0.8187	-2.820013	0.0	0.003507	0.003507	90.0	0.817709	-0.040279	0.8187	-2.820013	263364.302336
88.0	1.0	0.0	0.0	0.0	-90.0	0.817414	-0.040193	0.818402	-2.814998	0.0	0.003528	0.003528	90.0	0.817414	-0.040193	0.818402	-2.814998	263362.859188
89.0	1.0	0.0	0.0	0.0	-90.0	0.817036	-0.040284	0.818028	-2.822696	0.0	0.003477	0.003477	90.0	0.817036	-0.040284	0.818028	-2.822696	263361.42045
90.0	1.0	0.0	0.0	0.0	-90.0	0.816734	-0.040338	0.81773	-2.827473	0.0	0.003474	0.003474	90.0	0.816738	-0.040344	0.817734	-2.827938	263359.986989
91.0	1.0	0.0	0.0	0.0	-90.0	0.81648	-0.040331	0.817476	-2.827892	0.0	0.003518	0.003518	90.0	0.81648	-0.040331	0.817476	-2.827892	263358.54266
92.0	1.0	0.0	0.0	0.0	-90.0	0.816208	-0.040336	0.817204	-2.829173	0.0	0.003521	0.003521	90.0	0.816208	-0.040336	0.817204	-2.829173	263357.108483
93.0	1.0	0.0	0.0	0.0	-90.0	0.815953	-0.040356	0.816951	-2.831463	0.0	0.003531	0.003531	90.0	0.815953	-0.040356	0.816951	-2.831463	263355.654781
94.0	1.0	0.0	0.0	0.0	-90.0	0.815547	-0.040453	0.816549	-2.839643	0.0	0.003505	0.003505	90.0	0.815539	-0.040442	0.816541	-2.838936	263354.202313
95.0	1.0	0.0	0.0	0.0	-90.0	0.815251	-0.040386	0.816251	-2.836001	0.0	0.003422	0.003422	90.0	0.815253	-0.040378	0.816253	-2.835444	263352.759114
96.0	1.0	0.0	0.0	0.0	-90.0	0.814975	-0.040583	0.815985	-2.850784	0.0	0.00366	0.00366	90.0	0.81496	-0.040584	0.81597	-2.850906	263351.331853
97.0	1.0	0.0	0.0	0.0	-90.0	0.814606	-0.040361	0.815605	-2.836519	0.0	0.003245	0.003245	90.0	0.814606	-0.040361	0.815605	-2.836519	263349.870129
98.0	1.0	0.0	0.0	0.0	-90.0	0.814284	-0.040617	0.815296	-2.855563	0.0	0.003614	0.003614	90.0	0.814284	-0.040617	0.815296	-2.855563	263348.457137
99.0	1.0	0.0	0.0	0.0	-90.0	0.814298	-0.040314	0.815295	-2.834287	0.0	0.003225	0.003225	90.0	0.814298	-0.040314	0.815295	-2.834287	263347.007891
100.0	1.0	0.0	0.0	0.0	-90.0	0.813954	-0.040318	0.814952	-2.835747	0.0	0.003274	0.003274	90.0	0.813954	-0.040318	0.814952	-2.835747	263345.539198
101.0	1.0	0.0	0.0	0.0	-90.0	0.813634	-0.040772	0.814655	-2.868771	0.0	0.003975	0.003975	90.0	0.813641	-0.040775	0.814662	-2.868904	263344.125809
102.0	1.0	0.0	0.0	0.0	-90.0	0.813301	-0.040701	0.814319	-2.864946	0.0	0.003857	0.003857	90.0	0.813313	-0.040718	0.814331	-2.866103	263342.665489
103.0	1.0	0.0	0.0	0.0	-90.0	0.813291	-0.040671	0.814307	-2.862849	0.0	0.003705	0.003705	90.0	0.8133	-0.040661	0.814316	-2.862099	263341.232969
104.0	1.0	0.0	0.0	0.0	-90.0	0.812883	-0.040733	0.813903	-2.868651	0.0	0.003829	0.003829	90.0	0.812883	-0.040733	0.813903	-2.868651	263339.792548
105.0	1.0	0.0	0.0	0.0	-90.0	0.812717	-0.040654	0.813733	-2.863689	0.0	0.003662	0.003662	90.0	0.812717	-0.040654	0.813733	-2.863689	263338.351144
106.0	1.0	0.0	0.0	0.0	-90.0	0.81234	-0.040688	0.813358	-2.867407	0.0	0.003733	0.003733	90.0	0.812354	-0.040697	0.813373	-2.867977	263336.886001
107.0	1.0	0.0	0.0	0.0	-90.0	0.812072	-0.04071	0.813092	-2.86989	0.0	0.003691	0.003691	90.0	0.81208	-0.040723	0.8131	-2.87079	263335.463282
108.0	1.0	0.0	0.0	0.0	-90.0	0.811835	-0.040648	0.812852	-2.866364	0.0	0.003586	0.003586	90.0	0.811835	-0.040648	0.812852	-2.866364	263334.028459
109.0	1.0	0.0	0.0	0.0	-90.0	0.811573	-0.040696	0.812592	-2.870666	0.0	0.003647	0.003647	90.0	0.811572	-0.040694	0.812591	-2.870532	263332.587471
110.0	1.0	0.0	0.0	0.0	-90.0	0.811312	-0.040739	0.812334	-2.87461	0.0	0.003645	0.003645	90.0	0.811312	-0.040739	0.812334	-2.87461	263331.120273
111.0	1.0	0.0	0.0	0.0	-90.0	0.811034	-0.040742	0.812057	-2.875787	0.0	0.003649	0.003649	90.0	0.811034	-0.040742	0.812057	-2.875787	263329.69861
112.0	1.0	0.0	0.0	0.0	-90.0	0.810855	-0.040776	0.81188	-2.878819	0.0	0.003674	0.003674	90.0	0.810855	-0.040776	0.81188	-2.878819	263328.242885
113.0	1.0	0.0	0.0	0.0	-90.0	0.810632	-0.04076	0.811656	-2.878494	0.0	0.003648	0.003648	90.0	0.810633	-0.04076	0.811657	-2.878501	263326.776067
114.0	1.0	0.0	0.0	0.0	-90.0	0.810452	-0.040735	0.811475	-2.87736	0.0	0.003669	0.003669	90.0	0.810452	-0.040735	0.811475	-2.87736	263325.342108
115.0	1.0	0.0	0.0	0.0	-90.0	0.810205	-0.040827	0.811233	-2.884728	0.0	0.003708	0.003708	90.0	0.8102	-0.040825	0.811228	-2.884652	263323.878393
116.0	1.0	0.0	0.0	0.0	-90.0	0.809961	-0.040814	0.810988	-2.884673	0.0	0.003676	0.003676	90.0	0.809964	-0.040814	0.810992	-2.884709	263322.421502
117.0	1.0	0.0	0.0	0.0	-90.0	0.809693	-0.040801	0.81072	-2.884731	0.0	0.003694	0.003694	90.0	0.809693	-0.040801	0.81072	-2.884731	263320.973593
118.0	1.0	0.0	0.0	0.0	-90.0	0.809529	-0.040812	0.810557	-2.886101	0.0	0.003732	0.003732	90.0	0.809529	-0.040812	0.810557	-2.886101	263319.53877
119.0	1.0	0.0	0.0	0.0	-90.0	0.809301	-0.040822	0.81033	-2.887642	0.0	0.003696	0.003696	90.0	0.809301	-0.040822	0.81033	-2.887642	263318.09945
120.0	1.0	0.0	0.0	0.0	-90.0	0.809039	-0.040847	0.81007	-2.890344	0.0	0.003728	0.003728	90.0	0.809039	-0.040847	0.81007	-2.890344	263316.650826
121.0	1.0	0.0	0.0	0.0	-90.0	0.808761	-0.040853	0.809792	-2.891761	0.0	0.003809	0.003809	90.0	0.808761	-0.040853	0.809792	-2.891761	263315.193268
122.0	1.0	0.0	0.0	0.0	-90.0	0.808521	-0.040849	0.809553	-2.892325	0.0	0.003795	0.003795	90.0	0.808524	-0.040848	0.809555	-2.892253	263313.74636
123.0	1.0	0.0	0.0	0.0	-90.0	0.808291	-0.040869	0.809323	-2.894542	0.0	0.003757	0.003757	90.0	0.808291	-0.040869	0.809323	-2.894542	263312.310202
124.0	1.0	0.0	0.0	0.0	-90.0	0.80808	-0.040883	0.809114	-2.896305	0.0	0.003726	0.003726	90.0	0.808079	-0.040881	0.809113	-2.89615	263310.871002
125.0	1.0	0.0	0.0	0.0	-90.0	0.807859	-0.040865	0.808891	-2.89577	0.0	0.003803	0.003803	90.0	0.807859	-0.040865	0.808891	-2.89577	263309.434343
126.0	1.0	0.0	0.0	0.0	-90.0	0.807616	-0.040915	0.808652	-2.900172	0.0	0.003871	0.003871	90.0	0.807616	-0.040914	0.808652	-2.900172	263308.010607
127.0	1.0	0.0	0.0	0.0	-90.0	0.807436	-0.040932	0.808473	-2.90206	0.0	0.003852	0.003852	90.0	0.807445	-0.040936	0.808482	-2.902275	263306.532329
128.0	1.0	0.0	0.0	0.0	-90.0	0.807312	-0.04091	0.808347	-2.900934	0.0	0.003907	0.003907	90.0	0.807312	-0.04091	0.808347	-2.900934	263305.049285
129.0	1.0	0.0	0.0	0.0	-90.0	0.807128	-0.040952	0.808166	-2.904579	0.0	0.00397	0.00397	90.0	0.807128	-0.040952	0.808166	-2.904579	263303.627431
130.0	1.0	0.0	0.0	0.0	-90.0	0.806913	-0.040921	0.80795	-2.903147	0.0	0.003965	0.003965	90.0	0.806913	-0.040921	0.80795	-2.903147	263302.145741
131.0	1.0	0.0	0.0	0.0	-90.0	0.806705	-0.040932	0.807743	-2.904704	0.0	0.003952	0.003952	90.0	0.806705	-0.040932	0.807743	-2.904703	263300.722405
132.0	1.0	0.0	0.0	0.0	-90.0	0.806504	-0.040958	0.807544	-2.907261	0.0	0.003989	0.003989	90.0	0.806504	-0.040958	0.807544	-2.907261	263299.250847
133.0	1.0	0.0	0.0	0.0	-90.0	0.806298	-0.040938	0.807336	-2.906602	0.0	0.004021	0.004021	90.0	0.806298	-0.040938	0.807336	-2.906602	263297.773308
134.0	1.0	0.0	0.0	0.0	-90.0	0.806095	-0.040977	0.807135	-2.910069	0.0	0.004047	0.004047	90.0	0.806095	-0.040977	0.807135	-2.910069	263296.360707
135.0	1.0	0.0	0.0	0.0	-90.0	0.805903	-0.040968	0.806944	-2.910111	0.0	0.004075	0.004075	90.0	0.805903	-0.040968	0.806944	-2.910111	263294.925758
136.0	1.0	0.0	0.0	0.0	-90.0	0.805712	-0.040977	0.806753	-2.911453	0.0	0.004042	0.004042	90.0	0.805712	-0.040977	0.806753	-2.911453	263293.499166
137.0	1.0	0.0	0.0	0.0	-90.0	0.805563	-0.040988	0.806605	-2.912771	0.0	0.004085	0.004085	90.0	0.805563	-0.040988	0.806605	-2.912771	263292.089536
138.0	1.0	0.0	0.0	0.0	-90.0	0.805352	-0.041013	0.806396	-2.915324	0.0	0.004107	0.004107	90.0	0.80535	-0.041021	0.806394	-2.915909	263290.620299
139.0	1.0	0.0	0.0	0.0	-90.0	0.805221	-0.041008	0.806265	-2.915445	0.0	0.004154	0.004154	90.0	0.805221	-0.041008	0.806265	-2.915445	263289.177734
140.0	1.0	0.0	0.0	0.0	-90.0	0.80492	-0.041039	0.805965	-2.91869	0.0	0.004168	0.004168	90.0	0.80492	-0.041039	0.805965	-2.91869	263287.761307
141.0	1.0	0.0	0.0	0.0	-90.0	0.804706	-0.041076	0.805753	-2.922102	0.0	0.004199	0.004199	90.0	0.804706	-0.041076	0.805753	-2.922102	263286.303204
142.0	1.0	0.0	0.0	0.0	-90.0	0.804579	-0.040947	0.805621	-2.913388	0.0	0.004221	0.004221	90.0	0.804624	-0.040945	0.805665	-2.913091	263284.868047
143.0	1.0	0.0	0.0	0.0	-90.0	0.804524	-0.041153	0.805576	-2.928205	0.0	0.004265	0.004265	90.0	0.804519	-0.041176	0.805572	-2.929878	263283.386951
144.0	1.0	0.0	0.0	0.0	-90.0	0.804037	-0.040719	0.805067	-2.899146	0.0	0.004321	0.004321	90.0	0.804037	-0.040719	0.805067	-2.899146	263281.96057
145.0	1.0	0.0	0.0	0.0	-90.0	0.804066	-0.04054	0.805087	-2.886359	0.0	0.004325	0.004325	90.0	0.804137	-0.040524	0.805158	-2.88495	263280.515862
146.0	1.0	0.0	0.0	0.0	-90.0	0.803207	-0.041298	0.804268	-2.943364	0.0	0.004404	0.004404	90.0	0.803165	-0.041229	0.804222	-2.938575	263279.090018
147.0	1.0	0.0	0.0	0.0	-90.0	0.803367	-0.040202	0.804372	-2.864769	0.0	0.004459	0.004459	90.0	0.803433	-0.040164	0.804436	-2.861884	263277.620892
148.0	1.0	0.0	0.0	0.0	-90.0	0.802453	-0.041562	0.803529	-2.964893	0.0	0.004488	0.004488	90.0	0.802453	-0.041562	0.803529	-2.964893	263276.208354
149.0	1.0	0.0	0.0	0.0	-90.0	0.803429	-0.039792	0.804414	-2.835428	0.0	0.00454	0.00454	90.0	0.803429	-0.039792	0.804414	-2.835428	263274.769054
150.0	1.0	0.0	0.0	0.0	-90.0	0.802319	-0.040058	0.803319	-2.858247	0.0	0.0046	0.0046	90.0	0.802319	-0.040058	0.803319	-2.858247	263273.344029
151.0	1.0	0.0	0.0	0.0	-90.0	0.803987	-0.041628	0.805064	-2.96393	0.0	0.004636	0.004636	90.0	0.803987	-0.041628	0.805064	-2.96393	263271.898437
152.0	1.0	0.0	0.0	0.0	-90.0	0.803672	-0.04144	0.804739	-2.951774	0.0	0.004669	0.004669	90.0	0.803672	-0.04144	0.804739	-2.951774	263270.446495
153.0	1.0	0.0	0.0	0.0	-90.0	0.802491	-0.04027	0.803501	-2.872744	0.0	0.004715	0.004715	90.0	0.802411	-0.04026	0.803421	-2.872337	263269.027948
154.0	1.0	0.0	0.0	0.0	-90.0	0.802967	-0.04084	0.804004	-2.911611	0.0	0.004779	0.004779	90.0	0.802967	-0.04084	0.804004	-2.911611	263267.599614
155.0	1.0	0.0	0.0	0.0	-90.0	0.80184	-0.040791	0.802877	-2.912219	0.0	0.004838	0.004838	90.0	0.80184	-0.040791	0.802877	-2.912219	263266.185087
156.0	1.0	0.0	0.0	0.0	-90.0	0.802325	-0.041121	0.803378	-2.933956	0.0	0.004957	0.004957	90.0	0.802325	-0.041121	0.803378	-2.933956	263264.721479
157.0	1.0	0.0	0.0	0.0	-90.0	0.802082	-0.041162	0.803138	-2.937788	0.0	0.005015	0.005015	90.0	0.802082	-0.041162	0.803138	-2.937788	263263.308368
158.0	1.0	0.0	0.0	0.0	-90.0	0.801583	-0.041139	0.802638	-2.937966	0.0	0.005055	0.005055	90.0	0.801583	-0.041139	0.802638	-2.937966	263261.861952
159.0	1.0	0.0	0.0	0.0	-90.0	0.801519	-0.041128	0.802573	-2.937385	0.0	0.005103	0.005103	90.0	0.801519	-0.041128	0.802573	-2.937385	263260.419148
160.0	1.0	0.0	0.0	0.0	-90.0	0.801413	-0.041152	0.802468	-2.93955	0.0	0.005183	0.005183	90.0	0.801422	-0.041159	0.802478	-2.94	263258.974695
161.0	1.0	0.0	0.0	0.0	-90.0	0.801284	-0.04117	0.802341	-2.941243	0.0	0.005274	0.005274	90.0	0.801284	-0.04117	0.802341	-2.941243	263257.533751
162.0	1.0	0.0	0.0	0.0	-90.0	0.801068	-0.041161	0.802125	-2.941406	0.0	0.005399	0.005399	90.0	0.801068	-0.041161	0.802125	-2.941406	263256.099153
163.0	1.0	0.0	0.0	0.0	-90.0	0.800956	-0.04113	0.802012	-2.939616	0.0	0.005483	0.005483	90.0	0.800956	-0.04113	0.802012	-2.939616	263254.641676
164.0	1.0	0.0	0.0	0.0	-90.0	0.800763	-0.041142	0.801819	-2.941174	0.0	0.005564	0.005564	90.0	0.800763	-0.041142	0.801819	-2.941174	263253.200247
165.0	1.0	0.0	0.0	0.0	-90.0	0.800645	-0.041161	0.801702	-2.942988	0.0	0.00567	0.00567	90.0	0.800645	-0.041161	0.801702	-2.942988	263251.76045
166.0	1.0	0.0	0.0	0.0	-90.0	0.800428	-0.041169	0.801486	-2.944326	0.0	0.005802	0.005802	90.0	0.800428	-0.041169	0.801486	-2.944326	263250.323917
167.0	1.0	0.0	0.0	0.0	-90.0	0.800302	-0.041174	0.801361	-2.945184	0.0	0.005879	0.005879	90.0	0.800301	-0.041181	0.80136	-2.945659	263248.856838
168.0	1.0	0.0	0.0	0.0	-90.0	0.800234	-0.041178	0.801293	-2.945719	0.0	0.006087	0.006087	90.0	0.800234	-0.041178	0.801293	-2.945719	263247.409539
169.0	1.0	0.0	0.0	0.0	-90.0	0.80013	-0.041168	0.801188	-2.945389	0.0	0.006189	0.006189	90.0	0.80013	-0.041168	0.801188	-2.945389	263245.955088
170.0	1.0	0.0	0.0	0.0	-90.0	0.80002	-0.041175	0.801079	-2.946248	0.0	0.006386	0.006386	90.0	0.80002	-0.041175	0.801079	-2.946248	263244.504126
171.0	1.0	0.0	0.0	0.0	-90.0	0.799826	-0.041194	0.800886	-2.948366	0.0	0.006641	0.006641	90.0	0.799825	-0.041194	0.800886	-2.948347	263243.074407
172.0	1.0	0.0	0.0	0.0	-90.0	0.799677	-0.041183	0.800736	-2.948078	0.0	0.006703	0.006703	90.0	0.799677	-0.041183	0.800736	-2.948078	263241.644327
173.0	1.0	0.0	0.0	0.0	-90.0	0.799478	-0.041206	0.800539	-2.950509	0.0	0.006891	0.006891	90.0	0.799478	-0.041206	0.800539	-2.95051	263240.211941
174.0	1.0	0.0	0.0	0.0	-90.0	0.799338	-0.04121	0.8004	-2.951308	0.0	0.007179	0.007179	90.0	0.799338	-0.04121	0.8004	-2.951308	263238.767462
175.0	1.0	0.0	0.0	0.0	-90.0	0.799219	-0.041196	0.80028	-2.95073	0.0	0.007399	0.007399	90.0	0.799218	-0.041195	0.800279	-2.95062	263237.332096
176.0	1.0	0.0	0.0	0.0	-90.0	0.799045	-0.041203	0.800106	-2.951871	0.0	0.007572	0.007572	90.0	0.799045	-0.041204	0.800106	-2.951924	263235.87963
177.0	1.0	0.0	0.0	0.0	-90.0	0.798915	-0.041209	0.799977	-2.952804	0.0	0.00789	0.00789	90.0	0.798915	-0.041211	0.799977	-2.952882	263234.428256
178.0	1.0	0.0	0.0	0.0	-90.0	0.79879	-0.041187	0.799851	-2.951649	0.0	0.008167	0.008167	90.0	0.79879	-0.041187	0.799851	-2.951649	263232.976246
179.0	1.0	0.0	0.0	0.0	-90.0	0.798633	-0.041211	0.799696	-2.953925	0.0	0.008488	0.008488	90.0	0.798633	-0.041211	0.799696	-2.953925	263231.526281
180.0	1.0	0.0	0.0	0.0	-90.0	0.798465	-0.041223	0.799529	-2.955433	0.0	0.008859	0.008859	90.0	0.798465	-0.041223	0.799529	-2.955433	263230.048254
181.0	1.0	0.0	0.0	0.0	-90.0	0.798295	-0.041197	0.799357	-2.954169	0.0	0.009182	0.009182	90.0	0.798295	-0.041197	0.799357	-2.954169	263228.595954
182.0	1.0	0.0	0.0	0.0	-90.0	0.798119	-0.041189	0.799181	-2.954287	0.0	0.009562	0.009562	90.0	0.798119	-0.041189	0.799181	-2.954287	263227.155686
183.0	1.0	0.0	0.0	0.0	-90.0	0.797995	-0.041196	0.799058	-2.95526	0.0	0.009969	0.009969	90.0	0.797994	-0.041195	0.799057	-2.955144	263225.753084
184.0	1.0	0.0	0.0	0.0	-90.0	0.79793	-0.041211	0.798994	-2.956537	0.0	0.010441	0.010441	90.0	0.79793	-0.041211	0.798994	-2.956537	263224.308527
185.0	1.0	0.0	0.0	0.0	-90.0	0.797791	-0.041198	0.798854	-2.956129	0.0	0.010949	0.010949	90.0	0.797791	-0.041198	0.798854	-2.956129	263222.87625
186.0	1.0	0.0	0.0	0.0	-90.0	0.797649	-0.041193	0.798712	-2.956331	0.0	0.011426	0.011426	90.0	0.797649	-0.041193	0.798712	-2.956331	263221.412577
187.0	1.0	0.0	0.0	0.0	-90.0	0.797495	-0.041195	0.798558	-2.957031	0.0	0.012011	0.012011	90.0	0.797494	-0.041196	0.798557	-2.957097	263219.987837
188.0	1.0	0.0	0.0	0.0	-90.0	0.797374	-0.041173	0.798436	-2.955852	0.0	0.012655	0.012655	90.0	0.797373	-0.041173	0.798435	-2.955876	263218.534888
189.0	1.0	0.0	0.0	0.0	-90.0	0.797238	-0.041189	0.798301	-2.957533	0.0	0.013456	0.013456	90.0	0.797238	-0.041189	0.798301	-2.957533	263217.069236
190.0	1.0	0.0	0.0	0.0	-90.0	0.797132	-0.041178	0.798195	-2.957121	0.0	0.014127	0.014127	90.0	0.797132	-0.041178	0.798195	-2.957121	263215.66006
191.0	1.0	0.0	0.0	0.0	-90.0	0.796937	-0.041186	0.798001	-2.958432	0.0	0.015008	0.015008	90.0	0.796935	-0.041185	0.797998	-2.958391	263214.20893
192.0	1.0	0.0	0.0	0.0	-90.0	0.796816	-0.041175	0.797879	-2.958064	0.0	0.015908	0.015908	90.0	0.796819	-0.041172	0.797882	-2.957859	263212.776662
193.0	1.0	0.0	0.0	0.0	-90.0	0.796694	-0.041148	0.797756	-2.956607	0.0	0.016991	0.016991	90.0	0.796694	-0.041148	0.797756	-2.956607	263211.323025
194.0	1.0	0.0	0.0	0.0	-90.0	0.796573	-0.041182	0.797637	-2.959497	0.0	0.018144	0.018144	90.0	0.796573	-0.041182	0.797637	-2.959497	263209.877908
195.0	1.0	0.0	0.0	0.0	-90.0	0.796486	-0.041192	0.79755	-2.960537	0.0	0.019503	0.019503	90.0	0.796486	-0.041192	0.79755	-2.960537	263208.416076
196.0	1.0	0.0	0.0	0.0	-90.0	0.796455	-0.041083	0.797513	-2.952863	0.0	0.021007	0.021007	90.0	0.796455	-0.041083	0.797513	-2.952863	263206.965049
197.0	1.0	0.0	0.0	0.0	-90.0	0.796277	-0.040878	0.797326	-2.93879	0.0	0.01881	0.01881	90.0	0.796277	-0.040878	0.797326	-2.93879	263205.522553
198.0	1.0	0.0	0.0	0.0	-90.0	0.795889	-0.040756	0.796932	-2.931483	0.0	0.023922	0.023922	90.0	0.795898	-0.040738	0.79694	-2.930148	263204.095586
199.0	1.0	0.0	0.0	0.0	-90.0	0.795932	-0.040719	0.796973	-2.92866	0.0	0.010034	0.010034	90.0	0.795932	-0.040719	0.796973	-2.92866	263202.645228
200.0	1.0	0.0	0.0	0.0	-90.0	0.794451	-0.040573	0.7954865	-2.9235569999999997	0.0	0.015265	0.015265	90.0	0.794451	-0.040573	0.7954865	-2.9235569999999997	260945.73246199999
250.0	1.0	0.0	0.0	0.0	-90.0	0.78732	-0.04195	0.788437	-3.049976	0.0	0.002746	0.002746	90.0	0.78732	-0.04195	0.788437	-3.049976	258688.878744
300.0	1.0	0.0	0.0	0.0	-90.0	0.782908	-0.040693	0.783965	-2.975391	0.0	0.002777	0.002777	90.0	0.782908	-0.040693	0.783965	-2.975391	258687.404418
350.0	1.0	0.0	0.0	0.0	-90.0	0.777911	-0.040339	0.778957	-2.968438	0.0	0.002821	0.002821	90.0	0.777911	-0.040339	0.778957	-2.968438	258685.91826
400.0	1.0	0.0	0.0	0.0	-90.0	0.775181	-0.040992	0.776264	-3.027007	0.0	0.002816	0.002816	90.0	0.775181	-0.040992	0.776264	-3.027007	258684.506751
450.0	1.0	0.0	0.0	0.0	-90.0	0.772409	-0.04136	0.773516	-3.065109	0.0	0.002831	0.002831	90.0	0.772409	-0.04136	0.773516	-3.065109	258683.053551
500.0	1.0	0.0	0.0	0.0	-90.0	0.769202	-0.040962	0.770292	-3.048298	0.0	0.002798	0.002798	90.0	0.769202	-0.040962	0.770292	-3.048298	258681.608805
550.0	1.0	0.0	0.0	0.0	-90.0	0.766561	-0.04108	0.767661	-3.067536	0.0	0.00222	0.00222	90.0	0.766562	-0.04108	0.767662	-3.06755	258680.160419
600.0	1.0	0.0	0.0	0.0	-90.0	0.764194	-0.040872	0.765287	-3.061478	0.0	0.001855	0.001855	90.0	0.764194	-0.040872	0.765287	-3.061478	258678.724898
650.0	1.0	0.0	0.0	0.0	-90.0	0.762293	-0.040855	0.763387	-3.067856	0.0	0.001624	0.001624	90.0	0.762293	-0.040855	0.763387	-3.067827	258677.25561
700.0	1.0	0.0	0.0	0.0	-90.0	0.760139	-0.040688	0.761227	-3.063928	0.0	0.000725	0.000725	90.0	0.760139	-0.040688	0.761227	-3.063928	258675.80864
750.0	1.0	0.0	0.0	0.0	-90.0	0.758387	-0.040452	0.759465	-3.053243	0.0	0.001796	0.001796	90.0	0.758387	-0.040452	0.759465	-3.053243	258674.351671
800.0	1.0	0.0	0.0	0.0	-90.0	0.756731	-0.040503	0.757815	-3.06372	0.0	-0.000288	0.000288	-90.0	0.756731	-0.040503	0.757815	-3.06372	258672.902206
850.0	1.0	0.0	0.0	0.0	-90.0	0.755231	-0.040389	0.75631	-3.06122	0.0	-0.002983	0.002983	-90.0	0.755231	-0.040389	0.75631	-3.061195	258671.486147
900.0	1.0	0.0	0.0	0.0	-90.0	0.753653	-0.040255	0.754728	-3.057413	0.0	0.000383	0.000383	90.0	0.753653	-0.040255	0.754728	-3.057413	258670.023525
950.0	1.0	0.0	0.0	0.0	-90.0	0.752255	-0.040181	0.753328	-3.05746	0.0	0.001034	0.001034	90.0	0.752255	-0.040181	0.753328	-3.05746	258668.593236
1000.0	1.0	0.0	0.0	0.0	-90.0	0.750949	-0.040118	0.752019	-3.05804	0.0	0.008495	0.008495	90.0	0.750949	-0.040118	0.752019	-3.05804	258667.158633
1050.0	1.0	0.0	0.0	0.0	-90.0	0.749684	-0.039941	0.750747	-3.049668	0.0	-0.003403	0.003403	-90.0	0.749684	-0.039941	0.750747	-3.049668	258665.729375
1100.0	1.0	0.0	0.0	0.0	-90.0	0.748481	-0.039922	0.749544	-3.0531	0.0	0.0018	0.0018	90.0	0.748481	-0.039922	0.749544	-3.0531	258664.30141
1150.0	1.0	0.0	0.0	0.0	-90.0	0.747334	-0.039734	0.748389	-3.043423	0.0	0.003325	0.003325	90.0	0.747334	-0.039734	0.748389	-3.043423	258662.862755
1200.0	1.0	0.0	0.0	0.0	-90.0	0.74624	-0.039711	0.747296	-3.046131	0.0	0.00328	0.00328	90.0	0.746241	-0.039712	0.747297	-3.04619	258661.358802
1250.0	1.0	0.0	0.0	0.0	-90.0	0.745346	-0.0396	0.746397	-3.041244	0.0	0.003301	0.003301	90.0	0.745346	-0.0396	0.746397	-3.041244	258659.910622
1300.0	1.0	0.0	0.0	0.0	-90.0	0.744374	-0.039578	0.745425	-3.04349	0.0	0.003285	0.003285	90.0	0.744374	-0.039578	0.745425	-3.0435	258658.421824
1350.0	1.0	0.0	0.0	0.0	-90.0	0.743467	-0.039436	0.744512	-3.036287	0.0	0.003322	0.003322	90.0	0.743467	-0.039436	0.744512	-3.036287	258657.00267
1400.0	1.0	0.0	0.0	0.0	-90.0	0.742667	-0.039431	0.743713	-3.039211	0.0	0.003366	0.003366	90.0	0.742667	-0.039431	0.743713	-3.039211	258655.546095
1450.0	1.0	0.0	0.0	0.0	-90.0	0.741893	-0.039358	0.742936	-3.036761	0.0	0.003934	0.003934	90.0	0.741893	-0.039357	0.742936	-3.036697	258654.094663
1500.0	1.0	0.0	0.0	0.0	-90.0	0.741019	-0.039298	0.742061	-3.035667	0.0	0.004107	0.004107	90.0	0.74102	-0.039297	0.742061	-3.035618	258652.633266
1550.0	1.0	0.0	0.0	0.0	-90.0	0.740272	-0.039186	0.741308	-3.030111	0.0	-0.000482	0.000482	-90.0	0.740272	-0.039186	0.741308	-3.030111	258651.199875
1600.0	1.0	0.0	0.0	0.0	-90.0	0.739566	-0.039191	0.740603	-3.033339	0.0	0.005341	0.005341	90.0	0.739566	-0.039191	0.740603	-3.033339	258649.762503
1650.0	1.0	0.0	0.0	0.0	-90.0	0.738858	-0.039144	0.739894	-3.032628	0.0	0.000661	0.000661	90.0	0.738858	-0.039144	0.739894	-3.032628	258648.329682
1700.0	1.0	0.0	0.0	0.0	-90.0	0.738188	-0.039098	0.739223	-3.03183	0.0	0.003125	0.003125	90.0	0.738188	-0.039098	0.739223	-3.03183	258646.916258
1750.0	1.0	0.0	0.0	0.0	-90.0	0.737539	-0.039067	0.738573	-3.032095	0.0	0.003401	0.003401	90.0	0.73754	-0.039067	0.738573	-3.032091	258645.434348
1800.0	1.0	0.0	0.0	0.0	-90.0	0.736902	-0.03902	0.737934	-3.031087	0.0	0.003621	0.003621	90.0	0.736902	-0.03902	0.737934	-3.031087	258644.017508
1850.0	1.0	0.0	0.0	0.0	-90.0	0.73623	-0.039	0.737262	-3.032292	0.0	0.003327	0.003327	90.0	0.73623	-0.039	0.737262	-3.03229	258642.560207
1900.0	1.0	0.0	0.0	0.0	-90.0	0.73564	-0.038971	0.736671	-3.032454	0.0	0.003459	0.003459	90.0	0.73564	-0.038971	0.736671	-3.032454	258641.128819
1950.0	1.0	0.0	0.0	0.0	-90.0	0.735026	-0.038917	0.736055	-3.030784	0.0	0.003482	0.003482	90.0	0.735026	-0.038917	0.736056	-3.030778	258639.695008
2000.0	1.0	0.0	0.0	0.0	-90.0	0.734409	-0.038919	0.73544	-3.033486	0.0	0.003602	0.003602	90.0	0.734409	-0.038919	0.73544	-3.033486	258638.247275
2050.0	1.0	0.0	0.0	0.0	-90.0	0.733863	-0.038888	0.734893	-3.033322	0.0	0.004834	0.004834	90.0	0.733863	-0.038888	0.734893	-3.033322	258636.816065
2100.0	1.0	0.0	0.0	0.0	-90.0	0.733339	-0.038884	0.734369	-3.035173	0.0	0.001863	0.001863	90.0	0.733339	-0.038884	0.734369	-3.035173	258635.373433
2150.0	1.0	0.0	0.0	0.0	-90.0	0.732801	-0.038863	0.733831	-3.035756	0.0	0.000938	0.000938	90.0	0.732801	-0.038863	0.733831	-3.035756	258633.934076
2200.0	1.0	0.0	0.0	0.0	-90.0	0.732274	-0.038849	0.733304	-3.036823	0.0	0.003291	0.003291	90.0	0.732274	-0.038849	0.733304	-3.036823	258632.437464
2250.0	1.0	0.0	0.0	0.0	-90.0	0.731726	-0.038827	0.732755	-3.037401	0.0	0.003501	0.003501	90.0	0.731725	-0.038827	0.732755	-3.03741	258630.99668
2300.0	1.0	0.0	0.0	0.0	-90.0	0.73124	-0.038829	0.73227	-3.039588	0.0	0.003576	0.003576	90.0	0.73124	-0.038829	0.73227	-3.039588	258629.543938
2350.0	1.0	0.0	0.0	0.0	-90.0	0.730807	-0.038829	0.731837	-3.041379	0.0	0.003592	0.003592	90.0	0.730807	-0.038829	0.731837	-3.041379	258628.11368
2400.0	1.0	0.0	0.0	0.0	-90.0	0.730348	-0.038812	0.731379	-3.041956	0.0	0.003677	0.003677	90.0	0.730348	-0.038812	0.731379	-3.041956	258626.659013
2450.0	1.0	0.0	0.0	0.0	-90.0	0.729877	-0.038809	0.730908	-3.043681	0.0	0.004097	0.004097	90.0	0.729876	-0.038809	0.730907	-3.04369	258625.226876
2500.0	1.0	0.0	0.0	0.0	-90.0	0.729437	-0.038814	0.730469	-3.045883	0.0	0.004172	0.004172	90.0	0.729437	-0.038814	0.730469	-3.045883	258623.78903
2550.0	1.0	0.0	0.0	0.0	-90.0	0.728964	-0.038812	0.729996	-3.047675	0.0	0.001717	0.001717	90.0	0.728963	-0.038812	0.729996	-3.047678	258622.370503
2600.0	1.0	0.0	0.0	0.0	-90.0	0.728552	-0.038814	0.729585	-3.049543	0.0	0.003692	0.003692	90.0	0.728552	-0.038814	0.729585	-3.049543	258620.937587
2650.0	1.0	0.0	0.0	0.0	-90.0	0.728097	-0.038816	0.729131	-3.051616	0.0	0.003759	0.003759	90.0	0.728097	-0.038816	0.729131	-3.051616	258619.491844
2700.0	1.0	0.0	0.0	0.0	-90.0	0.727665	-0.038813	0.7287	-3.053227	0.0	0.003757	0.003757	90.0	0.727665	-0.038813	0.7287	-3.053227	258618.058557
2750.0	1.0	0.0	0.0	0.0	-90.0	0.727262	-0.038817	0.728297	-3.055201	0.0	0.003845	0.003845	90.0	0.727262	-0.038817	0.728297	-3.055201	258616.638153
2800.0	1.0	0.0	0.0	0.0	-90.0	0.72688	-0.038827	0.727916	-3.057585	0.0	0.0039	0.0039	90.0	0.72688	-0.038827	0.727916	-3.057585	258615.196253
2850.0	1.0	0.0	0.0	0.0	-90.0	0.726499	-0.038835	0.727536	-3.059815	0.0	0.0039	0.0039	90.0	0.726499	-0.038835	0.727536	-3.059815	258613.742276
2900.0	1.0	0.0	0.0	0.0	-90.0	0.7261	-0.038844	0.727139	-3.062247	0.0	0.003956	0.003956	90.0	0.7261	-0.038844	0.727139	-3.062247	258612.300447
2950.0	1.0	0.0	0.0	0.0	-90.0	0.725761	-0.038855	0.7268	-3.064479	0.0	0.00401	0.00401	90.0	0.725761	-0.038855	0.7268	-3.064479	258610.852663
3000.0	1.0	0.0	0.0	0.0	-90.0	0.725372	-0.038869	0.726412	-3.067263	0.0	0.004033	0.004033	90.0	0.725372	-0.038869	0.726412	-3.067263	258609.421621
3050.0	1.0	0.0	0.0	0.0	-90.0	0.724956	-0.038869	0.725997	-3.069007	0.0	0.004095	0.004095	90.0	0.724956	-0.038869	0.725997	-3.069007	258607.96287
3100.0	1.0	0.0	0.0	0.0	-90.0	0.724609	-0.038889	0.725652	-3.072096	0.0	0.004092	0.004092	90.0	0.724609	-0.03889	0.725652	-3.072112	258606.521413
3150.0	1.0	0.0	0.0	0.0	-90.0	0.724259	-0.038899	0.725303	-3.074335	0.0	0.004177	0.004177	90.0	0.724259	-0.038899	0.725303	-3.074335	258605.053417
3200.0	1.0	0.0	0.0	0.0	-90.0	0.72389	-0.038921	0.724935	-3.077657	0.0	0.004223	0.004223	90.0	0.72389	-0.038921	0.724935	-3.077657	258603.607226
3250.0	1.0	0.0	0.0	0.0	-90.0	0.723546	-0.038936	0.724593	-3.080287	0.0	0.004269	0.004269	90.0	0.723546	-0.038936	0.724593	-3.080287	258602.203495
3300.0	1.0	0.0	0.0	0.0	-90.0	0.723229	-0.038953	0.724277	-3.082939	0.0	0.004301	0.004301	90.0	0.723229	-0.038953	0.724277	-3.082939	258600.749867
3350.0	1.0	0.0	0.0	0.0	-90.0	0.722894	-0.038967	0.723943	-3.085489	0.0	0.004362	0.004362	90.0	0.722894	-0.038967	0.723943	-3.08549	258599.309848
3400.0	1.0	0.0	0.0	0.0	-90.0	0.722551	-0.038984	0.723602	-3.088263	0.0	0.004427	0.004427	90.0	0.722551	-0.038983	0.723602	-3.088243	258597.889755
3450.0	1.0	0.0	0.0	0.0	-90.0	0.722171	-0.039002	0.723224	-3.091342	0.0	0.004484	0.004484	90.0	0.722171	-0.039002	0.723224	-3.091342	258596.443683
3500.0	1.0	0.0	0.0	0.0	-90.0	0.721899	-0.039025	0.722953	-3.094306	0.0	0.004581	0.004581	90.0	0.721899	-0.039025	0.722953	-3.094306	258594.996221
3550.0	1.0	0.0	0.0	0.0	-90.0	0.721582	-0.039046	0.722637	-3.097353	0.0	0.004682	0.004682	90.0	0.72158	-0.039046	0.722636	-3.097338	258593.558426
3600.0	1.0	0.0	0.0	0.0	-90.0	0.721278	-0.039062	0.722335	-3.099923	0.0	0.00479	0.00479	90.0	0.721278	-0.039062	0.722335	-3.099923	258592.117197
3650.0	1.0	0.0	0.0	0.0	-90.0	0.720924	-0.039081	0.721982	-3.102925	0.0	0.004855	0.004855	90.0	0.720924	-0.039081	0.721982	-3.102925	258590.679761
3700.0	1.0	0.0	0.0	0.0	-90.0	0.720624	-0.039096	0.721683	-3.105443	0.0	0.004926	0.004926	90.0	0.720624	-0.039096	0.721683	-3.105443	258589.187966
3750.0	1.0	0.0	0.0	0.0	-90.0	0.720354	-0.039126	0.721415	-3.108943	0.0	0.005066	0.005066	90.0	0.720354	-0.039126	0.721415	-3.108943	258587.772622
3800.0	1.0	0.0	0.0	0.0	-90.0	0.720128	-0.039152	0.721192	-3.111969	0.0	0.00523	0.00523	90.0	0.720128	-0.039152	0.721192	-3.111969	258586.357274
3850.0	1.0	0.0	0.0	0.0	-90.0	0.719836	-0.039175	0.720901	-3.115124	0.0	0.005324	0.005324	90.0	0.719836	-0.039175	0.720901	-3.115124	258584.937655
3900.0	1.0	0.0	0.0	0.0	-90.0	0.719558	-0.039196	0.720625	-3.117932	0.0	0.005491	0.005491	90.0	0.719558	-0.039196	0.720625	-3.117932	258583.493749
3950.0	1.0	0.0	0.0	0.0	-90.0	0.719263	-0.039221	0.720332	-3.121247	0.0	0.005578	0.005578	90.0	0.719263	-0.039221	0.720332	-3.121247	258582.053087
4000.0	1.0	0.0	0.0	0.0	-90.0	0.718931	-0.039244	0.720001	-3.124464	0.0	0.00575	0.00575	90.0	0.718931	-0.039244	0.720001	-3.124464	258580.639079
4050.0	1.0	0.0	0.0	0.0	-90.0	0.718658	-0.039267	0.71973	-3.127468	0.0	0.00586	0.00586	90.0	0.718658	-0.039267	0.71973	-3.127468	258579.195337
4100.0	1.0	0.0	0.0	0.0	-90.0	0.718394	-0.039291	0.719467	-3.130582	0.0	0.005985	0.005985	90.0	0.718394	-0.039291	0.719467	-3.130582	258577.760431
4150.0	1.0	0.0	0.0	0.0	-90.0	0.718131	-0.039315	0.719206	-3.133611	0.0	0.006104	0.006104	90.0	0.718131	-0.039315	0.719206	-3.133611	258576.284895
4200.0	1.0	0.0	0.0	0.0	-90.0	0.717886	-0.039344	0.718964	-3.137015	0.0	0.006501	0.006501	90.0	0.717886	-0.039344	0.718964	-3.137015	258574.835573
4250.0	1.0	0.0	0.0	0.0	-90.0	0.717632	-0.039366	0.718711	-3.139813	0.0	0.006747	0.006747	90.0	0.717632	-0.039366	0.718711	-3.139802	258573.383521
4300.0	1.0	0.0	0.0	0.0	-90.0	0.71736	-0.039395	0.718441	-3.143361	0.0	0.006983	0.006983	90.0	0.71736	-0.039395	0.718441	-3.143361	258571.940536
4350.0	1.0	0.0	0.0	0.0	-90.0	0.717121	-0.039419	0.718204	-3.146313	0.0	0.00727	0.00727	90.0	0.717121	-0.039419	0.718204	-3.146313	258570.506483
4400.0	1.0	0.0	0.0	0.0	-90.0	0.716876	-0.039449	0.717961	-3.149751	0.0	0.007568	0.007568	90.0	0.716876	-0.039449	0.717961	-3.149751	258569.064965
4450.0	1.0	0.0	0.0	0.0	-90.0	0.716613	-0.039476	0.717699	-3.15305	0.0	0.007834	0.007834	90.0	0.716613	-0.039476	0.717699	-3.15305	258567.603212
4500.0	1.0	0.0	0.0	0.0	-90.0	0.71637	-0.039502	0.717458	-3.156211	0.0	0.008218	0.008218	90.0	0.71637	-0.039502	0.717458	-3.156207	258566.160052
4550.0	1.0	0.0	0.0	0.0	-90.0	0.716108	-0.039528	0.717198	-3.159389	0.0	0.008635	0.008635	90.0	0.716108	-0.039528	0.717198	-3.159389	258564.727616
4600.0	1.0	0.0	0.0	0.0	-90.0	0.715866	-0.039554	0.716958	-3.162604	0.0	0.009016	0.009016	90.0	0.715866	-0.039554	0.716958	-3.162604	258563.314022
4650.0	1.0	0.0	0.0	0.0	-90.0	0.71564	-0.039584	0.716734	-3.165985	0.0	0.009461	0.009461	90.0	0.715641	-0.039584	0.716735	-3.165982	258561.901191
4700.0	1.0	0.0	0.0	0.0	-90.0	0.715399	-0.03961	0.716495	-3.169117	0.0	0.010168	0.010168	90.0	0.715399	-0.03961	0.716495	-3.169117	258560.443513
4750.0	1.0	0.0	0.0	0.0	-90.0	0.715107	-0.039637	0.716205	-3.17251	0.0	0.01263	0.01263	90.0	0.715107	-0.039637	0.716205	-3.17251	258558.994423
4800.0	1.0	0.0	0.0	0.0	-90.0	0.714889	-0.039661	0.715988	-3.175454	0.0	0.012137	0.012137	90.0	0.714888	-0.039661	0.715988	-3.175452	258557.5471
4850.0	1.0	0.0	0.0	0.0	-90.0	0.714612	-0.039687	0.715713	-3.178729	0.0	0.010232	0.010232	90.0	0.714612	-0.039687	0.715713	-3.178734	258556.118841
4900.0	1.0	0.0	0.0	0.0	-90.0	0.714381	-0.039711	0.715484	-3.181704	0.0	0.015053	0.015053	90.0	0.714381	-0.039711	0.715484	-3.181704	258554.664166
4950.0	1.0	0.0	0.0	0.0	-90.0	0.714148	-0.03973	0.715252	-3.184235	0.0	0.010877	0.010877	90.0	0.714148	-0.03973	0.715252	-3.184235	258553.242704
5000.0	1.0	0.0	0.0	0.0	-90.0	0.717595	-0.039682499999999996	0.7186915	-3.165316	0.0	0.0089895	0.0089895	90.0	0.717595	-0.039682499999999996	0.7186915	-3.165316	257186.8239575
10000.0	1.0	0.0	0.0	0.0	-90.0	0.705561	-0.043051	0.706873	-3.491671	0.0	0.003248	0.003248	90.0	0.705561	-0.043051	0.706873	-3.491671	255820.437342
15000.0	1.0	0.0	0.0	0.0	-90.0	0.695897	-0.046573	0.697454	-3.82885	0.0	0.003292	0.003292	90.0	0.695897	-0.046573	0.697454	-3.82885	255818.986342
20000.0	1.0	0.0	0.0	0.0	-90.0	0.688699	-0.049909	0.690505	-4.144878	0.0	0.003283	0.003283	90.0	0.688699	-0.049909	0.690505	-4.144878	255817.514437
25000.0	1.0	0.0	0.0	0.0	-90.0	0.68291	-0.053057	0.684968	-4.44255	0.0	0.003275	0.003275	90.0	0.68291	-0.053057	0.684968	-4.44255	255816.090064
30000.0	1.0	0.0	0.0	0.0	-90.0	0.67808	-0.056074	0.680395	-4.727297	0.0	0.003392	0.003392	90.0	0.67808	-0.056074	0.680395	-4.727297	255814.609749
35000.0	1.0	0.0	0.0	0.0	-90.0	0.67384	-0.058983	0.676416	-5.002461	0.0	0.003396	0.003396	90.0	0.67384	-0.058983	0.676416	-5.002461	255813.17537
40000.0	1.0	0.0	0.0	0.0	-90.0	0.670034	-0.061806	0.672879	-5.270198	0.0	0.003352	0.003352	90.0	0.670034	-0.061806	0.672878	-5.270188	255811.72038
45000.0	1.0	0.0	0.0	0.0	-90.0	0.666676	-0.064565	0.669796	-5.531609	0.0	0.003367	0.003367	90.0	0.666676	-0.064565	0.669796	-5.531609	255810.279673
50000.0	1.0	0.0	0.0	0.0	-90.0	0.663533	-0.067269	0.666934	-5.788849	0.0	0.003386	0.003386	90.0	0.663533	-0.067269	0.666934	-5.788849	255808.799746
55000.0	1.0	0.0	0.0	0.0	-90.0	0.660692	-0.069925	0.664382	-6.041446	0.0	0.003369	0.003369	90.0	0.660692	-0.069925	0.664382	-6.041446	255807.340437
60000.0	1.0	0.0	0.0	0.0	-90.0	0.657962	-0.072538	0.661948	-6.291261	0.0	0.003463	0.003463	90.0	0.657962	-0.072538	0.661948	-6.29126	255805.926613
65000.0	1.0	0.0	0.0	0.0	-90.0	0.655439	-0.075117	0.659729	-6.5379	0.0	0.003421	0.003421	90.0	0.655439	-0.075117	0.659729	-6.5379	255804.474578
70000.0	1.0	0.0	0.0	0.0	-90.0	0.653075	-0.077669	0.657677	-6.782225	0.0	0.003526	0.003526	90.0	0.653075	-0.077669	0.657677	-6.782225	255803.017425
75000.0	1.0	0.0	0.0	0.0	-90.0	0.650855	-0.080197	0.655777	-7.02445	0.0	0.004307	0.004307	90.0	0.650855	-0.080197	0.655777	-7.02445	255801.576065
80000.0	1.0	0.0	0.0	0.0	-90.0	0.648706	-0.082695	0.653955	-7.264682	0.0	0.009856	0.009856	90.0	0.648706	-0.082695	0.653955	-7.264682	255800.156572
85000.0	1.0	0.0	0.0	0.0	-90.0	0.646645	-0.085176	0.65223	-7.503792	0.0	-0.002258	0.002258	-90.0	0.646645	-0.085176	0.65223	-7.503792	255798.679673
90000.0	1.0	0.0	0.0	0.0	-90.0	0.644672	-0.087634	0.650601	-7.741118	0.0	0.003347	0.003347	90.0	0.644672	-0.087634	0.650601	-7.741118	255797.243529
95000.0	1.0	0.0	0.0	0.0	-90.0	0.642724	-0.09007	0.649004	-7.977345	0.0	0.003344	0.003344	90.0	0.642723	-0.09007	0.649003	-7.977345	255795.765644
100000.0	1.0	0.0	0.0	0.0	-90.0	0.640888	-0.092493	0.647528	-8.212221	0.0	0.002509	0.002509	90.0	0.640888	-0.092493	0.647528	-8.212221	255794.337969
105000.0	1.0	0.0	0.0	0.0	-90.0	0.639079	-0.094899	0.646086	-8.446315	0.0	0.001482	0.001482	90.0	0.639079	-0.094899	0.646086	-8.446315	255792.883035
110000.0	1.0	0.0	0.0	0.0	-90.0	0.63731	-0.097287	0.644693	-8.679379	0.0	0.00271	0.00271	90.0	0.63731	-0.097287	0.644693	-8.679365	255791.449196
115000.0	1.0	0.0	0.0	0.0	-90.0	0.635637	-0.099666	0.643403	-8.911276	0.0	0.003551	0.003551	90.0	0.635637	-0.099666	0.643403	-8.911276	255790.009072
120000.0	1.0	0.0	0.0	0.0	-90.0	0.634022	-0.102033	0.64218	-9.142225	0.0	-0.005029	0.005029	-90.0	0.634022	-0.102033	0.64218	-9.142225	255788.575739
125000.0	1.0	0.0	0.0	0.0	-90.0	0.632391	-0.104388	0.640949	-9.373197	0.0	0.000715	0.000715	90.0	0.632391	-0.104388	0.640949	-9.373197	255787.136561
130000.0	1.0	0.0	0.0	0.0	-90.0	0.63079	-0.106721	0.639754	-9.602705	0.0	0.004526	0.004526	90.0	0.63079	-0.106721	0.639754	-9.602705	255785.683367
135000.0	1.0	0.0	0.0	0.0	-90.0	0.629242	-0.109048	0.638621	-9.831736	0.0	0.003	0.003	90.0	0.629242	-0.109048	0.638621	-9.831736	255784.243968
140000.0	1.0	0.0	0.0	0.0	-90.0	0.627729	-0.111366	0.637532	-10.060235	0.0	0.002093	0.002093	90.0	0.627729	-0.111366	0.637532	-10.060235	255782.775839
145000.0	1.0	0.0	0.0	0.0	-90.0	0.626248	-0.113675	0.636481	-10.28821	0.0	0.013976	0.013976	90.0	0.626248	-0.113675	0.636481	-10.28821	255781.358751
150000.0	1.0	0.0	0.0	0.0	-90.0	0.62475	-0.115966	0.635422	-10.515518	0.0	-0.006705	0.006705	-90.0	0.62475	-0.115966	0.635422	-10.515518	255779.922568
155000.0	1.0	0.0	0.0	0.0	-90.0	0.623278	-0.118247	0.634396	-10.7424	0.0	0.002151	0.002151	90.0	0.623277	-0.118247	0.634395	-10.742398	255778.465226
160000.0	1.0	0.0	0.0	0.0	-90.0	0.621846	-0.120522	0.633418	-10.968671	0.0	0.003477	0.003477	90.0	0.621845	-0.120522	0.633417	-10.968675	255777.005664
165000.0	1.0	0.0	0.0	0.0	-90.0	0.620396	-0.122781	0.632429	-11.194585	0.0	0.003514	0.003514	90.0	0.620396	-0.122781	0.632429	-11.194585	255775.515711
170000.0	1.0	0.0	0.0	0.0	-90.0	0.619	-0.125037	0.631502	-11.420013	0.0	0.003559	0.003559	90.0	0.619	-0.125037	0.631502	-11.420013	255774.079749
175000.0	1.0	0.0	0.0	0.0	-90.0	0.617599	-0.127282	0.630579	-11.645156	0.0	0.003556	0.003556	90.0	0.617599	-0.127282	0.630579	-11.645156	255772.643874
180000.0	1.0	0.0	0.0	0.0	-90.0	0.616197	-0.129514	0.62966	-11.869831	0.0	0.003526	0.003526	90.0	0.616197	-0.129514	0.62966	-11.869831	255771.202659
185000.0	1.0	0.0	0.0	0.0	-90.0	0.61484	-0.131743	0.628796	-12.094021	0.0	0.003572	0.003572	90.0	0.61484	-0.131743	0.628796	-12.094021	255769.768787
190000.0	1.0	0.0	0.0	0.0	-90.0	0.613483	-0.133964	0.627939	-12.318062	0.0	0.003612	0.003612	90.0	0.613483	-0.133964	0.627939	-12.318062	255768.323878
195000.0	1.0	0.0	0.0	0.0	-90.0	0.612105	-0.13617	0.627068	-12.541847	0.0	0.003608	0.003608	90.0	0.612105	-0.13617	0.627068	-12.541846	255766.851756
200000.0	1.0	0.0	0.0	0.0	-90.0	0.610747	-0.138364	0.626224	-12.764847	0.0	0.003723	0.003723	90.0	0.610747	-0.138364	0.626224	-12.764847	255765.435074
205000.0	1.0	0.0	0.0	0.0	-90.0	0.609375	-0.140555	0.625375	-12.988343	0.0	0.00364	0.00364	90.0	0.609375	-0.140555	0.625375	-12.988343	255763.994001
210000.0	1.0	0.0	0.0	0.0	-90.0	0.608038	-0.14274	0.624568	-13.211242	0.0	0.003658	0.003658	90.0	0.608038	-0.14274	0.624568	-13.211242	255762.546058
215000.0	1.0	0.0	0.0	0.0	-90.0	0.606721	-0.144918	0.623789	-13.433662	0.0	0.003484	0.003484	90.0	0.606721	-0.144918	0.623789	-13.433662	255761.109908
220000.0	1.0	0.0	0.0	0.0	-90.0	0.605435	-0.147095	0.623048	-13.65581	0.0	0.003711	0.003711	90.0	0.605436	-0.147095	0.623048	-13.655811	255759.667742
225000.0	1.0	0.0	0.0	0.0	-90.0	0.604134	-0.149261	0.6223	-13.8779	0.0	0.003665	0.003665	90.0	0.604134	-0.149261	0.6223	-13.8779	255758.261488
230000.0	1.0	0.0	0.0	0.0	-90.0	0.602851	-0.151419	0.621577	-14.099424	0.0	0.003698	0.003698	90.0	0.602851	-0.151419	0.621577	-14.099424	255756.819067
235000.0	1.0	0.0	0.0	0.0	-90.0	0.601572	-0.153571	0.620865	-14.32078	0.0	0.003741	0.003741	90.0	0.601572	-0.153571	0.620865	-14.32078	255755.367859
240000.0	1.0	0.0	0.0	0.0	-90.0	0.600359	-0.155729	0.620228	-14.541629	0.0	0.003709	0.003709	90.0	0.600359	-0.155729	0.620228	-14.541629	255753.935816
245000.0	1.0	0.0	0.0	0.0	-90.0	0.599105	-0.157873	0.619557	-14.762703	0.0	0.003772	0.003772	90.0	0.599105	-0.157873	0.619557	-14.762703	255752.527257
250000.0	1.0	0.0	0.0	0.0	-90.0	0.597858	-0.160012	0.618901	-14.983577	0.0	0.003792	0.003792	90.0	0.597858	-0.160012	0.618901	-14.983577	255751.070852
255000.0	1.0	0.0	0.0	0.0	-90.0	0.596586	-0.162132	0.618225	-15.203839	0.0	0.003884	0.003884	90.0	0.596586	-0.162132	0.618225	-15.203839	255749.629741
260000.0	1.0	0.0	0.0	0.0	-90.0	0.595306	-0.164245	0.617548	-15.424233	0.0	0.003938	0.003938	90.0	0.595306	-0.164245	0.617548	-15.424233	255748.190047
265000.0	1.0	0.0	0.0	0.0	-90.0	0.594042	-0.166354	0.616895	-15.644245	0.0	0.003926	0.003926	90.0	0.594042	-0.166354	0.616895	-15.644244	255746.727234
270000.0	1.0	0.0	0.0	0.0	-90.0	0.592763	-0.168455	0.616234	-15.864382	0.0	0.003915	0.003915	90.0	0.592763	-0.168455	0.616234	-15.864382	255745.283457
275000.0	1.0	0.0	0.0	0.0	-90.0	0.591514	-0.170555	0.615612	-16.084226	0.0	0.004012	0.004012	90.0	0.591514	-0.170555	0.615612	-16.084226	255743.845205
280000.0	1.0	0.0	0.0	0.0	-90.0	0.590238	-0.172642	0.614968	-16.303955	0.0	0.00405	0.00405	90.0	0.590238	-0.172642	0.614968	-16.303955	255742.403887
285000.0	1.0	0.0	0.0	0.0	-90.0	0.588963	-0.174721	0.614332	-16.52342	0.0	0.004095	0.004095	90.0	0.588963	-0.174721	0.614332	-16.52342	255740.960957
290000.0	1.0	0.0	0.0	0.0	-90.0	0.587721	-0.176803	0.613738	-16.742787	0.0	0.004191	0.004191	90.0	0.587721	-0.176803	0.613738	-16.742787	255739.53632
295000.0	1.0	0.0	0.0	0.0	-90.0	0.586448	-0.178871	0.61312	-16.962129	0.0	0.004215	0.004215	90.0	0.586448	-0.178871	0.61312	-16.962129	255738.101506
300000.0	1.0	0.0	0.0	0.0	-90.0	0.585123	-0.180917	0.612454	-17.181327	0.0	0.004214	0.004214	90.0	0.585123	-0.180917	0.612454	-17.181328	255736.664221
305000.0	1.0	0.0	0.0	0.0	-90.0	0.583892	-0.182986	0.611894	-17.400441	0.0	0.004266	0.004266	90.0	0.583892	-0.182986	0.611894	-17.400441	255735.223257
310000.0	1.0	0.0	0.0	0.0	-90.0	0.58264	-0.185041	0.611318	-17.619372	0.0	0.004378	0.004378	90.0	0.58264	-0.185041	0.611318	-17.619372	255733.793202
315000.0	1.0	0.0	0.0	0.0	-90.0	0.581376	-0.187087	0.610737	-17.838172	0.0	0.004385	0.004385	90.0	0.581376	-0.187087	0.610737	-17.838172	255732.325354
320000.0	1.0	0.0	0.0	0.0	-90.0	0.580095	-0.189124	0.610146	-18.05714	0.0	0.004415	0.004415	90.0	0.580096	-0.189124	0.610147	-18.057143	255730.905621
325000.0	1.0	0.0	0.0	0.0	-90.0	0.578812	-0.191151	0.609558	-18.275628	0.0	0.004543	0.004543	90.0	0.578812	-0.191151	0.609559	-18.275628	255729.424449
330000.0	1.0	0.0	0.0	0.0	-90.0	0.577556	-0.193183	0.609008	-18.494279	0.0	0.004607	0.004607	90.0	0.577556	-0.193183	0.609008	-18.494279	255727.972141
335000.0	1.0	0.0	0.0	0.0	-90.0	0.57628	-0.195203	0.608443	-18.71277	0.0	0.004668	0.004668	90.0	0.57628	-0.195203	0.608443	-18.712772	255726.510574
340000.0	1.0	0.0	0.0	0.0	-90.0	0.575012	-0.197219	0.607893	-18.931016	0.0	0.004756	0.004756	90.0	0.575012	-0.197219	0.607893	-18.931016	255725.077764
345000.0	1.0	0.0	0.0	0.0	-90.0	0.573754	-0.199232	0.60736	-19.149214	0.0	0.004804	0.004804	90.0	0.573754	-0.199232	0.60736	-19.149214	255723.656415
350000.0	1.0	0.0	0.0	0.0	-90.0	0.572478	-0.201239	0.606818	-19.36772	0.0	0.004856	0.004856	90.0	0.572478	-0.201239	0.606818	-19.36772	255722.211708
355000.0	1.0	0.0	0.0	0.0	-90.0	0.571198	-0.203238	0.606278	-19.586039	0.0	0.004863	0.004863	90.0	0.571198	-0.203238	0.606278	-19.586039	255720.759681
360000.0	1.0	0.0	0.0	0.0	-90.0	0.569917	-0.20523	0.605743	-19.804249	0.0	0.005022	0.005022	90.0	0.569917	-0.20523	0.605743	-19.804249	255719.305975
365000.0	1.0	0.0	0.0	0.0	-90.0	0.568636	-0.207217	0.605215	-20.02224	0.0	0.005041	0.005041	90.0	0.568636	-0.207217	0.605215	-20.02224	255717.875289
370000.0	1.0	0.0	0.0	0.0	-90.0	0.56733	-0.20919	0.604669	-20.240316	0.0	0.00526	0.00526	90.0	0.567331	-0.20919	0.604669	-20.240317	255716.438252
375000.0	1.0	0.0	0.0	0.0	-90.0	0.566041	-0.211167	0.604147	-20.458504	0.0	0.005366	0.005366	90.0	0.566041	-0.211167	0.604147	-20.458504	255715.007089
380000.0	1.0	0.0	0.0	0.0	-90.0	0.564739	-0.213127	0.603617	-20.676025	0.0	0.005523	0.005523	90.0	0.564739	-0.213127	0.603617	-20.676025	255713.544456
385000.0	1.0	0.0	0.0	0.0	-90.0	0.563427	-0.215085	0.603085	-20.894026	0.0	0.005698	0.005698	90.0	0.563427	-0.215085	0.603085	-20.894026	255712.07714
390000.0	1.0	0.0	0.0	0.0	-90.0	0.562128	-0.217044	0.602574	-21.112147	0.0	0.005901	0.005901	90.0	0.562128	-0.217044	0.602574	-21.112147	255710.58408
395000.0	1.0	0.0	0.0	0.0	-90.0	0.560792	-0.218981	0.60203	-21.329877	0.0	0.006096	0.006096	90.0	0.560792	-0.218981	0.60203	-21.329877	255709.12735
400000.0	1.0	0.0	0.0	0.0	-90.0	0.559496	-0.220929	0.601536	-21.547703	0.0	0.006232	0.006232	90.0	0.559496	-0.220929	0.601536	-21.547703	255707.688256
405000.0	1.0	0.0	0.0	0.0	-90.0	0.558205	-0.222874	0.601054	-21.765352	0.0	0.006456	0.006456	90.0	0.558205	-0.222874	0.601054	-21.765351	255706.257687
410000.0	1.0	0.0	0.0	0.0	-90.0	0.556867	-0.224784	0.600523	-21.981856	0.0	0.006696	0.006696	90.0	0.556867	-0.224784	0.600523	-21.981856	255704.798049
415000.0	1.0	0.0	0.0	0.0	-90.0	0.555564	-0.226713	0.600041	-22.199222	0.0	0.006933	0.006933	90.0	0.555565	-0.226713	0.600042	-22.199224	255703.350138
420000.0	1.0	0.0	0.0	0.0	-90.0	0.554231	-0.228628	0.599535	-22.416798	0.0	0.007195	0.007195	90.0	0.554231	-0.228628	0.599535	-22.416798	255701.902639
425000.0	1.0	0.0	0.0	0.0	-90.0	0.552901	-0.230536	0.599038	-22.63404	0.0	0.007496	0.007496	90.0	0.552901	-0.230536	0.599038	-22.63404	255700.439149
430000.0	1.0	0.0	0.0	0.0	-90.0	0.551568	-0.232453	0.59855	-22.852505	0.0	0.007854	0.007854	90.0	0.551568	-0.232453	0.59855	-22.852507	255699.000308
435000.0	1.0	0.0	0.0	0.0	-90.0	0.55022	-0.234352	0.598049	-23.070351	0.0	0.008094	0.008094	90.0	0.55022	-0.234352	0.598049	-23.070351	255697.522185
440000.0	1.0	0.0	0.0	0.0	-90.0	0.548894	-0.23625	0.597578	-23.287586	0.0	0.008158	0.008158	90.0	0.548894	-0.23625	0.597578	-23.287586	255696.085354
445000.0	1.0	0.0	0.0	0.0	-90.0	0.547557	-0.23814	0.5971	-23.504894	0.0	0.008838	0.008838	90.0	0.547557	-0.23814	0.5971	-23.504894	255694.647558
450000.0	1.0	0.0	0.0	0.0	-90.0	0.546192	-0.240013	0.5966	-23.722108	0.0	0.009371	0.009371	90.0	0.546192	-0.240013	0.5966	-23.722108	255693.210502
455000.0	1.0	0.0	0.0	0.0	-90.0	0.544818	-0.241885	0.5961	-23.940027	0.0	0.009803	0.009803	90.0	0.544818	-0.241885	0.5961	-23.940027	255691.759358
460000.0	1.0	0.0	0.0	0.0	-90.0	0.543457	-0.24375	0.595617	-24.157118	0.0	0.010343	0.010343	90.0	0.543457	-0.24375	0.595617	-24.157118	255690.32092
465000.0	1.0	0.0	0.0	0.0	-90.0	0.542079	-0.245602	0.595122	-24.37401	0.0	0.011044	0.011044	90.0	0.542079	-0.245602	0.595122	-24.37401	255688.899996
470000.0	1.0	0.0	0.0	0.0	-90.0	0.540694	-0.247448	0.594626	-24.591161	0.0	0.011835	0.011835	90.0	0.540694	-0.247448	0.594626	-24.59116	255687.443029
475000.0	1.0	0.0	0.0	0.0	-90.0	0.53931	-0.249293	0.59414	-24.808516	0.0	0.014786	0.014786	90.0	0.53931	-0.249293	0.59414	-24.808516	255686.004859
480000.0	1.0	0.0	0.0	0.0	-90.0	0.537948	-0.25115	0.593687	-25.026275	0.0	0.014458	0.014458	90.0	0.537948	-0.25115	0.593687	-25.026275	255684.563402
485000.0	1.0	0.0	0.0	0.0	-90.0	0.536553	-0.252974	0.593199	-25.242949	0.0	0.015502	0.015502	90.0	0.536553	-0.252974	0.593199	-25.242949	255683.151161
490000.0	1.0	0.0	0.0	0.0	-90.0	0.535169	-0.254797	0.592729	-25.459408	0.0	0.01512	0.01512	90.0	0.535169	-0.254797	0.592729	-25.459408	255681.732695
495000.0	1.0	0.0	0.0	0.0	-90.0	0.533761	-0.256603	0.592238	-25.675721	0.0	0.01665	0.01665	90.0	0.533761	-0.256603	0.592238	-25.675721	255680.247729
500000.0	1.0	0.0	0.0	0.0	-90.0	0.532289	-0.25836	0.591677	-25.890765	0.0	0.017339	0.017339	90.0	0.532289	-0.25836	0.591677	-25.890754	255678.80076
