# Oscilator_frequency (Hz)	DemodAll_A (-)	Demod_1_X_A (A)	Demod_1_Y_A (A)	Demod_1__R_A (A)	Demod_1__Theta_A (deg)	Demod_2_X_A (A)	Demod_2_Y_A (A)	Demod_2__R_A (A)	Demod_2__Theta_A (deg)	Demod_3_X_A (V)	Demod_3_Y_A (V)	Demod_3__R_A (V)	Demod_3__Theta_A (deg)	Demod_4_X_A (V)	Demod_4_Y_A (V)	Demod_4__R_A (V)	Demod_4__Theta_A (deg)	Timer_GET (s)	
200.000000	 1.000000	 0.000000	 -0.000000	 0.000000	 -90.000000	 -0.000000	 0.000000	 0.000000	 163.582935	 0.000000	 0.315972	 0.315972	 90.000000	 0.123617	 -0.003930	 0.123679	 -1.820869	 17157.607451	
199.000000	 1.000000	 0.000000	 -0.000000	 0.000000	 -90.000000	 -0.000000	 0.000000	 0.000000	 127.034091	 0.000000	 0.359313	 0.359313	 90.000000	 0.123656	 -0.003801	 0.123714	 -1.760813	 17159.037325	
198.000000	 1.000000	 0.000000	 -0.000000	 0.000000	 -90.000000	 0.000000	 0.000000	 0.000000	 87.668732	 0.000000	 0.430096	 0.430096	 90.000000	 0.123777	 -0.003902	 0.123838	 -1.805674	 17160.459131	
197.000000	 1.000000	 0.000000	 -0.000000	 0.000000	 -90.000000	 0.000000	 0.000000	 0.000000	 69.177263	 0.000000	 0.482094	 0.482094	 90.000000	 0.123727	 -0.003967	 0.123790	 -1.836601	 17161.896826	
196.000000	 1.000000	 0.000000	 -0.000000	 0.000000	 -90.000000	 0.000000	 0.000000	 0.000000	 11.646675	 0.000000	 0.539266	 0.539266	 90.000000	 0.123881	 -0.004064	 0.123948	 -1.878796	 17163.348350	
195.000000	 1.000000	 0.000000	 -0.000000	 0.000000	 -90.000000	 0.000000	 0.000000	 0.000000	 44.135848	 0.000000	 0.601098	 0.601098	 90.000000	 0.123884	 -0.004174	 0.123955	 -1.929785	 17164.826049	
194.000000	 1.000000	 0.000000	 -0.000000	 0.000000	 -90.000000	 0.000000	 0.000000	 0.000000	 89.381431	 0.000000	 0.662410	 0.662410	 90.000000	 0.124006	 -0.004269	 0.124079	 -1.971798	 17166.269701	
193.000000	 1.000000	 0.000000	 -0.000000	 0.000000	 -90.000000	 0.000000	 -0.000000	 0.000000	 -6.827357	 0.000000	 0.720283	 0.720283	 90.000000	 0.124074	 -0.004376	 0.124151	 -2.019830	 17167.716343	
192.000000	 1.000000	 0.000000	 -0.000000	 0.000000	 -90.000000	 -0.000000	 -0.000000	 0.000000	 -140.588004	 0.000000	 0.774776	 0.774776	 90.000000	 0.124140	 -0.004491	 0.124221	 -2.072046	 17169.132535	
191.000000	 1.000000	 0.000000	 -0.000000	 0.000000	 -90.000000	 0.000000	 -0.000000	 0.000000	 -39.344249	 0.000000	 0.827974	 0.827974	 90.000000	 0.124242	 -0.004597	 0.124327	 -2.118837	 17170.613591	
190.000000	 1.000000	 0.000000	 -0.000000	 0.000000	 -90.000000	 0.000000	 0.000000	 0.000000	 42.225699	 0.000000	 0.876774	 0.876774	 90.000000	 0.124298	 -0.004694	 0.124386	 -2.162719	 17172.048256	
189.000000	 1.000000	 0.000000	 -0.000000	 0.000000	 -90.000000	 0.000000	 0.000000	 0.000000	 45.963164	 0.000000	 0.920996	 0.920996	 90.000000	 0.124380	 -0.004810	 0.124473	 -2.214812	 17173.470490	
188.000000	 1.000000	 0.000000	 -0.000000	 0.000000	 -90.000000	 -0.000000	 0.000000	 0.000000	 112.583326	 0.000000	 0.963795	 0.963795	 90.000000	 0.124460	 -0.004903	 0.124557	 -2.255735	 17174.949334	
187.000000	 1.000000	 0.000000	 -0.000000	 0.000000	 -90.000000	 -0.000000	 0.000000	 0.000000	 101.016367	 0.000000	 1.002427	 1.002427	 90.000000	 0.124536	 -0.005006	 0.124637	 -2.301705	 17176.371303	
186.000000	 1.000000	 0.000000	 -0.000000	 0.000000	 -90.000000	 0.000000	 0.000000	 0.000000	 41.290789	 0.000000	 1.039111	 1.039111	 90.000000	 0.124613	 -0.005103	 0.124718	 -2.344770	 17177.809795	
185.000000	 1.000000	 0.000000	 -0.000000	 0.000000	 -90.000000	 -0.000000	 -0.000000	 0.000000	 -179.113749	 0.000000	 1.074342	 1.074342	 90.000000	 0.124694	 -0.005197	 0.124802	 -2.386631	 17179.248764	
184.000000	 1.000000	 0.000000	 -0.000000	 0.000000	 -90.000000	 0.000000	 -0.000000	 0.000000	 -36.816605	 0.000000	 1.106464	 1.106464	 90.000000	 0.124789	 -0.005329	 0.124902	 -2.445340	 17180.715238	
183.000000	 1.000000	 0.000000	 -0.000000	 0.000000	 -90.000000	 0.000000	 -0.000000	 0.000000	 -50.306946	 0.000000	 1.137284	 1.137284	 90.000000	 0.124837	 -0.005404	 0.124954	 -2.478484	 17182.154354	
182.000000	 1.000000	 0.000000	 -0.000000	 0.000000	 -90.000000	 0.000000	 0.000000	 0.000000	 19.658959	 0.000000	 1.166084	 1.166084	 90.000000	 0.124934	 -0.005516	 0.125056	 -2.528225	 17183.577366	
181.000000	 1.000000	 0.000000	 -0.000000	 0.000000	 -90.000000	 -0.000000	 -0.000000	 0.000000	 -119.607507	 0.000000	 1.192802	 1.192802	 90.000000	 0.124978	 -0.005589	 0.125102	 -2.560680	 17185.009382	
180.000000	 1.000000	 0.000000	 -0.000000	 0.000000	 -90.000000	 0.000000	 -0.000000	 0.000000	 -87.714726	 0.000000	 1.218020	 1.218020	 90.000000	 0.125042	 -0.005718	 0.125173	 -2.618261	 17186.463122	
179.000000	 1.000000	 0.000000	 -0.000000	 0.000000	 -90.000000	 0.000000	 0.000000	 0.000000	 83.980585	 0.000000	 1.241949	 1.241949	 90.000000	 0.125139	 -0.005816	 0.125274	 -2.660994	 17187.903624	
178.000000	 1.000000	 0.000000	 -0.000000	 0.000000	 -90.000000	 0.000000	 -0.000000	 0.000000	 -60.758161	 0.000000	 1.263341	 1.263341	 90.000000	 0.125204	 -0.005900	 0.125343	 -2.697825	 17189.320749	
177.000000	 1.000000	 0.000000	 -0.000000	 0.000000	 -90.000000	 -0.000000	 0.000000	 0.000000	 167.858012	 0.000000	 1.284562	 1.284562	 90.000000	 0.125278	 -0.006012	 0.125422	 -2.747417	 17190.769410	
176.000000	 1.000000	 0.000000	 -0.000000	 0.000000	 -90.000000	 -0.000000	 0.000000	 0.000000	 159.491746	 0.000000	 1.304587	 1.304587	 90.000000	 0.125360	 -0.006100	 0.125509	 -2.785992	 17192.236224	
175.000000	 1.000000	 0.000000	 -0.000000	 0.000000	 -90.000000	 0.000000	 -0.000000	 0.000000	 -55.547427	 0.000000	 1.323694	 1.323694	 90.000000	 0.125393	 -0.006168	 0.125544	 -2.815909	 17193.657351	
174.000000	 1.000000	 0.000000	 -0.000000	 0.000000	 -90.000000	 0.000000	 0.000000	 0.000000	 87.612191	 0.000000	 1.341602	 1.341602	 90.000000	 0.125484	 -0.006250	 0.125639	 -2.851204	 17195.079041	
173.000000	 1.000000	 0.000000	 -0.000000	 0.000000	 -90.000000	 -0.000000	 0.000000	 0.000000	 130.004970	 0.000000	 1.358610	 1.358610	 90.000000	 0.125564	 -0.006363	 0.125725	 -2.901136	 17196.532571	
172.000000	 1.000000	 0.000000	 -0.000000	 0.000000	 -90.000000	 -0.000000	 -0.000000	 0.000000	 -167.964507	 0.000000	 1.374678	 1.374678	 90.000000	 0.125636	 -0.006429	 0.125801	 -2.929312	 17197.971637	
171.000000	 1.000000	 0.000000	 -0.000000	 0.000000	 -90.000000	 -0.000000	 0.000000	 0.000000	 160.790666	 0.000000	 1.390758	 1.390758	 90.000000	 0.125704	 -0.006519	 0.125872	 -2.968737	 17199.414815	
170.000000	 1.000000	 0.000000	 -0.000000	 0.000000	 -90.000000	 -0.000000	 -0.000000	 0.000000	 -123.175465	 0.000000	 1.404911	 1.404911	 90.000000	 0.125749	 -0.006630	 0.125924	 -3.018285	 17200.857178	
169.000000	 1.000000	 0.000000	 -0.000000	 0.000000	 -90.000000	 -0.000000	 -0.000000	 0.000000	 -96.689944	 0.000000	 1.418829	 1.418829	 90.000000	 0.125835	 -0.006682	 0.126012	 -3.039555	 17202.272579	
168.000000	 1.000000	 0.000000	 -0.000000	 0.000000	 -90.000000	 -0.000000	 0.000000	 0.000000	 127.129611	 0.000000	 1.432431	 1.432431	 90.000000	 0.125873	 -0.006775	 0.126055	 -3.080947	 17203.707169	
167.000000	 1.000000	 0.000000	 -0.000000	 0.000000	 -90.000000	 0.000000	 0.000000	 0.000000	 15.217520	 0.000000	 1.446284	 1.446284	 90.000000	 0.125980	 -0.006889	 0.126169	 -3.130020	 17205.236261	
166.000000	 1.000000	 0.000000	 -0.000000	 0.000000	 -90.000000	 0.000000	 -0.000000	 0.000000	 -3.300019	 0.000000	 1.458592	 1.458592	 90.000000	 0.126048	 -0.006970	 0.126241	 -3.165026	 17206.675729	
165.000000	 1.000000	 0.000000	 -0.000000	 0.000000	 -90.000000	 -0.000000	 -0.000000	 0.000000	 -158.456216	 0.000000	 1.470940	 1.470940	 90.000000	 0.126073	 -0.007043	 0.126269	 -3.197543	 17208.152164	
164.000000	 1.000000	 0.000000	 -0.000000	 0.000000	 -90.000000	 -0.000000	 -0.000000	 0.000000	 -147.140612	 0.000000	 1.482431	 1.482431	 90.000000	 0.126166	 -0.007122	 0.126367	 -3.230700	 17209.582818	
163.000000	 1.000000	 0.000000	 -0.000000	 0.000000	 -90.000000	 -0.000000	 -0.000000	 0.000000	 -130.736603	 0.000000	 1.492980	 1.492980	 90.000000	 0.126223	 -0.007224	 0.126429	 -3.275435	 17211.033475	
162.000000	 1.000000	 0.000000	 -0.000000	 0.000000	 -90.000000	 -0.000000	 0.000000	 0.000000	 106.028520	 0.000000	 1.503396	 1.503396	 90.000000	 0.126291	 -0.007320	 0.126503	 -3.317364	 17212.491489	
161.000000	 1.000000	 0.000000	 -0.000000	 0.000000	 -90.000000	 0.000000	 0.000000	 0.000000	 8.680963	 0.000000	 1.513800	 1.513800	 90.000000	 0.126370	 -0.007439	 0.126589	 -3.369003	 17213.933151	
160.000000	 1.000000	 0.000000	 -0.000000	 0.000000	 -90.000000	 -0.000000	 -0.000000	 0.000000	 -143.960993	 0.000000	 1.522752	 1.522752	 90.000000	 0.126417	 -0.007467	 0.126637	 -3.380517	 17215.358423	
159.000000	 1.000000	 0.000000	 -0.000000	 0.000000	 -90.000000	 -0.000000	 -0.000000	 0.000000	 -136.997933	 0.000000	 1.531990	 1.531990	 90.000000	 0.126442	 -0.007567	 0.126668	 -3.424870	 17216.797681	
158.000000	 1.000000	 0.000000	 -0.000000	 0.000000	 -90.000000	 -0.000000	 0.000000	 0.000000	 105.664991	 0.000000	 1.541115	 1.541115	 90.000000	 0.126649	 -0.007635	 0.126879	 -3.449770	 17218.241837	
157.000000	 1.000000	 0.000000	 -0.000000	 0.000000	 -90.000000	 -0.000000	 -0.000000	 0.000000	 -126.712466	 0.000000	 1.549739	 1.549739	 90.000000	 0.126677	 -0.007874	 0.126921	 -3.557035	 17219.710558	
156.000000	 1.000000	 0.000000	 -0.000000	 0.000000	 -90.000000	 0.000000	 0.000000	 0.000000	 39.279485	 0.000000	 1.557871	 1.557871	 90.000000	 0.126945	 -0.007699	 0.127178	 -3.470575	 17221.148107	
155.000000	 1.000000	 0.000000	 -0.000000	 0.000000	 -90.000000	 -0.000000	 -0.000000	 0.000000	 -152.003687	 0.000000	 1.565577	 1.565577	 90.000000	 0.126583	 -0.008150	 0.126846	 -3.683727	 17222.620997	
154.000000	 1.000000	 0.000000	 -0.000000	 0.000000	 -90.000000	 0.000000	 0.000000	 0.000000	 74.923003	 0.000000	 1.573327	 1.573327	 90.000000	 0.126573	 -0.008367	 0.126849	 -3.782007	 17224.097237	
153.000000	 1.000000	 0.000000	 -0.000000	 0.000000	 -90.000000	 -0.000000	 -0.000000	 0.000000	 -107.089219	 0.000000	 1.581040	 1.581040	 90.000000	 0.127106	 -0.007377	 0.127320	 -3.321827	 17225.549540	
152.000000	 1.000000	 0.000000	 -0.000000	 0.000000	 -90.000000	 -0.000000	 0.000000	 0.000000	 122.659560	 0.000000	 1.588215	 1.588215	 90.000000	 0.127174	 -0.007325	 0.127385	 -3.296712	 17227.005731	
151.000000	 1.000000	 0.000000	 -0.000000	 0.000000	 -90.000000	 -0.000000	 -0.000000	 0.000000	 -152.124281	 0.000000	 1.594999	 1.594999	 90.000000	 0.126647	 -0.009008	 0.126967	 -4.068349	 17228.434158	
150.000000	 1.000000	 0.000000	 -0.000000	 0.000000	 -90.000000	 0.000000	 0.000000	 0.000000	 9.307770	 0.000000	 1.602043	 1.602043	 90.000000	 0.126297	 -0.008745	 0.126600	 -3.960778	 17229.856346	
149.000000	 1.000000	 0.000000	 -0.000000	 0.000000	 -90.000000	 0.000000	 0.000000	 0.000000	 7.799821	 0.000000	 1.607956	 1.607956	 90.000000	 0.127977	 -0.008764	 0.128276	 -3.917578	 17231.292810	
148.000000	 1.000000	 0.000000	 -0.000000	 0.000000	 -90.000000	 -0.000000	 -0.000000	 0.000000	 -105.089055	 0.000000	 1.613820	 1.613820	 90.000000	 0.126865	 -0.009103	 0.127191	 -4.103980	 17232.719043	
147.000000	 1.000000	 0.000000	 -0.000000	 0.000000	 -90.000000	 -0.000000	 -0.000000	 0.000000	 -100.007045	 0.000000	 1.620161	 1.620161	 90.000000	 0.127833	 -0.008858	 0.128140	 -3.963976	 17234.172707	
146.000000	 1.000000	 0.000000	 -0.000000	 0.000000	 -90.000000	 -0.000000	 -0.000000	 0.000000	 -141.178434	 0.000000	 1.626202	 1.626202	 90.000000	 0.126977	 -0.008759	 0.127278	 -3.946166	 17235.615282	
145.000000	 1.000000	 0.000000	 -0.000000	 0.000000	 -90.000000	 -0.000000	 0.000000	 0.000000	 128.105623	 0.000000	 1.631635	 1.631635	 90.000000	 0.127331	 -0.008954	 0.127645	 -4.022567	 17237.060417	
144.000000	 1.000000	 0.000000	 -0.000000	 0.000000	 -90.000000	 -0.000000	 0.000000	 0.000000	 147.844046	 0.000000	 1.637355	 1.637355	 90.000000	 0.127569	 -0.008480	 0.127850	 -3.803080	 17238.507612	
143.000000	 1.000000	 0.000000	 -0.000000	 0.000000	 -90.000000	 -0.000000	 -0.000000	 0.000000	 -126.191354	 0.000000	 1.642523	 1.642523	 90.000000	 0.127513	 -0.008665	 0.127807	 -3.887649	 17239.959870	
142.000000	 1.000000	 0.000000	 -0.000000	 0.000000	 -90.000000	 0.000000	 0.000000	 0.000000	 23.465273	 0.000000	 1.647697	 1.647697	 90.000000	 0.127613	 -0.008948	 0.127926	 -4.011074	 17241.393369	
141.000000	 1.000000	 0.000000	 -0.000000	 0.000000	 -90.000000	 0.000000	 0.000000	 0.000000	 14.991703	 0.000000	 1.652506	 1.652506	 90.000000	 0.127721	 -0.008963	 0.128035	 -4.014141	 17242.853389	
140.000000	 1.000000	 0.000000	 -0.000000	 0.000000	 -90.000000	 0.000000	 -0.000000	 0.000000	 -54.785715	 0.000000	 1.657442	 1.657442	 90.000000	 0.127845	 -0.009001	 0.128161	 -4.027134	 17244.295158	
139.000000	 1.000000	 0.000000	 -0.000000	 0.000000	 -90.000000	 0.000000	 -0.000000	 0.000000	 -67.784593	 0.000000	 1.662140	 1.662140	 90.000000	 0.127889	 -0.009084	 0.128212	 -4.063073	 17245.730055	
138.000000	 1.000000	 0.000000	 -0.000000	 0.000000	 -90.000000	 0.000000	 -0.000000	 0.000000	 -28.307767	 0.000000	 1.666649	 1.666649	 90.000000	 0.127965	 -0.009151	 0.128292	 -4.090440	 17247.140556	
137.000000	 1.000000	 0.000000	 -0.000000	 0.000000	 -90.000000	 -0.000000	 0.000000	 0.000000	 140.290823	 0.000000	 1.670576	 1.670576	 90.000000	 0.128018	 -0.009208	 0.128349	 -4.114135	 17248.584749	
136.000000	 1.000000	 0.000000	 -0.000000	 0.000000	 -90.000000	 -0.000000	 0.000000	 0.000000	 96.553594	 0.000000	 1.675512	 1.675512	 90.000000	 0.128090	 -0.009271	 0.128426	 -4.139796	 17250.023382	
135.000000	 1.000000	 0.000000	 -0.000000	 0.000000	 -90.000000	 -0.000000	 -0.000000	 0.000000	 -179.839132	 0.000000	 1.679756	 1.679756	 90.000000	 0.128175	 -0.009359	 0.128516	 -4.176105	 17251.449597	
134.000000	 1.000000	 0.000000	 -0.000000	 0.000000	 -90.000000	 0.000000	 0.000000	 0.000000	 53.260595	 0.000000	 1.683923	 1.683923	 90.000000	 0.128250	 -0.009432	 0.128596	 -4.206220	 17252.878119	
133.000000	 1.000000	 0.000000	 -0.000000	 0.000000	 -90.000000	 -0.000000	 -0.000000	 0.000000	 -164.320106	 0.000000	 1.687972	 1.687972	 90.000000	 0.128320	 -0.009515	 0.128672	 -4.240805	 17254.325789	
132.000000	 1.000000	 0.000000	 -0.000000	 0.000000	 -90.000000	 0.000000	 -0.000000	 0.000000	 -81.844046	 0.000000	 1.692296	 1.692296	 90.000000	 0.128420	 -0.009605	 0.128779	 -4.277345	 17255.791337	
131.000000	 1.000000	 0.000000	 -0.000000	 0.000000	 -90.000000	 -0.000000	 -0.000000	 0.000000	 -118.811638	 0.000000	 1.696099	 1.696099	 90.000000	 0.128474	 -0.009664	 0.128837	 -4.301612	 17257.220495	
130.000000	 1.000000	 0.000000	 -0.000000	 0.000000	 -90.000000	 -0.000000	 -0.000000	 0.000000	 -140.559037	 0.000000	 1.699690	 1.699690	 90.000000	 0.128541	 -0.009701	 0.128906	 -4.315965	 17258.665267	
129.000000	 1.000000	 0.000000	 -0.000000	 0.000000	 -90.000000	 -0.000000	 -0.000000	 0.000000	 -141.264771	 0.000000	 1.703359	 1.703359	 90.000000	 0.128589	 -0.009802	 0.128962	 -4.359128	 17260.107220	
128.000000	 1.000000	 0.000000	 -0.000000	 0.000000	 -90.000000	 -0.000000	 0.000000	 0.000000	 127.533450	 0.000000	 1.706902	 1.706902	 90.000000	 0.128721	 -0.009847	 0.129097	 -4.374393	 17261.566798	
127.000000	 1.000000	 0.000000	 -0.000000	 0.000000	 -90.000000	 0.000000	 0.000000	 0.000000	 78.217215	 0.000000	 1.710839	 1.710839	 90.000000	 0.128811	 -0.009980	 0.129197	 -4.430206	 17263.000926	
126.000000	 1.000000	 0.000000	 -0.000000	 0.000000	 -90.000000	 -0.000000	 -0.000000	 0.000000	 -168.204431	 0.000000	 1.714056	 1.714056	 90.000000	 0.128873	 -0.010068	 0.129265	 -4.467233	 17264.467194	
125.000000	 1.000000	 0.000000	 -0.000000	 0.000000	 -90.000000	 -0.000000	 -0.000000	 0.000000	 -118.269592	 0.000000	 1.717648	 1.717648	 90.000000	 0.128905	 -0.010120	 0.129302	 -4.489065	 17265.917774	
124.000000	 1.000000	 0.000000	 -0.000000	 0.000000	 -90.000000	 -0.000000	 -0.000000	 0.000000	 -110.232960	 0.000000	 1.721002	 1.721002	 90.000000	 0.129064	 -0.010196	 0.129466	 -4.516952	 17267.353131	
123.000000	 1.000000	 0.000000	 -0.000000	 0.000000	 -90.000000	 -0.000000	 -0.000000	 0.000000	 -144.884519	 0.000000	 1.723972	 1.723972	 90.000000	 0.129082	 -0.010223	 0.129486	 -4.528272	 17268.795691	
122.000000	 1.000000	 0.000000	 -0.000000	 0.000000	 -90.000000	 0.000000	 0.000000	 0.000000	 82.045133	 0.000000	 1.726964	 1.726964	 90.000000	 0.129198	 -0.010345	 0.129611	 -4.578043	 17270.239165	
121.000000	 1.000000	 0.000000	 -0.000000	 0.000000	 -90.000000	 0.000000	 0.000000	 0.000000	 23.628323	 0.000000	 1.730293	 1.730293	 90.000000	 0.129301	 -0.010389	 0.129718	 -4.593824	 17271.700993	
120.000000	 1.000000	 0.000000	 -0.000000	 0.000000	 -90.000000	 -0.000000	 -0.000000	 0.000000	 -109.948481	 0.000000	 1.732830	 1.732830	 90.000000	 0.129333	 -0.010442	 0.129754	 -4.615992	 17273.113771	
119.000000	 1.000000	 0.000000	 -0.000000	 0.000000	 -90.000000	 -0.000000	 0.000000	 0.000000	 171.652602	 0.000000	 1.736385	 1.736385	 90.000000	 0.129459	 -0.010530	 0.129887	 -4.650014	 17274.568152	
118.000000	 1.000000	 0.000000	 -0.000000	 0.000000	 -90.000000	 0.000000	 0.000000	 0.000000	 14.286408	 0.000000	 1.739683	 1.739683	 90.000000	 0.129537	 -0.010619	 0.129972	 -4.686396	 17275.990889	
117.000000	 1.000000	 0.000000	 -0.000000	 0.000000	 -90.000000	 0.000000	 0.000000	 0.000000	 86.208129	 0.000000	 1.742563	 1.742563	 90.000000	 0.129596	 -0.010705	 0.130037	 -4.722231	 17277.497581	
116.000000	 1.000000	 0.000000	 -0.000000	 0.000000	 -90.000000	 -0.000000	 -0.000000	 0.000000	 -103.384374	 0.000000	 1.745249	 1.745249	 90.000000	 0.129705	 -0.010774	 0.130152	 -4.748424	 17278.934479	
115.000000	 1.000000	 0.000000	 -0.000000	 0.000000	 -90.000000	 0.000000	 0.000000	 0.000000	 81.055834	 0.000000	 1.747923	 1.747923	 90.000000	 0.129794	 -0.010843	 0.130247	 -4.775395	 17280.403150	
114.000000	 1.000000	 0.000000	 -0.000000	 0.000000	 -90.000000	 -0.000000	 -0.000000	 0.000000	 -137.968706	 0.000000	 1.750793	 1.750793	 90.000000	 0.129885	 -0.010922	 0.130343	 -4.806616	 17281.836394	
113.000000	 1.000000	 0.000000	 -0.000000	 0.000000	 -90.000000	 0.000000	 0.000000	 0.000000	 43.753302	 0.000000	 1.753302	 1.753302	 90.000000	 0.129977	 -0.010997	 0.130441	 -4.836001	 17283.247798	
112.000000	 1.000000	 0.000000	 -0.000000	 0.000000	 -90.000000	 -0.000000	 0.000000	 0.000000	 122.521328	 0.000000	 1.755838	 1.755838	 90.000000	 0.130067	 -0.011066	 0.130537	 -4.863137	 17284.677899	
111.000000	 1.000000	 0.000000	 -0.000000	 0.000000	 -90.000000	 0.000000	 -0.000000	 0.000000	 -31.248421	 0.000000	 1.758797	 1.758797	 90.000000	 0.130155	 -0.011162	 0.130633	 -4.901596	 17286.115432	
110.000000	 1.000000	 0.000000	 -0.000000	 0.000000	 -90.000000	 -0.000000	 0.000000	 0.000000	 150.497829	 0.000000	 1.760930	 1.760930	 90.000000	 0.130266	 -0.011238	 0.130750	 -4.930884	 17287.530111	
109.000000	 1.000000	 0.000000	 -0.000000	 0.000000	 -90.000000	 -0.000000	 -0.000000	 0.000000	 -150.653983	 0.000000	 1.763353	 1.763353	 90.000000	 0.130360	 -0.011308	 0.130849	 -4.957853	 17288.947919	
108.000000	 1.000000	 0.000000	 -0.000000	 0.000000	 -90.000000	 -0.000000	 0.000000	 0.000000	 176.204838	 0.000000	 1.765579	 1.765579	 90.000000	 0.130440	 -0.011397	 0.130937	 -4.993385	 17290.356565	
107.000000	 1.000000	 0.000000	 -0.000000	 0.000000	 -90.000000	 0.000000	 -0.000000	 0.000000	 -49.632011	 0.000000	 1.767888	 1.767888	 90.000000	 0.130509	 -0.011458	 0.131011	 -5.017196	 17291.798126	
106.000000	 1.000000	 0.000000	 -0.000000	 0.000000	 -90.000000	 0.000000	 0.000000	 0.000000	 70.925904	 0.000000	 1.769948	 1.769948	 90.000000	 0.130622	 -0.011579	 0.131134	 -5.065791	 17293.250540	
105.000000	 1.000000	 0.000000	 -0.000000	 0.000000	 -90.000000	 0.000000	 -0.000000	 0.000000	 -71.706029	 0.000000	 1.772388	 1.772388	 90.000000	 0.130688	 -0.011575	 0.131200	 -5.061273	 17294.699827	
104.000000	 1.000000	 0.000000	 -0.000000	 0.000000	 -90.000000	 0.000000	 -0.000000	 0.000000	 -18.855599	 0.000000	 1.774768	 1.774768	 90.000000	 0.130782	 -0.011640	 0.131299	 -5.086236	 17296.150103	
103.000000	 1.000000	 0.000000	 -0.000000	 0.000000	 -90.000000	 -0.000000	 0.000000	 0.000000	 106.722132	 0.000000	 1.777144	 1.777144	 90.000000	 0.131033	 -0.011827	 0.131565	 -5.157403	 17297.608170	
102.000000	 1.000000	 0.000000	 -0.000000	 0.000000	 -90.000000	 0.000000	 0.000000	 0.000000	 38.495563	 0.000000	 1.778822	 1.778822	 90.000000	 0.131154	 -0.011923	 0.131695	 -5.194402	 17299.043179	
101.000000	 1.000000	 0.000000	 -0.000000	 0.000000	 -90.000000	 -0.000000	 -0.000000	 0.000000	 -90.221670	 0.000000	 1.780961	 1.780961	 90.000000	 0.131122	 -0.011798	 0.131652	 -5.141397	 17300.505816	
100.000000	 1.000000	 0.000000	 -0.000000	 0.000000	 -90.000000	 0.000000	 0.000000	 0.000000	 28.205470	 0.000000	 1.782881	 1.782881	 90.000000	 0.131387	 -0.011927	 0.131928	 -5.186961	 17301.952629	
99.000000	 1.000000	 0.000000	 -0.000000	 0.000000	 -90.000000	 0.000000	 0.000000	 0.000000	 64.659025	 0.000000	 1.784630	 1.784630	 90.000000	 0.131252	 -0.012015	 0.131800	 -5.230210	 17303.392326	
98.000000	 1.000000	 0.000000	 -0.000000	 0.000000	 -90.000000	 0.000000	 -0.000000	 0.000000	 -69.602159	 0.000000	 1.787129	 1.787129	 90.000000	 0.131552	 -0.012083	 0.132105	 -5.247946	 17304.842838	
97.000000	 1.000000	 0.000000	 -0.000000	 0.000000	 -90.000000	 -0.000000	 0.000000	 0.000000	 172.491017	 0.000000	 1.788808	 1.788808	 90.000000	 0.131539	 -0.012161	 0.132100	 -5.282022	 17306.290413	
96.000000	 1.000000	 0.000000	 -0.000000	 0.000000	 -90.000000	 0.000000	 -0.000000	 0.000000	 -15.389583	 0.000000	 1.790947	 1.790947	 90.000000	 0.131791	 -0.012344	 0.132368	 -5.351026	 17307.727019	
95.000000	 1.000000	 0.000000	 -0.000000	 0.000000	 -90.000000	 -0.000000	 -0.000000	 0.000000	 -129.952435	 0.000000	 1.792653	 1.792653	 90.000000	 0.131879	 -0.012448	 0.132465	 -5.392129	 17309.152252	
94.000000	 1.000000	 0.000000	 -0.000000	 0.000000	 -90.000000	 -0.000000	 0.000000	 0.000000	 160.814453	 0.000000	 1.794189	 1.794189	 90.000000	 0.131918	 -0.012531	 0.132512	 -5.426244	 17310.598861	
93.000000	 1.000000	 0.000000	 -0.000000	 0.000000	 -90.000000	 0.000000	 0.000000	 0.000000	 32.731919	 0.000000	 1.795906	 1.795906	 90.000000	 0.132033	 -0.012585	 0.132631	 -5.444998	 17312.035839	
92.000000	 1.000000	 0.000000	 -0.000000	 0.000000	 -90.000000	 0.000000	 0.000000	 0.000000	 16.901424	 0.000000	 1.797874	 1.797874	 90.000000	 0.132183	 -0.012673	 0.132789	 -5.476431	 17313.465303	
91.000000	 1.000000	 0.000000	 -0.000000	 0.000000	 -90.000000	 -0.000000	 -0.000000	 0.000000	 -136.572438	 0.000000	 1.799808	 1.799808	 90.000000	 0.132306	 -0.012751	 0.132919	 -5.504829	 17314.898442	
90.000000	 1.000000	 0.000000	 -0.000000	 0.000000	 -90.000000	 -0.000000	 0.000000	 0.000000	 163.432420	 0.000000	 1.801026	 1.801026	 90.000000	 0.132426	 -0.012836	 0.133047	 -5.536556	 17316.338755	
89.000000	 1.000000	 0.000000	 -0.000000	 0.000000	 -90.000000	 -0.000000	 0.000000	 0.000000	 143.077997	 0.000000	 1.802445	 1.802445	 90.000000	 0.132543	 -0.012890	 0.133168	 -5.554833	 17317.773376	
88.000000	 1.000000	 0.000000	 -0.000000	 0.000000	 -90.000000	 0.000000	 -0.000000	 0.000000	 -71.919560	 0.000000	 1.804018	 1.804018	 90.000000	 0.132695	 -0.012985	 0.133329	 -5.589141	 17319.210429	
87.000000	 1.000000	 0.000000	 -0.000000	 0.000000	 -90.000000	 -0.000000	 -0.000000	 0.000000	 -165.223357	 0.000000	 1.805919	 1.805919	 90.000000	 0.132810	 -0.013097	 0.133454	 -5.631911	 17320.658216	
86.000000	 1.000000	 0.000000	 -0.000000	 0.000000	 -90.000000	 0.000000	 -0.000000	 0.000000	 -64.862780	 0.000000	 1.807500	 1.807500	 90.000000	 0.132947	 -0.013170	 0.133598	 -5.657568	 17322.111452	
85.000000	 1.000000	 0.000000	 -0.000000	 0.000000	 -90.000000	 -0.000000	 -0.000000	 0.000000	 -125.454143	 0.000000	 1.808885	 1.808885	 90.000000	 0.133105	 -0.013251	 0.133763	 -5.685030	 17323.573180	
84.000000	 1.000000	 0.000000	 -0.000000	 0.000000	 -90.000000	 0.000000	 0.000000	 0.000000	 40.660417	 0.000000	 1.810594	 1.810594	 90.000000	 0.133228	 -0.013330	 0.133893	 -5.713759	 17325.018600	
83.000000	 1.000000	 0.000000	 -0.000000	 0.000000	 -90.000000	 0.000000	 -0.000000	 0.000000	 -11.457963	 0.000000	 1.812139	 1.812139	 90.000000	 0.133365	 -0.013402	 0.134037	 -5.738490	 17326.445275	
82.000000	 1.000000	 0.000000	 -0.000000	 0.000000	 -90.000000	 0.000000	 0.000000	 0.000000	 24.891238	 0.000000	 1.813804	 1.813804	 90.000000	 0.133497	 -0.013508	 0.134178	 -5.777954	 17327.894560	
81.000000	 1.000000	 0.000000	 -0.000000	 0.000000	 -90.000000	 -0.000000	 0.000000	 0.000000	 124.758557	 0.000000	 1.814971	 1.814971	 90.000000	 0.133686	 -0.013565	 0.134372	 -5.794011	 17329.320033	
80.000000	 1.000000	 0.000000	 -0.000000	 0.000000	 -90.000000	 0.000000	 0.000000	 0.000000	 13.204314	 0.000000	 1.816616	 1.816616	 90.000000	 0.133911	 -0.013748	 0.134614	 -5.861819	 17330.779298	
79.000000	 1.000000	 0.000000	 -0.000000	 0.000000	 -90.000000	 0.000000	 -0.000000	 0.000000	 -38.286567	 0.000000	 1.818112	 1.818112	 90.000000	 0.133975	 -0.013898	 0.134694	 -5.922580	 17332.197102	
78.000000	 1.000000	 0.000000	 -0.000000	 0.000000	 -90.000000	 0.000000	 0.000000	 0.000000	 29.937734	 0.000000	 1.819570	 1.819570	 90.000000	 0.134231	 -0.013842	 0.134943	 -5.887351	 17333.637686	
77.000000	 1.000000	 0.000000	 -0.000000	 0.000000	 -90.000000	 0.000000	 -0.000000	 0.000000	 -8.363095	 0.000000	 1.820983	 1.820983	 90.000000	 0.134359	 -0.014070	 0.135094	 -5.978194	 17335.071265	
76.000000	 1.000000	 0.000000	 -0.000000	 0.000000	 -90.000000	 -0.000000	 0.000000	 0.000000	 94.600980	 0.000000	 1.822178	 1.822178	 90.000000	 0.134406	 -0.013913	 0.135124	 -5.909984	 17336.536979	
75.000000	 1.000000	 0.000000	 -0.000000	 0.000000	 -90.000000	 -0.000000	 -0.000000	 0.000000	 -124.300646	 0.000000	 1.824261	 1.824261	 90.000000	 0.134503	 -0.014299	 0.135261	 -6.068219	 17337.974981	
74.000000	 1.000000	 0.000000	 -0.000000	 0.000000	 -90.000000	 -0.000000	 -0.000000	 0.000000	 -177.072039	 0.000000	 1.825394	 1.825394	 90.000000	 0.134724	 -0.014283	 0.135479	 -6.051688	 17339.427841	
73.000000	 1.000000	 0.000000	 -0.000000	 0.000000	 -90.000000	 0.000000	 -0.000000	 0.000000	 -75.182949	 0.000000	 1.827008	 1.827008	 90.000000	 0.134945	 -0.014297	 0.135700	 -6.047909	 17340.846887	
72.000000	 1.000000	 0.000000	 -0.000000	 0.000000	 -90.000000	 0.000000	 -0.000000	 0.000000	 -42.648796	 0.000000	 1.828021	 1.828021	 90.000000	 0.135150	 -0.014596	 0.135936	 -6.163989	 17342.292030	
71.000000	 1.000000	 0.000000	 -0.000000	 0.000000	 -90.000000	 -0.000000	 0.000000	 0.000000	 176.525195	 0.000000	 1.829346	 1.829346	 90.000000	 0.135447	 -0.014618	 0.136233	 -6.159958	 17343.745262	
70.000000	 1.000000	 0.000000	 -0.000000	 0.000000	 -90.000000	 0.000000	 0.000000	 0.000000	 20.816293	 0.000000	 1.830556	 1.830556	 90.000000	 0.135596	 -0.014667	 0.136387	 -6.173449	 17345.202591	
69.000000	 1.000000	 0.000000	 -0.000000	 0.000000	 -90.000000	 0.000000	 -0.000000	 0.000000	 -51.328531	 0.000000	 1.831765	 1.831765	 90.000000	 0.135605	 -0.014788	 0.136409	 -6.223687	 17346.643522	
68.000000	 1.000000	 0.000000	 -0.000000	 0.000000	 -90.000000	 -0.000000	 -0.000000	 0.000000	 -148.523221	 0.000000	 1.833037	 1.833037	 90.000000	 0.135942	 -0.014836	 0.136749	 -6.228336	 17348.110964	
67.000000	 1.000000	 0.000000	 -0.000000	 0.000000	 -90.000000	 -0.000000	 -0.000000	 0.000000	 -108.977770	 0.000000	 1.834054	 1.834054	 90.000000	 0.136094	 -0.014901	 0.136907	 -6.248543	 17349.527117	
66.000000	 1.000000	 0.000000	 -0.000000	 0.000000	 -90.000000	 0.000000	 -0.000000	 0.000000	 -40.243633	 0.000000	 1.835178	 1.835178	 90.000000	 0.136280	 -0.015056	 0.137109	 -6.304423	 17350.946842	
65.000000	 1.000000	 0.000000	 -0.000000	 0.000000	 -90.000000	 -0.000000	 0.000000	 0.000000	 177.344588	 0.000000	 1.836470	 1.836470	 90.000000	 0.136494	 -0.015215	 0.137339	 -6.360546	 17352.378351	
64.000000	 1.000000	 0.000000	 -0.000000	 0.000000	 -90.000000	 -0.000000	 0.000000	 0.000000	 94.944951	 0.000000	 1.837482	 1.837482	 90.000000	 0.136803	 -0.015342	 0.137661	 -6.398938	 17353.783257	
63.000000	 1.000000	 0.000000	 -0.000000	 0.000000	 -90.000000	 -0.000000	 -0.000000	 0.000000	 -168.987250	 0.000000	 1.836959	 1.836959	 90.000000	 0.137237	 -0.015722	 0.138134	 -6.535398	 17355.250174	
62.000000	 1.000000	 0.000000	 -0.000000	 0.000000	 -90.000000	 -0.000000	 -0.000000	 0.000000	 -103.377205	 0.000000	 1.828560	 1.828560	 90.000000	 0.136512	 -0.014781	 0.137310	 -6.179562	 17356.677500	
61.000000	 1.000000	 0.000000	 -0.000000	 0.000000	 -90.000000	 0.000000	 -0.000000	 0.000000	 -23.533413	 0.000000	 1.848046	 1.848046	 90.000000	 0.137949	 -0.014634	 0.138723	 -6.055506	 17358.145524	
60.000000	 1.000000	 0.000000	 -0.000000	 0.000000	 -90.000000	 -0.000000	 0.000000	 0.000000	 176.788297	 0.000000	 1.850345	 1.850345	 90.000000	 0.135491	 -0.015212	 0.136342	 -6.406126	 17359.587156	
59.000000	 1.000000	 0.000000	 -0.000000	 0.000000	 -90.000000	 -0.000000	 -0.000000	 0.000000	 -166.624815	 0.000000	 1.842835	 1.842835	 90.000000	 0.137420	 -0.012590	 0.137995	 -5.234693	 17361.032220	
58.000000	 1.000000	 0.000000	 -0.000000	 0.000000	 -90.000000	 0.000000	 0.000000	 0.000000	 64.034865	 0.000000	 1.843906	 1.843906	 90.000000	 0.137073	 -0.020934	 0.138662	 -8.683329	 17362.466705	
57.000000	 1.000000	 0.000000	 -0.000000	 0.000000	 -90.000000	 -0.000000	 -0.000000	 0.000000	 -102.369751	 0.000000	 1.844541	 1.844541	 90.000000	 0.128754	 -0.016418	 0.129797	 -7.266993	 17363.903151	
56.000000	 1.000000	 0.000000	 -0.000000	 0.000000	 -90.000000	 -0.000000	 0.000000	 0.000000	 128.817055	 0.000000	 1.846088	 1.846088	 90.000000	 0.138697	 -0.003830	 0.138749	 -1.581753	 17365.396721	
55.000000	 1.000000	 0.000000	 -0.000000	 0.000000	 -90.000000	 0.000000	 0.000000	 0.000000	 66.045133	 0.000000	 1.846761	 1.846761	 90.000000	 0.151784	 -0.032032	 0.155127	 -11.916657	 17366.841727	
54.000000	 1.000000	 0.000000	 -0.000000	 0.000000	 -90.000000	 -0.000000	 -0.000000	 0.000000	 -140.214447	 0.000000	 1.847979	 1.847979	 90.000000	 0.161030	 -0.034287	 0.164640	 -12.019973	 17368.284612	
53.000000	 1.000000	 0.000000	 -0.000000	 0.000000	 -90.000000	 -0.000000	 -0.000000	 0.000000	 -133.337139	 0.000000	 1.849672	 1.849672	 90.000000	 0.131639	 0.020002	 0.133150	 8.639628	 17369.733194	
52.000000	 1.000000	 0.000000	 -0.000000	 0.000000	 -90.000000	 -0.000000	 -0.000000	 0.000000	 -105.872476	 0.000000	 1.850511	 1.850511	 90.000000	 0.171126	 0.015292	 0.171808	 5.106404	 17371.234532	
51.000000	 1.000000	 0.000000	 -0.000000	 0.000000	 -90.000000	 0.000000	 0.000000	 0.000000	 67.479691	 0.000000	 1.851825	 1.851825	 90.000000	 0.090440	 -0.001560	 0.090453	 -0.988499	 17372.662814	
50.000000	 1.000000	 0.000000	 -0.000000	 0.000000	 -90.000000	 -0.000000	 -0.000000	 0.000000	 -96.752235	 0.000000	 1.851830	 1.851830	 90.000000	 0.132740	 0.036921	 0.137779	 15.543447	 17374.106405	
49.000000	 1.000000	 0.000000	 -0.000000	 0.000000	 -90.000000	 0.000000	 -0.000000	 0.000000	 -58.231295	 0.000000	 1.853287	 1.853287	 90.000000	 0.089280	 -0.019132	 0.091307	 -12.094788	 17375.541456	
48.000000	 1.000000	 0.000000	 -0.000000	 0.000000	 -90.000000	 0.000000	 -0.000000	 0.000000	 -33.005405	 0.000000	 1.852721	 1.852721	 90.000000	 0.158049	 0.025163	 0.160039	 9.046074	 17376.986273	
47.000000	 1.000000	 0.000000	 -0.000000	 0.000000	 -90.000000	 0.000000	 -0.000000	 0.000000	 -18.184752	 0.000000	 1.853529	 1.853529	 90.000000	 0.130643	 0.018645	 0.131967	 8.122422	 17378.417072	
46.000000	 1.000000	 0.000000	 -0.000000	 0.000000	 -90.000000	 -0.000000	 0.000000	 0.000000	 103.483262	 0.000000	 1.855902	 1.855902	 90.000000	 0.158295	 -0.038726	 0.162963	 -13.747185	 17379.851661	
45.000000	 1.000000	 0.000000	 -0.000000	 0.000000	 -90.000000	 0.000000	 0.000000	 0.000000	 8.554455	 0.000000	 1.856422	 1.856422	 90.000000	 0.143372	 -0.036118	 0.147851	 -14.139584	 17381.265606	
44.000000	 1.000000	 0.000000	 -0.000000	 0.000000	 -90.000000	 0.000000	 -0.000000	 0.000000	 -65.433828	 0.000000	 1.857147	 1.857147	 90.000000	 0.152696	 -0.006447	 0.152832	 -2.417633	 17382.694274	
43.000000	 1.000000	 0.000000	 -0.000000	 0.000000	 -90.000000	 -0.000000	 -0.000000	 0.000000	 -176.068717	 0.000000	 1.857927	 1.857927	 90.000000	 0.150474	 -0.012997	 0.151034	 -4.936656	 17384.138265	
42.000000	 1.000000	 0.000000	 -0.000000	 0.000000	 -90.000000	 -0.000000	 0.000000	 0.000000	 170.458705	 0.000000	 1.858663	 1.858663	 90.000000	 0.139063	 -0.014591	 0.139827	 -5.989800	 17385.578520	
41.000000	 1.000000	 0.000000	 -0.000000	 0.000000	 -90.000000	 0.000000	 0.000000	 0.000000	 39.234764	 0.000000	 1.859719	 1.859719	 90.000000	 0.146638	 -0.015420	 0.147447	 -6.003122	 17387.004311	
40.000000	 1.000000	 0.000000	 -0.000000	 0.000000	 -90.000000	 -0.000000	 -0.000000	 0.000000	 -104.288929	 0.000000	 1.860523	 1.860523	 90.000000	 0.142262	 -0.016930	 0.143265	 -6.786755	 17388.460056	
39.000000	 1.000000	 0.000000	 -0.000000	 0.000000	 -90.000000	 0.000000	 0.000000	 0.000000	 24.452905	 0.000000	 1.861581	 1.861581	 90.000000	 0.145120	 -0.017489	 0.146170	 -6.871679	 17389.881578	
38.000000	 1.000000	 0.000000	 -0.000000	 0.000000	 -90.000000	 0.000000	 -0.000000	 0.000000	 -42.179955	 0.000000	 1.862244	 1.862244	 90.000000	 0.145378	 -0.017352	 0.146410	 -6.806565	 17391.320742	
37.000000	 1.000000	 0.000000	 -0.000000	 0.000000	 -90.000000	 0.000000	 -0.000000	 0.000000	 -27.130469	 0.000000	 1.862740	 1.862740	 90.000000	 0.145259	 -0.017625	 0.146325	 -6.918067	 17392.770729	
36.000000	 1.000000	 0.000000	 -0.000000	 0.000000	 -90.000000	 0.000000	 -0.000000	 0.000000	 -37.056896	 0.000000	 1.863713	 1.863713	 90.000000	 0.145740	 -0.017801	 0.146823	 -6.963825	 17394.205455	
35.000000	 1.000000	 0.000000	 -0.000000	 0.000000	 -90.000000	 -0.000000	 -0.000000	 0.000000	 -167.555626	 0.000000	 1.864387	 1.864387	 90.000000	 0.146149	 -0.017868	 0.147237	 -6.970300	 17395.681059	
34.000000	 1.000000	 0.000000	 -0.000000	 0.000000	 -90.000000	 -0.000000	 0.000000	 0.000000	 149.589438	 0.000000	 1.865052	 1.865052	 90.000000	 0.146755	 -0.017787	 0.147829	 -6.910818	 17397.097858	
33.000000	 1.000000	 0.000000	 -0.000000	 0.000000	 -90.000000	 -0.000000	 -0.000000	 0.000000	 -152.069027	 0.000000	 1.865663	 1.865663	 90.000000	 0.147404	 -0.017804	 0.148476	 -6.887175	 17398.526601	
32.000000	 1.000000	 0.000000	 -0.000000	 0.000000	 -90.000000	 0.000000	 -0.000000	 0.000000	 -16.160564	 0.000000	 1.866550	 1.866550	 90.000000	 0.147890	 -0.017818	 0.148960	 -6.869826	 17399.947365	
31.000000	 1.000000	 0.000000	 -0.000000	 0.000000	 -90.000000	 -0.000000	 -0.000000	 0.000000	 -156.029485	 0.000000	 1.867389	 1.867389	 90.000000	 0.148395	 -0.017790	 0.149457	 -6.836080	 17401.385041	
30.000000	 1.000000	 0.000000	 -0.000000	 0.000000	 -90.000000	 0.000000	 -0.000000	 0.000000	 -79.137123	 0.000000	 1.867695	 1.867695	 90.000000	 0.148972	 -0.017860	 0.150039	 -6.836411	 17402.782605	
29.000000	 1.000000	 0.000000	 -0.000000	 0.000000	 -90.000000	 -0.000000	 0.000000	 0.000000	 93.523180	 0.000000	 1.868652	 1.868652	 90.000000	 0.149418	 -0.017895	 0.150486	 -6.829638	 17404.219800	
28.000000	 1.000000	 0.000000	 -0.000000	 0.000000	 -90.000000	 0.000000	 -0.000000	 0.000000	 -74.107341	 0.000000	 1.869163	 1.869163	 90.000000	 0.150142	 -0.018061	 0.151224	 -6.859403	 17405.638408	
27.000000	 1.000000	 0.000000	 -0.000000	 0.000000	 -90.000000	 -0.000000	 0.000000	 0.000000	 104.497018	 0.000000	 1.869387	 1.869387	 90.000000	 0.150175	 -0.017974	 0.151247	 -6.825026	 17407.075226	
26.000000	 1.000000	 0.000000	 -0.000000	 0.000000	 -90.000000	 -0.000000	 -0.000000	 0.000000	 -149.495286	 0.000000	 1.870242	 1.870242	 90.000000	 0.151858	 -0.016808	 0.152785	 -6.315805	 17408.518681	
25.000000	 1.000000	 0.000000	 -0.000000	 0.000000	 -90.000000	 0.000000	 0.000000	 0.000000	 83.859820	 0.000000	 1.870802	 1.870802	 90.000000	 0.151706	 -0.018370	 0.152814	 -6.904136	 17409.986176	
24.000000	 1.000000	 0.000000	 -0.000000	 0.000000	 -90.000000	 -0.000000	 -0.000000	 0.000000	 -169.803234	 0.000000	 1.871568	 1.871568	 90.000000	 0.153641	 -0.016692	 0.154545	 -6.200342	 17411.434567	
23.000000	 1.000000	 0.000000	 -0.000000	 0.000000	 -90.000000	 0.000000	 -0.000000	 0.000000	 -31.130013	 0.000000	 1.871943	 1.871943	 90.000000	 0.153111	 -0.016917	 0.154043	 -6.304796	 17412.862197	
22.000000	 1.000000	 0.000000	 -0.000000	 0.000000	 -90.000000	 0.000000	 0.000000	 0.000000	 51.936769	 0.000000	 1.872407	 1.872407	 90.000000	 0.154166	 -0.016969	 0.155097	 -6.281362	 17414.319571	
21.000000	 1.000000	 0.000000	 -0.000000	 0.000000	 -90.000000	 -0.000000	 0.000000	 0.000000	 116.721860	 0.000000	 1.873010	 1.873010	 90.000000	 0.155087	 -0.017488	 0.156070	 -6.433550	 17415.763993	
20.000000	 1.000000	 0.000000	 -0.000000	 0.000000	 -90.000000	 0.000000	 -0.000000	 0.000000	 -13.514333	 0.000000	 1.873650	 1.873650	 90.000000	 0.156415	 -0.017342	 0.157373	 -6.326515	 17417.207855	
19.000000	 1.000000	 0.000000	 -0.000000	 0.000000	 -90.000000	 0.000000	 -0.000000	 0.000000	 -60.209345	 0.000000	 1.873726	 1.873726	 90.000000	 0.156898	 -0.016387	 0.157752	 -5.962660	 17418.620539	
18.000000	 1.000000	 0.000000	 -0.000000	 0.000000	 -90.000000	 -0.000000	 0.000000	 0.000000	 145.511007	 0.000000	 1.874552	 1.874552	 90.000000	 0.157845	 -0.015689	 0.158623	 -5.676230	 17420.074453	
17.000000	 1.000000	 0.000000	 -0.000000	 0.000000	 -90.000000	 -0.000000	 0.000000	 0.000000	 123.078617	 0.000000	 1.874826	 1.874826	 90.000000	 0.158237	 -0.015999	 0.159043	 -5.773490	 17421.500958	
16.000000	 1.000000	 0.000000	 -0.000000	 0.000000	 -90.000000	 -0.000000	 -0.000000	 0.000000	 -147.277027	 0.000000	 1.875313	 1.875313	 90.000000	 0.161289	 -0.015487	 0.162031	 -5.484827	 17422.926118	
15.000000	 1.000000	 0.000000	 -0.000000	 0.000000	 -90.000000	 -0.000000	 -0.000000	 0.000000	 -126.273784	 0.000000	 1.876265	 1.876265	 90.000000	 0.160700	 -0.017045	 0.161602	 -6.054730	 17424.368632	
14.000000	 1.000000	 0.000000	 -0.000000	 0.000000	 -90.000000	 -0.000000	 -0.000000	 0.000000	 -111.588427	 0.000000	 1.875930	 1.875930	 90.000000	 0.159109	 -0.011930	 0.159556	 -4.288043	 17425.815514	
13.000000	 1.000000	 0.000000	 -0.000000	 0.000000	 -90.000000	 0.000000	 0.000000	 0.000000	 4.093537	 0.000000	 1.877107	 1.877107	 90.000000	 0.164550	 -0.025070	 0.166448	 -8.662764	 17427.228978	
12.000000	 1.000000	 0.000000	 -0.000000	 0.000000	 -90.000000	 0.000000	 0.000000	 0.000000	 27.702827	 0.000000	 1.876762	 1.876762	 90.000000	 0.161217	 0.005336	 0.161305	 1.895844	 17428.668999	
11.000000	 1.000000	 0.000000	 -0.000000	 0.000000	 -90.000000	 0.000000	 -0.000000	 0.000000	 -76.558531	 0.000000	 1.874222	 1.874222	 90.000000	 0.149095	 0.045452	 0.155869	 16.953919	 17430.120431	
10.000000	 1.000000	 0.000000	 -0.000000	 0.000000	 -90.000000	 -0.000000	 0.000000	 0.000000	 93.111188	 0.000000	 1.874627	 1.874627	 90.000000	 0.145443	 -0.012974	 0.146020	 -5.097614	 17431.577261	
9.000000	 1.000000	 0.000000	 -0.000000	 0.000000	 -90.000000	 0.000000	 -0.000000	 0.000000	 -6.177045	 0.000000	 1.858477	 1.858477	 90.000000	 0.055944	 0.034110	 0.065523	 31.371040	 17433.003097	
8.000000	 1.000000	 0.000000	 -0.000000	 0.000000	 -90.000000	 -0.000000	 0.000000	 0.000000	 111.164958	 0.000000	 1.892246	 1.892246	 90.000000	 0.235435	 -0.175228	 0.293487	 -36.659356	 17434.432585	
7.000000	 1.000000	 0.000000	 -0.000000	 0.000000	 -90.000000	 0.000000	 -0.000000	 0.000000	 -20.120334	 0.000000	 1.830027	 1.830027	 90.000000	 -0.102017	 0.111150	 0.150870	 132.546662	 17435.885105	
6.000000	 1.000000	 0.000000	 -0.000000	 0.000000	 -90.000000	 -0.000000	 0.000000	 0.000000	 98.063439	 0.000000	 1.896110	 1.896110	 90.000000	 0.252635	 -0.473300	 0.536505	 -61.907879	 17437.301651	
5.000000	 1.000000	 0.000000	 -0.000000	 0.000000	 -90.000000	 0.000000	 -0.000000	 0.000000	 -4.737123	 0.000000	 1.759081	 1.759081	 90.000000	 -0.541934	 -0.218747	 0.584417	 -158.018986	 17438.706159	
4.000000	 1.000000	 0.000000	 -0.000000	 0.000000	 -90.000000	 0.000000	 0.000000	 0.000000	 38.290697	 0.000000	 1.736837	 1.736837	 90.000000	 -0.597668	 -0.565868	 0.823051	 -136.565547	 17440.150662	
3.000000	 1.000000	 0.000000	 -0.000000	 0.000000	 -90.000000	 -0.000000	 -0.000000	 0.000000	 -159.477579	 0.000000	 2.090271	 2.090271	 90.000000	 1.367336	 0.504298	 1.457369	 20.244877	 17441.572601	
2.000000	 1.000000	 0.000000	 -0.000000	 0.000000	 -90.000000	 -0.000000	 0.000000	 0.000000	 158.800658	 0.000000	 2.116827	 2.116827	 90.000000	 1.664852	 -0.663798	 1.792306	 -21.737815	 17443.030778	
1.000000	 1.000000	 0.000000	 -0.000000	 0.000000	 -90.000000	 -0.000000	 -0.000000	 0.000000	 -107.592635	 0.000000	 1.980960	 1.980960	 90.000000	 0.578243	 1.810727	 1.900815	 72.289491	 17444.491014	
