# Oscilator_frequency (Hz)	DemodAll_A (-)	Demod_1_X_A (A)	Demod_1_Y_A (A)	Demod_1__R_A (A)	Demod_1__Theta_A (deg)	Demod_2_X_A (A)	Demod_2_Y_A (A)	Demod_2__R_A (A)	Demod_2__Theta_A (deg)	Demod_3_X_A (V)	Demod_3_Y_A (V)	Demod_3__R_A (V)	Demod_3__Theta_A (deg)	Demod_4_X_A (V)	Demod_4_Y_A (V)	Demod_4__R_A (V)	Demod_4__Theta_A (deg)	Timer_GET (s)	
5000.000000	 1.000000	 0.000000	 -0.000000	 0.000000	 -90.000000	 0.404617	 -0.018711	 0.405050	 -2.647739	 0.000000	 -0.327054	 0.327054	 -90.000000	 0.404617	 -0.018711	 0.405050	 -2.647739	 360635.954583	
4950.000000	 1.000000	 0.000000	 -0.000000	 0.000000	 -90.000000	 0.404884	 -0.018897	 0.405325	 -2.672157	 0.000000	 -0.336002	 0.336002	 -90.000000	 0.404884	 -0.018897	 0.405325	 -2.672157	 360637.365868	
4900.000000	 1.000000	 0.000000	 -0.000000	 0.000000	 -90.000000	 0.405120	 -0.019035	 0.405567	 -2.690171	 0.000000	 -0.341776	 0.341776	 -90.000000	 0.405119	 -0.019035	 0.405566	 -2.690124	 360638.805198	
4850.000000	 1.000000	 0.000000	 -0.000000	 0.000000	 -90.000000	 0.405316	 -0.019134	 0.405767	 -2.702748	 0.000000	 -0.347585	 0.347585	 -90.000000	 0.405316	 -0.019134	 0.405767	 -2.702748	 360640.229458	
4800.000000	 1.000000	 0.000000	 -0.000000	 0.000000	 -90.000000	 0.405557	 -0.019237	 0.406013	 -2.715775	 0.000000	 -0.347813	 0.347813	 -90.000000	 0.405557	 -0.019237	 0.406013	 -2.715775	 360641.666511	
4750.000000	 1.000000	 0.000000	 -0.000000	 0.000000	 -90.000000	 0.405742	 -0.019315	 0.406202	 -2.725405	 0.000000	 -0.349421	 0.349421	 -90.000000	 0.405742	 -0.019315	 0.406202	 -2.725405	 360643.095211	
4700.000000	 1.000000	 0.000000	 -0.000000	 0.000000	 -90.000000	 0.405925	 -0.019375	 0.406387	 -2.732721	 0.000000	 -0.351606	 0.351606	 -90.000000	 0.405925	 -0.019375	 0.406387	 -2.732721	 360644.551646	
4650.000000	 1.000000	 0.000000	 -0.000000	 0.000000	 -90.000000	 0.406102	 -0.019440	 0.406567	 -2.740593	 0.000000	 -0.350210	 0.350210	 -90.000000	 0.406102	 -0.019440	 0.406567	 -2.740593	 360646.015827	
4600.000000	 1.000000	 0.000000	 -0.000000	 0.000000	 -90.000000	 0.406270	 -0.019492	 0.406738	 -2.746799	 0.000000	 -0.349819	 0.349819	 -90.000000	 0.406270	 -0.019492	 0.406738	 -2.746799	 360647.469621	
4550.000000	 1.000000	 0.000000	 -0.000000	 0.000000	 -90.000000	 0.406417	 -0.019538	 0.406887	 -2.752235	 0.000000	 -0.349153	 0.349153	 -90.000000	 0.406417	 -0.019538	 0.406887	 -2.752235	 360648.894688	
4500.000000	 1.000000	 0.000000	 -0.000000	 0.000000	 -90.000000	 0.406601	 -0.019584	 0.407072	 -2.757598	 0.000000	 -0.348614	 0.348614	 -90.000000	 0.406601	 -0.019584	 0.407072	 -2.757598	 360650.414130	
4450.000000	 1.000000	 0.000000	 -0.000000	 0.000000	 -90.000000	 0.406752	 -0.019625	 0.407225	 -2.762208	 0.000000	 -0.347679	 0.347679	 -90.000000	 0.406752	 -0.019625	 0.407225	 -2.762208	 360651.841255	
4400.000000	 1.000000	 0.000000	 -0.000000	 0.000000	 -90.000000	 0.406904	 -0.019659	 0.407378	 -2.765955	 0.000000	 -0.346664	 0.346664	 -90.000000	 0.406904	 -0.019659	 0.407378	 -2.765959	 360653.271474	
4350.000000	 1.000000	 0.000000	 -0.000000	 0.000000	 -90.000000	 0.407042	 -0.019695	 0.407518	 -2.770125	 0.000000	 -0.345383	 0.345383	 -90.000000	 0.407042	 -0.019695	 0.407518	 -2.770125	 360654.719886	
4300.000000	 1.000000	 0.000000	 -0.000000	 0.000000	 -90.000000	 0.407216	 -0.019730	 0.407694	 -2.773798	 0.000000	 -0.344363	 0.344363	 -90.000000	 0.407216	 -0.019730	 0.407694	 -2.773799	 360656.152324	
4250.000000	 1.000000	 0.000000	 -0.000000	 0.000000	 -90.000000	 0.407355	 -0.019762	 0.407834	 -2.777431	 0.000000	 -0.343086	 0.343086	 -90.000000	 0.407354	 -0.019762	 0.407834	 -2.777429	 360657.594406	
4200.000000	 1.000000	 0.000000	 -0.000000	 0.000000	 -90.000000	 0.407527	 -0.019796	 0.408007	 -2.781042	 0.000000	 -0.341636	 0.341636	 -90.000000	 0.407527	 -0.019796	 0.408007	 -2.781042	 360659.076939	
4150.000000	 1.000000	 0.000000	 -0.000000	 0.000000	 -90.000000	 0.407699	 -0.019829	 0.408181	 -2.784515	 0.000000	 -0.340007	 0.340007	 -90.000000	 0.407699	 -0.019829	 0.408181	 -2.784515	 360660.510089	
4100.000000	 1.000000	 0.000000	 -0.000000	 0.000000	 -90.000000	 0.407847	 -0.019860	 0.408331	 -2.787842	 0.000000	 -0.336045	 0.336045	 -90.000000	 0.407847	 -0.019860	 0.408331	 -2.787842	 360661.967253	
4050.000000	 1.000000	 0.000000	 -0.000000	 0.000000	 -90.000000	 0.408010	 -0.019887	 0.408494	 -2.790462	 0.000000	 -0.337067	 0.337067	 -90.000000	 0.408010	 -0.019887	 0.408494	 -2.790462	 360663.410265	
4000.000000	 1.000000	 0.000000	 -0.000000	 0.000000	 -90.000000	 0.408152	 -0.019914	 0.408637	 -2.793223	 0.000000	 -0.335940	 0.335940	 -90.000000	 0.408152	 -0.019914	 0.408637	 -2.793223	 360664.868643	
3950.000000	 1.000000	 0.000000	 -0.000000	 0.000000	 -90.000000	 0.408314	 -0.019940	 0.408801	 -2.795845	 0.000000	 -0.334333	 0.334333	 -90.000000	 0.408314	 -0.019940	 0.408801	 -2.795845	 360666.322442	
3900.000000	 1.000000	 0.000000	 -0.000000	 0.000000	 -90.000000	 0.408487	 -0.019973	 0.408975	 -2.799291	 0.000000	 -0.332788	 0.332788	 -90.000000	 0.408487	 -0.019973	 0.408975	 -2.799291	 360667.777273	
3850.000000	 1.000000	 0.000000	 -0.000000	 0.000000	 -90.000000	 0.408638	 -0.019999	 0.409127	 -2.801906	 0.000000	 -0.331532	 0.331532	 -90.000000	 0.408638	 -0.019999	 0.409127	 -2.801906	 360669.212790	
3800.000000	 1.000000	 0.000000	 -0.000000	 0.000000	 -90.000000	 0.408810	 -0.020029	 0.409301	 -2.804826	 0.000000	 -0.330011	 0.330011	 -90.000000	 0.408810	 -0.020029	 0.409301	 -2.804826	 360670.616640	
3750.000000	 1.000000	 0.000000	 -0.000000	 0.000000	 -90.000000	 0.408963	 -0.020059	 0.409455	 -2.807955	 0.000000	 -0.328674	 0.328674	 -90.000000	 0.408963	 -0.020059	 0.409455	 -2.807955	 360672.062456	
3700.000000	 1.000000	 0.000000	 -0.000000	 0.000000	 -90.000000	 0.409114	 -0.020090	 0.409607	 -2.811375	 0.000000	 -0.324750	 0.324750	 -90.000000	 0.409114	 -0.020090	 0.409607	 -2.811375	 360673.536927	
3650.000000	 1.000000	 0.000000	 -0.000000	 0.000000	 -90.000000	 0.409307	 -0.020121	 0.409802	 -2.814269	 0.000000	 -0.327606	 0.327606	 -90.000000	 0.409307	 -0.020121	 0.409802	 -2.814269	 360674.957045	
3600.000000	 1.000000	 0.000000	 -0.000000	 0.000000	 -90.000000	 0.409449	 -0.020157	 0.409945	 -2.818413	 0.000000	 -0.323532	 0.323532	 -90.000000	 0.409449	 -0.020157	 0.409945	 -2.818413	 360676.402863	
3550.000000	 1.000000	 0.000000	 -0.000000	 0.000000	 -90.000000	 0.409637	 -0.020175	 0.410133	 -2.819586	 0.000000	 -0.322472	 0.322472	 -90.000000	 0.409637	 -0.020175	 0.410133	 -2.819586	 360677.882605	
3500.000000	 1.000000	 0.000000	 -0.000000	 0.000000	 -90.000000	 0.409803	 -0.020220	 0.410301	 -2.824754	 0.000000	 -0.320692	 0.320692	 -90.000000	 0.409803	 -0.020220	 0.410301	 -2.824740	 360679.336072	
3450.000000	 1.000000	 0.000000	 -0.000000	 0.000000	 -90.000000	 0.409963	 -0.020247	 0.410463	 -2.827359	 0.000000	 -0.319538	 0.319538	 -90.000000	 0.409963	 -0.020247	 0.410463	 -2.827359	 360680.777751	
3400.000000	 1.000000	 0.000000	 -0.000000	 0.000000	 -90.000000	 0.410139	 -0.020285	 0.410640	 -2.831437	 0.000000	 -0.317906	 0.317906	 -90.000000	 0.410139	 -0.020285	 0.410640	 -2.831437	 360682.190746	
3350.000000	 1.000000	 0.000000	 -0.000000	 0.000000	 -90.000000	 0.410321	 -0.020317	 0.410824	 -2.834661	 0.000000	 -0.316797	 0.316797	 -90.000000	 0.410321	 -0.020317	 0.410824	 -2.834661	 360683.639983	
3300.000000	 1.000000	 0.000000	 -0.000000	 0.000000	 -90.000000	 0.410515	 -0.020356	 0.411019	 -2.838844	 0.000000	 -0.315234	 0.315234	 -90.000000	 0.410515	 -0.020356	 0.411019	 -2.838843	 360685.102798	
3250.000000	 1.000000	 0.000000	 -0.000000	 0.000000	 -90.000000	 0.410693	 -0.020389	 0.411199	 -2.842165	 0.000000	 -0.313854	 0.313854	 -90.000000	 0.410693	 -0.020389	 0.411199	 -2.842165	 360686.561596	
3200.000000	 1.000000	 0.000000	 -0.000000	 0.000000	 -90.000000	 0.410875	 -0.020429	 0.411382	 -2.846433	 0.000000	 -0.312483	 0.312483	 -90.000000	 0.410875	 -0.020429	 0.411382	 -2.846433	 360688.044948	
3150.000000	 1.000000	 0.000000	 -0.000000	 0.000000	 -90.000000	 0.411054	 -0.020458	 0.411563	 -2.849239	 0.000000	 -0.311313	 0.311313	 -90.000000	 0.411054	 -0.020458	 0.411563	 -2.849239	 360689.489413	
3100.000000	 1.000000	 0.000000	 -0.000000	 0.000000	 -90.000000	 0.411250	 -0.020509	 0.411761	 -2.854914	 0.000000	 -0.309713	 0.309713	 -90.000000	 0.411250	 -0.020509	 0.411761	 -2.854914	 360690.931248	
3050.000000	 1.000000	 0.000000	 -0.000000	 0.000000	 -90.000000	 0.411449	 -0.020560	 0.411962	 -2.860746	 0.000000	 -0.308597	 0.308597	 -90.000000	 0.411449	 -0.020560	 0.411962	 -2.860746	 360692.372418	
3000.000000	 1.000000	 0.000000	 -0.000000	 0.000000	 -90.000000	 0.411646	 -0.020592	 0.412161	 -2.863798	 0.000000	 -0.307535	 0.307535	 -90.000000	 0.411646	 -0.020592	 0.412161	 -2.863798	 360693.822350	
2950.000000	 1.000000	 0.000000	 -0.000000	 0.000000	 -90.000000	 0.411849	 -0.020632	 0.412365	 -2.867963	 0.000000	 -0.307638	 0.307638	 -90.000000	 0.411849	 -0.020632	 0.412365	 -2.867963	 360695.261902	
2900.000000	 1.000000	 0.000000	 -0.000000	 0.000000	 -90.000000	 0.412069	 -0.020688	 0.412588	 -2.874145	 0.000000	 -0.303264	 0.303264	 -90.000000	 0.412069	 -0.020688	 0.412588	 -2.874145	 360696.677655	
2850.000000	 1.000000	 0.000000	 -0.000000	 0.000000	 -90.000000	 0.412273	 -0.020731	 0.412794	 -2.878723	 0.000000	 -0.302990	 0.302990	 -90.000000	 0.412273	 -0.020731	 0.412794	 -2.878723	 360698.117263	
2800.000000	 1.000000	 0.000000	 -0.000000	 0.000000	 -90.000000	 0.412472	 -0.020785	 0.412996	 -2.884810	 0.000000	 -0.301958	 0.301958	 -90.000000	 0.412472	 -0.020785	 0.412996	 -2.884810	 360699.553855	
2750.000000	 1.000000	 0.000000	 -0.000000	 0.000000	 -90.000000	 0.412693	 -0.020841	 0.413219	 -2.891047	 0.000000	 -0.300518	 0.300518	 -90.000000	 0.412693	 -0.020841	 0.413219	 -2.891047	 360701.016618	
2700.000000	 1.000000	 0.000000	 -0.000000	 0.000000	 -90.000000	 0.412913	 -0.020887	 0.413441	 -2.895756	 0.000000	 -0.299541	 0.299541	 -90.000000	 0.412913	 -0.020887	 0.413441	 -2.895756	 360702.464587	
2650.000000	 1.000000	 0.000000	 -0.000000	 0.000000	 -90.000000	 0.413157	 -0.020938	 0.413688	 -2.901154	 0.000000	 -0.298282	 0.298282	 -90.000000	 0.413157	 -0.020938	 0.413688	 -2.901154	 360703.925654	
2600.000000	 1.000000	 0.000000	 -0.000000	 0.000000	 -90.000000	 0.413374	 -0.021001	 0.413907	 -2.908296	 0.000000	 -0.298089	 0.298089	 -90.000000	 0.413374	 -0.021001	 0.413907	 -2.908296	 360705.388600	
2550.000000	 1.000000	 0.000000	 -0.000000	 0.000000	 -90.000000	 0.413603	 -0.021061	 0.414139	 -2.915066	 0.000000	 -0.294366	 0.294366	 -90.000000	 0.413603	 -0.021061	 0.414139	 -2.915066	 360706.842906	
2500.000000	 1.000000	 0.000000	 -0.000000	 0.000000	 -90.000000	 0.413835	 -0.021122	 0.414373	 -2.921797	 0.000000	 -0.295620	 0.295620	 -90.000000	 0.413835	 -0.021122	 0.414373	 -2.921797	 360708.300149	
2450.000000	 1.000000	 0.000000	 -0.000000	 0.000000	 -90.000000	 0.414099	 -0.021198	 0.414641	 -2.930424	 0.000000	 -0.293748	 0.293748	 -90.000000	 0.414099	 -0.021198	 0.414641	 -2.930424	 360709.764249	
2400.000000	 1.000000	 0.000000	 -0.000000	 0.000000	 -90.000000	 0.414329	 -0.021252	 0.414874	 -2.936311	 0.000000	 -0.292302	 0.292302	 -90.000000	 0.414329	 -0.021252	 0.414874	 -2.936311	 360711.211770	
2350.000000	 1.000000	 0.000000	 -0.000000	 0.000000	 -90.000000	 0.414591	 -0.021327	 0.415139	 -2.944723	 0.000000	 -0.291394	 0.291394	 -90.000000	 0.414591	 -0.021327	 0.415139	 -2.944723	 360712.634214	
2300.000000	 1.000000	 0.000000	 -0.000000	 0.000000	 -90.000000	 0.414845	 -0.021398	 0.415397	 -2.952779	 0.000000	 -0.290428	 0.290428	 -90.000000	 0.414845	 -0.021398	 0.415397	 -2.952779	 360714.092170	
2250.000000	 1.000000	 0.000000	 -0.000000	 0.000000	 -90.000000	 0.415130	 -0.021467	 0.415684	 -2.960250	 0.000000	 -0.289567	 0.289567	 -90.000000	 0.415130	 -0.021467	 0.415684	 -2.960250	 360715.502170	
2200.000000	 1.000000	 0.000000	 -0.000000	 0.000000	 -90.000000	 0.415397	 -0.021561	 0.415956	 -2.971190	 0.000000	 -0.288474	 0.288474	 -90.000000	 0.415397	 -0.021561	 0.415956	 -2.971186	 360716.929221	
2150.000000	 1.000000	 0.000000	 -0.000000	 0.000000	 -90.000000	 0.415688	 -0.021649	 0.416251	 -2.981205	 0.000000	 -0.287517	 0.287517	 -90.000000	 0.415688	 -0.021649	 0.416251	 -2.981205	 360718.369319	
2100.000000	 1.000000	 0.000000	 -0.000000	 0.000000	 -90.000000	 0.415958	 -0.021733	 0.416526	 -2.990841	 0.000000	 -0.286436	 0.286436	 -90.000000	 0.415958	 -0.021733	 0.416526	 -2.990841	 360719.806569	
2050.000000	 1.000000	 0.000000	 -0.000000	 0.000000	 -90.000000	 0.416254	 -0.021829	 0.416826	 -3.001861	 0.000000	 -0.285337	 0.285337	 -90.000000	 0.416254	 -0.021829	 0.416826	 -3.001861	 360721.265596	
2000.000000	 1.000000	 0.000000	 -0.000000	 0.000000	 -90.000000	 0.416551	 -0.021917	 0.417127	 -3.011842	 0.000000	 -0.284509	 0.284509	 -90.000000	 0.416551	 -0.021917	 0.417127	 -3.011842	 360722.686418	
1950.000000	 1.000000	 0.000000	 -0.000000	 0.000000	 -90.000000	 0.416883	 -0.022038	 0.417465	 -3.026084	 0.000000	 -0.283822	 0.283822	 -90.000000	 0.416883	 -0.022038	 0.417465	 -3.026084	 360724.136316	
1900.000000	 1.000000	 0.000000	 -0.000000	 0.000000	 -90.000000	 0.417237	 -0.022121	 0.417823	 -3.034855	 0.000000	 -0.282774	 0.282774	 -90.000000	 0.417237	 -0.022121	 0.417823	 -3.034855	 360725.579830	
1850.000000	 1.000000	 0.000000	 -0.000000	 0.000000	 -90.000000	 0.417591	 -0.022230	 0.418183	 -3.047188	 0.000000	 -0.282612	 0.282612	 -90.000000	 0.417591	 -0.022230	 0.418183	 -3.047188	 360727.007604	
1800.000000	 1.000000	 0.000000	 -0.000000	 0.000000	 -90.000000	 0.417947	 -0.022348	 0.418545	 -3.060781	 0.000000	 -0.282330	 0.282330	 -90.000000	 0.417947	 -0.022348	 0.418545	 -3.060781	 360728.450945	
1750.000000	 1.000000	 0.000000	 -0.000000	 0.000000	 -90.000000	 0.418317	 -0.022467	 0.418920	 -3.074332	 0.000000	 -0.279555	 0.279555	 -90.000000	 0.418317	 -0.022467	 0.418920	 -3.074269	 360729.859084	
1700.000000	 1.000000	 0.000000	 -0.000000	 0.000000	 -90.000000	 0.418678	 -0.022587	 0.419287	 -3.088046	 0.000000	 -0.279663	 0.279663	 -90.000000	 0.418677	 -0.022587	 0.419286	 -3.088054	 360731.344176	
1650.000000	 1.000000	 0.000000	 -0.000000	 0.000000	 -90.000000	 0.419057	 -0.022726	 0.419672	 -3.104243	 0.000000	 -0.278509	 0.278509	 -90.000000	 0.419057	 -0.022726	 0.419672	 -3.104243	 360732.766918	
1600.000000	 1.000000	 0.000000	 -0.000000	 0.000000	 -90.000000	 0.419473	 -0.022882	 0.420097	 -3.122311	 0.000000	 -0.277727	 0.277727	 -90.000000	 0.419473	 -0.022882	 0.420097	 -3.122311	 360734.196099	
1550.000000	 1.000000	 0.000000	 -0.000000	 0.000000	 -90.000000	 0.419934	 -0.023049	 0.420566	 -3.141606	 0.000000	 -0.277192	 0.277192	 -90.000000	 0.419934	 -0.023049	 0.420566	 -3.141606	 360735.620108	
1500.000000	 1.000000	 0.000000	 -0.000000	 0.000000	 -90.000000	 0.420348	 -0.023163	 0.420985	 -3.154051	 0.000000	 -0.276624	 0.276624	 -90.000000	 0.420348	 -0.023163	 0.420985	 -3.154051	 360737.060025	
1450.000000	 1.000000	 0.000000	 -0.000000	 0.000000	 -90.000000	 0.420807	 -0.023367	 0.421455	 -3.178331	 0.000000	 -0.276078	 0.276078	 -90.000000	 0.420807	 -0.023367	 0.421455	 -3.178331	 360738.505505	
1400.000000	 1.000000	 0.000000	 -0.000000	 0.000000	 -90.000000	 0.421290	 -0.023504	 0.421945	 -3.193241	 0.000000	 -0.276384	 0.276384	 -90.000000	 0.421290	 -0.023504	 0.421945	 -3.193241	 360739.993618	
1350.000000	 1.000000	 0.000000	 -0.000000	 0.000000	 -90.000000	 0.421777	 -0.023727	 0.422444	 -3.219768	 0.000000	 -0.274731	 0.274731	 -90.000000	 0.421777	 -0.023727	 0.422444	 -3.219768	 360741.489268	
1300.000000	 1.000000	 0.000000	 -0.000000	 0.000000	 -90.000000	 0.422320	 -0.023869	 0.422994	 -3.234849	 0.000000	 -0.273345	 0.273345	 -90.000000	 0.422320	 -0.023869	 0.422994	 -3.234849	 360742.915970	
1250.000000	 1.000000	 0.000000	 -0.000000	 0.000000	 -90.000000	 0.422918	 -0.024094	 0.423603	 -3.260697	 0.000000	 -0.271819	 0.271819	 -90.000000	 0.422918	 -0.024094	 0.423603	 -3.260697	 360744.377187	
1200.000000	 1.000000	 0.000000	 -0.000000	 0.000000	 -90.000000	 0.423492	 -0.024304	 0.424189	 -3.284596	 0.000000	 -0.272350	 0.272350	 -90.000000	 0.423492	 -0.024304	 0.424189	 -3.284596	 360745.802716	
1150.000000	 1.000000	 0.000000	 -0.000000	 0.000000	 -90.000000	 0.424141	 -0.024586	 0.424853	 -3.317530	 0.000000	 -0.271976	 0.271976	 -90.000000	 0.424141	 -0.024586	 0.424853	 -3.317530	 360747.259060	
1100.000000	 1.000000	 0.000000	 -0.000000	 0.000000	 -90.000000	 0.424737	 -0.024818	 0.425462	 -3.344093	 0.000000	 -0.271723	 0.271723	 -90.000000	 0.424738	 -0.024819	 0.425462	 -3.344146	 360748.684608	
1050.000000	 1.000000	 0.000000	 -0.000000	 0.000000	 -90.000000	 0.425499	 -0.025059	 0.426236	 -3.370389	 0.000000	 -0.271252	 0.271252	 -90.000000	 0.425499	 -0.025059	 0.426236	 -3.370389	 360750.171371	
1000.000000	 1.000000	 0.000000	 -0.000000	 0.000000	 -90.000000	 0.426179	 -0.025300	 0.426929	 -3.397317	 0.000000	 -0.270942	 0.270942	 -90.000000	 0.426179	 -0.025300	 0.426929	 -3.397317	 360751.600502	
950.000000	 1.000000	 0.000000	 -0.000000	 0.000000	 -90.000000	 0.426988	 -0.025632	 0.427757	 -3.435375	 0.000000	 -0.270610	 0.270610	 -90.000000	 0.426988	 -0.025632	 0.427757	 -3.435376	 360753.075567	
900.000000	 1.000000	 0.000000	 -0.000000	 0.000000	 -90.000000	 0.427826	 -0.025968	 0.428614	 -3.473492	 0.000000	 -0.270196	 0.270196	 -90.000000	 0.427826	 -0.025968	 0.428614	 -3.473492	 360754.581501	
850.000000	 1.000000	 0.000000	 -0.000000	 0.000000	 -90.000000	 0.428723	 -0.026379	 0.429534	 -3.520955	 0.000000	 -0.269944	 0.269944	 -90.000000	 0.428723	 -0.026379	 0.429534	 -3.520954	 360756.014738	
800.000000	 1.000000	 0.000000	 -0.000000	 0.000000	 -90.000000	 0.429703	 -0.026635	 0.430528	 -3.546931	 0.000000	 -0.270295	 0.270295	 -90.000000	 0.429703	 -0.026635	 0.430528	 -3.546931	 360757.469650	
750.000000	 1.000000	 0.000000	 -0.000000	 0.000000	 -90.000000	 0.430897	 -0.026931	 0.431738	 -3.576365	 0.000000	 -0.269253	 0.269253	 -90.000000	 0.430897	 -0.026931	 0.431738	 -3.576365	 360758.898654	
700.000000	 1.000000	 0.000000	 -0.000000	 0.000000	 -90.000000	 0.431910	 -0.027461	 0.432782	 -3.637925	 0.000000	 -0.269771	 0.269771	 -90.000000	 0.431910	 -0.027461	 0.432782	 -3.637925	 360760.331462	
650.000000	 1.000000	 0.000000	 -0.000000	 0.000000	 -90.000000	 0.433078	 -0.028107	 0.433990	 -3.713279	 0.000000	 -0.268773	 0.268773	 -90.000000	 0.433078	 -0.028107	 0.433990	 -3.713279	 360761.784668	
600.000000	 1.000000	 0.000000	 -0.000000	 0.000000	 -90.000000	 0.434462	 -0.028448	 0.435393	 -3.746305	 0.000000	 -0.269533	 0.269533	 -90.000000	 0.434462	 -0.028448	 0.435393	 -3.746324	 360763.224376	
550.000000	 1.000000	 0.000000	 -0.000000	 0.000000	 -90.000000	 0.435928	 -0.028983	 0.436890	 -3.803737	 0.000000	 -0.270389	 0.270389	 -90.000000	 0.435928	 -0.028983	 0.436890	 -3.803737	 360764.665469	
500.000000	 1.000000	 0.000000	 -0.000000	 0.000000	 -90.000000	 0.437737	 -0.029501	 0.438730	 -3.855537	 0.000000	 -0.271130	 0.271130	 -90.000000	 0.437737	 -0.029501	 0.438730	 -3.855537	 360766.102776	
450.000000	 1.000000	 0.000000	 -0.000000	 0.000000	 -90.000000	 0.439197	 -0.030400	 0.440248	 -3.959510	 0.000000	 -0.271837	 0.271837	 -90.000000	 0.439197	 -0.030400	 0.440248	 -3.959510	 360767.565863	
400.000000	 1.000000	 0.000000	 -0.000000	 0.000000	 -90.000000	 0.441819	 -0.030972	 0.442904	 -4.009909	 0.000000	 -0.273121	 0.273121	 -90.000000	 0.441819	 -0.030972	 0.442904	 -4.009909	 360768.973447	
350.000000	 1.000000	 0.000000	 -0.000000	 0.000000	 -90.000000	 0.444197	 -0.030906	 0.445271	 -3.980030	 0.000000	 -0.275687	 0.275687	 -90.000000	 0.444197	 -0.030906	 0.445271	 -3.980030	 360770.389709	
300.000000	 1.000000	 0.000000	 -0.000000	 0.000000	 -90.000000	 0.447348	 -0.032914	 0.448558	 -4.207941	 0.000000	 -0.278516	 0.278516	 -90.000000	 0.447350	 -0.032915	 0.448559	 -4.208067	 360771.836589	
250.000000	 1.000000	 0.000000	 -0.000000	 0.000000	 -90.000000	 0.450230	 -0.035331	 0.451614	 -4.486933	 0.000000	 -0.279651	 0.279651	 -90.000000	 0.450230	 -0.035331	 0.451614	 -4.486933	 360773.292652	
200.000000	 1.000000	 0.000000	 -0.000000	 0.000000	 -90.000000	 0.455653	 -0.035956	 0.457070	 -4.511873	 0.000000	 -0.275713	 0.275713	 -90.000000	 0.455653	 -0.035956	 0.457070	 -4.511873	 360774.725139	
