# Oscilator_frequency (Hz)	DemodAll_A (-)	Demod_1_X_A (A)	Demod_1_Y_A (A)	Demod_1__R_A (A)	Demod_1__Theta_A (deg)	Demod_2_X_A (A)	Demod_2_Y_A (A)	Demod_2__R_A (A)	Demod_2__Theta_A (deg)	Demod_3_X_A (V)	Demod_3_Y_A (V)	Demod_3__R_A (V)	Demod_3__Theta_A (deg)	Demod_4_X_A (V)	Demod_4_Y_A (V)	Demod_4__R_A (V)	Demod_4__Theta_A (deg)	Timer_GET (s)	
200.000000	 1.000000	 0.000000	 -0.000000	 0.000000	 -90.000000	 0.141859	 -0.015611	 0.142715	 -6.279886	 0.000000	 0.005432	 0.005432	 90.000000	 0.141859	 -0.015611	 0.142715	 -6.279886	 337193.562734	
199.000000	 1.000000	 0.000000	 -0.000000	 0.000000	 -90.000000	 0.141772	 -0.015414	 0.142607	 -6.205045	 0.000000	 0.004458	 0.004458	 90.000000	 0.141772	 -0.015414	 0.142607	 -6.205045	 337194.972344	
198.000000	 1.000000	 0.000000	 -0.000000	 0.000000	 -90.000000	 0.142007	 -0.015983	 0.142904	 -6.421513	 0.000000	 0.005556	 0.005556	 90.000000	 0.142007	 -0.015983	 0.142904	 -6.421513	 337196.426593	
197.000000	 1.000000	 0.000000	 -0.000000	 0.000000	 -90.000000	 0.142105	 -0.016002	 0.143003	 -6.424628	 0.000000	 0.001893	 0.001893	 90.000000	 0.142105	 -0.016002	 0.143003	 -6.424628	 337197.865965	
196.000000	 1.000000	 0.000000	 -0.000000	 0.000000	 -90.000000	 0.142063	 -0.016098	 0.142972	 -6.464884	 0.000000	 0.005106	 0.005106	 90.000000	 0.142063	 -0.016098	 0.142972	 -6.464884	 337199.315980	
195.000000	 1.000000	 0.000000	 -0.000000	 0.000000	 -90.000000	 0.142123	 -0.016106	 0.143033	 -6.465269	 0.000000	 0.005248	 0.005248	 90.000000	 0.142123	 -0.016106	 0.143033	 -6.465269	 337200.744124	
194.000000	 1.000000	 0.000000	 -0.000000	 0.000000	 -90.000000	 0.142304	 -0.016206	 0.143224	 -6.497159	 0.000000	 0.004433	 0.004433	 90.000000	 0.142304	 -0.016206	 0.143224	 -6.497159	 337202.226243	
193.000000	 1.000000	 0.000000	 -0.000000	 0.000000	 -90.000000	 0.142399	 -0.016293	 0.143328	 -6.527336	 0.000000	 0.004395	 0.004395	 90.000000	 0.142399	 -0.016293	 0.143328	 -6.527336	 337203.659260	
192.000000	 1.000000	 0.000000	 -0.000000	 0.000000	 -90.000000	 0.142480	 -0.016395	 0.143420	 -6.564118	 0.000000	 0.004339	 0.004339	 90.000000	 0.142477	 -0.016392	 0.143417	 -6.563131	 337205.101506	
191.000000	 1.000000	 0.000000	 -0.000000	 0.000000	 -90.000000	 0.142578	 -0.016468	 0.143526	 -6.588590	 0.000000	 0.004135	 0.004135	 90.000000	 0.142578	 -0.016468	 0.143526	 -6.588591	 337206.579939	
190.000000	 1.000000	 0.000000	 -0.000000	 0.000000	 -90.000000	 0.142651	 -0.016542	 0.143607	 -6.614475	 0.000000	 0.004066	 0.004066	 90.000000	 0.142651	 -0.016542	 0.143607	 -6.614475	 337207.992051	
189.000000	 1.000000	 0.000000	 -0.000000	 0.000000	 -90.000000	 0.142732	 -0.016610	 0.143695	 -6.637728	 0.000000	 0.003959	 0.003959	 90.000000	 0.142732	 -0.016610	 0.143695	 -6.637728	 337209.468461	
188.000000	 1.000000	 0.000000	 -0.000000	 0.000000	 -90.000000	 0.142811	 -0.016666	 0.143780	 -6.656348	 0.000000	 0.003920	 0.003920	 90.000000	 0.142811	 -0.016666	 0.143780	 -6.656348	 337210.915144	
187.000000	 1.000000	 0.000000	 -0.000000	 0.000000	 -90.000000	 0.142889	 -0.016732	 0.143865	 -6.678911	 0.000000	 0.003816	 0.003816	 90.000000	 0.142889	 -0.016732	 0.143865	 -6.678911	 337212.362122	
186.000000	 1.000000	 0.000000	 -0.000000	 0.000000	 -90.000000	 0.142960	 -0.016797	 0.143944	 -6.701005	 0.000000	 0.003741	 0.003741	 90.000000	 0.142960	 -0.016797	 0.143944	 -6.701005	 337213.801045	
185.000000	 1.000000	 0.000000	 -0.000000	 0.000000	 -90.000000	 0.143048	 -0.016863	 0.144039	 -6.723270	 0.000000	 0.003638	 0.003638	 90.000000	 0.143048	 -0.016863	 0.144039	 -6.723270	 337215.220079	
184.000000	 1.000000	 0.000000	 -0.000000	 0.000000	 -90.000000	 0.143113	 -0.016930	 0.144111	 -6.746636	 0.000000	 0.003574	 0.003574	 90.000000	 0.143113	 -0.016930	 0.144111	 -6.746773	 337216.703251	
183.000000	 1.000000	 0.000000	 -0.000000	 0.000000	 -90.000000	 0.143193	 -0.016991	 0.144198	 -6.767066	 0.000000	 0.003554	 0.003554	 90.000000	 0.143193	 -0.016991	 0.144198	 -6.767066	 337218.130308	
182.000000	 1.000000	 0.000000	 -0.000000	 0.000000	 -90.000000	 0.143212	 -0.017042	 0.144223	 -6.786021	 0.000000	 0.003497	 0.003497	 90.000000	 0.143212	 -0.017042	 0.144223	 -6.786021	 337219.562461	
181.000000	 1.000000	 0.000000	 -0.000000	 0.000000	 -90.000000	 0.143347	 -0.017107	 0.144364	 -6.805294	 0.000000	 0.003472	 0.003472	 90.000000	 0.143347	 -0.017107	 0.144364	 -6.805294	 337220.991493	
180.000000	 1.000000	 0.000000	 -0.000000	 0.000000	 -90.000000	 0.143435	 -0.017194	 0.144462	 -6.835539	 0.000000	 0.003411	 0.003411	 90.000000	 0.143438	 -0.017195	 0.144465	 -6.835726	 337222.434548	
179.000000	 1.000000	 0.000000	 -0.000000	 0.000000	 -90.000000	 0.143545	 -0.017263	 0.144579	 -6.857597	 0.000000	 0.003384	 0.003384	 90.000000	 0.143545	 -0.017263	 0.144579	 -6.857596	 337223.865073	
178.000000	 1.000000	 0.000000	 -0.000000	 0.000000	 -90.000000	 0.143563	 -0.017276	 0.144599	 -6.861706	 0.000000	 0.003342	 0.003342	 90.000000	 0.143563	 -0.017276	 0.144599	 -6.861705	 337225.308220	
177.000000	 1.000000	 0.000000	 -0.000000	 0.000000	 -90.000000	 0.143692	 -0.017402	 0.144742	 -6.905189	 0.000000	 0.003327	 0.003327	 90.000000	 0.143692	 -0.017402	 0.144742	 -6.905189	 337226.771268	
176.000000	 1.000000	 0.000000	 -0.000000	 0.000000	 -90.000000	 0.143786	 -0.017364	 0.144831	 -6.885706	 0.000000	 0.003284	 0.003284	 90.000000	 0.143786	 -0.017364	 0.144831	 -6.885706	 337228.233677	
175.000000	 1.000000	 0.000000	 -0.000000	 0.000000	 -90.000000	 0.143791	 -0.017474	 0.144849	 -6.928768	 0.000000	 0.003273	 0.003273	 90.000000	 0.143791	 -0.017474	 0.144849	 -6.928769	 337229.715911	
174.000000	 1.000000	 0.000000	 -0.000000	 0.000000	 -90.000000	 0.143961	 -0.017573	 0.145030	 -6.959392	 0.000000	 0.003204	 0.003204	 90.000000	 0.143961	 -0.017573	 0.145030	 -6.959392	 337231.153361	
173.000000	 1.000000	 0.000000	 -0.000000	 0.000000	 -90.000000	 0.144051	 -0.017537	 0.145115	 -6.941197	 0.000000	 0.003190	 0.003190	 90.000000	 0.144051	 -0.017537	 0.145115	 -6.941197	 337232.602488	
172.000000	 1.000000	 0.000000	 -0.000000	 0.000000	 -90.000000	 0.144132	 -0.017670	 0.145211	 -6.989281	 0.000000	 0.003120	 0.003120	 90.000000	 0.144132	 -0.017670	 0.145211	 -6.989281	 337234.043749	
171.000000	 1.000000	 0.000000	 -0.000000	 0.000000	 -90.000000	 0.144166	 -0.017697	 0.145248	 -6.998184	 0.000000	 0.003116	 0.003116	 90.000000	 0.144166	 -0.017697	 0.145248	 -6.998185	 337235.492817	
170.000000	 1.000000	 0.000000	 -0.000000	 0.000000	 -90.000000	 0.144246	 -0.017757	 0.145335	 -7.017918	 0.000000	 0.003058	 0.003058	 90.000000	 0.144246	 -0.017757	 0.145335	 -7.017918	 337236.916773	
169.000000	 1.000000	 0.000000	 -0.000000	 0.000000	 -90.000000	 0.144339	 -0.017805	 0.145433	 -7.032208	 0.000000	 0.003030	 0.003030	 90.000000	 0.144339	 -0.017805	 0.145433	 -7.032208	 337238.350645	
168.000000	 1.000000	 0.000000	 -0.000000	 0.000000	 -90.000000	 0.144471	 -0.017873	 0.145572	 -7.052571	 0.000000	 0.002994	 0.002994	 90.000000	 0.144471	 -0.017873	 0.145572	 -7.052571	 337239.787485	
167.000000	 1.000000	 0.000000	 -0.000000	 0.000000	 -90.000000	 0.144556	 -0.017935	 0.145664	 -7.072488	 0.000000	 0.002994	 0.002994	 90.000000	 0.144554	 -0.017934	 0.145663	 -7.072253	 337241.242172	
166.000000	 1.000000	 0.000000	 -0.000000	 0.000000	 -90.000000	 0.144613	 -0.018009	 0.145730	 -7.098552	 0.000000	 0.002985	 0.002985	 90.000000	 0.144613	 -0.018009	 0.145730	 -7.098552	 337242.666714	
165.000000	 1.000000	 0.000000	 -0.000000	 0.000000	 -90.000000	 0.144720	 -0.018039	 0.145840	 -7.105012	 0.000000	 0.002950	 0.002950	 90.000000	 0.144720	 -0.018039	 0.145840	 -7.105013	 337244.102874	
164.000000	 1.000000	 0.000000	 -0.000000	 0.000000	 -90.000000	 0.144800	 -0.018088	 0.145925	 -7.120493	 0.000000	 0.002901	 0.002901	 90.000000	 0.144800	 -0.018088	 0.145925	 -7.120492	 337245.535973	
163.000000	 1.000000	 0.000000	 -0.000000	 0.000000	 -90.000000	 0.144891	 -0.018135	 0.146021	 -7.134319	 0.000000	 0.002909	 0.002909	 90.000000	 0.144895	 -0.018138	 0.146026	 -7.135223	 337246.989854	
162.000000	 1.000000	 0.000000	 -0.000000	 0.000000	 -90.000000	 0.144966	 -0.018187	 0.146102	 -7.150641	 0.000000	 0.002873	 0.002873	 90.000000	 0.144966	 -0.018187	 0.146102	 -7.150641	 337248.432283	
161.000000	 1.000000	 0.000000	 -0.000000	 0.000000	 -90.000000	 0.145043	 -0.018250	 0.146186	 -7.171398	 0.000000	 0.002903	 0.002903	 90.000000	 0.145043	 -0.018250	 0.146186	 -7.171398	 337249.843174	
160.000000	 1.000000	 0.000000	 -0.000000	 0.000000	 -90.000000	 0.145205	 -0.018323	 0.146356	 -7.191919	 0.000000	 0.002865	 0.002865	 90.000000	 0.145205	 -0.018323	 0.146356	 -7.191919	 337251.309382	
159.000000	 1.000000	 0.000000	 -0.000000	 0.000000	 -90.000000	 0.145328	 -0.018445	 0.146494	 -7.233282	 0.000000	 0.002868	 0.002868	 90.000000	 0.145328	 -0.018445	 0.146494	 -7.233282	 337252.743119	
158.000000	 1.000000	 0.000000	 -0.000000	 0.000000	 -90.000000	 0.145147	 -0.018306	 0.146297	 -7.188293	 0.000000	 0.002859	 0.002859	 90.000000	 0.145147	 -0.018306	 0.146297	 -7.188293	 337254.180721	
157.000000	 1.000000	 0.000000	 -0.000000	 0.000000	 -90.000000	 0.145660	 -0.018505	 0.146830	 -7.240194	 0.000000	 0.002814	 0.002814	 90.000000	 0.145660	 -0.018505	 0.146830	 -7.240194	 337255.626776	
156.000000	 1.000000	 0.000000	 -0.000000	 0.000000	 -90.000000	 0.145856	 -0.018344	 0.147005	 -7.168525	 0.000000	 0.002806	 0.002806	 90.000000	 0.145856	 -0.018344	 0.147005	 -7.168525	 337257.080524	
155.000000	 1.000000	 0.000000	 -0.000000	 0.000000	 -90.000000	 0.145523	 -0.019133	 0.146775	 -7.489991	 0.000000	 0.002768	 0.002768	 90.000000	 0.145523	 -0.019133	 0.146775	 -7.489992	 337258.545235	
154.000000	 1.000000	 0.000000	 -0.000000	 0.000000	 -90.000000	 0.146303	 -0.019142	 0.147550	 -7.454013	 0.000000	 0.002745	 0.002745	 90.000000	 0.146303	 -0.019142	 0.147550	 -7.454013	 337259.956001	
153.000000	 1.000000	 0.000000	 -0.000000	 0.000000	 -90.000000	 0.144875	 -0.018232	 0.146018	 -7.172858	 0.000000	 0.002750	 0.002750	 90.000000	 0.144875	 -0.018232	 0.146018	 -7.172859	 337261.403363	
152.000000	 1.000000	 0.000000	 -0.000000	 0.000000	 -90.000000	 0.144859	 -0.018028	 0.145977	 -7.093920	 0.000000	 0.002762	 0.002762	 90.000000	 0.144859	 -0.018028	 0.145977	 -7.093920	 337262.842214	
151.000000	 1.000000	 0.000000	 -0.000000	 0.000000	 -90.000000	 0.146425	 -0.020121	 0.147801	 -7.824197	 0.000000	 0.002653	 0.002653	 90.000000	 0.146477	 -0.020107	 0.147851	 -7.816313	 337264.304209	
150.000000	 1.000000	 0.000000	 -0.000000	 0.000000	 -90.000000	 0.145414	 -0.020118	 0.146799	 -7.876657	 0.000000	 0.002672	 0.002672	 90.000000	 0.145412	 -0.020116	 0.146797	 -7.876146	 337265.739629	
149.000000	 1.000000	 0.000000	 -0.000000	 0.000000	 -90.000000	 0.147574	 -0.019195	 0.148817	 -7.410876	 0.000000	 0.002728	 0.002728	 90.000000	 0.147574	 -0.019195	 0.148817	 -7.410876	 337267.172593	
148.000000	 1.000000	 0.000000	 -0.000000	 0.000000	 -90.000000	 0.145958	 -0.020085	 0.147333	 -7.835347	 0.000000	 0.002638	 0.002638	 90.000000	 0.145958	 -0.020085	 0.147333	 -7.835346	 337268.591422	
147.000000	 1.000000	 0.000000	 -0.000000	 0.000000	 -90.000000	 0.147232	 -0.019488	 0.148516	 -7.539987	 0.000000	 0.002649	 0.002649	 90.000000	 0.147232	 -0.019488	 0.148516	 -7.539987	 337270.041287	
146.000000	 1.000000	 0.000000	 -0.000000	 0.000000	 -90.000000	 0.145745	 -0.019134	 0.146995	 -7.479120	 0.000000	 0.002680	 0.002680	 90.000000	 0.145745	 -0.019134	 0.146995	 -7.479120	 337271.470745	
145.000000	 1.000000	 0.000000	 -0.000000	 0.000000	 -90.000000	 0.146065	 -0.019193	 0.147321	 -7.485880	 0.000000	 0.002611	 0.002611	 90.000000	 0.146065	 -0.019193	 0.147321	 -7.485880	 337272.881441	
144.000000	 1.000000	 0.000000	 -0.000000	 0.000000	 -90.000000	 0.146983	 -0.019076	 0.148216	 -7.394684	 0.000000	 0.002625	 0.002625	 90.000000	 0.147020	 -0.019133	 0.148260	 -7.414698	 337274.318008	
143.000000	 1.000000	 0.000000	 -0.000000	 0.000000	 -90.000000	 0.146825	 -0.018989	 0.148048	 -7.369193	 0.000000	 0.002659	 0.002659	 90.000000	 0.146825	 -0.018989	 0.148048	 -7.369193	 337275.788109	
142.000000	 1.000000	 0.000000	 -0.000000	 0.000000	 -90.000000	 0.146834	 -0.019369	 0.148106	 -7.514484	 0.000000	 0.002616	 0.002616	 90.000000	 0.146798	 -0.019377	 0.148071	 -7.519290	 337277.228702	
141.000000	 1.000000	 0.000000	 -0.000000	 0.000000	 -90.000000	 0.146934	 -0.019255	 0.148190	 -7.465947	 0.000000	 0.002619	 0.002619	 90.000000	 0.146935	 -0.019231	 0.148188	 -7.456688	 337278.649022	
140.000000	 1.000000	 0.000000	 -0.000000	 0.000000	 -90.000000	 0.147041	 -0.019371	 0.148312	 -7.504684	 0.000000	 0.002645	 0.002645	 90.000000	 0.147041	 -0.019371	 0.148312	 -7.504684	 337280.089932	
139.000000	 1.000000	 0.000000	 -0.000000	 0.000000	 -90.000000	 0.147197	 -0.019418	 0.148472	 -7.515115	 0.000000	 0.002577	 0.002577	 90.000000	 0.147188	 -0.019431	 0.148465	 -7.520234	 337281.556527	
138.000000	 1.000000	 0.000000	 -0.000000	 0.000000	 -90.000000	 0.147317	 -0.019476	 0.148599	 -7.531086	 0.000000	 0.002577	 0.002577	 90.000000	 0.147317	 -0.019476	 0.148599	 -7.531086	 337282.998167	
137.000000	 1.000000	 0.000000	 -0.000000	 0.000000	 -90.000000	 0.147393	 -0.019519	 0.148680	 -7.543762	 0.000000	 0.002601	 0.002601	 90.000000	 0.147393	 -0.019519	 0.148680	 -7.543762	 337284.437649	
136.000000	 1.000000	 0.000000	 -0.000000	 0.000000	 -90.000000	 0.147514	 -0.019569	 0.148806	 -7.556712	 0.000000	 0.002525	 0.002525	 90.000000	 0.147514	 -0.019569	 0.148806	 -7.556712	 337285.951561	
135.000000	 1.000000	 0.000000	 -0.000000	 0.000000	 -90.000000	 0.147635	 -0.019630	 0.148935	 -7.573665	 0.000000	 0.002617	 0.002617	 90.000000	 0.147634	 -0.019628	 0.148933	 -7.573226	 337287.377873	
134.000000	 1.000000	 0.000000	 -0.000000	 0.000000	 -90.000000	 0.147737	 -0.019684	 0.149042	 -7.589146	 0.000000	 0.002587	 0.002587	 90.000000	 0.147737	 -0.019684	 0.149042	 -7.589146	 337288.824598	
133.000000	 1.000000	 0.000000	 -0.000000	 0.000000	 -90.000000	 0.147860	 -0.019731	 0.149171	 -7.600998	 0.000000	 0.002573	 0.002573	 90.000000	 0.147860	 -0.019731	 0.149171	 -7.600998	 337290.259972	
132.000000	 1.000000	 0.000000	 -0.000000	 0.000000	 -90.000000	 0.147961	 -0.019793	 0.149279	 -7.619279	 0.000000	 0.002613	 0.002613	 90.000000	 0.147961	 -0.019793	 0.149279	 -7.619279	 337291.690381	
131.000000	 1.000000	 0.000000	 -0.000000	 0.000000	 -90.000000	 0.148122	 -0.019866	 0.149448	 -7.638989	 0.000000	 0.002528	 0.002528	 90.000000	 0.148122	 -0.019866	 0.149448	 -7.638990	 337293.131941	
130.000000	 1.000000	 0.000000	 -0.000000	 0.000000	 -90.000000	 0.148167	 -0.019868	 0.149493	 -7.637286	 0.000000	 0.002483	 0.002483	 90.000000	 0.148167	 -0.019868	 0.149493	 -7.637286	 337294.588714	
129.000000	 1.000000	 0.000000	 -0.000000	 0.000000	 -90.000000	 0.148350	 -0.019973	 0.149688	 -7.668060	 0.000000	 0.002515	 0.002515	 90.000000	 0.148350	 -0.019973	 0.149688	 -7.668060	 337296.061423	
128.000000	 1.000000	 0.000000	 -0.000000	 0.000000	 -90.000000	 0.148460	 -0.019952	 0.149795	 -7.654307	 0.000000	 0.002579	 0.002579	 90.000000	 0.148460	 -0.019952	 0.149795	 -7.654307	 337297.501754	
127.000000	 1.000000	 0.000000	 -0.000000	 0.000000	 -90.000000	 0.148581	 -0.019997	 0.149921	 -7.665163	 0.000000	 0.002586	 0.002586	 90.000000	 0.148581	 -0.019997	 0.149921	 -7.665163	 337298.971596	
126.000000	 1.000000	 0.000000	 -0.000000	 0.000000	 -90.000000	 0.148699	 -0.020157	 0.150060	 -7.719788	 0.000000	 0.002570	 0.002570	 90.000000	 0.148699	 -0.020157	 0.150060	 -7.719788	 337300.394763	
125.000000	 1.000000	 0.000000	 -0.000000	 0.000000	 -90.000000	 0.148819	 -0.020124	 0.150174	 -7.700904	 0.000000	 0.002522	 0.002522	 90.000000	 0.148819	 -0.020124	 0.150174	 -7.700904	 337301.854889	
124.000000	 1.000000	 0.000000	 -0.000000	 0.000000	 -90.000000	 0.148890	 -0.020212	 0.150256	 -7.730756	 0.000000	 0.002560	 0.002560	 90.000000	 0.148893	 -0.020212	 0.150259	 -7.730449	 337303.292433	
123.000000	 1.000000	 0.000000	 -0.000000	 0.000000	 -90.000000	 0.149075	 -0.020180	 0.150434	 -7.709087	 0.000000	 0.002572	 0.002572	 90.000000	 0.149073	 -0.020177	 0.150433	 -7.708060	 337304.715937	
122.000000	 1.000000	 0.000000	 -0.000000	 0.000000	 -90.000000	 0.149270	 -0.020262	 0.150639	 -7.730284	 0.000000	 0.002482	 0.002482	 90.000000	 0.149270	 -0.020262	 0.150639	 -7.730284	 337306.176596	
121.000000	 1.000000	 0.000000	 -0.000000	 0.000000	 -90.000000	 0.149303	 -0.020374	 0.150687	 -7.770594	 0.000000	 0.002557	 0.002557	 90.000000	 0.149303	 -0.020374	 0.150687	 -7.770594	 337307.617749	
120.000000	 1.000000	 0.000000	 -0.000000	 0.000000	 -90.000000	 0.149459	 -0.020434	 0.150849	 -7.785143	 0.000000	 0.002568	 0.002568	 90.000000	 0.149459	 -0.020434	 0.150849	 -7.785143	 337309.043956	
119.000000	 1.000000	 0.000000	 -0.000000	 0.000000	 -90.000000	 0.149586	 -0.020400	 0.150970	 -7.765773	 0.000000	 0.002537	 0.002537	 90.000000	 0.149595	 -0.020405	 0.150980	 -7.767227	 337310.477976	
118.000000	 1.000000	 0.000000	 -0.000000	 0.000000	 -90.000000	 0.149707	 -0.020551	 0.151111	 -7.816529	 0.000000	 0.002515	 0.002515	 90.000000	 0.149707	 -0.020551	 0.151111	 -7.816529	 337311.913697	
117.000000	 1.000000	 0.000000	 -0.000000	 0.000000	 -90.000000	 0.149888	 -0.020538	 0.151289	 -7.802024	 0.000000	 0.002517	 0.002517	 90.000000	 0.149888	 -0.020538	 0.151289	 -7.802024	 337313.351699	
116.000000	 1.000000	 0.000000	 -0.000000	 0.000000	 -90.000000	 0.149933	 -0.020564	 0.151337	 -7.809583	 0.000000	 0.002525	 0.002525	 90.000000	 0.149933	 -0.020564	 0.151337	 -7.809583	 337314.781755	
115.000000	 1.000000	 0.000000	 -0.000000	 0.000000	 -90.000000	 0.150106	 -0.020611	 0.151514	 -7.818360	 0.000000	 0.002497	 0.002497	 90.000000	 0.150106	 -0.020611	 0.151514	 -7.818360	 337316.238477	
114.000000	 1.000000	 0.000000	 -0.000000	 0.000000	 -90.000000	 0.150287	 -0.020644	 0.151698	 -7.821235	 0.000000	 0.002482	 0.002482	 90.000000	 0.150292	 -0.020645	 0.151703	 -7.821468	 337317.658278	
113.000000	 1.000000	 0.000000	 -0.000000	 0.000000	 -90.000000	 0.150388	 -0.020702	 0.151806	 -7.837852	 0.000000	 0.002455	 0.002455	 90.000000	 0.150390	 -0.020701	 0.151808	 -7.837360	 337319.081962	
112.000000	 1.000000	 0.000000	 -0.000000	 0.000000	 -90.000000	 0.150514	 -0.020756	 0.151939	 -7.851592	 0.000000	 0.002467	 0.002467	 90.000000	 0.150516	 -0.020751	 0.151940	 -7.849769	 337320.529405	
111.000000	 1.000000	 0.000000	 -0.000000	 0.000000	 -90.000000	 0.150679	 -0.020778	 0.152104	 -7.851353	 0.000000	 0.002486	 0.002486	 90.000000	 0.150679	 -0.020778	 0.152104	 -7.851353	 337321.971557	
110.000000	 1.000000	 0.000000	 -0.000000	 0.000000	 -90.000000	 0.150854	 -0.020854	 0.152289	 -7.870835	 0.000000	 0.002527	 0.002527	 90.000000	 0.150854	 -0.020854	 0.152289	 -7.870835	 337323.417271	
109.000000	 1.000000	 0.000000	 -0.000000	 0.000000	 -90.000000	 0.150993	 -0.020934	 0.152438	 -7.893093	 0.000000	 0.002566	 0.002566	 90.000000	 0.150996	 -0.020934	 0.152440	 -7.893125	 337324.839938	
108.000000	 1.000000	 0.000000	 -0.000000	 0.000000	 -90.000000	 0.151136	 -0.020965	 0.152583	 -7.897591	 0.000000	 0.002490	 0.002490	 90.000000	 0.151136	 -0.020965	 0.152583	 -7.897591	 337326.271538	
107.000000	 1.000000	 0.000000	 -0.000000	 0.000000	 -90.000000	 0.151255	 -0.020981	 0.152703	 -7.897124	 0.000000	 0.002437	 0.002437	 90.000000	 0.151255	 -0.020981	 0.152703	 -7.897124	 337327.708261	
106.000000	 1.000000	 0.000000	 -0.000000	 0.000000	 -90.000000	 0.151418	 -0.021104	 0.152882	 -7.934563	 0.000000	 0.002619	 0.002619	 90.000000	 0.151418	 -0.021104	 0.152882	 -7.934563	 337329.131382	
105.000000	 1.000000	 0.000000	 -0.000000	 0.000000	 -90.000000	 0.151547	 -0.021138	 0.153014	 -7.940450	 0.000000	 0.002682	 0.002682	 90.000000	 0.151547	 -0.021138	 0.153014	 -7.940450	 337330.570429	
104.000000	 1.000000	 0.000000	 -0.000000	 0.000000	 -90.000000	 0.151709	 -0.021202	 0.153183	 -7.955668	 0.000000	 0.002768	 0.002768	 90.000000	 0.151709	 -0.021202	 0.153183	 -7.955668	 337332.040898	
103.000000	 1.000000	 0.000000	 -0.000000	 0.000000	 -90.000000	 0.151926	 -0.021141	 0.153390	 -7.922005	 0.000000	 0.001943	 0.001943	 90.000000	 0.151926	 -0.021141	 0.153390	 -7.922005	 337333.447642	
102.000000	 1.000000	 0.000000	 -0.000000	 0.000000	 -90.000000	 0.152107	 -0.021166	 0.153572	 -7.921926	 0.000000	 0.001799	 0.001799	 90.000000	 0.152107	 -0.021166	 0.153572	 -7.921926	 337334.881314	
101.000000	 1.000000	 0.000000	 -0.000000	 0.000000	 -90.000000	 0.152106	 -0.021345	 0.153596	 -7.988080	 0.000000	 0.002774	 0.002774	 90.000000	 0.152106	 -0.021345	 0.153596	 -7.988080	 337336.313319	
100.000000	 1.000000	 0.000000	 -0.000000	 0.000000	 -90.000000	 0.152348	 -0.021475	 0.153854	 -8.023425	 0.000000	 0.002533	 0.002533	 90.000000	 0.152348	 -0.021475	 0.153854	 -8.023425	 337337.753048	
99.000000	 1.000000	 0.000000	 -0.000000	 0.000000	 -90.000000	 0.152577	 -0.021383	 0.154069	 -7.977824	 0.000000	 0.003206	 0.003206	 90.000000	 0.152577	 -0.021383	 0.154069	 -7.977823	 337339.234486	
98.000000	 1.000000	 0.000000	 -0.000000	 0.000000	 -90.000000	 0.152732	 -0.021555	 0.154245	 -8.033075	 0.000000	 0.002966	 0.002966	 90.000000	 0.152729	 -0.021558	 0.154243	 -8.034164	 337340.683215	
97.000000	 1.000000	 0.000000	 -0.000000	 0.000000	 -90.000000	 0.152921	 -0.021453	 0.154418	 -7.985959	 0.000000	 0.002937	 0.002937	 90.000000	 0.152921	 -0.021453	 0.154418	 -7.985959	 337342.131864	
96.000000	 1.000000	 0.000000	 -0.000000	 0.000000	 -90.000000	 0.153021	 -0.021568	 0.154533	 -8.022993	 0.000000	 0.002264	 0.002264	 90.000000	 0.153016	 -0.021563	 0.154528	 -8.021109	 337343.553636	
95.000000	 1.000000	 0.000000	 -0.000000	 0.000000	 -90.000000	 0.153229	 -0.021618	 0.154747	 -8.030324	 0.000000	 0.002582	 0.002582	 90.000000	 0.153229	 -0.021618	 0.154747	 -8.030324	 337345.006161	
94.000000	 1.000000	 0.000000	 -0.000000	 0.000000	 -90.000000	 0.153429	 -0.021527	 0.154932	 -7.986816	 0.000000	 0.002393	 0.002393	 90.000000	 0.153429	 -0.021515	 0.154931	 -7.982357	 337346.434306	
93.000000	 1.000000	 0.000000	 -0.000000	 0.000000	 -90.000000	 0.153530	 -0.021600	 0.155042	 -8.008402	 0.000000	 0.002400	 0.002400	 90.000000	 0.153525	 -0.021596	 0.155037	 -8.006952	 337347.864692	
92.000000	 1.000000	 0.000000	 -0.000000	 0.000000	 -90.000000	 0.153732	 -0.021702	 0.155257	 -8.035329	 0.000000	 0.002494	 0.002494	 90.000000	 0.153732	 -0.021702	 0.155257	 -8.035329	 337349.297654	
91.000000	 1.000000	 0.000000	 -0.000000	 0.000000	 -90.000000	 0.153971	 -0.021685	 0.155490	 -8.016795	 0.000000	 0.002497	 0.002497	 90.000000	 0.153971	 -0.021685	 0.155490	 -8.016795	 337350.790830	
90.000000	 1.000000	 0.000000	 -0.000000	 0.000000	 -90.000000	 0.154086	 -0.021723	 0.155610	 -8.024600	 0.000000	 0.002455	 0.002455	 90.000000	 0.154086	 -0.021723	 0.155610	 -8.024600	 337352.225885	
89.000000	 1.000000	 0.000000	 -0.000000	 0.000000	 -90.000000	 0.154254	 -0.021746	 0.155779	 -8.024387	 0.000000	 0.002520	 0.002520	 90.000000	 0.154254	 -0.021746	 0.155779	 -8.024387	 337353.650174	
88.000000	 1.000000	 0.000000	 -0.000000	 0.000000	 -90.000000	 0.154560	 -0.021881	 0.156101	 -8.057670	 0.000000	 0.002487	 0.002487	 90.000000	 0.154560	 -0.021879	 0.156101	 -8.057073	 337355.095357	
87.000000	 1.000000	 0.000000	 -0.000000	 0.000000	 -90.000000	 0.154801	 -0.021812	 0.156330	 -8.020390	 0.000000	 0.002504	 0.002504	 90.000000	 0.154800	 -0.021809	 0.156329	 -8.019461	 337356.527391	
86.000000	 1.000000	 0.000000	 -0.000000	 0.000000	 -90.000000	 0.154994	 -0.021964	 0.156543	 -8.065418	 0.000000	 0.002477	 0.002477	 90.000000	 0.155004	 -0.021967	 0.156553	 -8.066144	 337357.963200	
85.000000	 1.000000	 0.000000	 -0.000000	 0.000000	 -90.000000	 0.155118	 -0.021854	 0.156650	 -8.019324	 0.000000	 0.002516	 0.002516	 90.000000	 0.155118	 -0.021854	 0.156650	 -8.019324	 337359.417604	
84.000000	 1.000000	 0.000000	 -0.000000	 0.000000	 -90.000000	 0.155346	 -0.021916	 0.156884	 -8.030052	 0.000000	 0.002516	 0.002516	 90.000000	 0.155347	 -0.021920	 0.156886	 -8.031486	 337360.841075	
83.000000	 1.000000	 0.000000	 -0.000000	 0.000000	 -90.000000	 0.155579	 -0.022009	 0.157128	 -8.051869	 0.000000	 0.002494	 0.002494	 90.000000	 0.155570	 -0.022006	 0.157119	 -8.051257	 337362.260743	
82.000000	 1.000000	 0.000000	 -0.000000	 0.000000	 -90.000000	 0.155859	 -0.021984	 0.157402	 -8.028602	 0.000000	 0.002457	 0.002457	 90.000000	 0.155859	 -0.021984	 0.157402	 -8.028602	 337363.741539	
81.000000	 1.000000	 0.000000	 -0.000000	 0.000000	 -90.000000	 0.156013	 -0.022067	 0.157566	 -8.050715	 0.000000	 0.002487	 0.002487	 90.000000	 0.156013	 -0.022067	 0.157566	 -8.050714	 337365.186201	
80.000000	 1.000000	 0.000000	 -0.000000	 0.000000	 -90.000000	 0.156118	 -0.022044	 0.157667	 -8.037027	 0.000000	 0.002486	 0.002486	 90.000000	 0.156118	 -0.022044	 0.157667	 -8.037027	 337366.623536	
79.000000	 1.000000	 0.000000	 -0.000000	 0.000000	 -90.000000	 0.156477	 -0.022181	 0.158041	 -8.068029	 0.000000	 0.002438	 0.002438	 90.000000	 0.156472	 -0.022190	 0.158037	 -8.071603	 337368.056530	
78.000000	 1.000000	 0.000000	 -0.000000	 0.000000	 -90.000000	 0.156796	 -0.022136	 0.158351	 -8.035913	 0.000000	 0.002480	 0.002480	 90.000000	 0.156796	 -0.022136	 0.158351	 -8.035913	 337369.486891	
77.000000	 1.000000	 0.000000	 -0.000000	 0.000000	 -90.000000	 0.156891	 -0.022104	 0.158440	 -8.019564	 0.000000	 0.002469	 0.002469	 90.000000	 0.156891	 -0.022104	 0.158440	 -8.019565	 337370.919146	
76.000000	 1.000000	 0.000000	 -0.000000	 0.000000	 -90.000000	 0.157016	 -0.022078	 0.158560	 -8.004024	 0.000000	 0.002464	 0.002464	 90.000000	 0.157016	 -0.022078	 0.158560	 -8.004025	 337372.358419	
75.000000	 1.000000	 0.000000	 -0.000000	 0.000000	 -90.000000	 0.157447	 -0.022027	 0.158980	 -7.964091	 0.000000	 0.002424	 0.002424	 90.000000	 0.157447	 -0.022027	 0.158980	 -7.964091	 337373.809952	
74.000000	 1.000000	 0.000000	 -0.000000	 0.000000	 -90.000000	 0.157622	 -0.022137	 0.159168	 -7.994417	 0.000000	 0.002447	 0.002447	 90.000000	 0.157622	 -0.022137	 0.159168	 -7.994417	 337375.266633	
73.000000	 1.000000	 0.000000	 -0.000000	 0.000000	 -90.000000	 0.157822	 -0.022054	 0.159356	 -7.954916	 0.000000	 0.002459	 0.002459	 90.000000	 0.157823	 -0.022053	 0.159356	 -7.954647	 337376.718066	
72.000000	 1.000000	 0.000000	 -0.000000	 0.000000	 -90.000000	 0.157895	 -0.022289	 0.159461	 -8.035088	 0.000000	 0.002469	 0.002469	 90.000000	 0.157895	 -0.022289	 0.159461	 -8.035088	 337378.160817	
71.000000	 1.000000	 0.000000	 -0.000000	 0.000000	 -90.000000	 0.158173	 -0.022183	 0.159720	 -7.983235	 0.000000	 0.002460	 0.002460	 90.000000	 0.158173	 -0.022183	 0.159720	 -7.983235	 337379.620629	
70.000000	 1.000000	 0.000000	 -0.000000	 0.000000	 -90.000000	 0.158479	 -0.022263	 0.160035	 -7.996696	 0.000000	 0.002447	 0.002447	 90.000000	 0.158479	 -0.022263	 0.160035	 -7.996696	 337381.047266	
69.000000	 1.000000	 0.000000	 -0.000000	 0.000000	 -90.000000	 0.158740	 -0.022214	 0.160287	 -7.966370	 0.000000	 0.002484	 0.002484	 90.000000	 0.158740	 -0.022214	 0.160287	 -7.966370	 337382.477577	
68.000000	 1.000000	 0.000000	 -0.000000	 0.000000	 -90.000000	 0.159079	 -0.022227	 0.160624	 -7.954069	 0.000000	 0.002451	 0.002451	 90.000000	 0.159079	 -0.022227	 0.160624	 -7.954069	 337383.927392	
67.000000	 1.000000	 0.000000	 -0.000000	 0.000000	 -90.000000	 0.159313	 -0.022358	 0.160874	 -7.988590	 0.000000	 0.002429	 0.002429	 90.000000	 0.159321	 -0.022304	 0.160875	 -7.969202	 337385.360232	
66.000000	 1.000000	 0.000000	 -0.000000	 0.000000	 -90.000000	 0.159553	 -0.022253	 0.161097	 -7.939747	 0.000000	 0.002442	 0.002442	 90.000000	 0.159553	 -0.022253	 0.161097	 -7.939747	 337386.806929	
65.000000	 1.000000	 0.000000	 -0.000000	 0.000000	 -90.000000	 0.159828	 -0.022272	 0.161372	 -7.933013	 0.000000	 0.002445	 0.002445	 90.000000	 0.159828	 -0.022272	 0.161372	 -7.933013	 337388.244126	
64.000000	 1.000000	 0.000000	 -0.000000	 0.000000	 -90.000000	 0.160280	 -0.022203	 0.161811	 -7.886799	 0.000000	 0.002393	 0.002393	 90.000000	 0.160280	 -0.022203	 0.161811	 -7.886799	 337389.690417	
63.000000	 1.000000	 0.000000	 -0.000000	 0.000000	 -90.000000	 0.160183	 -0.022564	 0.161765	 -8.018025	 0.000000	 0.002444	 0.002444	 90.000000	 0.160183	 -0.022564	 0.161765	 -8.018025	 337391.101357	
62.000000	 1.000000	 0.000000	 -0.000000	 0.000000	 -90.000000	 0.161794	 -0.021338	 0.163195	 -7.512903	 0.000000	 0.002489	 0.002489	 90.000000	 0.161794	 -0.021338	 0.163195	 -7.512903	 337392.555592	
61.000000	 1.000000	 0.000000	 -0.000000	 0.000000	 -90.000000	 0.160777	 -0.020938	 0.162134	 -7.419765	 0.000000	 0.002495	 0.002495	 90.000000	 0.160777	 -0.020938	 0.162134	 -7.419765	 337393.978576	
60.000000	 1.000000	 0.000000	 -0.000000	 0.000000	 -90.000000	 0.164403	 -0.021938	 0.165860	 -7.600738	 0.000000	 0.002422	 0.002422	 90.000000	 0.164403	 -0.021938	 0.165860	 -7.600738	 337395.393965	
59.000000	 1.000000	 0.000000	 -0.000000	 0.000000	 -90.000000	 0.162071	 -0.026899	 0.164288	 -9.423589	 0.000000	 0.002294	 0.002294	 90.000000	 0.162070	 -0.026899	 0.164288	 -9.423589	 337396.849364	
58.000000	 1.000000	 0.000000	 -0.000000	 0.000000	 -90.000000	 0.168051	 -0.018099	 0.169023	 -6.147023	 0.000000	 0.002497	 0.002497	 90.000000	 0.168051	 -0.018099	 0.169023	 -6.147023	 337398.288754	
57.000000	 1.000000	 0.000000	 -0.000000	 0.000000	 -90.000000	 0.175940	 -0.021645	 0.177266	 -7.013686	 0.000000	 0.002230	 0.002230	 90.000000	 0.175940	 -0.021645	 0.177266	 -7.013686	 337399.714838	
56.000000	 1.000000	 0.000000	 -0.000000	 0.000000	 -90.000000	 0.173457	 -0.003561	 0.173493	 -1.176092	 0.000000	 0.002698	 0.002698	 90.000000	 0.173457	 -0.003561	 0.173493	 -1.176092	 337401.157914	
55.000000	 1.000000	 0.000000	 -0.000000	 0.000000	 -90.000000	 0.168263	 -0.050899	 0.175793	 -16.830446	 0.000000	 0.001636	 0.001636	 90.000000	 0.168263	 -0.050899	 0.175793	 -16.830446	 337402.594416	
54.000000	 1.000000	 0.000000	 -0.000000	 0.000000	 -90.000000	 0.184402	 -0.058263	 0.193387	 -17.534404	 0.000000	 0.000967	 0.000967	 90.000000	 0.184402	 -0.058263	 0.193387	 -17.534404	 337404.039151	
53.000000	 1.000000	 0.000000	 -0.000000	 0.000000	 -90.000000	 0.135130	 0.026610	 0.137725	 11.140229	 0.000000	 0.004235	 0.004235	 90.000000	 0.135130	 0.026610	 0.137725	 11.140229	 337405.477264	
52.000000	 1.000000	 0.000000	 -0.000000	 0.000000	 -90.000000	 0.145580	 0.045060	 0.152394	 17.198442	 0.000000	 0.003495	 0.003495	 90.000000	 0.145580	 0.045060	 0.152394	 17.198442	 337406.904697	
51.000000	 1.000000	 0.000000	 -0.000000	 0.000000	 -90.000000	 0.124069	 -0.088832	 0.152591	 -35.602211	 0.000000	 0.005234	 0.005234	 90.000000	 0.124069	 -0.088832	 0.152591	 -35.602211	 337408.360393	
50.000000	 1.000000	 0.000000	 -0.000000	 0.000000	 -90.000000	 0.080891	 -0.016148	 0.082487	 -11.289391	 0.000000	 0.002679	 0.002679	 90.000000	 0.080891	 -0.016148	 0.082487	 -11.289391	 337409.759929	
49.000000	 1.000000	 0.000000	 -0.000000	 0.000000	 -90.000000	 0.165826	 -0.099114	 0.193188	 -30.866771	 0.000000	 0.001880	 0.001880	 90.000000	 0.165826	 -0.099114	 0.193188	 -30.866771	 337411.194331	
48.000000	 1.000000	 0.000000	 -0.000000	 0.000000	 -90.000000	 0.098914	 -0.007344	 0.099186	 -4.246081	 0.000000	 0.005148	 0.005148	 90.000000	 0.099391	 -0.003384	 0.099449	 -1.950230	 337412.644450	
47.000000	 1.000000	 0.000000	 -0.000000	 0.000000	 -90.000000	 0.118472	 -0.049922	 0.128561	 -22.849543	 0.000000	 0.004836	 0.004836	 90.000000	 0.118472	 -0.049922	 0.128561	 -22.849543	 337414.068638	
46.000000	 1.000000	 0.000000	 -0.000000	 0.000000	 -90.000000	 0.195342	 0.007981	 0.195505	 2.339583	 0.000000	 0.000816	 0.000816	 90.000000	 0.201565	 0.003617	 0.201598	 1.028086	 337415.501540	
45.000000	 1.000000	 0.000000	 -0.000000	 0.000000	 -90.000000	 0.188059	 -0.000531	 0.188059	 -0.161868	 0.000000	 0.001373	 0.001373	 90.000000	 0.188059	 -0.000531	 0.188060	 -0.161868	 337416.933818	
44.000000	 1.000000	 0.000000	 -0.000000	 0.000000	 -90.000000	 0.173593	 -0.035201	 0.177126	 -11.462786	 0.000000	 0.002733	 0.002733	 90.000000	 0.173593	 -0.035201	 0.177126	 -11.462786	 337418.421631	
43.000000	 1.000000	 0.000000	 -0.000000	 0.000000	 -90.000000	 0.172230	 -0.032846	 0.175334	 -10.797154	 0.000000	 0.002717	 0.002717	 90.000000	 0.172230	 -0.032846	 0.175334	 -10.797154	 337419.858246	
42.000000	 1.000000	 0.000000	 -0.000000	 0.000000	 -90.000000	 0.172046	 -0.015641	 0.172756	 -5.194659	 0.000000	 0.002265	 0.002265	 90.000000	 0.172046	 -0.015641	 0.172756	 -5.194659	 337421.310336	
41.000000	 1.000000	 0.000000	 -0.000000	 0.000000	 -90.000000	 0.171746	 -0.021298	 0.173062	 -7.069129	 0.000000	 0.002438	 0.002438	 90.000000	 0.172499	 -0.022537	 0.173965	 -7.443470	 337422.723785	
40.000000	 1.000000	 0.000000	 -0.000000	 0.000000	 -90.000000	 0.171091	 -0.020998	 0.172374	 -6.996937	 0.000000	 0.002365	 0.002365	 90.000000	 0.171091	 -0.020998	 0.172374	 -6.996936	 337424.151684	
39.000000	 1.000000	 0.000000	 -0.000000	 0.000000	 -90.000000	 0.169504	 -0.022004	 0.170926	 -7.396312	 0.000000	 0.002482	 0.002482	 90.000000	 0.169504	 -0.022004	 0.170926	 -7.396312	 337425.596500	
38.000000	 1.000000	 0.000000	 -0.000000	 0.000000	 -90.000000	 0.169924	 -0.021220	 0.171244	 -7.118208	 0.000000	 0.002465	 0.002465	 90.000000	 0.169845	 -0.021684	 0.171223	 -7.275555	 337427.011220	
37.000000	 1.000000	 0.000000	 -0.000000	 0.000000	 -90.000000	 0.169762	 -0.020463	 0.170991	 -6.873329	 0.000000	 0.002449	 0.002449	 90.000000	 0.169762	 -0.020463	 0.170991	 -6.873329	 337428.448312	
36.000000	 1.000000	 0.000000	 -0.000000	 0.000000	 -90.000000	 0.170362	 -0.020310	 0.171568	 -6.798596	 0.000000	 0.002387	 0.002387	 90.000000	 0.170290	 -0.020447	 0.171513	 -6.846941	 337429.899224	
35.000000	 1.000000	 0.000000	 -0.000000	 0.000000	 -90.000000	 0.170937	 -0.020273	 0.172135	 -6.763768	 0.000000	 0.002449	 0.002449	 90.000000	 0.170937	 -0.020273	 0.172135	 -6.763768	 337431.399190	
34.000000	 1.000000	 0.000000	 -0.000000	 0.000000	 -90.000000	 0.171543	 -0.020028	 0.172708	 -6.659358	 0.000000	 0.002415	 0.002415	 90.000000	 0.171543	 -0.020028	 0.172708	 -6.659358	 337432.811102	
33.000000	 1.000000	 0.000000	 -0.000000	 0.000000	 -90.000000	 0.171923	 -0.020001	 0.173083	 -6.635923	 0.000000	 0.002407	 0.002407	 90.000000	 0.171923	 -0.020001	 0.173083	 -6.635923	 337434.251956	
32.000000	 1.000000	 0.000000	 -0.000000	 0.000000	 -90.000000	 0.172420	 -0.019573	 0.173527	 -6.476563	 0.000000	 0.002446	 0.002446	 90.000000	 0.172420	 -0.019573	 0.173527	 -6.476563	 337435.688367	
31.000000	 1.000000	 0.000000	 -0.000000	 0.000000	 -90.000000	 0.173025	 -0.019284	 0.174096	 -6.359533	 0.000000	 0.002412	 0.002412	 90.000000	 0.173025	 -0.019284	 0.174096	 -6.359533	 337437.116425	
30.000000	 1.000000	 0.000000	 -0.000000	 0.000000	 -90.000000	 0.173571	 -0.019141	 0.174623	 -6.293037	 0.000000	 0.002437	 0.002437	 90.000000	 0.173571	 -0.019141	 0.174623	 -6.293037	 337438.557038	
29.000000	 1.000000	 0.000000	 -0.000000	 0.000000	 -90.000000	 0.174203	 -0.018676	 0.175201	 -6.119244	 0.000000	 0.002340	 0.002340	 90.000000	 0.174203	 -0.018676	 0.175201	 -6.119244	 337440.002904	
28.000000	 1.000000	 0.000000	 -0.000000	 0.000000	 -90.000000	 0.174865	 -0.018328	 0.175823	 -5.983596	 0.000000	 0.002027	 0.002027	 90.000000	 0.174860	 -0.018310	 0.175816	 -5.977956	 337441.422661	
27.000000	 1.000000	 0.000000	 -0.000000	 0.000000	 -90.000000	 0.175866	 -0.018434	 0.176829	 -5.983674	 0.000000	 0.001589	 0.001589	 90.000000	 0.175866	 -0.018434	 0.176829	 -5.983674	 337442.870199	
26.000000	 1.000000	 0.000000	 -0.000000	 0.000000	 -90.000000	 0.175351	 -0.018035	 0.176276	 -5.872132	 0.000000	 0.004472	 0.004472	 90.000000	 0.175381	 -0.018073	 0.176309	 -5.883519	 337444.320659	
25.000000	 1.000000	 0.000000	 -0.000000	 0.000000	 -90.000000	 0.177309	 -0.016683	 0.178092	 -5.375005	 0.000000	 0.002193	 0.002193	 90.000000	 0.177309	 -0.016683	 0.178092	 -5.375005	 337445.747564	
24.000000	 1.000000	 0.000000	 -0.000000	 0.000000	 -90.000000	 0.176750	 -0.017409	 0.177606	 -5.625296	 0.000000	 0.004613	 0.004613	 90.000000	 0.176750	 -0.017409	 0.177606	 -5.625296	 337447.181219	
23.000000	 1.000000	 0.000000	 -0.000000	 0.000000	 -90.000000	 0.178088	 -0.016006	 0.178806	 -5.135684	 0.000000	 0.001742	 0.001742	 90.000000	 0.178088	 -0.016006	 0.178806	 -5.135684	 337448.634595	
22.000000	 1.000000	 0.000000	 -0.000000	 0.000000	 -90.000000	 0.178328	 -0.015762	 0.179023	 -5.051253	 0.000000	 0.002179	 0.002179	 90.000000	 0.178328	 -0.015762	 0.179023	 -5.051253	 337450.073117	
21.000000	 1.000000	 0.000000	 -0.000000	 0.000000	 -90.000000	 0.179145	 -0.015342	 0.179801	 -4.894849	 0.000000	 0.002615	 0.002615	 90.000000	 0.179145	 -0.015342	 0.179801	 -4.894849	 337451.503359	
20.000000	 1.000000	 0.000000	 -0.000000	 0.000000	 -90.000000	 0.179959	 -0.014654	 0.180554	 -4.655379	 0.000000	 0.002371	 0.002371	 90.000000	 0.179959	 -0.014654	 0.180554	 -4.655379	 337452.983325	
19.000000	 1.000000	 0.000000	 -0.000000	 0.000000	 -90.000000	 0.180818	 -0.013940	 0.181355	 -4.408564	 0.000000	 0.002544	 0.002544	 90.000000	 0.180818	 -0.013940	 0.181355	 -4.408564	 337454.409436	
18.000000	 1.000000	 0.000000	 -0.000000	 0.000000	 -90.000000	 0.181472	 -0.013489	 0.181973	 -4.250938	 0.000000	 0.002712	 0.002712	 90.000000	 0.181472	 -0.013489	 0.181973	 -4.250938	 337455.865952	
17.000000	 1.000000	 0.000000	 -0.000000	 0.000000	 -90.000000	 0.182103	 -0.012675	 0.182543	 -3.981530	 0.000000	 0.003043	 0.003043	 90.000000	 0.182113	 -0.012675	 0.182554	 -3.981435	 337457.302300	
16.000000	 1.000000	 0.000000	 -0.000000	 0.000000	 -90.000000	 0.183235	 -0.011455	 0.183592	 -3.577282	 0.000000	 0.002403	 0.002403	 90.000000	 0.183235	 -0.011455	 0.183592	 -3.577282	 337458.705026	
15.000000	 1.000000	 0.000000	 -0.000000	 0.000000	 -90.000000	 0.183709	 -0.010490	 0.184008	 -3.268079	 0.000000	 0.002341	 0.002341	 90.000000	 0.183709	 -0.010490	 0.184008	 -3.268078	 337460.144653	
14.000000	 1.000000	 0.000000	 -0.000000	 0.000000	 -90.000000	 0.184674	 -0.009251	 0.184905	 -2.867818	 0.000000	 0.002731	 0.002731	 90.000000	 0.184674	 -0.009251	 0.184905	 -2.867817	 337461.574887	
13.000000	 1.000000	 0.000000	 -0.000000	 0.000000	 -90.000000	 0.185441	 -0.007964	 0.185612	 -2.459085	 0.000000	 0.003636	 0.003636	 90.000000	 0.185441	 -0.007964	 0.185612	 -2.459085	 337463.033324	
12.000000	 1.000000	 0.000000	 -0.000000	 0.000000	 -90.000000	 0.186151	 -0.006484	 0.186264	 -1.994963	 0.000000	 -0.007428	 0.007428	 -90.000000	 0.186151	 -0.006484	 0.186264	 -1.994963	 337464.465230	
11.000000	 1.000000	 0.000000	 -0.000000	 0.000000	 -90.000000	 0.187237	 -0.005016	 0.187305	 -1.534588	 0.000000	 0.007023	 0.007023	 90.000000	 0.187237	 -0.005016	 0.187305	 -1.534588	 337465.902339	
10.000000	 1.000000	 0.000000	 -0.000000	 0.000000	 -90.000000	 0.188051	 -0.002699	 0.188070	 -0.822184	 0.000000	 0.008818	 0.008818	 90.000000	 0.188051	 -0.002699	 0.188070	 -0.822184	 337467.340220	
9.000000	 1.000000	 0.000000	 -0.000000	 0.000000	 -90.000000	 0.188971	 -0.000724	 0.188972	 -0.219424	 0.000000	 0.026047	 0.026047	 90.000000	 0.188962	 -0.000613	 0.188963	 -0.185886	 337468.773699	
8.000000	 1.000000	 0.000000	 -0.000000	 0.000000	 -90.000000	 0.189297	 0.002465	 0.189313	 0.746115	 0.000000	 -0.021323	 0.021323	 -90.000000	 0.189297	 0.002465	 0.189313	 0.746115	 337470.199201	
7.000000	 1.000000	 0.000000	 -0.000000	 0.000000	 -90.000000	 0.189433	 0.006356	 0.189539	 1.921599	 0.000000	 -0.039806	 0.039806	 -90.000000	 0.188842	 0.006527	 0.188955	 1.979544	 337471.619240	
6.000000	 1.000000	 0.000000	 -0.000000	 0.000000	 -90.000000	 0.189112	 0.009517	 0.189351	 2.881057	 0.000000	 -0.076314	 0.076314	 -90.000000	 0.189112	 0.009517	 0.189351	 2.881057	 337473.066379	
5.000000	 1.000000	 0.000000	 -0.000000	 0.000000	 -90.000000	 0.195221	 0.012483	 0.195619	 3.658776	 0.000000	 0.137345	 0.137345	 90.000000	 0.195221	 0.012483	 0.195619	 3.658776	 337474.507957	
4.000000	 1.000000	 0.000000	 -0.000000	 0.000000	 -90.000000	 0.205838	 0.035175	 0.208822	 9.697321	 0.000000	 0.174383	 0.174383	 90.000000	 0.205838	 0.035175	 0.208822	 9.697321	 337475.933101	
3.000000	 1.000000	 0.000000	 -0.000000	 0.000000	 -90.000000	 0.209081	 0.069310	 0.220269	 18.340378	 0.000000	 -0.217840	 0.217840	 -90.000000	 0.209081	 0.069310	 0.220269	 18.340378	 337477.359212	
2.000000	 1.000000	 0.000000	 -0.000000	 0.000000	 -90.000000	 0.255912	 0.035862	 0.258413	 7.977181	 0.000000	 -0.288779	 0.288779	 -90.000000	 0.255912	 0.035862	 0.258413	 7.977181	 337478.785479	
1.000000	 1.000000	 0.000000	 -0.000000	 0.000000	 -90.000000	 0.054054	 -0.042473	 0.068745	 -38.158762	 0.000000	 0.069470	 0.069470	 90.000000	 0.054054	 -0.042473	 0.068745	 -38.158762	 337480.231989	
