# Oscilator_frequency (Hz)	DemodAll_A (-)	Demod_1_X_A (A)	Demod_1_Y_A (A)	Demod_1__R_A (A)	Demod_1__Theta_A (deg)	Demod_2_X_A (A)	Demod_2_Y_A (A)	Demod_2__R_A (A)	Demod_2__Theta_A (deg)	Demod_3_X_A (V)	Demod_3_Y_A (V)	Demod_3__R_A (V)	Demod_3__Theta_A (deg)	Demod_4_X_A (V)	Demod_4_Y_A (V)	Demod_4__R_A (V)	Demod_4__Theta_A (deg)	Timer_GET (s)	
200.000000	 1.000000	 0.000000	 -0.000000	 0.000000	 -90.000000	 0.000000	 -0.000000	 0.000000	 -32.889182	 0.000000	 -2.742234	 2.742234	 -90.000000	 0.092603	 -0.041832	 0.101613	 -24.310531	 1227953.528434	
199.000000	 1.000000	 0.000000	 -0.000000	 0.000000	 -90.000000	 0.000000	 0.000000	 0.000000	 4.531784	 0.000000	 -2.743564	 2.743564	 -90.000000	 0.093226	 -0.042391	 0.102411	 -24.451855	 1227954.948762	
198.000000	 1.000000	 0.000000	 -0.000000	 0.000000	 -90.000000	 0.000000	 0.000000	 0.000000	 77.975462	 0.000000	 -2.743785	 2.743785	 -90.000000	 0.093274	 -0.042195	 0.102374	 -24.340648	 1227956.393453	
197.000000	 1.000000	 0.000000	 -0.000000	 0.000000	 -90.000000	 -0.000000	 -0.000000	 0.000000	 -103.095953	 0.000000	 -2.744013	 2.744013	 -90.000000	 0.093600	 -0.042480	 0.102789	 -24.410991	 1227957.848867	
196.000000	 1.000000	 0.000000	 -0.000000	 0.000000	 -90.000000	 0.000000	 -0.000000	 0.000000	 -10.091438	 0.000000	 -2.743180	 2.743180	 -90.000000	 0.093733	 -0.042388	 0.102872	 -24.333311	 1227959.317233	
195.000000	 1.000000	 0.000000	 -0.000000	 0.000000	 -90.000000	 0.000000	 0.000000	 0.000000	 38.539945	 0.000000	 -2.743849	 2.743849	 -90.000000	 0.094236	 -0.042811	 0.103505	 -24.431809	 1227960.759476	
194.000000	 1.000000	 0.000000	 -0.000000	 0.000000	 -90.000000	 0.000000	 0.000000	 0.000000	 73.893526	 0.000000	 -2.744659	 2.744659	 -90.000000	 0.094743	 -0.043096	 0.104084	 -24.459538	 1227962.214012	
193.000000	 1.000000	 0.000000	 -0.000000	 0.000000	 -90.000000	 -0.000000	 0.000000	 0.000000	 147.843421	 0.000000	 -2.743757	 2.743757	 -90.000000	 0.094515	 -0.042881	 0.103787	 -24.403438	 1227963.648690	
192.000000	 1.000000	 0.000000	 -0.000000	 0.000000	 -90.000000	 0.000000	 -0.000000	 0.000000	 -28.062798	 0.000000	 -2.743311	 2.743311	 -90.000000	 0.094868	 -0.043090	 0.104196	 -24.427977	 1227965.087992	
191.000000	 1.000000	 0.000000	 -0.000000	 0.000000	 -90.000000	 -0.000000	 0.000000	 0.000000	 128.303840	 0.000000	 -2.745138	 2.745138	 -90.000000	 0.096794	 -0.044195	 0.106406	 -24.541163	 1227966.500468	
190.000000	 1.000000	 0.000000	 -0.000000	 0.000000	 -90.000000	 -0.000000	 -0.000000	 0.000000	 -139.825049	 0.000000	 -2.743792	 2.743792	 -90.000000	 0.095297	 -0.043267	 0.104659	 -24.419312	 1227967.939315	
189.000000	 1.000000	 0.000000	 -0.000000	 0.000000	 -90.000000	 0.000000	 0.000000	 0.000000	 82.148540	 0.000000	 -2.743320	 2.743320	 -90.000000	 0.094972	 -0.043001	 0.104254	 -24.360009	 1227969.381779	
188.000000	 1.000000	 0.000000	 -0.000000	 0.000000	 -90.000000	 0.000000	 0.000000	 0.000000	 33.606336	 0.000000	 -2.741347	 2.741347	 -90.000000	 0.094213	 -0.042440	 0.103331	 -24.250244	 1227970.815177	
187.000000	 1.000000	 0.000000	 -0.000000	 0.000000	 -90.000000	 0.000000	 0.000000	 0.000000	 34.373200	 0.000000	 -2.739537	 2.739537	 -90.000000	 0.093067	 -0.041625	 0.101951	 -24.096833	 1227972.250186	
186.000000	 1.000000	 0.000000	 -0.000000	 0.000000	 -90.000000	 -0.000000	 0.000000	 0.000000	 128.320800	 0.000000	 -2.740970	 2.740970	 -90.000000	 0.094065	 -0.042304	 0.103140	 -24.215077	 1227973.680022	
185.000000	 1.000000	 0.000000	 -0.000000	 0.000000	 -90.000000	 0.000000	 -0.000000	 0.000000	 -17.188047	 0.000000	 -2.739914	 2.739914	 -90.000000	 0.093271	 -0.041723	 0.102178	 -24.100497	 1227975.108619	
184.000000	 1.000000	 0.000000	 -0.000000	 0.000000	 -90.000000	 0.000000	 -0.000000	 0.000000	 -69.950824	 0.000000	 -2.741183	 2.741183	 -90.000000	 0.094526	 -0.042536	 0.103656	 -24.227284	 1227976.550328	
183.000000	 1.000000	 0.000000	 -0.000000	 0.000000	 -90.000000	 0.000000	 -0.000000	 0.000000	 -72.136811	 0.000000	 -2.743063	 2.743063	 -90.000000	 0.095662	 -0.043235	 0.104979	 -24.321031	 1227977.986324	
182.000000	 1.000000	 0.000000	 -0.000000	 0.000000	 -90.000000	 -0.000000	 -0.000000	 0.000000	 -160.623335	 0.000000	 -2.741911	 2.741911	 -90.000000	 0.095421	 -0.043004	 0.104663	 -24.259797	 1227979.412585	
181.000000	 1.000000	 0.000000	 -0.000000	 0.000000	 -90.000000	 -0.000000	 -0.000000	 0.000000	 -146.147472	 0.000000	 -2.742130	 2.742130	 -90.000000	 0.095580	 -0.043104	 0.104850	 -24.273890	 1227980.852774	
180.000000	 1.000000	 0.000000	 -0.000000	 0.000000	 -90.000000	 0.000000	 0.000000	 0.000000	 57.452105	 0.000000	 -2.742591	 2.742591	 -90.000000	 0.095831	 -0.043206	 0.105120	 -24.268469	 1227982.294845	
179.000000	 1.000000	 0.000000	 -0.000000	 0.000000	 -90.000000	 -0.000000	 0.000000	 0.000000	 116.864312	 0.000000	 -2.741344	 2.741344	 -90.000000	 0.095542	 -0.043011	 0.104777	 -24.236287	 1227983.789181	
178.000000	 1.000000	 0.000000	 -0.000000	 0.000000	 -90.000000	 -0.000000	 -0.000000	 0.000000	 -165.784252	 0.000000	 -2.742021	 2.742021	 -90.000000	 0.096246	 -0.043364	 0.105564	 -24.254194	 1227985.223186	
177.000000	 1.000000	 0.000000	 -0.000000	 0.000000	 -90.000000	 0.000000	 0.000000	 0.000000	 6.688656	 0.000000	 -2.741000	 2.741000	 -90.000000	 0.095767	 -0.043124	 0.105029	 -24.242250	 1227986.654193	
176.000000	 1.000000	 0.000000	 -0.000000	 0.000000	 -90.000000	 -0.000000	 0.000000	 0.000000	 152.314444	 0.000000	 -2.740181	 2.740181	 -90.000000	 0.095893	 -0.043117	 0.105140	 -24.210296	 1227988.080286	
175.000000	 1.000000	 0.000000	 -0.000000	 0.000000	 -90.000000	 -0.000000	 -0.000000	 0.000000	 -136.506384	 0.000000	 -2.739886	 2.739886	 -90.000000	 0.095657	 -0.042866	 0.104823	 -24.138322	 1227989.554574	
174.000000	 1.000000	 0.000000	 -0.000000	 0.000000	 -90.000000	 -0.000000	 -0.000000	 0.000000	 -127.141536	 0.000000	 -2.738385	 2.738385	 -90.000000	 0.095179	 -0.042610	 0.104282	 -24.117157	 1227991.053332	
173.000000	 1.000000	 0.000000	 -0.000000	 0.000000	 -90.000000	 -0.000000	 0.000000	 0.000000	 179.649860	 0.000000	 -2.740158	 2.740158	 -90.000000	 0.096525	 -0.043445	 0.105851	 -24.232153	 1227992.503180	
172.000000	 1.000000	 0.000000	 -0.000000	 0.000000	 -90.000000	 0.000000	 -0.000000	 0.000000	 -78.708934	 0.000000	 -2.740235	 2.740235	 -90.000000	 0.096617	 -0.043310	 0.105880	 -24.144766	 1227993.942053	
171.000000	 1.000000	 0.000000	 -0.000000	 0.000000	 -90.000000	 0.000000	 -0.000000	 0.000000	 -49.131695	 0.000000	 -2.740752	 2.740752	 -90.000000	 0.097138	 -0.043710	 0.106520	 -24.226650	 1227995.360391	
170.000000	 1.000000	 0.000000	 -0.000000	 0.000000	 -90.000000	 -0.000000	 -0.000000	 0.000000	 -131.737302	 0.000000	 -2.741848	 2.741848	 -90.000000	 0.098143	 -0.044229	 0.107649	 -24.259388	 1227996.852452	
169.000000	 1.000000	 0.000000	 -0.000000	 0.000000	 -90.000000	 -0.000000	 -0.000000	 0.000000	 -153.267958	 0.000000	 -2.741879	 2.741879	 -90.000000	 0.098071	 -0.044136	 0.107545	 -24.229766	 1227998.307637	
168.000000	 1.000000	 0.000000	 -0.000000	 0.000000	 -90.000000	 0.000000	 0.000000	 0.000000	 76.687941	 0.000000	 -2.741922	 2.741922	 -90.000000	 0.098281	 -0.044255	 0.107785	 -24.241270	 1227999.764504	
167.000000	 1.000000	 0.000000	 -0.000000	 0.000000	 -90.000000	 -0.000000	 0.000000	 0.000000	 131.490431	 0.000000	 -2.742276	 2.742276	 -90.000000	 0.098982	 -0.044645	 0.108584	 -24.277119	 1228001.215521	
166.000000	 1.000000	 0.000000	 -0.000000	 0.000000	 -90.000000	 -0.000000	 0.000000	 0.000000	 121.835840	 0.000000	 -2.742024	 2.742024	 -90.000000	 0.098938	 -0.044556	 0.108508	 -24.244045	 1228002.654709	
165.000000	 1.000000	 0.000000	 -0.000000	 0.000000	 -90.000000	 0.000000	 -0.000000	 0.000000	 -78.294250	 0.000000	 -2.742221	 2.742221	 -90.000000	 0.099168	 -0.044536	 0.108709	 -24.184698	 1228004.089409	
164.000000	 1.000000	 0.000000	 -0.000000	 0.000000	 -90.000000	 -0.000000	 0.000000	 0.000000	 154.665947	 0.000000	 -2.740466	 2.740466	 -90.000000	 0.098703	 -0.044366	 0.108215	 -24.203241	 1228005.547202	
163.000000	 1.000000	 0.000000	 -0.000000	 0.000000	 -90.000000	 0.000000	 -0.000000	 0.000000	 -50.310656	 0.000000	 -2.743995	 2.743995	 -90.000000	 0.100464	 -0.045267	 0.110191	 -24.255567	 1228006.981785	
162.000000	 1.000000	 0.000000	 -0.000000	 0.000000	 -90.000000	 0.000000	 0.000000	 0.000000	 50.718550	 0.000000	 -2.745290	 2.745290	 -90.000000	 0.101159	 -0.045538	 0.110937	 -24.235436	 1228008.434900	
161.000000	 1.000000	 0.000000	 -0.000000	 0.000000	 -90.000000	 -0.000000	 -0.000000	 0.000000	 -174.522300	 0.000000	 -2.746211	 2.746211	 -90.000000	 0.101727	 -0.045776	 0.111552	 -24.227283	 1228009.869715	
160.000000	 1.000000	 0.000000	 -0.000000	 0.000000	 -90.000000	 0.000000	 0.000000	 0.000000	 87.145965	 0.000000	 -2.745624	 2.745624	 -90.000000	 0.101756	 -0.045723	 0.111557	 -24.195979	 1228011.288890	
159.000000	 1.000000	 0.000000	 -0.000000	 0.000000	 -90.000000	 0.000000	 -0.000000	 0.000000	 -9.678588	 0.000000	 -2.743953	 2.743953	 -90.000000	 0.100939	 -0.045361	 0.110663	 -24.198542	 1228012.725504	
158.000000	 1.000000	 0.000000	 -0.000000	 0.000000	 -90.000000	 0.000000	 -0.000000	 0.000000	 -67.400228	 0.000000	 -2.744617	 2.744617	 -90.000000	 0.101508	 -0.045580	 0.111272	 -24.181520	 1228014.138285	
157.000000	 1.000000	 0.000000	 -0.000000	 0.000000	 -90.000000	 -0.000000	 -0.000000	 0.000000	 -103.508202	 0.000000	 -2.745732	 2.745732	 -90.000000	 0.102701	 -0.045913	 0.112496	 -24.087428	 1228015.597443	
156.000000	 1.000000	 0.000000	 -0.000000	 0.000000	 -90.000000	 -0.000000	 -0.000000	 0.000000	 -95.467844	 0.000000	 -2.745072	 2.745072	 -90.000000	 0.102404	 -0.045730	 0.112151	 -24.064158	 1228017.051590	
155.000000	 1.000000	 0.000000	 -0.000000	 0.000000	 -90.000000	 0.000000	 0.000000	 0.000000	 44.240255	 0.000000	 -2.742346	 2.742346	 -90.000000	 0.101289	 -0.045065	 0.110862	 -23.985243	 1228018.487961	
154.000000	 1.000000	 0.000000	 -0.000000	 0.000000	 -90.000000	 -0.000000	 0.000000	 0.000000	 164.377476	 0.000000	 -2.741896	 2.741896	 -90.000000	 0.101444	 -0.044857	 0.110919	 -23.854383	 1228019.917834	
153.000000	 1.000000	 0.000000	 -0.000000	 0.000000	 -90.000000	 -0.000000	 0.000000	 0.000000	 161.542290	 0.000000	 -2.743660	 2.743660	 -90.000000	 0.101872	 -0.046217	 0.111865	 -24.402621	 1228021.348692	
152.000000	 1.000000	 0.000000	 -0.000000	 0.000000	 -90.000000	 0.000000	 0.000000	 0.000000	 71.921679	 0.000000	 -2.743338	 2.743338	 -90.000000	 0.102392	 -0.046351	 0.112395	 -24.355428	 1228022.776540	
151.000000	 1.000000	 0.000000	 -0.000000	 0.000000	 -90.000000	 -0.000000	 -0.000000	 0.000000	 -155.528815	 0.000000	 -2.742498	 2.742498	 -90.000000	 0.103824	 -0.046365	 0.113706	 -24.064283	 1228024.210601	
150.000000	 1.000000	 0.000000	 -0.000000	 0.000000	 -90.000000	 -0.000000	 -0.000000	 0.000000	 -151.945485	 0.000000	 -2.742518	 2.742518	 -90.000000	 0.102584	 -0.046746	 0.112733	 -24.498249	 1228025.629928	
149.000000	 1.000000	 0.000000	 -0.000000	 0.000000	 -90.000000	 0.000000	 0.000000	 0.000000	 21.189872	 0.000000	 -2.742030	 2.742030	 -90.000000	 0.103945	 -0.046703	 0.113955	 -24.194686	 1228027.071926	
148.000000	 1.000000	 0.000000	 -0.000000	 0.000000	 -90.000000	 -0.000000	 -0.000000	 0.000000	 -169.679633	 0.000000	 -2.741805	 2.741805	 -90.000000	 0.102746	 -0.045988	 0.112568	 -24.112802	 1228028.474770	
147.000000	 1.000000	 0.000000	 -0.000000	 0.000000	 -90.000000	 0.000000	 0.000000	 0.000000	 38.651265	 0.000000	 -2.741533	 2.741533	 -90.000000	 0.102836	 -0.046258	 0.112761	 -24.219331	 1228029.907337	
146.000000	 1.000000	 0.000000	 -0.000000	 0.000000	 -90.000000	 -0.000000	 -0.000000	 0.000000	 -117.845762	 0.000000	 -2.743564	 2.743564	 -90.000000	 0.105233	 -0.046361	 0.114993	 -23.776274	 1228031.352275	
145.000000	 1.000000	 0.000000	 -0.000000	 0.000000	 -90.000000	 -0.000000	 -0.000000	 0.000000	 -98.884063	 0.000000	 -2.742845	 2.742845	 -90.000000	 0.105112	 -0.046336	 0.114872	 -23.789124	 1228032.810488	
144.000000	 1.000000	 0.000000	 -0.000000	 0.000000	 -90.000000	 -0.000000	 -0.000000	 0.000000	 -123.269074	 0.000000	 -2.741385	 2.741385	 -90.000000	 0.104001	 -0.046351	 0.113862	 -24.021391	 1228034.263816	
143.000000	 1.000000	 0.000000	 -0.000000	 0.000000	 -90.000000	 0.000000	 0.000000	 0.000000	 80.143205	 0.000000	 -2.742765	 2.742765	 -90.000000	 0.105125	 -0.046629	 0.115002	 -23.920159	 1228035.740009	
142.000000	 1.000000	 0.000000	 -0.000000	 0.000000	 -90.000000	 0.000000	 0.000000	 0.000000	 21.510109	 0.000000	 -2.743148	 2.743148	 -90.000000	 0.105871	 -0.046855	 0.115775	 -23.872616	 1228037.172574	
141.000000	 1.000000	 0.000000	 -0.000000	 0.000000	 -90.000000	 -0.000000	 -0.000000	 0.000000	 -127.387553	 0.000000	 -2.742390	 2.742390	 -90.000000	 0.105737	 -0.046721	 0.115600	 -23.838838	 1228038.600955	
140.000000	 1.000000	 0.000000	 -0.000000	 0.000000	 -90.000000	 -0.000000	 -0.000000	 0.000000	 -177.436180	 0.000000	 -2.742367	 2.742367	 -90.000000	 0.105909	 -0.046759	 0.115772	 -23.821626	 1228040.062898	
139.000000	 1.000000	 0.000000	 -0.000000	 0.000000	 -90.000000	 0.000000	 -0.000000	 0.000000	 -34.815389	 0.000000	 -2.741318	 2.741318	 -90.000000	 0.105665	 -0.046592	 0.115481	 -23.794477	 1228041.494927	
138.000000	 1.000000	 0.000000	 -0.000000	 0.000000	 -90.000000	 0.000000	 -0.000000	 0.000000	 -45.222522	 0.000000	 -2.740214	 2.740214	 -90.000000	 0.105326	 -0.046404	 0.115095	 -23.776932	 1228042.938837	
137.000000	 1.000000	 0.000000	 -0.000000	 0.000000	 -90.000000	 0.000000	 -0.000000	 0.000000	 -13.840815	 0.000000	 -2.754709	 2.754709	 -90.000000	 0.112772	 -0.048699	 0.122838	 -23.356196	 1228044.380490	
136.000000	 1.000000	 0.000000	 -0.000000	 0.000000	 -90.000000	 0.000000	 -0.000000	 0.000000	 -18.928091	 0.000000	 -2.757018	 2.757018	 -90.000000	 0.114136	 -0.048966	 0.124196	 -23.219992	 1228045.821682	
135.000000	 1.000000	 0.000000	 -0.000000	 0.000000	 -90.000000	 0.000000	 -0.000000	 0.000000	 -84.602475	 0.000000	 -2.753442	 2.753442	 -90.000000	 0.111632	 -0.048378	 0.121664	 -23.430492	 1228047.272070	
134.000000	 1.000000	 0.000000	 -0.000000	 0.000000	 -90.000000	 -0.000000	 -0.000000	 0.000000	 -150.970630	 0.000000	 -2.752800	 2.752800	 -90.000000	 0.111474	 -0.048253	 0.121470	 -23.405964	 1228048.701174	
133.000000	 1.000000	 0.000000	 -0.000000	 0.000000	 -90.000000	 0.000000	 0.000000	 0.000000	 5.420030	 0.000000	 -2.739043	 2.739043	 -90.000000	 0.105701	 -0.046308	 0.115400	 -23.658444	 1228050.213893	
132.000000	 1.000000	 0.000000	 -0.000000	 0.000000	 -90.000000	 -0.000000	 0.000000	 0.000000	 96.776030	 0.000000	 -2.740682	 2.740682	 -90.000000	 0.106901	 -0.046704	 0.116658	 -23.599756	 1228051.663164	
131.000000	 1.000000	 0.000000	 -0.000000	 0.000000	 -90.000000	 -0.000000	 -0.000000	 0.000000	 -138.339265	 0.000000	 -2.740892	 2.740892	 -90.000000	 0.107316	 -0.046801	 0.117077	 -23.562175	 1228053.110348	
130.000000	 1.000000	 0.000000	 -0.000000	 0.000000	 -90.000000	 0.000000	 0.000000	 0.000000	 24.871276	 0.000000	 -2.739878	 2.739878	 -90.000000	 0.107045	 -0.046707	 0.116791	 -23.573347	 1228054.557845	
129.000000	 1.000000	 0.000000	 -0.000000	 0.000000	 -90.000000	 -0.000000	 -0.000000	 0.000000	 -112.799878	 0.000000	 -2.742762	 2.742762	 -90.000000	 0.109374	 -0.047404	 0.119205	 -23.432201	 1228056.007834	
128.000000	 1.000000	 0.000000	 -0.000000	 0.000000	 -90.000000	 -0.000000	 -0.000000	 0.000000	 -174.499905	 0.000000	 -2.742703	 2.742703	 -90.000000	 0.109622	 -0.047426	 0.119441	 -23.395029	 1228057.435540	
127.000000	 1.000000	 0.000000	 -0.000000	 0.000000	 -90.000000	 -0.000000	 0.000000	 0.000000	 171.719177	 0.000000	 -2.741731	 2.741731	 -90.000000	 0.109414	 -0.047306	 0.119203	 -23.381751	 1228058.889163	
126.000000	 1.000000	 0.000000	 -0.000000	 0.000000	 -90.000000	 -0.000000	 0.000000	 0.000000	 154.243030	 0.000000	 -2.743799	 2.743799	 -90.000000	 0.110864	 -0.047734	 0.120704	 -23.295031	 1228060.326992	
125.000000	 1.000000	 0.000000	 -0.000000	 0.000000	 -90.000000	 -0.000000	 0.000000	 0.000000	 172.648291	 0.000000	 -2.742981	 2.742981	 -90.000000	 0.110692	 -0.047623	 0.120502	 -23.278983	 1228061.745124	
124.000000	 1.000000	 0.000000	 -0.000000	 0.000000	 -90.000000	 -0.000000	 0.000000	 0.000000	 103.426737	 0.000000	 -2.743878	 2.743878	 -90.000000	 0.111568	 -0.047817	 0.121383	 -23.199563	 1228063.193710	
123.000000	 1.000000	 0.000000	 -0.000000	 0.000000	 -90.000000	 0.000000	 -0.000000	 0.000000	 -20.613377	 0.000000	 -2.743319	 2.743319	 -90.000000	 0.111398	 -0.047669	 0.121168	 -23.166814	 1228064.625289	
122.000000	 1.000000	 0.000000	 -0.000000	 0.000000	 -90.000000	 -0.000000	 0.000000	 0.000000	 118.759213	 0.000000	 -2.744311	 2.744311	 -90.000000	 0.112383	 -0.047925	 0.122175	 -23.095652	 1228066.046797	
121.000000	 1.000000	 0.000000	 -0.000000	 0.000000	 -90.000000	 0.000000	 -0.000000	 0.000000	 -34.592246	 0.000000	 -2.743307	 2.743307	 -90.000000	 0.112245	 -0.047895	 0.122036	 -23.107952	 1228067.485276	
120.000000	 1.000000	 0.000000	 -0.000000	 0.000000	 -90.000000	 0.000000	 -0.000000	 0.000000	 -56.329109	 0.000000	 -2.744629	 2.744629	 -90.000000	 0.113311	 -0.048043	 0.123075	 -22.976749	 1228068.935511	
119.000000	 1.000000	 0.000000	 -0.000000	 0.000000	 -90.000000	 -0.000000	 -0.000000	 0.000000	 -132.860674	 0.000000	 -2.743503	 2.743503	 -90.000000	 0.113259	 -0.047929	 0.122982	 -22.937127	 1228070.363646	
118.000000	 1.000000	 0.000000	 -0.000000	 0.000000	 -90.000000	 -0.000000	 0.000000	 0.000000	 174.477215	 0.000000	 -2.742390	 2.742390	 -90.000000	 0.112933	 -0.047835	 0.122646	 -22.955966	 1228071.790273	
117.000000	 1.000000	 0.000000	 -0.000000	 0.000000	 -90.000000	 0.000000	 0.000000	 0.000000	 65.163141	 0.000000	 -2.742272	 2.742272	 -90.000000	 0.113202	 -0.047806	 0.122882	 -22.894808	 1228073.246407	
116.000000	 1.000000	 0.000000	 -0.000000	 0.000000	 -90.000000	 0.000000	 -0.000000	 0.000000	 -16.645813	 0.000000	 -2.743426	 2.743426	 -90.000000	 0.114805	 -0.048147	 0.124493	 -22.752370	 1228074.695778	
115.000000	 1.000000	 0.000000	 -0.000000	 0.000000	 -90.000000	 -0.000000	 -0.000000	 0.000000	 -140.020884	 0.000000	 -2.740945	 2.740945	 -90.000000	 0.113270	 -0.047772	 0.122932	 -22.867874	 1228076.112313	
114.000000	 1.000000	 0.000000	 -0.000000	 0.000000	 -90.000000	 -0.000000	 -0.000000	 0.000000	 -115.454379	 0.000000	 -2.740564	 2.740564	 -90.000000	 0.113529	 -0.047721	 0.123151	 -22.798883	 1228077.540322	
113.000000	 1.000000	 0.000000	 -0.000000	 0.000000	 -90.000000	 0.000000	 0.000000	 0.000000	 41.971401	 0.000000	 -2.740068	 2.740068	 -90.000000	 0.113758	 -0.047734	 0.123367	 -22.763446	 1228078.980088	
112.000000	 1.000000	 0.000000	 -0.000000	 0.000000	 -90.000000	 -0.000000	 -0.000000	 0.000000	 -160.426933	 0.000000	 -2.740977	 2.740977	 -90.000000	 0.114649	 -0.047859	 0.124237	 -22.657778	 1228080.377404	
111.000000	 1.000000	 0.000000	 -0.000000	 0.000000	 -90.000000	 0.000000	 0.000000	 0.000000	 7.646706	 0.000000	 -2.741288	 2.741288	 -90.000000	 0.115164	 -0.047991	 0.124764	 -22.622522	 1228081.826719	
110.000000	 1.000000	 0.000000	 -0.000000	 0.000000	 -90.000000	 -0.000000	 0.000000	 0.000000	 146.215751	 0.000000	 -2.742417	 2.742417	 -90.000000	 0.116280	 -0.048098	 0.125834	 -22.471789	 1228083.266729	
109.000000	 1.000000	 0.000000	 -0.000000	 0.000000	 -90.000000	 -0.000000	 0.000000	 0.000000	 141.725404	 0.000000	 -2.741485	 2.741485	 -90.000000	 0.115872	 -0.048036	 0.125435	 -22.517050	 1228084.720783	
108.000000	 1.000000	 0.000000	 -0.000000	 0.000000	 -90.000000	 -0.000000	 -0.000000	 0.000000	 -138.328440	 0.000000	 -2.742758	 2.742758	 -90.000000	 0.117101	 -0.048090	 0.126591	 -22.326491	 1228086.160891	
107.000000	 1.000000	 0.000000	 -0.000000	 0.000000	 -90.000000	 0.000000	 -0.000000	 0.000000	 -57.921005	 0.000000	 -2.742707	 2.742707	 -90.000000	 0.117618	 -0.048230	 0.127122	 -22.296629	 1228087.619975	
106.000000	 1.000000	 0.000000	 -0.000000	 0.000000	 -90.000000	 0.000000	 -0.000000	 0.000000	 -10.888878	 0.000000	 -2.743941	 2.743941	 -90.000000	 0.118679	 -0.048262	 0.128116	 -22.129644	 1228089.034952	
105.000000	 1.000000	 0.000000	 -0.000000	 0.000000	 -90.000000	 0.000000	 -0.000000	 0.000000	 -60.117470	 0.000000	 -2.742973	 2.742973	 -90.000000	 0.118579	 -0.048272	 0.128028	 -22.150789	 1228090.468773	
104.000000	 1.000000	 0.000000	 -0.000000	 0.000000	 -90.000000	 -0.000000	 -0.000000	 0.000000	 -149.561020	 0.000000	 -2.740057	 2.740057	 -90.000000	 0.116786	 -0.047939	 0.126242	 -22.317437	 1228091.871635	
103.000000	 1.000000	 0.000000	 -0.000000	 0.000000	 -90.000000	 0.000000	 0.000000	 0.000000	 56.781642	 0.000000	 -2.740650	 2.740650	 -90.000000	 0.117341	 -0.047999	 0.126778	 -22.247384	 1228093.321881	
102.000000	 1.000000	 0.000000	 -0.000000	 0.000000	 -90.000000	 0.000000	 -0.000000	 0.000000	 -34.368547	 0.000000	 -2.740172	 2.740172	 -90.000000	 0.117943	 -0.048064	 0.127360	 -22.172105	 1228094.763136	
101.000000	 1.000000	 0.000000	 -0.000000	 0.000000	 -90.000000	 0.000000	 0.000000	 0.000000	 68.488853	 0.000000	 -2.742205	 2.742205	 -90.000000	 0.118298	 -0.047868	 0.127616	 -22.030171	 1228096.202261	
100.000000	 1.000000	 0.000000	 -0.000000	 0.000000	 -90.000000	 0.000000	 -0.000000	 0.000000	 -18.506680	 0.000000	 -2.739735	 2.739735	 -90.000000	 0.118747	 -0.048045	 0.128098	 -22.028061	 1228097.636704	
99.000000	 1.000000	 0.000000	 -0.000000	 0.000000	 -90.000000	 0.000000	 0.000000	 0.000000	 16.484711	 0.000000	 -2.740163	 2.740163	 -90.000000	 0.118381	 -0.047904	 0.127706	 -22.030947	 1228099.049625	
98.000000	 1.000000	 0.000000	 -0.000000	 0.000000	 -90.000000	 -0.000000	 0.000000	 0.000000	 136.476757	 0.000000	 -2.740249	 2.740249	 -90.000000	 0.119631	 -0.047977	 0.128893	 -21.852829	 1228100.496329	
97.000000	 1.000000	 0.000000	 -0.000000	 0.000000	 -90.000000	 -0.000000	 -0.000000	 0.000000	 -165.942481	 0.000000	 -2.739584	 2.739584	 -90.000000	 0.119804	 -0.048001	 0.129063	 -21.834318	 1228101.937213	
96.000000	 1.000000	 0.000000	 -0.000000	 0.000000	 -90.000000	 0.000000	 -0.000000	 0.000000	 -82.490877	 0.000000	 -2.740942	 2.740942	 -90.000000	 0.119971	 -0.047773	 0.129133	 -21.712850	 1228103.388921	
95.000000	 1.000000	 0.000000	 -0.000000	 0.000000	 -90.000000	 -0.000000	 -0.000000	 0.000000	 -113.426892	 0.000000	 -2.740186	 2.740186	 -90.000000	 0.119993	 -0.047766	 0.129151	 -21.706219	 1228104.800396	
94.000000	 1.000000	 0.000000	 -0.000000	 0.000000	 -90.000000	 0.000000	 0.000000	 0.000000	 6.679565	 0.000000	 -2.740293	 2.740293	 -90.000000	 0.121244	 -0.047842	 0.130342	 -21.533760	 1228106.269869	
93.000000	 1.000000	 0.000000	 -0.000000	 0.000000	 -90.000000	 -0.000000	 0.000000	 0.000000	 165.727665	 0.000000	 -2.741647	 2.741647	 -90.000000	 0.122271	 -0.047896	 0.131317	 -21.391145	 1228107.718246	
92.000000	 1.000000	 0.000000	 -0.000000	 0.000000	 -90.000000	 -0.000000	 0.000000	 0.000000	 170.709940	 0.000000	 -2.741782	 2.741782	 -90.000000	 0.122866	 -0.047933	 0.131885	 -21.311995	 1228109.153570	
91.000000	 1.000000	 0.000000	 -0.000000	 0.000000	 -90.000000	 0.000000	 -0.000000	 0.000000	 -18.503568	 0.000000	 -2.754907	 2.754907	 -90.000000	 0.130174	 -0.047735	 0.138650	 -20.137937	 1228110.607899	
90.000000	 1.000000	 0.000000	 -0.000000	 0.000000	 -90.000000	 0.000000	 0.000000	 0.000000	 68.282672	 0.000000	 -2.741042	 2.741042	 -90.000000	 0.123473	 -0.047686	 0.132362	 -21.116962	 1228112.017924	
89.000000	 1.000000	 0.000000	 -0.000000	 0.000000	 -90.000000	 0.000000	 -0.000000	 0.000000	 -38.842248	 0.000000	 -2.740193	 2.740193	 -90.000000	 0.123286	 -0.047681	 0.132185	 -21.143870	 1228113.458039	
88.000000	 1.000000	 0.000000	 -0.000000	 0.000000	 -90.000000	 -0.000000	 0.000000	 0.000000	 152.559482	 0.000000	 -2.739513	 2.739513	 -90.000000	 0.123711	 -0.047500	 0.132516	 -21.004862	 1228114.904912	
87.000000	 1.000000	 0.000000	 -0.000000	 0.000000	 -90.000000	 0.000000	 -0.000000	 0.000000	 -80.325302	 0.000000	 -2.740616	 2.740616	 -90.000000	 0.124643	 -0.047623	 0.133431	 -20.910661	 1228116.352333	
86.000000	 1.000000	 0.000000	 -0.000000	 0.000000	 -90.000000	 -0.000000	 -0.000000	 0.000000	 -175.321759	 0.000000	 -2.742120	 2.742120	 -90.000000	 0.125865	 -0.047590	 0.134561	 -20.711952	 1228117.806827	
85.000000	 1.000000	 0.000000	 -0.000000	 0.000000	 -90.000000	 -0.000000	 -0.000000	 0.000000	 -131.510071	 0.000000	 -2.741981	 2.741981	 -90.000000	 0.126248	 -0.047511	 0.134892	 -20.622742	 1228119.266076	
84.000000	 1.000000	 0.000000	 -0.000000	 0.000000	 -90.000000	 -0.000000	 0.000000	 0.000000	 126.962708	 0.000000	 -2.739544	 2.739544	 -90.000000	 0.125586	 -0.047425	 0.134242	 -20.688079	 1228120.702566	
83.000000	 1.000000	 0.000000	 -0.000000	 0.000000	 -90.000000	 -0.000000	 0.000000	 0.000000	 131.640639	 0.000000	 -2.741057	 2.741057	 -90.000000	 0.126662	 -0.047238	 0.135184	 -20.452928	 1228122.180480	
82.000000	 1.000000	 0.000000	 -0.000000	 0.000000	 -90.000000	 -0.000000	 0.000000	 0.000000	 154.033955	 0.000000	 -2.739516	 2.739516	 -90.000000	 0.126631	 -0.047264	 0.135164	 -20.467804	 1228123.630237	
81.000000	 1.000000	 0.000000	 -0.000000	 0.000000	 -90.000000	 0.000000	 -0.000000	 0.000000	 -39.000092	 0.000000	 -2.740771	 2.740771	 -90.000000	 0.127819	 -0.047105	 0.136223	 -20.230346	 1228125.098174	
80.000000	 1.000000	 0.000000	 -0.000000	 0.000000	 -90.000000	 -0.000000	 -0.000000	 0.000000	 -93.034295	 0.000000	 -2.740066	 2.740066	 -90.000000	 0.127828	 -0.046963	 0.136182	 -20.173069	 1228126.577778	
79.000000	 1.000000	 0.000000	 -0.000000	 0.000000	 -90.000000	 -0.000000	 -0.000000	 0.000000	 -149.707715	 0.000000	 -2.738798	 2.738798	 -90.000000	 0.127851	 -0.046893	 0.136179	 -20.141745	 1228128.009510	
78.000000	 1.000000	 0.000000	 -0.000000	 0.000000	 -90.000000	 -0.000000	 0.000000	 0.000000	 131.899864	 0.000000	 -2.740354	 2.740354	 -90.000000	 0.129046	 -0.046906	 0.137306	 -19.975366	 1228129.442183	
77.000000	 1.000000	 0.000000	 -0.000000	 0.000000	 -90.000000	 -0.000000	 0.000000	 0.000000	 163.056622	 0.000000	 -2.740136	 2.740136	 -90.000000	 0.129611	 -0.046639	 0.137747	 -19.790780	 1228130.883892	
76.000000	 1.000000	 0.000000	 -0.000000	 0.000000	 -90.000000	 -0.000000	 0.000000	 0.000000	 142.292770	 0.000000	 -2.740550	 2.740550	 -90.000000	 0.130154	 -0.046543	 0.138225	 -19.676995	 1228132.339364	
75.000000	 1.000000	 0.000000	 -0.000000	 0.000000	 -90.000000	 0.000000	 0.000000	 0.000000	 45.593002	 0.000000	 -2.740833	 2.740833	 -90.000000	 0.130958	 -0.046436	 0.138948	 -19.523953	 1228133.788544	
74.000000	 1.000000	 0.000000	 -0.000000	 0.000000	 -90.000000	 0.000000	 0.000000	 0.000000	 62.171386	 0.000000	 -2.743239	 2.743239	 -90.000000	 0.132855	 -0.046286	 0.140687	 -19.208018	 1228135.223423	
73.000000	 1.000000	 0.000000	 -0.000000	 0.000000	 -90.000000	 -0.000000	 0.000000	 0.000000	 172.890737	 0.000000	 -2.741910	 2.741910	 -90.000000	 0.132563	 -0.046151	 0.140367	 -19.195057	 1228136.668720	
72.000000	 1.000000	 0.000000	 -0.000000	 0.000000	 -90.000000	 0.000000	 0.000000	 0.000000	 35.393656	 0.000000	 -2.742635	 2.742635	 -90.000000	 0.133641	 -0.045884	 0.141298	 -18.949457	 1228138.100376	
71.000000	 1.000000	 0.000000	 -0.000000	 0.000000	 -90.000000	 0.000000	 0.000000	 0.000000	 16.394119	 0.000000	 -2.740759	 2.740759	 -90.000000	 0.133274	 -0.045908	 0.140959	 -19.006801	 1228139.544565	
70.000000	 1.000000	 0.000000	 -0.000000	 0.000000	 -90.000000	 0.000000	 -0.000000	 0.000000	 -2.923901	 0.000000	 -2.741908	 2.741908	 -90.000000	 0.134506	 -0.045499	 0.141993	 -18.689126	 1228141.003291	
69.000000	 1.000000	 0.000000	 -0.000000	 0.000000	 -90.000000	 0.000000	 -0.000000	 0.000000	 -57.266423	 0.000000	 -2.740776	 2.740776	 -90.000000	 0.134371	 -0.045585	 0.141893	 -18.739346	 1228142.433433	
68.000000	 1.000000	 0.000000	 -0.000000	 0.000000	 -90.000000	 -0.000000	 -0.000000	 0.000000	 -166.560617	 0.000000	 -2.742008	 2.742008	 -90.000000	 0.135726	 -0.045328	 0.143095	 -18.467650	 1228143.871693	
67.000000	 1.000000	 0.000000	 -0.000000	 0.000000	 -90.000000	 -0.000000	 0.000000	 0.000000	 95.241590	 0.000000	 -2.742481	 2.742481	 -90.000000	 0.136367	 -0.044928	 0.143577	 -18.235041	 1228145.314177	
66.000000	 1.000000	 0.000000	 -0.000000	 0.000000	 -90.000000	 0.000000	 0.000000	 0.000000	 19.528169	 0.000000	 -2.741760	 2.741760	 -90.000000	 0.136638	 -0.044935	 0.143837	 -18.204127	 1228146.739312	
65.000000	 1.000000	 0.000000	 -0.000000	 0.000000	 -90.000000	 0.000000	 0.000000	 0.000000	 58.854027	 0.000000	 -2.740410	 2.740410	 -90.000000	 0.136485	 -0.044791	 0.143646	 -18.168578	 1228148.189125	
64.000000	 1.000000	 0.000000	 -0.000000	 0.000000	 -90.000000	 -0.000000	 0.000000	 0.000000	 142.380824	 0.000000	 -2.740621	 2.740621	 -90.000000	 0.137159	 -0.044553	 0.144213	 -17.995044	 1228149.618621	
63.000000	 1.000000	 0.000000	 -0.000000	 0.000000	 -90.000000	 -0.000000	 -0.000000	 0.000000	 -125.511942	 0.000000	 -2.742244	 2.742244	 -90.000000	 0.138588	 -0.044320	 0.145502	 -17.734028	 1228151.081467	
62.000000	 1.000000	 0.000000	 -0.000000	 0.000000	 -90.000000	 -0.000000	 -0.000000	 0.000000	 -100.597701	 0.000000	 -2.742070	 2.742070	 -90.000000	 0.139365	 -0.044217	 0.146211	 -17.602852	 1228152.531703	
61.000000	 1.000000	 0.000000	 -0.000000	 0.000000	 -90.000000	 -0.000000	 0.000000	 0.000000	 167.033800	 0.000000	 -2.741157	 2.741157	 -90.000000	 0.138975	 -0.044051	 0.145789	 -17.586970	 1228154.001943	
60.000000	 1.000000	 0.000000	 -0.000000	 0.000000	 -90.000000	 -0.000000	 -0.000000	 0.000000	 -155.120862	 0.000000	 -2.741078	 2.741078	 -90.000000	 0.140726	 -0.044879	 0.147709	 -17.687947	 1228155.448257	
59.000000	 1.000000	 0.000000	 -0.000000	 0.000000	 -90.000000	 -0.000000	 0.000000	 0.000000	 140.969757	 0.000000	 -2.740874	 2.740874	 -90.000000	 0.138690	 -0.043221	 0.145269	 -17.309186	 1228156.887611	
58.000000	 1.000000	 0.000000	 -0.000000	 0.000000	 -90.000000	 0.000000	 0.000000	 0.000000	 56.867027	 0.000000	 -2.740031	 2.740031	 -90.000000	 0.138345	 -0.045215	 0.145547	 -18.098697	 1228158.341463	
57.000000	 1.000000	 0.000000	 -0.000000	 0.000000	 -90.000000	 0.000000	 -0.000000	 0.000000	 -7.495465	 0.000000	 -2.740472	 2.740472	 -90.000000	 0.138474	 -0.038431	 0.143708	 -15.511070	 1228159.773332	
56.000000	 1.000000	 0.000000	 -0.000000	 0.000000	 -90.000000	 0.000000	 -0.000000	 0.000000	 -76.926653	 0.000000	 -2.743020	 2.743020	 -90.000000	 0.134641	 -0.044517	 0.141810	 -18.295515	 1228161.224013	
55.000000	 1.000000	 0.000000	 -0.000000	 0.000000	 -90.000000	 -0.000000	 0.000000	 0.000000	 148.230296	 0.000000	 -2.740235	 2.740235	 -90.000000	 0.153683	 -0.037303	 0.158145	 -13.643247	 1228162.648593	
54.000000	 1.000000	 0.000000	 -0.000000	 0.000000	 -90.000000	 0.000000	 -0.000000	 0.000000	 -65.856101	 0.000000	 -2.739682	 2.739682	 -90.000000	 0.159650	 -0.040305	 0.164659	 -14.168870	 1228164.111979	
53.000000	 1.000000	 0.000000	 -0.000000	 0.000000	 -90.000000	 0.000000	 -0.000000	 0.000000	 -47.842378	 0.000000	 -2.740852	 2.740852	 -90.000000	 0.123023	 -0.051221	 0.133260	 -22.604483	 1228165.522341	
52.000000	 1.000000	 0.000000	 -0.000000	 0.000000	 -90.000000	 0.000000	 -0.000000	 0.000000	 -48.992965	 0.000000	 -2.739614	 2.739614	 -90.000000	 0.124438	 -0.021737	 0.126322	 -9.908463	 1228166.952875	
51.000000	 1.000000	 0.000000	 -0.000000	 0.000000	 -90.000000	 -0.000000	 0.000000	 0.000000	 171.061257	 0.000000	 -2.741779	 2.741779	 -90.000000	 0.128949	 -0.066741	 0.145197	 -27.365055	 1228168.404560	
50.000000	 1.000000	 0.000000	 -0.000000	 0.000000	 -90.000000	 -0.000000	 -0.000000	 0.000000	 -160.906780	 0.000000	 -2.739227	 2.739227	 -90.000000	 0.121014	 -0.017792	 0.122315	 -8.363846	 1228169.849775	
49.000000	 1.000000	 0.000000	 -0.000000	 0.000000	 -90.000000	 0.000000	 -0.000000	 0.000000	 -52.471933	 0.000000	 -2.743541	 2.743541	 -90.000000	 0.118537	 -0.047870	 0.127838	 -21.990826	 1228171.285024	
48.000000	 1.000000	 0.000000	 -0.000000	 0.000000	 -90.000000	 0.000000	 -0.000000	 0.000000	 -79.180484	 0.000000	 -2.739742	 2.739742	 -90.000000	 0.161155	 -0.016289	 0.161976	 -5.771578	 1228172.763740	
47.000000	 1.000000	 0.000000	 -0.000000	 0.000000	 -90.000000	 0.000000	 -0.000000	 0.000000	 -7.828220	 0.000000	 -2.739703	 2.739703	 -90.000000	 0.151741	 -0.017303	 0.152724	 -6.505152	 1228174.211105	
46.000000	 1.000000	 0.000000	 -0.000000	 0.000000	 -90.000000	 0.000000	 -0.000000	 0.000000	 -41.832352	 0.000000	 -2.743350	 2.743350	 -90.000000	 0.149096	 -0.055280	 0.159014	 -20.343145	 1228175.636993	
45.000000	 1.000000	 0.000000	 -0.000000	 0.000000	 -90.000000	 -0.000000	 -0.000000	 0.000000	 -159.194049	 0.000000	 -2.742917	 2.742917	 -90.000000	 0.145025	 -0.048331	 0.152867	 -18.431275	 1228177.095513	
44.000000	 1.000000	 0.000000	 -0.000000	 0.000000	 -90.000000	 0.000000	 -0.000000	 0.000000	 -29.886999	 0.000000	 -2.740430	 2.740430	 -90.000000	 0.157919	 -0.037441	 0.162297	 -13.338131	 1228178.503465	
43.000000	 1.000000	 0.000000	 -0.000000	 0.000000	 -90.000000	 -0.000000	 -0.000000	 0.000000	 -120.292190	 0.000000	 -2.741021	 2.741021	 -90.000000	 0.155338	 -0.041086	 0.160680	 -14.815007	 1228179.958835	
42.000000	 1.000000	 0.000000	 -0.000000	 0.000000	 -90.000000	 0.000000	 -0.000000	 0.000000	 -1.253722	 0.000000	 -2.740076	 2.740076	 -90.000000	 0.154407	 -0.036687	 0.158705	 -13.365703	 1228181.378479	
41.000000	 1.000000	 0.000000	 -0.000000	 0.000000	 -90.000000	 0.000000	 0.000000	 0.000000	 44.576549	 0.000000	 -2.741418	 2.741418	 -90.000000	 0.151362	 -0.038723	 0.156237	 -14.350304	 1228182.818956	
40.000000	 1.000000	 0.000000	 -0.000000	 0.000000	 -90.000000	 -0.000000	 -0.000000	 0.000000	 -94.964687	 0.000000	 -2.740722	 2.740722	 -90.000000	 0.152224	 -0.037140	 0.156689	 -13.711461	 1228184.221604	
39.000000	 1.000000	 0.000000	 -0.000000	 0.000000	 -90.000000	 0.000000	 -0.000000	 0.000000	 -33.559799	 0.000000	 -2.740762	 2.740762	 -90.000000	 0.152966	 -0.035301	 0.156987	 -12.995102	 1228185.676526	
38.000000	 1.000000	 0.000000	 -0.000000	 0.000000	 -90.000000	 -0.000000	 0.000000	 0.000000	 144.531793	 0.000000	 -2.741529	 2.741529	 -90.000000	 0.153843	 -0.034924	 0.157757	 -12.790158	 1228187.123448	
37.000000	 1.000000	 0.000000	 -0.000000	 0.000000	 -90.000000	 0.000000	 -0.000000	 0.000000	 -74.289967	 0.000000	 -2.739226	 2.739226	 -90.000000	 0.154111	 -0.034531	 0.157932	 -12.629574	 1228188.620295	
36.000000	 1.000000	 0.000000	 -0.000000	 0.000000	 -90.000000	 -0.000000	 -0.000000	 0.000000	 -165.399595	 0.000000	 -2.740431	 2.740431	 -90.000000	 0.155184	 -0.033814	 0.158826	 -12.292321	 1228190.043268	
35.000000	 1.000000	 0.000000	 -0.000000	 0.000000	 -90.000000	 -0.000000	 0.000000	 0.000000	 139.271324	 0.000000	 -2.739028	 2.739028	 -90.000000	 0.155332	 -0.033368	 0.158876	 -12.123765	 1228191.520913	
34.000000	 1.000000	 0.000000	 -0.000000	 0.000000	 -90.000000	 0.000000	 0.000000	 0.000000	 36.756321	 0.000000	 -2.738455	 2.738455	 -90.000000	 0.155722	 -0.032996	 0.159179	 -11.963593	 1228192.932661	
33.000000	 1.000000	 0.000000	 -0.000000	 0.000000	 -90.000000	 0.000000	 -0.000000	 0.000000	 -39.285625	 0.000000	 -2.741271	 2.741271	 -90.000000	 0.157435	 -0.031656	 0.160586	 -11.369224	 1228194.387577	
32.000000	 1.000000	 0.000000	 -0.000000	 0.000000	 -90.000000	 0.000000	 0.000000	 0.000000	 7.849399	 0.000000	 -2.740538	 2.740538	 -90.000000	 0.157771	 -0.031139	 0.160814	 -11.164748	 1228195.817225	
31.000000	 1.000000	 0.000000	 -0.000000	 0.000000	 -90.000000	 -0.000000	 -0.000000	 0.000000	 -99.170719	 0.000000	 -2.741086	 2.741086	 -90.000000	 0.158606	 -0.030478	 0.161508	 -10.877568	 1228197.233929	
30.000000	 1.000000	 0.000000	 -0.000000	 0.000000	 -90.000000	 -0.000000	 -0.000000	 0.000000	 -106.044583	 0.000000	 -2.740544	 2.740544	 -90.000000	 0.159222	 -0.030188	 0.162059	 -10.735794	 1228198.706296	
29.000000	 1.000000	 0.000000	 -0.000000	 0.000000	 -90.000000	 -0.000000	 0.000000	 0.000000	 162.115162	 0.000000	 -2.740528	 2.740528	 -90.000000	 0.159835	 -0.028922	 0.162431	 -10.256590	 1228200.136040	
28.000000	 1.000000	 0.000000	 -0.000000	 0.000000	 -90.000000	 0.000000	 -0.000000	 0.000000	 -52.599503	 0.000000	 -2.741283	 2.741283	 -90.000000	 0.160408	 -0.028057	 0.162843	 -9.921160	 1228201.549240	
27.000000	 1.000000	 0.000000	 -0.000000	 0.000000	 -90.000000	 -0.000000	 0.000000	 0.000000	 93.362515	 0.000000	 -2.741641	 2.741641	 -90.000000	 0.161228	 -0.027162	 0.163500	 -9.562875	 1228202.999946	
26.000000	 1.000000	 0.000000	 -0.000000	 0.000000	 -90.000000	 -0.000000	 0.000000	 0.000000	 175.197226	 0.000000	 -2.740283	 2.740283	 -90.000000	 0.161776	 -0.027657	 0.164123	 -9.701293	 1228204.466675	
25.000000	 1.000000	 0.000000	 -0.000000	 0.000000	 -90.000000	 -0.000000	 -0.000000	 0.000000	 -123.050099	 0.000000	 -2.742350	 2.742350	 -90.000000	 0.162345	 -0.025075	 0.164270	 -8.780276	 1228205.893021	
24.000000	 1.000000	 0.000000	 -0.000000	 0.000000	 -90.000000	 -0.000000	 -0.000000	 0.000000	 -160.278163	 0.000000	 -2.740987	 2.740987	 -90.000000	 0.162385	 -0.025322	 0.164347	 -8.863373	 1228207.400527	
23.000000	 1.000000	 0.000000	 -0.000000	 0.000000	 -90.000000	 0.000000	 -0.000000	 0.000000	 -6.908111	 0.000000	 -2.741645	 2.741645	 -90.000000	 0.164018	 -0.023994	 0.165764	 -8.322694	 1228208.814718	
22.000000	 1.000000	 0.000000	 -0.000000	 0.000000	 -90.000000	 0.000000	 0.000000	 0.000000	 69.339192	 0.000000	 -2.738774	 2.738774	 -90.000000	 0.164103	 -0.024469	 0.165917	 -8.480755	 1228210.261057	
21.000000	 1.000000	 0.000000	 -0.000000	 0.000000	 -90.000000	 0.000000	 -0.000000	 0.000000	 -22.829663	 0.000000	 -2.740055	 2.740055	 -90.000000	 0.163469	 -0.022097	 0.164956	 -7.698355	 1228211.701986	
20.000000	 1.000000	 0.000000	 -0.000000	 0.000000	 -90.000000	 -0.000000	 -0.000000	 0.000000	 -114.230888	 0.000000	 -2.738400	 2.738400	 -90.000000	 0.163617	 -0.022513	 0.165158	 -7.834574	 1228213.150806	
19.000000	 1.000000	 0.000000	 -0.000000	 0.000000	 -90.000000	 -0.000000	 -0.000000	 0.000000	 -131.797008	 0.000000	 -2.740231	 2.740231	 -90.000000	 0.164102	 -0.019926	 0.165307	 -6.923168	 1228214.558257	
18.000000	 1.000000	 0.000000	 -0.000000	 0.000000	 -90.000000	 -0.000000	 -0.000000	 0.000000	 -148.608712	 0.000000	 -2.739265	 2.739265	 -90.000000	 0.165294	 -0.020471	 0.166557	 -7.059771	 1228215.994768	
17.000000	 1.000000	 0.000000	 -0.000000	 0.000000	 -90.000000	 0.000000	 -0.000000	 0.000000	 -59.794415	 0.000000	 -2.740043	 2.740043	 -90.000000	 0.167344	 -0.018684	 0.168384	 -6.370744	 1228217.422792	
16.000000	 1.000000	 0.000000	 -0.000000	 0.000000	 -90.000000	 0.000000	 -0.000000	 0.000000	 -31.924101	 0.000000	 -2.740986	 2.740986	 -90.000000	 0.167168	 -0.018460	 0.168185	 -6.301491	 1228218.866311	
15.000000	 1.000000	 0.000000	 -0.000000	 0.000000	 -90.000000	 -0.000000	 -0.000000	 0.000000	 -177.894246	 0.000000	 -2.737911	 2.737911	 -90.000000	 0.162086	 -0.020165	 0.163335	 -7.091614	 1228220.322208	
14.000000	 1.000000	 0.000000	 -0.000000	 0.000000	 -90.000000	 0.000000	 0.000000	 0.000000	 55.510634	 0.000000	 -2.741973	 2.741973	 -90.000000	 0.169764	 -0.015349	 0.170456	 -5.166244	 1228221.774698	
13.000000	 1.000000	 0.000000	 -0.000000	 0.000000	 -90.000000	 0.000000	 0.000000	 0.000000	 39.471157	 0.000000	 -2.743895	 2.743895	 -90.000000	 0.192241	 -0.001026	 0.192243	 -0.305868	 1228223.229282	
12.000000	 1.000000	 0.000000	 -0.000000	 0.000000	 -90.000000	 -0.000000	 0.000000	 0.000000	 136.037036	 0.000000	 -2.737584	 2.737584	 -90.000000	 0.127439	 0.008147	 0.127699	 3.658089	 1228224.672301	
11.000000	 1.000000	 0.000000	 -0.000000	 0.000000	 -90.000000	 0.000000	 0.000000	 0.000000	 32.610262	 0.000000	 -2.740957	 2.740957	 -90.000000	 0.165430	 -0.019682	 0.166596	 -6.784942	 1228226.147248	
10.000000	 1.000000	 0.000000	 -0.000000	 0.000000	 -90.000000	 -0.000000	 0.000000	 0.000000	 124.528633	 0.000000	 -2.734881	 2.734881	 -90.000000	 0.141706	 0.110019	 0.179402	 37.825284	 1228227.609082	
9.000000	 1.000000	 0.000000	 -0.000000	 0.000000	 -90.000000	 -0.000000	 0.000000	 0.000000	 100.688399	 0.000000	 -2.737424	 2.737424	 -90.000000	 0.151811	 0.081583	 0.172343	 28.253544	 1228229.126576	
8.000000	 1.000000	 0.000000	 -0.000000	 0.000000	 -90.000000	 -0.000000	 0.000000	 0.000000	 169.853996	 0.000000	 -2.715654	 2.715654	 -90.000000	 -0.051416	 0.020529	 0.055363	 158.234922	 1228230.585093	
7.000000	 1.000000	 0.000000	 -0.000000	 0.000000	 -90.000000	 0.000000	 -0.000000	 0.000000	 -6.413356	 0.000000	 -2.793755	 2.793755	 -90.000000	 0.594952	 0.043621	 0.596549	 4.193318	 1228232.043537	
6.000000	 1.000000	 0.000000	 -0.000000	 0.000000	 -90.000000	 0.000000	 0.000000	 0.000000	 60.116877	 0.000000	 -2.777954	 2.777954	 -90.000000	 0.498102	 0.524203	 0.723114	 46.462547	 1228233.488197	
5.000000	 1.000000	 0.000000	 -0.000000	 0.000000	 -90.000000	 -0.000000	 -0.000000	 0.000000	 -102.507888	 0.000000	 -2.737073	 2.737073	 -90.000000	 0.110395	 -1.028361	 1.034269	 -83.872758	 1228234.942601	
4.000000	 1.000000	 0.000000	 -0.000000	 0.000000	 -90.000000	 0.000000	 -0.000000	 0.000000	 -70.761049	 0.000000	 -2.807226	 2.807226	 -90.000000	 0.651184	 -1.330373	 1.481193	 -63.919408	 1228236.353179	
3.000000	 1.000000	 0.000000	 -0.000000	 0.000000	 -90.000000	 -0.000000	 0.000000	 0.000000	 100.547760	 0.000000	 -2.700524	 2.700524	 -90.000000	 -0.149438	 1.865287	 1.871264	 94.580482	 1228237.797178	
2.000000	 1.000000	 0.000000	 -0.000000	 0.000000	 -90.000000	 0.000000	 0.000000	 0.000000	 72.836753	 0.000000	 -2.817284	 2.817284	 -90.000000	 0.762417	 2.242712	 2.368763	 71.224379	 1228239.223822	
1.000000	 1.000000	 0.000000	 -0.000000	 0.000000	 -90.000000	 -0.000000	 -0.000000	 0.000000	 -173.716436	 0.000000	 -2.413237	 2.413237	 -90.000000	 -2.292474	 -0.275418	 2.308959	 -173.149321	 1228240.660987	
