# Oscilator_frequency (Hz)	DemodAll_A (-)	Demod_1_X_A (A)	Demod_1_Y_A (A)	Demod_1__R_A (A)	Demod_1__Theta_A (deg)	Demod_2_X_A (A)	Demod_2_Y_A (A)	Demod_2__R_A (A)	Demod_2__Theta_A (deg)	Demod_3_X_A (V)	Demod_3_Y_A (V)	Demod_3__R_A (V)	Demod_3__Theta_A (deg)	Demod_4_X_A (V)	Demod_4_Y_A (V)	Demod_4__R_A (V)	Demod_4__Theta_A (deg)	Timer_GET (s)	
5000.000000	 1.000000	 0.000000	 -0.000000	 0.000000	 -90.000000	 1.258259	 -0.005777	 1.258272	 -0.263079	 0.000000	 0.018948	 0.018948	 90.000000	 1.258259	 -0.005777	 1.258272	 -0.263079	 84722.133913	
4979.923695	 1.000000	 0.000000	 -0.000000	 0.000000	 -90.000000	 1.258204	 -0.005792	 1.258218	 -0.263745	 0.000000	 0.017517	 0.017517	 90.000000	 1.258204	 -0.005792	 1.258218	 -0.263745	 84723.561071	
4959.847390	 1.000000	 0.000000	 -0.000000	 0.000000	 -90.000000	 1.258268	 -0.005802	 1.258281	 -0.264182	 0.000000	 0.016306	 0.016306	 90.000000	 1.258268	 -0.005802	 1.258281	 -0.264182	 84725.009478	
4939.771084	 1.000000	 0.000000	 -0.000000	 0.000000	 -90.000000	 1.258256	 -0.005812	 1.258270	 -0.264657	 0.000000	 0.015337	 0.015337	 90.000000	 1.258256	 -0.005812	 1.258270	 -0.264657	 84726.487442	
4919.694779	 1.000000	 0.000000	 -0.000000	 0.000000	 -90.000000	 1.258309	 -0.005814	 1.258323	 -0.264734	 0.000000	 0.014503	 0.014503	 90.000000	 1.258309	 -0.005814	 1.258323	 -0.264734	 84727.921919	
4899.618474	 1.000000	 0.000000	 -0.000000	 0.000000	 -90.000000	 1.258286	 -0.005828	 1.258299	 -0.265392	 0.000000	 0.012822	 0.012822	 90.000000	 1.258286	 -0.005828	 1.258299	 -0.265392	 84729.380821	
4879.542169	 1.000000	 0.000000	 -0.000000	 0.000000	 -90.000000	 1.258307	 -0.005831	 1.258320	 -0.265487	 0.000000	 0.011025	 0.011025	 90.000000	 1.258307	 -0.005831	 1.258320	 -0.265487	 84730.843433	
4859.465863	 1.000000	 0.000000	 -0.000000	 0.000000	 -90.000000	 1.258308	 -0.005839	 1.258321	 -0.265882	 0.000000	 0.013245	 0.013245	 90.000000	 1.258308	 -0.005839	 1.258322	 -0.265874	 84732.277752	
4839.389558	 1.000000	 0.000000	 -0.000000	 0.000000	 -90.000000	 1.258314	 -0.005844	 1.258328	 -0.266120	 0.000000	 0.012508	 0.012508	 90.000000	 1.258314	 -0.005844	 1.258328	 -0.266120	 84733.732135	
4819.313253	 1.000000	 0.000000	 -0.000000	 0.000000	 -90.000000	 1.258330	 -0.005853	 1.258344	 -0.266515	 0.000000	 0.012048	 0.012048	 90.000000	 1.258330	 -0.005853	 1.258344	 -0.266515	 84735.180039	
4799.236948	 1.000000	 0.000000	 -0.000000	 0.000000	 -90.000000	 1.258370	 -0.005858	 1.258383	 -0.266711	 0.000000	 0.011674	 0.011674	 90.000000	 1.258370	 -0.005858	 1.258383	 -0.266711	 84736.623479	
4779.160643	 1.000000	 0.000000	 -0.000000	 0.000000	 -90.000000	 1.258374	 -0.005868	 1.258388	 -0.267173	 0.000000	 0.011292	 0.011292	 90.000000	 1.258374	 -0.005868	 1.258388	 -0.267173	 84738.054177	
4759.084337	 1.000000	 0.000000	 -0.000000	 0.000000	 -90.000000	 1.258340	 -0.005874	 1.258354	 -0.267461	 0.000000	 0.010962	 0.010962	 90.000000	 1.258340	 -0.005874	 1.258354	 -0.267461	 84739.533233	
4739.008032	 1.000000	 0.000000	 -0.000000	 0.000000	 -90.000000	 1.258358	 -0.005879	 1.258372	 -0.267679	 0.000000	 0.010739	 0.010739	 90.000000	 1.258358	 -0.005879	 1.258372	 -0.267679	 84740.958646	
4718.931727	 1.000000	 0.000000	 -0.000000	 0.000000	 -90.000000	 1.258472	 -0.005885	 1.258486	 -0.267927	 0.000000	 0.010439	 0.010439	 90.000000	 1.258472	 -0.005885	 1.258486	 -0.267924	 84742.383305	
4698.855422	 1.000000	 0.000000	 -0.000000	 0.000000	 -90.000000	 1.258392	 -0.005886	 1.258406	 -0.267988	 0.000000	 0.010151	 0.010151	 90.000000	 1.258392	 -0.005886	 1.258406	 -0.267979	 84743.801489	
4678.779116	 1.000000	 0.000000	 -0.000000	 0.000000	 -90.000000	 1.258401	 -0.005896	 1.258415	 -0.268462	 0.000000	 0.009921	 0.009921	 90.000000	 1.258401	 -0.005896	 1.258415	 -0.268462	 84745.254430	
4658.702811	 1.000000	 0.000000	 -0.000000	 0.000000	 -90.000000	 1.258432	 -0.005902	 1.258446	 -0.268704	 0.000000	 0.009696	 0.009696	 90.000000	 1.258431	 -0.005902	 1.258445	 -0.268703	 84746.684500	
4638.626506	 1.000000	 0.000000	 -0.000000	 0.000000	 -90.000000	 1.258411	 -0.005906	 1.258424	 -0.268887	 0.000000	 0.009479	 0.009479	 90.000000	 1.258411	 -0.005906	 1.258424	 -0.268887	 84748.114812	
4618.550201	 1.000000	 0.000000	 -0.000000	 0.000000	 -90.000000	 1.258448	 -0.005913	 1.258462	 -0.269231	 0.000000	 0.009302	 0.009302	 90.000000	 1.258448	 -0.005913	 1.258462	 -0.269231	 84749.569654	
4598.473896	 1.000000	 0.000000	 -0.000000	 0.000000	 -90.000000	 1.258432	 -0.005919	 1.258446	 -0.269492	 0.000000	 0.009111	 0.009111	 90.000000	 1.258432	 -0.005919	 1.258446	 -0.269492	 84750.983455	
4578.397590	 1.000000	 0.000000	 -0.000000	 0.000000	 -90.000000	 1.258487	 -0.005924	 1.258501	 -0.269707	 0.000000	 0.008906	 0.008906	 90.000000	 1.258487	 -0.005924	 1.258501	 -0.269707	 84752.444820	
4558.321285	 1.000000	 0.000000	 -0.000000	 0.000000	 -90.000000	 1.258518	 -0.005932	 1.258532	 -0.270076	 0.000000	 0.008720	 0.008720	 90.000000	 1.258518	 -0.005932	 1.258532	 -0.270076	 84753.871818	
4538.244980	 1.000000	 0.000000	 -0.000000	 0.000000	 -90.000000	 1.258534	 -0.005934	 1.258548	 -0.270165	 0.000000	 0.008606	 0.008606	 90.000000	 1.258534	 -0.005934	 1.258548	 -0.270165	 84755.293999	
4518.168675	 1.000000	 0.000000	 -0.000000	 0.000000	 -90.000000	 1.258487	 -0.005943	 1.258501	 -0.270561	 0.000000	 0.008408	 0.008408	 90.000000	 1.258487	 -0.005943	 1.258501	 -0.270561	 84756.703075	
4498.092369	 1.000000	 0.000000	 -0.000000	 0.000000	 -90.000000	 1.258544	 -0.005943	 1.258558	 -0.270577	 0.000000	 0.008294	 0.008294	 90.000000	 1.258544	 -0.005943	 1.258558	 -0.270577	 84758.143655	
4478.016064	 1.000000	 0.000000	 -0.000000	 0.000000	 -90.000000	 1.258505	 -0.005954	 1.258519	 -0.271056	 0.000000	 0.008146	 0.008146	 90.000000	 1.258505	 -0.005954	 1.258519	 -0.271056	 84759.588343	
4457.939759	 1.000000	 0.000000	 -0.000000	 0.000000	 -90.000000	 1.258537	 -0.005959	 1.258551	 -0.271279	 0.000000	 0.008025	 0.008025	 90.000000	 1.258537	 -0.005959	 1.258551	 -0.271279	 84761.027725	
4437.863454	 1.000000	 0.000000	 -0.000000	 0.000000	 -90.000000	 1.258572	 -0.005967	 1.258587	 -0.271658	 0.000000	 0.007912	 0.007912	 90.000000	 1.258572	 -0.005967	 1.258587	 -0.271658	 84762.483993	
4417.787149	 1.000000	 0.000000	 -0.000000	 0.000000	 -90.000000	 1.258582	 -0.005975	 1.258596	 -0.272002	 0.000000	 0.007819	 0.007819	 90.000000	 1.258582	 -0.005975	 1.258596	 -0.272002	 84763.961387	
4397.710843	 1.000000	 0.000000	 -0.000000	 0.000000	 -90.000000	 1.258612	 -0.005977	 1.258626	 -0.272109	 0.000000	 0.007653	 0.007653	 90.000000	 1.258612	 -0.005977	 1.258626	 -0.272109	 84765.399121	
4377.634538	 1.000000	 0.000000	 -0.000000	 0.000000	 -90.000000	 1.258602	 -0.005983	 1.258616	 -0.272344	 0.000000	 0.007557	 0.007557	 90.000000	 1.258602	 -0.005983	 1.258616	 -0.272344	 84766.831157	
4357.558233	 1.000000	 0.000000	 -0.000000	 0.000000	 -90.000000	 1.258645	 -0.005991	 1.258659	 -0.272700	 0.000000	 0.007431	 0.007431	 90.000000	 1.258645	 -0.005991	 1.258659	 -0.272700	 84768.271720	
4337.481928	 1.000000	 0.000000	 -0.000000	 0.000000	 -90.000000	 1.258644	 -0.005999	 1.258659	 -0.273104	 0.000000	 0.007365	 0.007365	 90.000000	 1.258644	 -0.005999	 1.258659	 -0.273104	 84769.713172	
4317.405622	 1.000000	 0.000000	 -0.000000	 0.000000	 -90.000000	 1.258671	 -0.006001	 1.258685	 -0.273191	 0.000000	 0.007268	 0.007268	 90.000000	 1.258671	 -0.006001	 1.258685	 -0.273191	 84771.150861	
4297.329317	 1.000000	 0.000000	 -0.000000	 0.000000	 -90.000000	 1.258665	 -0.006011	 1.258679	 -0.273607	 0.000000	 0.007163	 0.007163	 90.000000	 1.258665	 -0.006011	 1.258679	 -0.273607	 84772.577111	
4277.253012	 1.000000	 0.000000	 -0.000000	 0.000000	 -90.000000	 1.258710	 -0.006020	 1.258724	 -0.274036	 0.000000	 0.007033	 0.007033	 90.000000	 1.258710	 -0.006020	 1.258724	 -0.274036	 84774.001040	
4257.176707	 1.000000	 0.000000	 -0.000000	 0.000000	 -90.000000	 1.258700	 -0.006027	 1.258714	 -0.274324	 0.000000	 0.006938	 0.006938	 90.000000	 1.258700	 -0.006027	 1.258714	 -0.274324	 84775.431621	
4237.100402	 1.000000	 0.000000	 -0.000000	 0.000000	 -90.000000	 1.258711	 -0.006035	 1.258725	 -0.274725	 0.000000	 0.006861	 0.006861	 90.000000	 1.258710	 -0.006036	 1.258725	 -0.274735	 84776.881651	
4217.024096	 1.000000	 0.000000	 -0.000000	 0.000000	 -90.000000	 1.258721	 -0.006035	 1.258736	 -0.274688	 0.000000	 0.006784	 0.006784	 90.000000	 1.258721	 -0.006035	 1.258736	 -0.274688	 84778.366984	
4196.947791	 1.000000	 0.000000	 -0.000000	 0.000000	 -90.000000	 1.258726	 -0.006044	 1.258741	 -0.275113	 0.000000	 0.006647	 0.006647	 90.000000	 1.258726	 -0.006044	 1.258741	 -0.275113	 84779.820057	
4176.871486	 1.000000	 0.000000	 -0.000000	 0.000000	 -90.000000	 1.258759	 -0.006054	 1.258774	 -0.275570	 0.000000	 0.006586	 0.006586	 90.000000	 1.258760	 -0.006054	 1.258775	 -0.275583	 84781.273392	
4156.795181	 1.000000	 0.000000	 -0.000000	 0.000000	 -90.000000	 1.258738	 -0.006051	 1.258753	 -0.275415	 0.000000	 0.006556	 0.006556	 90.000000	 1.258738	 -0.006051	 1.258753	 -0.275415	 84782.704578	
4136.718876	 1.000000	 0.000000	 -0.000000	 0.000000	 -90.000000	 1.258778	 -0.006065	 1.258793	 -0.276072	 0.000000	 0.006435	 0.006435	 90.000000	 1.258778	 -0.006065	 1.258793	 -0.276072	 84784.158730	
4116.642570	 1.000000	 0.000000	 -0.000000	 0.000000	 -90.000000	 1.258744	 -0.006067	 1.258759	 -0.276175	 0.000000	 0.006326	 0.006326	 90.000000	 1.258744	 -0.006067	 1.258759	 -0.276175	 84785.596797	
4096.566265	 1.000000	 0.000000	 -0.000000	 0.000000	 -90.000000	 1.258717	 -0.006080	 1.258732	 -0.276753	 0.000000	 0.006321	 0.006321	 90.000000	 1.258717	 -0.006080	 1.258732	 -0.276753	 84787.048700	
4076.489960	 1.000000	 0.000000	 -0.000000	 0.000000	 -90.000000	 1.258838	 -0.006080	 1.258852	 -0.276740	 0.000000	 0.006270	 0.006270	 90.000000	 1.258838	 -0.006080	 1.258852	 -0.276740	 84788.494530	
4056.413655	 1.000000	 0.000000	 -0.000000	 0.000000	 -90.000000	 1.258797	 -0.006092	 1.258812	 -0.277269	 0.000000	 0.006170	 0.006170	 90.000000	 1.258797	 -0.006092	 1.258812	 -0.277269	 84790.014593	
4036.337349	 1.000000	 0.000000	 -0.000000	 0.000000	 -90.000000	 1.258820	 -0.006095	 1.258835	 -0.277427	 0.000000	 0.006140	 0.006140	 90.000000	 1.258820	 -0.006095	 1.258835	 -0.277427	 84791.449811	
4016.261044	 1.000000	 0.000000	 -0.000000	 0.000000	 -90.000000	 1.258840	 -0.006101	 1.258855	 -0.277704	 0.000000	 0.006097	 0.006097	 90.000000	 1.258840	 -0.006101	 1.258855	 -0.277704	 84792.857683	
3996.184739	 1.000000	 0.000000	 -0.000000	 0.000000	 -90.000000	 1.258884	 -0.006110	 1.258899	 -0.278084	 0.000000	 0.006042	 0.006042	 90.000000	 1.258884	 -0.006110	 1.258899	 -0.278084	 84794.298388	
3976.108434	 1.000000	 0.000000	 -0.000000	 0.000000	 -90.000000	 1.258903	 -0.006121	 1.258918	 -0.278561	 0.000000	 0.006006	 0.006006	 90.000000	 1.258902	 -0.006121	 1.258917	 -0.278579	 84795.724623	
3956.032129	 1.000000	 0.000000	 -0.000000	 0.000000	 -90.000000	 1.258890	 -0.006131	 1.258905	 -0.279045	 0.000000	 0.005934	 0.005934	 90.000000	 1.258890	 -0.006131	 1.258905	 -0.279045	 84797.183516	
3935.955823	 1.000000	 0.000000	 -0.000000	 0.000000	 -90.000000	 1.258928	 -0.006135	 1.258943	 -0.279224	 0.000000	 0.005858	 0.005858	 90.000000	 1.258928	 -0.006135	 1.258943	 -0.279224	 84798.631794	
3915.879518	 1.000000	 0.000000	 -0.000000	 0.000000	 -90.000000	 1.258935	 -0.006145	 1.258950	 -0.279687	 0.000000	 0.005835	 0.005835	 90.000000	 1.258935	 -0.006145	 1.258950	 -0.279684	 84800.076742	
3895.803213	 1.000000	 0.000000	 -0.000000	 0.000000	 -90.000000	 1.258951	 -0.006155	 1.258966	 -0.280094	 0.000000	 0.005733	 0.005733	 90.000000	 1.258951	 -0.006155	 1.258966	 -0.280094	 84801.531467	
3875.726908	 1.000000	 0.000000	 -0.000000	 0.000000	 -90.000000	 1.258939	 -0.006160	 1.258954	 -0.280367	 0.000000	 0.005708	 0.005708	 90.000000	 1.258939	 -0.006161	 1.258954	 -0.280373	 84802.977299	
3855.650602	 1.000000	 0.000000	 -0.000000	 0.000000	 -90.000000	 1.258989	 -0.006167	 1.259004	 -0.280661	 0.000000	 0.005655	 0.005655	 90.000000	 1.258989	 -0.006167	 1.259004	 -0.280661	 84804.387509	
3835.574297	 1.000000	 0.000000	 -0.000000	 0.000000	 -90.000000	 1.259031	 -0.006171	 1.259047	 -0.280835	 0.000000	 0.005605	 0.005605	 90.000000	 1.259031	 -0.006171	 1.259047	 -0.280835	 84805.825557	
3815.497992	 1.000000	 0.000000	 -0.000000	 0.000000	 -90.000000	 1.259025	 -0.006182	 1.259041	 -0.281349	 0.000000	 0.005558	 0.005558	 90.000000	 1.259025	 -0.006182	 1.259041	 -0.281349	 84807.237164	
3795.421687	 1.000000	 0.000000	 -0.000000	 0.000000	 -90.000000	 1.259024	 -0.006190	 1.259039	 -0.281700	 0.000000	 0.005553	 0.005553	 90.000000	 1.259024	 -0.006190	 1.259039	 -0.281700	 84808.674598	
3775.345382	 1.000000	 0.000000	 -0.000000	 0.000000	 -90.000000	 1.259021	 -0.006199	 1.259036	 -0.282093	 0.000000	 0.005458	 0.005458	 90.000000	 1.259021	 -0.006199	 1.259036	 -0.282093	 84810.116111	
3755.269076	 1.000000	 0.000000	 -0.000000	 0.000000	 -90.000000	 1.259097	 -0.006208	 1.259112	 -0.282478	 0.000000	 0.005412	 0.005412	 90.000000	 1.259097	 -0.006208	 1.259112	 -0.282478	 84811.572519	
3735.192771	 1.000000	 0.000000	 -0.000000	 0.000000	 -90.000000	 1.259105	 -0.006217	 1.259120	 -0.282913	 0.000000	 0.005385	 0.005385	 90.000000	 1.259105	 -0.006217	 1.259120	 -0.282911	 84813.004629	
3715.116466	 1.000000	 0.000000	 -0.000000	 0.000000	 -90.000000	 1.259073	 -0.006225	 1.259089	 -0.283296	 0.000000	 0.005371	 0.005371	 90.000000	 1.259073	 -0.006225	 1.259089	 -0.283296	 84814.444897	
3695.040161	 1.000000	 0.000000	 -0.000000	 0.000000	 -90.000000	 1.259078	 -0.006238	 1.259093	 -0.283861	 0.000000	 0.005351	 0.005351	 90.000000	 1.259078	 -0.006238	 1.259093	 -0.283876	 84815.854662	
3674.963855	 1.000000	 0.000000	 -0.000000	 0.000000	 -90.000000	 1.259092	 -0.006214	 1.259107	 -0.282782	 0.000000	 0.005322	 0.005322	 90.000000	 1.259092	 -0.006214	 1.259107	 -0.282782	 84817.297177	
3654.887550	 1.000000	 0.000000	 -0.000000	 0.000000	 -90.000000	 1.259103	 -0.006241	 1.259119	 -0.283998	 0.000000	 0.005291	 0.005291	 90.000000	 1.259103	 -0.006241	 1.259119	 -0.283998	 84818.768292	
3634.811245	 1.000000	 0.000000	 -0.000000	 0.000000	 -90.000000	 1.259194	 -0.006257	 1.259210	 -0.284687	 0.000000	 0.005225	 0.005225	 90.000000	 1.259194	 -0.006257	 1.259210	 -0.284687	 84820.226072	
3614.734940	 1.000000	 0.000000	 -0.000000	 0.000000	 -90.000000	 1.259103	 -0.006253	 1.259118	 -0.284558	 0.000000	 0.005209	 0.005209	 90.000000	 1.259104	 -0.006253	 1.259119	 -0.284553	 84821.659713	
3594.658635	 1.000000	 0.000000	 -0.000000	 0.000000	 -90.000000	 1.259175	 -0.006287	 1.259191	 -0.286072	 0.000000	 0.005131	 0.005131	 90.000000	 1.259175	 -0.006287	 1.259191	 -0.286072	 84823.068092	
3574.582329	 1.000000	 0.000000	 -0.000000	 0.000000	 -90.000000	 1.259236	 -0.006286	 1.259251	 -0.285993	 0.000000	 0.005142	 0.005142	 90.000000	 1.259236	 -0.006286	 1.259251	 -0.285993	 84824.511040	
3554.506024	 1.000000	 0.000000	 -0.000000	 0.000000	 -90.000000	 1.259252	 -0.006319	 1.259268	 -0.287530	 0.000000	 0.005041	 0.005041	 90.000000	 1.259252	 -0.006319	 1.259268	 -0.287530	 84825.954707	
3534.429719	 1.000000	 0.000000	 -0.000000	 0.000000	 -90.000000	 1.259227	 -0.006295	 1.259242	 -0.286447	 0.000000	 0.005060	 0.005060	 90.000000	 1.259227	 -0.006295	 1.259242	 -0.286447	 84827.395812	
3514.353414	 1.000000	 0.000000	 -0.000000	 0.000000	 -90.000000	 1.259252	 -0.006313	 1.259268	 -0.287216	 0.000000	 0.004998	 0.004998	 90.000000	 1.259252	 -0.006313	 1.259268	 -0.287216	 84828.856210	
3494.277108	 1.000000	 0.000000	 -0.000000	 0.000000	 -90.000000	 1.259320	 -0.006317	 1.259336	 -0.287388	 0.000000	 0.004960	 0.004960	 90.000000	 1.259320	 -0.006317	 1.259336	 -0.287388	 84830.305579	
3474.200803	 1.000000	 0.000000	 -0.000000	 0.000000	 -90.000000	 1.259303	 -0.006337	 1.259319	 -0.288322	 0.000000	 0.004919	 0.004919	 90.000000	 1.259303	 -0.006337	 1.259319	 -0.288322	 84831.735676	
3454.124498	 1.000000	 0.000000	 -0.000000	 0.000000	 -90.000000	 1.259329	 -0.006346	 1.259345	 -0.288733	 0.000000	 0.004895	 0.004895	 90.000000	 1.259329	 -0.006346	 1.259345	 -0.288733	 84833.167390	
3434.048193	 1.000000	 0.000000	 -0.000000	 0.000000	 -90.000000	 1.259349	 -0.006357	 1.259365	 -0.289213	 0.000000	 0.004938	 0.004938	 90.000000	 1.259349	 -0.006357	 1.259365	 -0.289213	 84834.637752	
3413.971888	 1.000000	 0.000000	 -0.000000	 0.000000	 -90.000000	 1.259350	 -0.006366	 1.259366	 -0.289615	 0.000000	 0.004881	 0.004881	 90.000000	 1.259350	 -0.006366	 1.259366	 -0.289615	 84836.052038	
3393.895582	 1.000000	 0.000000	 -0.000000	 0.000000	 -90.000000	 1.259348	 -0.006381	 1.259364	 -0.290291	 0.000000	 0.004842	 0.004842	 90.000000	 1.259348	 -0.006381	 1.259364	 -0.290291	 84837.509757	
3373.819277	 1.000000	 0.000000	 -0.000000	 0.000000	 -90.000000	 1.259374	 -0.006374	 1.259390	 -0.289994	 0.000000	 0.004813	 0.004813	 90.000000	 1.259374	 -0.006374	 1.259390	 -0.289994	 84838.945909	
3353.742972	 1.000000	 0.000000	 -0.000000	 0.000000	 -90.000000	 1.259427	 -0.006393	 1.259443	 -0.290835	 0.000000	 0.004802	 0.004802	 90.000000	 1.259427	 -0.006393	 1.259443	 -0.290845	 84840.387332	
3333.666667	 1.000000	 0.000000	 -0.000000	 0.000000	 -90.000000	 1.259452	 -0.006406	 1.259469	 -0.291428	 0.000000	 0.004756	 0.004756	 90.000000	 1.259452	 -0.006406	 1.259469	 -0.291428	 84841.829553	
3313.590361	 1.000000	 0.000000	 -0.000000	 0.000000	 -90.000000	 1.259464	 -0.006415	 1.259481	 -0.291826	 0.000000	 0.004716	 0.004716	 90.000000	 1.259464	 -0.006415	 1.259481	 -0.291826	 84843.262103	
3293.514056	 1.000000	 0.000000	 -0.000000	 0.000000	 -90.000000	 1.259491	 -0.006426	 1.259508	 -0.292309	 0.000000	 0.004730	 0.004730	 90.000000	 1.259491	 -0.006426	 1.259508	 -0.292309	 84844.711336	
3273.437751	 1.000000	 0.000000	 -0.000000	 0.000000	 -90.000000	 1.259496	 -0.006436	 1.259512	 -0.292756	 0.000000	 0.004656	 0.004656	 90.000000	 1.259496	 -0.006436	 1.259512	 -0.292756	 84846.155092	
3253.361446	 1.000000	 0.000000	 -0.000000	 0.000000	 -90.000000	 1.259531	 -0.006446	 1.259547	 -0.293206	 0.000000	 0.004675	 0.004675	 90.000000	 1.259531	 -0.006445	 1.259547	 -0.293194	 84847.600038	
3233.285141	 1.000000	 0.000000	 -0.000000	 0.000000	 -90.000000	 1.259579	 -0.006458	 1.259596	 -0.293759	 0.000000	 0.004674	 0.004674	 90.000000	 1.259579	 -0.006458	 1.259596	 -0.293768	 84849.056812	
3213.208835	 1.000000	 0.000000	 -0.000000	 0.000000	 -90.000000	 1.259518	 -0.006467	 1.259534	 -0.294200	 0.000000	 0.004641	 0.004641	 90.000000	 1.259518	 -0.006467	 1.259534	 -0.294200	 84850.504578	
3193.132530	 1.000000	 0.000000	 -0.000000	 0.000000	 -90.000000	 1.259579	 -0.006478	 1.259596	 -0.294687	 0.000000	 0.004583	 0.004583	 90.000000	 1.259579	 -0.006478	 1.259596	 -0.294687	 84851.934002	
3173.056225	 1.000000	 0.000000	 -0.000000	 0.000000	 -90.000000	 1.259596	 -0.006490	 1.259612	 -0.295199	 0.000000	 0.004601	 0.004601	 90.000000	 1.259596	 -0.006490	 1.259612	 -0.295199	 84853.372183	
3152.979920	 1.000000	 0.000000	 -0.000000	 0.000000	 -90.000000	 1.259627	 -0.006518	 1.259644	 -0.296480	 0.000000	 0.004525	 0.004525	 90.000000	 1.259627	 -0.006518	 1.259644	 -0.296480	 84854.829698	
3132.903614	 1.000000	 0.000000	 -0.000000	 0.000000	 -90.000000	 1.259633	 -0.006516	 1.259649	 -0.296383	 0.000000	 0.004577	 0.004577	 90.000000	 1.259634	 -0.006516	 1.259650	 -0.296378	 84856.282514	
3112.827309	 1.000000	 0.000000	 -0.000000	 0.000000	 -90.000000	 1.259676	 -0.006527	 1.259692	 -0.296896	 0.000000	 0.004567	 0.004567	 90.000000	 1.259676	 -0.006527	 1.259692	 -0.296896	 84857.727498	
3092.751004	 1.000000	 0.000000	 -0.000000	 0.000000	 -90.000000	 1.259700	 -0.006537	 1.259717	 -0.297339	 0.000000	 0.004502	 0.004502	 90.000000	 1.259700	 -0.006537	 1.259717	 -0.297339	 84859.155681	
3072.674699	 1.000000	 0.000000	 -0.000000	 0.000000	 -90.000000	 1.259747	 -0.006551	 1.259764	 -0.297932	 0.000000	 0.004475	 0.004475	 90.000000	 1.259747	 -0.006551	 1.259764	 -0.297932	 84860.600277	
3052.598394	 1.000000	 0.000000	 -0.000000	 0.000000	 -90.000000	 1.259749	 -0.006565	 1.259766	 -0.298571	 0.000000	 0.004485	 0.004485	 90.000000	 1.259749	 -0.006565	 1.259766	 -0.298571	 84862.044566	
3032.522088	 1.000000	 0.000000	 -0.000000	 0.000000	 -90.000000	 1.259795	 -0.006578	 1.259812	 -0.299163	 0.000000	 0.004510	 0.004510	 90.000000	 1.259795	 -0.006578	 1.259812	 -0.299163	 84863.463543	
3012.445783	 1.000000	 0.000000	 -0.000000	 0.000000	 -90.000000	 1.259786	 -0.006590	 1.259803	 -0.299713	 0.000000	 0.004495	 0.004495	 90.000000	 1.259786	 -0.006590	 1.259803	 -0.299713	 84864.909856	
2992.369478	 1.000000	 0.000000	 -0.000000	 0.000000	 -90.000000	 1.259849	 -0.006595	 1.259866	 -0.299934	 0.000000	 0.004439	 0.004439	 90.000000	 1.259849	 -0.006595	 1.259866	 -0.299934	 84866.328742	
2972.293173	 1.000000	 0.000000	 -0.000000	 0.000000	 -90.000000	 1.259866	 -0.006614	 1.259883	 -0.300803	 0.000000	 0.004395	 0.004395	 90.000000	 1.259866	 -0.006614	 1.259883	 -0.300803	 84867.783504	
2952.216867	 1.000000	 0.000000	 -0.000000	 0.000000	 -90.000000	 1.259915	 -0.006637	 1.259932	 -0.301830	 0.000000	 0.004423	 0.004423	 90.000000	 1.259915	 -0.006637	 1.259932	 -0.301830	 84869.196508	
2932.140562	 1.000000	 0.000000	 -0.000000	 0.000000	 -90.000000	 1.259909	 -0.006637	 1.259926	 -0.301821	 0.000000	 0.004388	 0.004388	 90.000000	 1.259909	 -0.006637	 1.259926	 -0.301821	 84870.623111	
2912.064257	 1.000000	 0.000000	 -0.000000	 0.000000	 -90.000000	 1.259952	 -0.006655	 1.259970	 -0.302625	 0.000000	 0.004421	 0.004421	 90.000000	 1.259952	 -0.006655	 1.259970	 -0.302628	 84872.073412	
2891.987952	 1.000000	 0.000000	 -0.000000	 0.000000	 -90.000000	 1.259946	 -0.006665	 1.259963	 -0.303097	 0.000000	 0.004387	 0.004387	 90.000000	 1.259946	 -0.006665	 1.259963	 -0.303097	 84873.517290	
2871.911647	 1.000000	 0.000000	 -0.000000	 0.000000	 -90.000000	 1.259981	 -0.006675	 1.259998	 -0.303528	 0.000000	 0.004359	 0.004359	 90.000000	 1.259981	 -0.006675	 1.259998	 -0.303528	 84874.942412	
2851.835341	 1.000000	 0.000000	 -0.000000	 0.000000	 -90.000000	 1.259999	 -0.006684	 1.260017	 -0.303925	 0.000000	 0.004364	 0.004364	 90.000000	 1.259999	 -0.006684	 1.260017	 -0.303925	 84876.377832	
2831.759036	 1.000000	 0.000000	 -0.000000	 0.000000	 -90.000000	 1.260048	 -0.006705	 1.260066	 -0.304875	 0.000000	 0.004320	 0.004320	 90.000000	 1.260048	 -0.006705	 1.260066	 -0.304875	 84877.831999	
2811.682731	 1.000000	 0.000000	 -0.000000	 0.000000	 -90.000000	 1.260056	 -0.006720	 1.260074	 -0.305561	 0.000000	 0.004262	 0.004262	 90.000000	 1.260056	 -0.006720	 1.260074	 -0.305561	 84879.287893	
2791.606426	 1.000000	 0.000000	 -0.000000	 0.000000	 -90.000000	 1.260085	 -0.006737	 1.260103	 -0.306316	 0.000000	 0.004293	 0.004293	 90.000000	 1.260085	 -0.006737	 1.260103	 -0.306316	 84880.703765	
2771.530120	 1.000000	 0.000000	 -0.000000	 0.000000	 -90.000000	 1.260155	 -0.006750	 1.260173	 -0.306882	 0.000000	 0.004257	 0.004257	 90.000000	 1.260155	 -0.006750	 1.260173	 -0.306882	 84882.143713	
2751.453815	 1.000000	 0.000000	 -0.000000	 0.000000	 -90.000000	 1.260134	 -0.006766	 1.260152	 -0.307614	 0.000000	 0.004265	 0.004265	 90.000000	 1.260134	 -0.006766	 1.260152	 -0.307614	 84883.588831	
2731.377510	 1.000000	 0.000000	 -0.000000	 0.000000	 -90.000000	 1.260187	 -0.006774	 1.260205	 -0.307987	 0.000000	 0.004223	 0.004223	 90.000000	 1.260187	 -0.006774	 1.260205	 -0.307987	 84885.034319	
2711.301205	 1.000000	 0.000000	 -0.000000	 0.000000	 -90.000000	 1.260210	 -0.006790	 1.260229	 -0.308692	 0.000000	 0.004193	 0.004193	 90.000000	 1.260210	 -0.006790	 1.260229	 -0.308692	 84886.471270	
2691.224900	 1.000000	 0.000000	 -0.000000	 0.000000	 -90.000000	 1.260283	 -0.006810	 1.260301	 -0.309593	 0.000000	 0.004227	 0.004227	 90.000000	 1.260284	 -0.006810	 1.260302	 -0.309593	 84887.902201	
2671.148594	 1.000000	 0.000000	 -0.000000	 0.000000	 -90.000000	 1.260267	 -0.006823	 1.260286	 -0.310186	 0.000000	 0.004144	 0.004144	 90.000000	 1.260267	 -0.006823	 1.260285	 -0.310208	 84889.350539	
2651.072289	 1.000000	 0.000000	 -0.000000	 0.000000	 -90.000000	 1.260305	 -0.006809	 1.260323	 -0.309527	 0.000000	 0.004162	 0.004162	 90.000000	 1.260305	 -0.006809	 1.260323	 -0.309527	 84890.785437	
2630.995984	 1.000000	 0.000000	 -0.000000	 0.000000	 -90.000000	 1.260358	 -0.006857	 1.260377	 -0.311726	 0.000000	 0.004165	 0.004165	 90.000000	 1.260358	 -0.006857	 1.260377	 -0.311726	 84892.253299	
2610.919679	 1.000000	 0.000000	 -0.000000	 0.000000	 -90.000000	 1.260314	 -0.006867	 1.260332	 -0.312181	 0.000000	 0.004149	 0.004149	 90.000000	 1.260314	 -0.006867	 1.260332	 -0.312181	 84893.720912	
2590.843373	 1.000000	 0.000000	 -0.000000	 0.000000	 -90.000000	 1.260374	 -0.006891	 1.260393	 -0.313236	 0.000000	 0.004207	 0.004207	 90.000000	 1.260374	 -0.006891	 1.260393	 -0.313236	 84895.150078	
2570.767068	 1.000000	 0.000000	 -0.000000	 0.000000	 -90.000000	 1.260418	 -0.006902	 1.260437	 -0.313749	 0.000000	 0.004128	 0.004128	 90.000000	 1.260418	 -0.006902	 1.260437	 -0.313749	 84896.587244	
2550.690763	 1.000000	 0.000000	 -0.000000	 0.000000	 -90.000000	 1.260438	 -0.006905	 1.260457	 -0.313856	 0.000000	 0.004138	 0.004138	 90.000000	 1.260438	 -0.006905	 1.260457	 -0.313856	 84898.051618	
2530.614458	 1.000000	 0.000000	 -0.000000	 0.000000	 -90.000000	 1.260546	 -0.006928	 1.260565	 -0.314914	 0.000000	 0.004116	 0.004116	 90.000000	 1.260546	 -0.006928	 1.260565	 -0.314914	 84899.499755	
2510.538153	 1.000000	 0.000000	 -0.000000	 0.000000	 -90.000000	 1.260560	 -0.006957	 1.260579	 -0.316227	 0.000000	 0.004097	 0.004097	 90.000000	 1.260560	 -0.006957	 1.260579	 -0.316227	 84900.965421	
2490.461847	 1.000000	 0.000000	 -0.000000	 0.000000	 -90.000000	 1.260616	 -0.006972	 1.260635	 -0.316860	 0.000000	 0.004073	 0.004073	 90.000000	 1.260616	 -0.006972	 1.260635	 -0.316860	 84902.397293	
2470.385542	 1.000000	 0.000000	 -0.000000	 0.000000	 -90.000000	 1.260655	 -0.006984	 1.260674	 -0.317427	 0.000000	 0.004084	 0.004084	 90.000000	 1.260655	 -0.006984	 1.260674	 -0.317427	 84903.828128	
2450.309237	 1.000000	 0.000000	 -0.000000	 0.000000	 -90.000000	 1.260765	 -0.006988	 1.260785	 -0.317550	 0.000000	 0.004112	 0.004112	 90.000000	 1.260765	 -0.006988	 1.260785	 -0.317550	 84905.270476	
2430.232932	 1.000000	 0.000000	 -0.000000	 0.000000	 -90.000000	 1.260702	 -0.007016	 1.260721	 -0.318877	 0.000000	 0.004110	 0.004110	 90.000000	 1.260702	 -0.007016	 1.260721	 -0.318877	 84906.729649	
2410.156627	 1.000000	 0.000000	 -0.000000	 0.000000	 -90.000000	 1.260738	 -0.007039	 1.260757	 -0.319870	 0.000000	 0.004084	 0.004084	 90.000000	 1.260738	 -0.007039	 1.260757	 -0.319870	 84908.186966	
2390.080321	 1.000000	 0.000000	 -0.000000	 0.000000	 -90.000000	 1.260798	 -0.007058	 1.260818	 -0.320729	 0.000000	 0.004115	 0.004115	 90.000000	 1.260798	 -0.007058	 1.260818	 -0.320729	 84909.602235	
2370.004016	 1.000000	 0.000000	 -0.000000	 0.000000	 -90.000000	 1.260878	 -0.007074	 1.260898	 -0.321428	 0.000000	 0.004044	 0.004044	 90.000000	 1.260877	 -0.007073	 1.260897	 -0.321417	 84911.056704	
2349.927711	 1.000000	 0.000000	 -0.000000	 0.000000	 -90.000000	 1.260885	 -0.007133	 1.260905	 -0.324126	 0.000000	 0.004047	 0.004047	 90.000000	 1.260885	 -0.007133	 1.260905	 -0.324126	 84912.514131	
2329.851406	 1.000000	 0.000000	 -0.000000	 0.000000	 -90.000000	 1.260930	 -0.007114	 1.260951	 -0.323237	 0.000000	 0.003992	 0.003992	 90.000000	 1.260933	 -0.007112	 1.260953	 -0.323179	 84913.929629	
2309.775100	 1.000000	 0.000000	 -0.000000	 0.000000	 -90.000000	 1.260991	 -0.007121	 1.261011	 -0.323569	 0.000000	 0.003982	 0.003982	 90.000000	 1.260991	 -0.007121	 1.261011	 -0.323569	 84915.367799	
2289.698795	 1.000000	 0.000000	 -0.000000	 0.000000	 -90.000000	 1.261003	 -0.007139	 1.261023	 -0.324349	 0.000000	 0.004010	 0.004010	 90.000000	 1.261002	 -0.007139	 1.261022	 -0.324348	 84916.792102	
2269.622490	 1.000000	 0.000000	 -0.000000	 0.000000	 -90.000000	 1.261066	 -0.007161	 1.261086	 -0.325333	 0.000000	 0.003994	 0.003994	 90.000000	 1.261066	 -0.007161	 1.261086	 -0.325333	 84918.229139	
2249.546185	 1.000000	 0.000000	 -0.000000	 0.000000	 -90.000000	 1.261104	 -0.007210	 1.261125	 -0.327557	 0.000000	 0.003987	 0.003987	 90.000000	 1.261104	 -0.007210	 1.261125	 -0.327557	 84919.676924	
2229.469880	 1.000000	 0.000000	 -0.000000	 0.000000	 -90.000000	 1.261208	 -0.007200	 1.261229	 -0.327105	 0.000000	 0.003985	 0.003985	 90.000000	 1.261208	 -0.007200	 1.261229	 -0.327105	 84921.118985	
2209.393574	 1.000000	 0.000000	 -0.000000	 0.000000	 -90.000000	 1.261202	 -0.007209	 1.261223	 -0.327500	 0.000000	 0.003944	 0.003944	 90.000000	 1.261202	 -0.007209	 1.261223	 -0.327500	 84922.572780	
2189.317269	 1.000000	 0.000000	 -0.000000	 0.000000	 -90.000000	 1.261232	 -0.007244	 1.261253	 -0.329081	 0.000000	 0.003916	 0.003916	 90.000000	 1.261232	 -0.007244	 1.261253	 -0.329066	 84923.994562	
2169.240964	 1.000000	 0.000000	 -0.000000	 0.000000	 -90.000000	 1.261321	 -0.007252	 1.261342	 -0.329441	 0.000000	 0.003899	 0.003899	 90.000000	 1.261321	 -0.007252	 1.261342	 -0.329441	 84925.445379	
2149.164659	 1.000000	 0.000000	 -0.000000	 0.000000	 -90.000000	 1.261322	 -0.007253	 1.261343	 -0.329483	 0.000000	 0.003869	 0.003869	 90.000000	 1.261322	 -0.007253	 1.261343	 -0.329483	 84926.882019	
2129.088353	 1.000000	 0.000000	 -0.000000	 0.000000	 -90.000000	 1.261376	 -0.007295	 1.261397	 -0.331344	 0.000000	 0.003940	 0.003940	 90.000000	 1.261376	 -0.007295	 1.261397	 -0.331344	 84928.294733	
2109.012048	 1.000000	 0.000000	 -0.000000	 0.000000	 -90.000000	 1.261483	 -0.007329	 1.261505	 -0.332868	 0.000000	 0.003876	 0.003876	 90.000000	 1.261483	 -0.007329	 1.261505	 -0.332868	 84929.721927	
2088.935743	 1.000000	 0.000000	 -0.000000	 0.000000	 -90.000000	 1.261485	 -0.007331	 1.261506	 -0.332943	 0.000000	 0.003884	 0.003884	 90.000000	 1.261485	 -0.007331	 1.261506	 -0.332943	 84931.166641	
2068.859438	 1.000000	 0.000000	 -0.000000	 0.000000	 -90.000000	 1.261557	 -0.007360	 1.261578	 -0.334256	 0.000000	 0.003840	 0.003840	 90.000000	 1.261557	 -0.007360	 1.261578	 -0.334256	 84932.604023	
2048.783133	 1.000000	 0.000000	 -0.000000	 0.000000	 -90.000000	 1.261649	 -0.007426	 1.261671	 -0.337239	 0.000000	 0.003855	 0.003855	 90.000000	 1.261648	 -0.007425	 1.261670	 -0.337196	 84934.069718	
2028.706827	 1.000000	 0.000000	 -0.000000	 0.000000	 -90.000000	 1.261693	 -0.007396	 1.261715	 -0.335877	 0.000000	 0.003856	 0.003856	 90.000000	 1.261693	 -0.007396	 1.261715	 -0.335877	 84935.514037	
2008.630522	 1.000000	 0.000000	 -0.000000	 0.000000	 -90.000000	 1.261724	 -0.007411	 1.261746	 -0.336550	 0.000000	 0.003848	 0.003848	 90.000000	 1.261723	 -0.007411	 1.261745	 -0.336556	 84936.977830	
1988.554217	 1.000000	 0.000000	 -0.000000	 0.000000	 -90.000000	 1.261757	 -0.007431	 1.261779	 -0.337423	 0.000000	 0.003869	 0.003869	 90.000000	 1.261757	 -0.007431	 1.261779	 -0.337423	 84938.423904	
1968.477912	 1.000000	 0.000000	 -0.000000	 0.000000	 -90.000000	 1.261815	 -0.007463	 1.261837	 -0.338866	 0.000000	 0.003838	 0.003838	 90.000000	 1.261815	 -0.007463	 1.261837	 -0.338866	 84939.864410	
1948.401606	 1.000000	 0.000000	 -0.000000	 0.000000	 -90.000000	 1.261921	 -0.007402	 1.261943	 -0.336056	 0.000000	 0.003847	 0.003847	 90.000000	 1.261921	 -0.007402	 1.261943	 -0.336056	 84941.316554	
1928.325301	 1.000000	 0.000000	 -0.000000	 0.000000	 -90.000000	 1.262000	 -0.007496	 1.262022	 -0.340329	 0.000000	 0.003749	 0.003749	 90.000000	 1.262000	 -0.007496	 1.262022	 -0.340329	 84942.756830	
1908.248996	 1.000000	 0.000000	 -0.000000	 0.000000	 -90.000000	 1.261974	 -0.007497	 1.261996	 -0.340389	 0.000000	 0.003806	 0.003806	 90.000000	 1.261975	 -0.007496	 1.261997	 -0.340337	 84944.194224	
1888.172691	 1.000000	 0.000000	 -0.000000	 0.000000	 -90.000000	 1.262059	 -0.007548	 1.262082	 -0.342655	 0.000000	 0.003762	 0.003762	 90.000000	 1.262059	 -0.007548	 1.262082	 -0.342655	 84945.659162	
1868.096386	 1.000000	 0.000000	 -0.000000	 0.000000	 -90.000000	 1.262092	 -0.007549	 1.262115	 -0.342692	 0.000000	 0.003714	 0.003714	 90.000000	 1.262092	 -0.007549	 1.262115	 -0.342692	 84947.074336	
1848.020080	 1.000000	 0.000000	 -0.000000	 0.000000	 -90.000000	 1.262231	 -0.007532	 1.262254	 -0.341886	 0.000000	 0.003770	 0.003770	 90.000000	 1.262233	 -0.007530	 1.262255	 -0.341796	 84948.519167	
1827.943775	 1.000000	 0.000000	 -0.000000	 0.000000	 -90.000000	 1.262253	 -0.007613	 1.262276	 -0.345585	 0.000000	 0.003754	 0.003754	 90.000000	 1.262253	 -0.007613	 1.262276	 -0.345585	 84949.957301	
1807.867470	 1.000000	 0.000000	 -0.000000	 0.000000	 -90.000000	 1.262354	 -0.007621	 1.262377	 -0.345893	 0.000000	 0.003755	 0.003755	 90.000000	 1.262352	 -0.007620	 1.262375	 -0.345862	 84951.373487	
1787.791165	 1.000000	 0.000000	 -0.000000	 0.000000	 -90.000000	 1.262410	 -0.007651	 1.262434	 -0.347265	 0.000000	 0.003783	 0.003783	 90.000000	 1.262410	 -0.007651	 1.262433	 -0.347266	 84952.801352	
1767.714859	 1.000000	 0.000000	 -0.000000	 0.000000	 -90.000000	 1.262458	 -0.007697	 1.262481	 -0.349338	 0.000000	 0.003770	 0.003770	 90.000000	 1.262458	 -0.007697	 1.262481	 -0.349338	 84954.248422	
1747.638554	 1.000000	 0.000000	 -0.000000	 0.000000	 -90.000000	 1.262573	 -0.007660	 1.262596	 -0.347602	 0.000000	 0.003742	 0.003742	 90.000000	 1.262571	 -0.007657	 1.262595	 -0.347490	 84955.688746	
1727.562249	 1.000000	 0.000000	 -0.000000	 0.000000	 -90.000000	 1.262761	 -0.007778	 1.262785	 -0.352896	 0.000000	 0.003774	 0.003774	 90.000000	 1.262761	 -0.007778	 1.262785	 -0.352896	 84957.134369	
1707.485944	 1.000000	 0.000000	 -0.000000	 0.000000	 -90.000000	 1.262734	 -0.007736	 1.262758	 -0.351026	 0.000000	 0.003714	 0.003714	 90.000000	 1.262735	 -0.007738	 1.262759	 -0.351092	 84958.577830	
1687.409639	 1.000000	 0.000000	 -0.000000	 0.000000	 -90.000000	 1.262769	 -0.007795	 1.262793	 -0.353697	 0.000000	 0.003705	 0.003705	 90.000000	 1.262769	 -0.007795	 1.262793	 -0.353697	 84960.036185	
1667.333333	 1.000000	 0.000000	 -0.000000	 0.000000	 -90.000000	 1.262970	 -0.007766	 1.262994	 -0.352329	 0.000000	 0.003674	 0.003674	 90.000000	 1.262971	 -0.007766	 1.262995	 -0.352320	 84961.489339	
1647.257028	 1.000000	 0.000000	 -0.000000	 0.000000	 -90.000000	 1.262965	 -0.007796	 1.262989	 -0.353675	 0.000000	 0.003691	 0.003691	 90.000000	 1.262965	 -0.007796	 1.262989	 -0.353675	 84962.924457	
1627.180723	 1.000000	 0.000000	 -0.000000	 0.000000	 -90.000000	 1.263069	 -0.007840	 1.263094	 -0.355615	 0.000000	 0.003672	 0.003672	 90.000000	 1.263069	 -0.007840	 1.263094	 -0.355615	 84964.358534	
1607.104418	 1.000000	 0.000000	 -0.000000	 0.000000	 -90.000000	 1.263117	 -0.007831	 1.263141	 -0.355213	 0.000000	 0.003728	 0.003728	 90.000000	 1.263117	 -0.007831	 1.263141	 -0.355213	 84965.784494	
1587.028112	 1.000000	 0.000000	 -0.000000	 0.000000	 -90.000000	 1.263164	 -0.007890	 1.263189	 -0.357884	 0.000000	 0.003663	 0.003663	 90.000000	 1.263164	 -0.007890	 1.263189	 -0.357884	 84967.243380	
1566.951807	 1.000000	 0.000000	 -0.000000	 0.000000	 -90.000000	 1.263256	 -0.007890	 1.263280	 -0.357852	 0.000000	 0.003618	 0.003618	 90.000000	 1.263256	 -0.007893	 1.263281	 -0.357986	 84968.698770	
1546.875502	 1.000000	 0.000000	 -0.000000	 0.000000	 -90.000000	 1.263575	 -0.007915	 1.263600	 -0.358897	 0.000000	 0.003675	 0.003675	 90.000000	 1.263575	 -0.007915	 1.263600	 -0.358897	 84970.154637	
1526.799197	 1.000000	 0.000000	 -0.000000	 0.000000	 -90.000000	 1.263562	 -0.007945	 1.263587	 -0.360242	 0.000000	 0.003600	 0.003600	 90.000000	 1.263562	 -0.007945	 1.263587	 -0.360242	 84971.592395	
1506.722892	 1.000000	 0.000000	 -0.000000	 0.000000	 -90.000000	 1.263627	 -0.007888	 1.263652	 -0.357669	 0.000000	 0.003626	 0.003626	 90.000000	 1.263630	 -0.007885	 1.263654	 -0.357500	 84973.033490	
1486.646586	 1.000000	 0.000000	 -0.000000	 0.000000	 -90.000000	 1.263761	 -0.007952	 1.263786	 -0.360530	 0.000000	 0.003619	 0.003619	 90.000000	 1.263761	 -0.007952	 1.263786	 -0.360530	 84974.474173	
1466.570281	 1.000000	 0.000000	 -0.000000	 0.000000	 -90.000000	 1.263788	 -0.007993	 1.263813	 -0.362391	 0.000000	 0.003641	 0.003641	 90.000000	 1.263788	 -0.007993	 1.263813	 -0.362391	 84975.915167	
1446.493976	 1.000000	 0.000000	 -0.000000	 0.000000	 -90.000000	 1.263935	 -0.008052	 1.263960	 -0.365024	 0.000000	 0.003656	 0.003656	 90.000000	 1.263927	 -0.008052	 1.263953	 -0.364997	 84977.371046	
1426.417671	 1.000000	 0.000000	 -0.000000	 0.000000	 -90.000000	 1.264069	 -0.008050	 1.264095	 -0.364863	 0.000000	 0.003593	 0.003593	 90.000000	 1.264069	 -0.008050	 1.264095	 -0.364863	 84978.796919	
1406.341365	 1.000000	 0.000000	 -0.000000	 0.000000	 -90.000000	 1.264159	 -0.008002	 1.264185	 -0.362657	 0.000000	 0.003607	 0.003607	 90.000000	 1.264159	 -0.008002	 1.264185	 -0.362657	 84980.235399	
1386.265060	 1.000000	 0.000000	 -0.000000	 0.000000	 -90.000000	 1.264219	 -0.008052	 1.264244	 -0.364934	 0.000000	 0.003583	 0.003583	 90.000000	 1.264219	 -0.008052	 1.264244	 -0.364934	 84981.673245	
1366.188755	 1.000000	 0.000000	 -0.000000	 0.000000	 -90.000000	 1.264333	 -0.008060	 1.264359	 -0.365239	 0.000000	 0.003606	 0.003606	 90.000000	 1.264333	 -0.008060	 1.264359	 -0.365239	 84983.111882	
1346.112450	 1.000000	 0.000000	 -0.000000	 0.000000	 -90.000000	 1.264384	 -0.008075	 1.264409	 -0.365935	 0.000000	 0.003629	 0.003629	 90.000000	 1.264384	 -0.008075	 1.264409	 -0.365935	 84984.558188	
1326.036145	 1.000000	 0.000000	 -0.000000	 0.000000	 -90.000000	 1.264606	 -0.008120	 1.264632	 -0.367888	 0.000000	 0.003619	 0.003619	 90.000000	 1.264606	 -0.008120	 1.264632	 -0.367888	 84986.016656	
1305.959839	 1.000000	 0.000000	 -0.000000	 0.000000	 -90.000000	 1.264713	 -0.008098	 1.264739	 -0.366872	 0.000000	 0.003592	 0.003592	 90.000000	 1.264711	 -0.008101	 1.264737	 -0.366976	 84987.448084	
1285.883534	 1.000000	 0.000000	 -0.000000	 0.000000	 -90.000000	 1.264877	 -0.008145	 1.264903	 -0.368938	 0.000000	 0.003566	 0.003566	 90.000000	 1.264877	 -0.008145	 1.264903	 -0.368938	 84988.897697	
1265.807229	 1.000000	 0.000000	 -0.000000	 0.000000	 -90.000000	 1.265011	 -0.008154	 1.265037	 -0.369325	 0.000000	 0.003624	 0.003624	 90.000000	 1.265011	 -0.008154	 1.265037	 -0.369325	 84990.337557	
1245.730924	 1.000000	 0.000000	 -0.000000	 0.000000	 -90.000000	 1.265182	 -0.008083	 1.265208	 -0.366050	 0.000000	 0.003583	 0.003583	 90.000000	 1.265182	 -0.008083	 1.265208	 -0.366050	 84991.769530	
1225.654618	 1.000000	 0.000000	 -0.000000	 0.000000	 -90.000000	 1.265209	 -0.008178	 1.265235	 -0.370337	 0.000000	 0.003618	 0.003618	 90.000000	 1.265209	 -0.008178	 1.265235	 -0.370337	 84993.228756	
1205.578313	 1.000000	 0.000000	 -0.000000	 0.000000	 -90.000000	 1.265455	 -0.008190	 1.265482	 -0.370823	 0.000000	 0.003601	 0.003601	 90.000000	 1.265455	 -0.008190	 1.265482	 -0.370823	 84994.663706	
1185.502008	 1.000000	 0.000000	 -0.000000	 0.000000	 -90.000000	 1.265637	 -0.008181	 1.265663	 -0.370346	 0.000000	 0.003625	 0.003625	 90.000000	 1.265637	 -0.008181	 1.265663	 -0.370346	 84996.080030	
1165.425703	 1.000000	 0.000000	 -0.000000	 0.000000	 -90.000000	 1.265726	 -0.008175	 1.265752	 -0.370050	 0.000000	 0.003599	 0.003599	 90.000000	 1.265726	 -0.008175	 1.265752	 -0.370050	 84997.527785	
1145.349398	 1.000000	 0.000000	 -0.000000	 0.000000	 -90.000000	 1.266003	 -0.008234	 1.266030	 -0.372638	 0.000000	 0.003585	 0.003585	 90.000000	 1.266003	 -0.008234	 1.266030	 -0.372638	 84998.986887	
1125.273092	 1.000000	 0.000000	 -0.000000	 0.000000	 -90.000000	 1.266040	 -0.008176	 1.266067	 -0.370019	 0.000000	 0.003571	 0.003571	 90.000000	 1.266040	 -0.008176	 1.266067	 -0.370019	 85000.396776	
1105.196787	 1.000000	 0.000000	 -0.000000	 0.000000	 -90.000000	 1.266223	 -0.008222	 1.266250	 -0.372040	 0.000000	 0.003593	 0.003593	 90.000000	 1.266223	 -0.008222	 1.266250	 -0.372040	 85001.808925	
1085.120482	 1.000000	 0.000000	 -0.000000	 0.000000	 -90.000000	 1.266338	 -0.008179	 1.266364	 -0.370034	 0.000000	 0.003564	 0.003564	 90.000000	 1.266338	 -0.008179	 1.266364	 -0.370034	 85003.244040	
1065.044177	 1.000000	 0.000000	 -0.000000	 0.000000	 -90.000000	 1.266564	 -0.008185	 1.266590	 -0.370275	 0.000000	 0.003602	 0.003602	 90.000000	 1.266564	 -0.008185	 1.266590	 -0.370275	 85004.684937	
1044.967871	 1.000000	 0.000000	 -0.000000	 0.000000	 -90.000000	 1.266827	 -0.008143	 1.266853	 -0.368294	 0.000000	 0.003556	 0.003556	 90.000000	 1.266827	 -0.008143	 1.266853	 -0.368294	 85006.115500	
1024.891566	 1.000000	 0.000000	 -0.000000	 0.000000	 -90.000000	 1.266946	 -0.008158	 1.266973	 -0.368950	 0.000000	 0.003533	 0.003533	 90.000000	 1.266946	 -0.008158	 1.266973	 -0.368950	 85007.574665	
1004.815261	 1.000000	 0.000000	 -0.000000	 0.000000	 -90.000000	 1.267075	 -0.008138	 1.267101	 -0.367977	 0.000000	 0.003591	 0.003591	 90.000000	 1.267075	 -0.008138	 1.267101	 -0.367977	 85009.011262	
984.738956	 1.000000	 0.000000	 -0.000000	 0.000000	 -90.000000	 1.267323	 -0.008133	 1.267349	 -0.367700	 0.000000	 0.003545	 0.003545	 90.000000	 1.267322	 -0.008133	 1.267349	 -0.367687	 85010.453306	
964.662651	 1.000000	 0.000000	 -0.000000	 0.000000	 -90.000000	 1.267568	 -0.008101	 1.267593	 -0.366170	 0.000000	 0.003538	 0.003538	 90.000000	 1.267568	 -0.008101	 1.267593	 -0.366170	 85011.867258	
944.586345	 1.000000	 0.000000	 -0.000000	 0.000000	 -90.000000	 1.267750	 -0.008063	 1.267776	 -0.364391	 0.000000	 0.003577	 0.003577	 90.000000	 1.267750	 -0.008063	 1.267776	 -0.364391	 85013.313264	
924.510040	 1.000000	 0.000000	 -0.000000	 0.000000	 -90.000000	 1.268041	 -0.008024	 1.268066	 -0.362556	 0.000000	 0.003550	 0.003550	 90.000000	 1.268041	 -0.008024	 1.268066	 -0.362556	 85014.746190	
904.433735	 1.000000	 0.000000	 -0.000000	 0.000000	 -90.000000	 1.268222	 -0.008032	 1.268247	 -0.362864	 0.000000	 0.003541	 0.003541	 90.000000	 1.268222	 -0.008032	 1.268247	 -0.362864	 85016.225401	
884.357430	 1.000000	 0.000000	 -0.000000	 0.000000	 -90.000000	 1.268511	 -0.007913	 1.268536	 -0.357385	 0.000000	 0.003510	 0.003510	 90.000000	 1.268511	 -0.007913	 1.268536	 -0.357385	 85017.670898	
864.281124	 1.000000	 0.000000	 -0.000000	 0.000000	 -90.000000	 1.268772	 -0.007861	 1.268796	 -0.355002	 0.000000	 0.003552	 0.003552	 90.000000	 1.268772	 -0.007861	 1.268796	 -0.355002	 85019.102535	
844.204819	 1.000000	 0.000000	 -0.000000	 0.000000	 -90.000000	 1.268913	 -0.007717	 1.268937	 -0.348456	 0.000000	 0.003522	 0.003522	 90.000000	 1.268913	 -0.007717	 1.268937	 -0.348456	 85020.596832	
824.128514	 1.000000	 0.000000	 -0.000000	 0.000000	 -90.000000	 1.269257	 -0.007729	 1.269281	 -0.348894	 0.000000	 0.003457	 0.003457	 90.000000	 1.269257	 -0.007729	 1.269281	 -0.348894	 85022.033825	
804.052209	 1.000000	 0.000000	 -0.000000	 0.000000	 -90.000000	 1.269586	 -0.007633	 1.269609	 -0.344454	 0.000000	 0.003558	 0.003558	 90.000000	 1.269586	 -0.007633	 1.269609	 -0.344454	 85023.483614	
783.975904	 1.000000	 0.000000	 -0.000000	 0.000000	 -90.000000	 1.269812	 -0.007567	 1.269835	 -0.341415	 0.000000	 0.003525	 0.003525	 90.000000	 1.269812	 -0.007567	 1.269835	 -0.341415	 85024.914386	
763.899598	 1.000000	 0.000000	 -0.000000	 0.000000	 -90.000000	 1.270106	 -0.007443	 1.270128	 -0.335767	 0.000000	 0.003562	 0.003562	 90.000000	 1.270097	 -0.007435	 1.270119	 -0.335417	 85026.335512	
743.823293	 1.000000	 0.000000	 -0.000000	 0.000000	 -90.000000	 1.270326	 -0.007516	 1.270348	 -0.338972	 0.000000	 0.003572	 0.003572	 90.000000	 1.270326	 -0.007516	 1.270348	 -0.338972	 85027.760872	
723.746988	 1.000000	 0.000000	 -0.000000	 0.000000	 -90.000000	 1.270762	 -0.007213	 1.270782	 -0.325213	 0.000000	 0.003544	 0.003544	 90.000000	 1.270762	 -0.007213	 1.270782	 -0.325213	 85029.206715	
703.670683	 1.000000	 0.000000	 -0.000000	 0.000000	 -90.000000	 1.271101	 -0.007156	 1.271121	 -0.322551	 0.000000	 0.003530	 0.003530	 90.000000	 1.271101	 -0.007156	 1.271121	 -0.322551	 85030.663067	
683.594378	 1.000000	 0.000000	 -0.000000	 0.000000	 -90.000000	 1.271421	 -0.006909	 1.271440	 -0.311351	 0.000000	 0.003530	 0.003530	 90.000000	 1.271421	 -0.006909	 1.271440	 -0.311351	 85032.112743	
663.518072	 1.000000	 0.000000	 -0.000000	 0.000000	 -90.000000	 1.271805	 -0.006743	 1.271822	 -0.303759	 0.000000	 0.003492	 0.003492	 90.000000	 1.271804	 -0.006744	 1.271822	 -0.303814	 85033.542332	
643.441767	 1.000000	 0.000000	 -0.000000	 0.000000	 -90.000000	 1.272089	 -0.006447	 1.272106	 -0.290389	 0.000000	 0.003489	 0.003489	 90.000000	 1.272089	 -0.006447	 1.272106	 -0.290389	 85034.992165	
623.365462	 1.000000	 0.000000	 -0.000000	 0.000000	 -90.000000	 1.272549	 -0.006294	 1.272565	 -0.283392	 0.000000	 0.003483	 0.003483	 90.000000	 1.272549	 -0.006294	 1.272565	 -0.283391	 85036.447030	
603.289157	 1.000000	 0.000000	 -0.000000	 0.000000	 -90.000000	 1.273044	 -0.006040	 1.273059	 -0.271828	 0.000000	 0.003471	 0.003471	 90.000000	 1.273044	 -0.006040	 1.273059	 -0.271828	 85037.878552	
583.212851	 1.000000	 0.000000	 -0.000000	 0.000000	 -90.000000	 1.273324	 -0.005792	 1.273337	 -0.260630	 0.000000	 0.003449	 0.003449	 90.000000	 1.273324	 -0.005792	 1.273337	 -0.260630	 85039.327114	
563.136546	 1.000000	 0.000000	 -0.000000	 0.000000	 -90.000000	 1.273768	 -0.005475	 1.273779	 -0.246250	 0.000000	 0.003462	 0.003462	 90.000000	 1.273768	 -0.005475	 1.273779	 -0.246250	 85040.769378	
543.060241	 1.000000	 0.000000	 -0.000000	 0.000000	 -90.000000	 1.274171	 -0.005180	 1.274181	 -0.232923	 0.000000	 0.003495	 0.003495	 90.000000	 1.274152	 -0.005169	 1.274162	 -0.232441	 85042.258559	
522.983936	 1.000000	 0.000000	 -0.000000	 0.000000	 -90.000000	 1.274668	 -0.004767	 1.274677	 -0.214264	 0.000000	 0.003452	 0.003452	 90.000000	 1.274668	 -0.004767	 1.274677	 -0.214264	 85043.705310	
502.907631	 1.000000	 0.000000	 -0.000000	 0.000000	 -90.000000	 1.275069	 -0.004267	 1.275076	 -0.191734	 0.000000	 0.003435	 0.003435	 90.000000	 1.275059	 -0.004272	 1.275066	 -0.191974	 85045.097449	
482.831325	 1.000000	 0.000000	 -0.000000	 0.000000	 -90.000000	 1.275614	 -0.003887	 1.275620	 -0.174598	 0.000000	 0.003442	 0.003442	 90.000000	 1.275613	 -0.003888	 1.275619	 -0.174620	 85046.540720	
462.755020	 1.000000	 0.000000	 -0.000000	 0.000000	 -90.000000	 1.276112	 -0.003360	 1.276116	 -0.150859	 0.000000	 0.003464	 0.003464	 90.000000	 1.276112	 -0.003360	 1.276116	 -0.150859	 85047.956384	
442.678715	 1.000000	 0.000000	 -0.000000	 0.000000	 -90.000000	 1.276367	 -0.002741	 1.276370	 -0.123040	 0.000000	 0.003440	 0.003440	 90.000000	 1.276367	 -0.002741	 1.276370	 -0.123040	 85049.391149	
422.602410	 1.000000	 0.000000	 -0.000000	 0.000000	 -90.000000	 1.277143	 -0.002161	 1.277145	 -0.096926	 0.000000	 0.003428	 0.003428	 90.000000	 1.277143	 -0.002161	 1.277145	 -0.096926	 85050.883374	
402.526104	 1.000000	 0.000000	 -0.000000	 0.000000	 -90.000000	 1.277568	 -0.001450	 1.277569	 -0.065046	 0.000000	 0.003448	 0.003448	 90.000000	 1.277568	 -0.001450	 1.277569	 -0.065046	 85052.314073	
382.449799	 1.000000	 0.000000	 -0.000000	 0.000000	 -90.000000	 1.278215	 -0.000670	 1.278215	 -0.030043	 0.000000	 0.003444	 0.003444	 90.000000	 1.278215	 -0.000670	 1.278215	 -0.030043	 85053.772653	
362.373494	 1.000000	 0.000000	 -0.000000	 0.000000	 -90.000000	 1.278769	 0.000225	 1.278769	 0.010098	 0.000000	 0.003370	 0.003370	 90.000000	 1.278769	 0.000225	 1.278769	 0.010098	 85055.194850	
342.297189	 1.000000	 0.000000	 -0.000000	 0.000000	 -90.000000	 1.279691	 0.001251	 1.279692	 0.055994	 0.000000	 0.003420	 0.003420	 90.000000	 1.279776	 0.001005	 1.279776	 0.044989	 85056.636034	
322.220884	 1.000000	 0.000000	 -0.000000	 0.000000	 -90.000000	 1.279856	 0.002340	 1.279858	 0.104755	 0.000000	 0.003410	 0.003410	 90.000000	 1.279856	 0.002340	 1.279858	 0.104755	 85058.058838	
302.144578	 1.000000	 0.000000	 -0.000000	 0.000000	 -90.000000	 1.280248	 0.003695	 1.280254	 0.165367	 0.000000	 0.003345	 0.003345	 90.000000	 1.280248	 0.003695	 1.280254	 0.165367	 85059.495300	
282.068273	 1.000000	 0.000000	 -0.000000	 0.000000	 -90.000000	 1.280957	 0.005058	 1.280967	 0.226249	 0.000000	 0.003388	 0.003388	 90.000000	 1.280955	 0.005055	 1.280965	 0.226091	 85060.959427	
261.991968	 1.000000	 0.000000	 -0.000000	 0.000000	 -90.000000	 1.281615	 0.006758	 1.281633	 0.302109	 0.000000	 0.003360	 0.003360	 90.000000	 1.281615	 0.006758	 1.281633	 0.302109	 85062.407813	
241.915663	 1.000000	 0.000000	 -0.000000	 0.000000	 -90.000000	 1.281845	 0.009014	 1.281877	 0.402908	 0.000000	 0.003393	 0.003393	 90.000000	 1.281845	 0.009014	 1.281877	 0.402908	 85063.865158	
221.839357	 1.000000	 0.000000	 -0.000000	 0.000000	 -90.000000	 1.282611	 0.010939	 1.282658	 0.488666	 0.000000	 0.003370	 0.003370	 90.000000	 1.282611	 0.010939	 1.282658	 0.488666	 85065.291917	
201.763052	 1.000000	 0.000000	 -0.000000	 0.000000	 -90.000000	 1.283319	 0.013162	 1.283387	 0.587638	 0.000000	 0.003404	 0.003404	 90.000000	 1.283319	 0.013162	 1.283387	 0.587638	 85066.712760	
181.686747	 1.000000	 0.000000	 -0.000000	 0.000000	 -90.000000	 1.283592	 0.016767	 1.283701	 0.748384	 0.000000	 0.003381	 0.003381	 90.000000	 1.283593	 0.016770	 1.283702	 0.748519	 85068.167019	
161.610442	 1.000000	 0.000000	 -0.000000	 0.000000	 -90.000000	 1.284058	 0.020572	 1.284223	 0.917882	 0.000000	 0.003365	 0.003365	 90.000000	 1.284058	 0.020572	 1.284223	 0.917882	 85069.610682	
141.534137	 1.000000	 0.000000	 -0.000000	 0.000000	 -90.000000	 1.284076	 0.025217	 1.284324	 1.125025	 0.000000	 0.003416	 0.003416	 90.000000	 1.284076	 0.025217	 1.284324	 1.125025	 85071.030621	
121.457831	 1.000000	 0.000000	 -0.000000	 0.000000	 -90.000000	 1.284081	 0.031890	 1.284477	 1.422663	 0.000000	 0.003380	 0.003380	 90.000000	 1.284081	 0.031890	 1.284477	 1.422663	 85072.447550	
101.381526	 1.000000	 0.000000	 -0.000000	 0.000000	 -90.000000	 1.283553	 0.040581	 1.284194	 1.810856	 0.000000	 0.003727	 0.003727	 90.000000	 1.283553	 0.040581	 1.284194	 1.810856	 85073.886854	
81.305221	 1.000000	 0.000000	 -0.000000	 0.000000	 -90.000000	 1.281878	 0.052943	 1.282971	 2.365046	 0.000000	 0.003423	 0.003423	 90.000000	 1.281878	 0.052943	 1.282971	 2.365046	 85075.292109	
61.228916	 1.000000	 0.000000	 -0.000000	 0.000000	 -90.000000	 1.277045	 0.070716	 1.279001	 3.169517	 0.000000	 0.003265	 0.003265	 90.000000	 1.277045	 0.070716	 1.279001	 3.169517	 85076.742671	
41.152610	 1.000000	 0.000000	 -0.000000	 0.000000	 -90.000000	 1.277950	 0.106119	 1.282348	 4.746857	 0.000000	 0.003283	 0.003283	 90.000000	 1.277950	 0.106119	 1.282348	 4.746857	 85078.178500	
21.076305	 1.000000	 0.000000	 -0.000000	 0.000000	 -90.000000	 1.217077	 0.186621	 1.231302	 8.717571	 0.000000	 0.001956	 0.001956	 90.000000	 1.217135	 0.186614	 1.231358	 8.716850	 85079.635078	
1.000000	 1.000000	 0.000000	 -0.000000	 0.000000	 -90.000000	 0.322577	 -0.187836	 0.373281	 -30.212139	 0.000000	 0.383649	 0.383649	 90.000000	 0.322577	 -0.187836	 0.373281	 -30.212139	 85081.100366	
