# Oscilator_frequency (Hz)	DemodAll_A (-)	Demod_1_X_A (A)	Demod_1_Y_A (A)	Demod_1__R_A (A)	Demod_1__Theta_A (deg)	Demod_2_X_A (A)	Demod_2_Y_A (A)	Demod_2__R_A (A)	Demod_2__Theta_A (deg)	Demod_3_X_A (V)	Demod_3_Y_A (V)	Demod_3__R_A (V)	Demod_3__Theta_A (deg)	Demod_4_X_A (V)	Demod_4_Y_A (V)	Demod_4__R_A (V)	Demod_4__Theta_A (deg)	Timer_GET (s)	
500.000000	 1.000000	 0.000000	 -0.000000	 0.000000	 -90.000000	 1.569615	 -0.005874	 1.569626	 -0.214425	 0.000000	 0.014891	 0.014891	 90.000000	 1.569615	 -0.005874	 1.569626	 -0.214425	 178660.528184	
497.995984	 1.000000	 0.000000	 -0.000000	 0.000000	 -90.000000	 1.569757	 -0.005815	 1.569767	 -0.212261	 0.000000	 0.013636	 0.013636	 90.000000	 1.569757	 -0.005815	 1.569767	 -0.212261	 178661.946595	
495.991968	 1.000000	 0.000000	 -0.000001	 0.000001	 -90.000000	 1.569738	 -0.005757	 1.569748	 -0.210120	 0.000000	 0.013759	 0.013759	 90.000000	 1.569738	 -0.005757	 1.569748	 -0.210120	 178663.423341	
493.987952	 1.000000	 0.000000	 -0.000000	 0.000000	 -90.000000	 1.569837	 -0.005743	 1.569847	 -0.209610	 0.000000	 0.012682	 0.012682	 90.000000	 1.569837	 -0.005743	 1.569847	 -0.209610	 178664.900109	
491.983936	 1.000000	 0.000000	 -0.000000	 0.000000	 -90.000000	 1.569806	 -0.005663	 1.569816	 -0.206697	 0.000000	 0.012215	 0.012215	 90.000000	 1.569805	 -0.005664	 1.569816	 -0.206724	 178666.333632	
489.979920	 1.000000	 0.000000	 -0.000001	 0.000001	 -90.000000	 1.569848	 -0.005590	 1.569858	 -0.204012	 0.000000	 0.011012	 0.011012	 90.000000	 1.569848	 -0.005590	 1.569858	 -0.204012	 178667.779156	
487.975904	 1.000000	 0.000000	 -0.000000	 0.000000	 -90.000000	 1.569900	 -0.005550	 1.569910	 -0.202539	 0.000000	 0.010877	 0.010877	 90.000000	 1.569900	 -0.005550	 1.569910	 -0.202539	 178669.215448	
485.971888	 1.000000	 0.000000	 -0.000000	 0.000000	 -90.000000	 1.570003	 -0.005491	 1.570012	 -0.200393	 0.000000	 0.011484	 0.011484	 90.000000	 1.570003	 -0.005491	 1.570012	 -0.200393	 178670.686651	
483.967871	 1.000000	 0.000000	 -0.000000	 0.000000	 -90.000000	 1.570042	 -0.005418	 1.570052	 -0.197707	 0.000000	 0.009696	 0.009696	 90.000000	 1.570042	 -0.005418	 1.570052	 -0.197707	 178672.151636	
481.963855	 1.000000	 0.000000	 -0.000000	 0.000000	 -90.000000	 1.570069	 -0.005352	 1.570078	 -0.195296	 0.000000	 0.009223	 0.009223	 90.000000	 1.570069	 -0.005352	 1.570078	 -0.195296	 178673.584275	
479.959839	 1.000000	 0.000000	 -0.000000	 0.000000	 -90.000000	 1.570145	 -0.005299	 1.570154	 -0.193364	 0.000000	 0.008947	 0.008947	 90.000000	 1.570145	 -0.005299	 1.570154	 -0.193364	 178675.052245	
477.955823	 1.000000	 0.000000	 -0.000000	 0.000000	 -90.000000	 1.570201	 -0.005230	 1.570210	 -0.190857	 0.000000	 0.008568	 0.008568	 90.000000	 1.570201	 -0.005230	 1.570210	 -0.190857	 178676.491202	
475.951807	 1.000000	 0.000000	 -0.000000	 0.000000	 -90.000000	 1.570227	 -0.005183	 1.570236	 -0.189128	 0.000000	 0.008539	 0.008539	 90.000000	 1.570227	 -0.005183	 1.570236	 -0.189128	 178677.944358	
473.947791	 1.000000	 0.000000	 -0.000000	 0.000000	 -90.000000	 1.570348	 -0.005112	 1.570356	 -0.186533	 0.000000	 0.007928	 0.007928	 90.000000	 1.570348	 -0.005112	 1.570356	 -0.186533	 178679.381455	
471.943775	 1.000000	 0.000000	 -0.000000	 0.000000	 -90.000000	 1.570399	 -0.005047	 1.570407	 -0.184137	 0.000000	 0.007687	 0.007687	 90.000000	 1.570399	 -0.005047	 1.570407	 -0.184131	 178680.818175	
469.939759	 1.000000	 0.000000	 -0.000000	 0.000000	 -90.000000	 1.570448	 -0.004976	 1.570456	 -0.181543	 0.000000	 0.007332	 0.007332	 90.000000	 1.570448	 -0.004976	 1.570456	 -0.181543	 178682.288402	
467.935743	 1.000000	 0.000000	 -0.000000	 0.000000	 -90.000000	 1.570515	 -0.004935	 1.570523	 -0.180032	 0.000000	 0.007096	 0.007096	 90.000000	 1.570515	 -0.004935	 1.570523	 -0.180032	 178683.711974	
465.931727	 1.000000	 0.000000	 -0.000000	 0.000000	 -90.000000	 1.570528	 -0.004857	 1.570535	 -0.177209	 0.000000	 0.006910	 0.006910	 90.000000	 1.570528	 -0.004857	 1.570535	 -0.177209	 178685.168293	
463.927711	 1.000000	 0.000000	 -0.000000	 0.000000	 -90.000000	 1.570617	 -0.004792	 1.570624	 -0.174798	 0.000000	 0.006678	 0.006678	 90.000000	 1.570617	 -0.004792	 1.570624	 -0.174798	 178686.655818	
461.923695	 1.000000	 0.000000	 -0.000000	 0.000000	 -90.000000	 1.570645	 -0.004728	 1.570652	 -0.172477	 0.000000	 0.006395	 0.006395	 90.000000	 1.570645	 -0.004728	 1.570652	 -0.172477	 178688.084467	
459.919679	 1.000000	 0.000000	 -0.000000	 0.000000	 -90.000000	 1.570752	 -0.004690	 1.570759	 -0.171066	 0.000000	 0.006191	 0.006191	 90.000000	 1.570752	 -0.004690	 1.570759	 -0.171066	 178689.531874	
457.915663	 1.000000	 0.000000	 -0.000000	 0.000000	 -90.000000	 1.570768	 -0.004685	 1.570775	 -0.170884	 0.000000	 0.005706	 0.005706	 90.000000	 1.570782	 -0.004703	 1.570789	 -0.171529	 178690.974858	
455.911647	 1.000000	 0.000000	 -0.000000	 0.000000	 -90.000000	 1.570775	 -0.004686	 1.570782	 -0.170917	 0.000000	 0.005664	 0.005664	 90.000000	 1.570775	 -0.004686	 1.570782	 -0.170917	 178692.409122	
453.907631	 1.000000	 0.000000	 -0.000000	 0.000000	 -90.000000	 1.570432	 -0.004288	 1.570438	 -0.156445	 0.000000	 0.005639	 0.005639	 90.000000	 1.570432	 -0.004288	 1.570438	 -0.156445	 178693.852593	
451.903614	 1.000000	 0.000000	 -0.000000	 0.000000	 -90.000000	 1.571655	 -0.004794	 1.571662	 -0.174776	 0.000000	 0.005511	 0.005511	 90.000000	 1.571655	 -0.004794	 1.571662	 -0.174776	 178695.348271	
449.899598	 1.000000	 0.000000	 -0.000000	 0.000000	 -90.000000	 1.571036	 -0.003401	 1.571040	 -0.124031	 0.000000	 0.005344	 0.005344	 90.000000	 1.571036	 -0.003401	 1.571040	 -0.124031	 178696.797896	
447.895582	 1.000000	 0.000000	 -0.000000	 0.000000	 -90.000000	 1.570254	 -0.004056	 1.570259	 -0.148002	 0.000000	 0.005207	 0.005207	 90.000000	 1.570254	 -0.004056	 1.570259	 -0.148002	 178698.234700	
445.891566	 1.000000	 0.000000	 -0.000000	 0.000000	 -90.000000	 1.570766	 -0.004419	 1.570772	 -0.161195	 0.000000	 0.005056	 0.005056	 90.000000	 1.570766	 -0.004419	 1.570772	 -0.161195	 178699.692784	
443.887550	 1.000000	 0.000000	 -0.000000	 0.000000	 -90.000000	 1.570967	 -0.004273	 1.570973	 -0.155843	 0.000000	 0.004918	 0.004918	 90.000000	 1.570967	 -0.004273	 1.570973	 -0.155843	 178701.122514	
441.883534	 1.000000	 0.000000	 -0.000000	 0.000000	 -90.000000	 1.571168	 -0.004105	 1.571173	 -0.149681	 0.000000	 0.004794	 0.004794	 90.000000	 1.571168	 -0.004105	 1.571173	 -0.149681	 178702.580714	
439.879518	 1.000000	 0.000000	 -0.000000	 0.000000	 -90.000000	 1.571273	 -0.003969	 1.571278	 -0.144718	 0.000000	 0.004676	 0.004676	 90.000000	 1.571273	 -0.003969	 1.571278	 -0.144718	 178704.021978	
437.875502	 1.000000	 0.000000	 -0.000000	 0.000000	 -90.000000	 1.571403	 -0.003881	 1.571408	 -0.141500	 0.000000	 0.004575	 0.004575	 90.000000	 1.571403	 -0.003881	 1.571408	 -0.141500	 178705.496771	
435.871486	 1.000000	 0.000000	 -0.000000	 0.000000	 -90.000000	 1.571417	 -0.003790	 1.571422	 -0.138202	 0.000000	 0.004522	 0.004522	 90.000000	 1.571417	 -0.003790	 1.571422	 -0.138202	 178706.943280	
433.867470	 1.000000	 0.000000	 -0.000000	 0.000000	 -90.000000	 1.571523	 -0.003722	 1.571527	 -0.135716	 0.000000	 0.004430	 0.004430	 90.000000	 1.571523	 -0.003722	 1.571527	 -0.135716	 178708.418475	
431.863454	 1.000000	 0.000000	 -0.000000	 0.000000	 -90.000000	 1.571520	 -0.003637	 1.571524	 -0.132592	 0.000000	 0.004364	 0.004364	 90.000000	 1.571520	 -0.003637	 1.571524	 -0.132592	 178709.837957	
429.859438	 1.000000	 0.000000	 -0.000000	 0.000000	 -90.000000	 1.571656	 -0.003563	 1.571660	 -0.129891	 0.000000	 0.004275	 0.004275	 90.000000	 1.571656	 -0.003563	 1.571660	 -0.129891	 178711.249586	
427.855422	 1.000000	 0.000000	 -0.000000	 0.000000	 -90.000000	 1.571710	 -0.003497	 1.571714	 -0.127468	 0.000000	 0.003878	 0.003878	 90.000000	 1.571709	 -0.003497	 1.571713	 -0.127489	 178712.675458	
425.851406	 1.000000	 0.000000	 -0.000000	 0.000000	 -90.000000	 1.571693	 -0.003395	 1.571697	 -0.123749	 0.000000	 0.004124	 0.004124	 90.000000	 1.571693	 -0.003395	 1.571697	 -0.123749	 178714.122937	
423.847390	 1.000000	 0.000000	 -0.000000	 0.000000	 -90.000000	 1.571828	 -0.003323	 1.571831	 -0.121141	 0.000000	 0.004423	 0.004423	 90.000000	 1.571828	 -0.003323	 1.571831	 -0.121141	 178715.555021	
421.843373	 1.000000	 0.000000	 -0.000000	 0.000000	 -90.000000	 1.571861	 -0.003252	 1.571864	 -0.118551	 0.000000	 0.003973	 0.003973	 90.000000	 1.571861	 -0.003252	 1.571864	 -0.118541	 178716.984579	
419.839357	 1.000000	 0.000000	 -0.000000	 0.000000	 -90.000000	 1.571940	 -0.003169	 1.571943	 -0.115497	 0.000000	 0.003963	 0.003963	 90.000000	 1.571941	 -0.003169	 1.571944	 -0.115504	 178718.454451	
417.835341	 1.000000	 0.000000	 -0.000000	 0.000000	 -90.000000	 1.571969	 -0.003070	 1.571972	 -0.111898	 0.000000	 0.003884	 0.003884	 90.000000	 1.571969	 -0.003070	 1.571972	 -0.111898	 178719.901426	
415.831325	 1.000000	 0.000000	 -0.000000	 0.000000	 -90.000000	 1.572026	 -0.002997	 1.572029	 -0.109219	 0.000000	 0.003698	 0.003698	 90.000000	 1.572026	 -0.002997	 1.572029	 -0.109219	 178721.363223	
413.827309	 1.000000	 0.000000	 -0.000000	 0.000000	 -90.000000	 1.572107	 -0.002901	 1.572110	 -0.105737	 0.000000	 0.003706	 0.003706	 90.000000	 1.572106	 -0.002902	 1.572109	 -0.105752	 178722.781185	
411.823293	 1.000000	 0.000000	 -0.000000	 0.000000	 -90.000000	 1.572095	 -0.002841	 1.572097	 -0.103532	 0.000000	 0.003606	 0.003606	 90.000000	 1.572094	 -0.002841	 1.572096	 -0.103539	 178724.211617	
409.819277	 1.000000	 0.000000	 -0.000000	 0.000000	 -90.000000	 1.572233	 -0.002738	 1.572235	 -0.099771	 0.000000	 0.003540	 0.003540	 90.000000	 1.572233	 -0.002738	 1.572235	 -0.099767	 178725.648008	
407.815261	 1.000000	 0.000000	 -0.000000	 0.000000	 -90.000000	 1.572254	 -0.002640	 1.572256	 -0.096195	 0.000000	 0.003423	 0.003423	 90.000000	 1.572253	 -0.002640	 1.572255	 -0.096195	 178727.072891	
405.811245	 1.000000	 0.000000	 -0.000000	 0.000000	 -90.000000	 1.572291	 -0.002566	 1.572293	 -0.093492	 0.000000	 0.003388	 0.003388	 90.000000	 1.572291	 -0.002566	 1.572293	 -0.093492	 178728.511695	
403.807229	 1.000000	 0.000000	 -0.000000	 0.000000	 -90.000000	 1.572371	 -0.002466	 1.572373	 -0.089847	 0.000000	 0.003202	 0.003202	 90.000000	 1.572371	 -0.002466	 1.572373	 -0.089859	 178729.943079	
401.803213	 1.000000	 0.000000	 -0.000000	 0.000000	 -90.000000	 1.572401	 -0.002355	 1.572403	 -0.085809	 0.000000	 0.003420	 0.003420	 90.000000	 1.572401	 -0.002355	 1.572403	 -0.085809	 178731.355080	
399.799197	 1.000000	 0.000000	 -0.000000	 0.000000	 -90.000000	 1.572474	 -0.002297	 1.572476	 -0.083696	 0.000000	 0.003367	 0.003367	 90.000000	 1.572474	 -0.002297	 1.572476	 -0.083696	 178732.807192	
397.795181	 1.000000	 0.000000	 -0.000000	 0.000000	 -90.000000	 1.572509	 -0.002197	 1.572510	 -0.080050	 0.000000	 0.003704	 0.003704	 90.000000	 1.572508	 -0.002196	 1.572509	 -0.080005	 178734.253785	
395.791165	 1.000000	 0.000000	 -0.000000	 0.000000	 -90.000000	 1.572597	 -0.002108	 1.572598	 -0.076817	 0.000000	 0.003176	 0.003176	 90.000000	 1.572597	 -0.002108	 1.572598	 -0.076817	 178735.687132	
393.787149	 1.000000	 0.000000	 -0.000000	 0.000000	 -90.000000	 1.572687	 -0.002007	 1.572688	 -0.073118	 0.000000	 0.003185	 0.003185	 90.000000	 1.572687	 -0.002007	 1.572688	 -0.073118	 178737.164990	
391.783133	 1.000000	 0.000000	 -0.000000	 0.000000	 -90.000000	 1.572813	 -0.001912	 1.572814	 -0.069652	 0.000000	 0.003144	 0.003144	 90.000000	 1.572813	 -0.001912	 1.572814	 -0.069652	 178738.604615	
389.779116	 1.000000	 0.000000	 -0.000000	 0.000000	 -90.000000	 1.572849	 -0.001815	 1.572850	 -0.066115	 0.000000	 0.003137	 0.003137	 90.000000	 1.572849	 -0.001815	 1.572850	 -0.066115	 178740.054632	
387.775100	 1.000000	 0.000000	 -0.000000	 0.000000	 -90.000000	 1.572884	 -0.001713	 1.572885	 -0.062391	 0.000000	 0.003050	 0.003050	 90.000000	 1.572884	 -0.001713	 1.572885	 -0.062391	 178741.507635	
385.771084	 1.000000	 0.000000	 -0.000000	 0.000000	 -90.000000	 1.572970	 -0.001618	 1.572971	 -0.058928	 0.000000	 0.003029	 0.003029	 90.000000	 1.572970	 -0.001618	 1.572971	 -0.058928	 178742.912276	
383.767068	 1.000000	 0.000000	 -0.000001	 0.000001	 -90.000000	 1.573003	 -0.001527	 1.573004	 -0.055622	 0.000000	 0.003053	 0.003053	 90.000000	 1.573003	 -0.001527	 1.573004	 -0.055622	 178744.356702	
381.763052	 1.000000	 0.000000	 -0.000000	 0.000000	 -90.000000	 1.573018	 -0.001409	 1.573018	 -0.051327	 0.000000	 0.003040	 0.003040	 90.000000	 1.573017	 -0.001410	 1.573017	 -0.051344	 178745.795349	
379.759036	 1.000000	 0.000000	 -0.000000	 0.000000	 -90.000000	 1.573177	 -0.001317	 1.573178	 -0.047952	 0.000000	 0.003005	 0.003005	 90.000000	 1.573177	 -0.001317	 1.573178	 -0.047952	 178747.233553	
377.755020	 1.000000	 0.000000	 -0.000000	 0.000000	 -90.000000	 1.573188	 -0.001226	 1.573188	 -0.044667	 0.000000	 0.002982	 0.002982	 90.000000	 1.573188	 -0.001226	 1.573188	 -0.044667	 178748.698126	
375.751004	 1.000000	 0.000000	 -0.000000	 0.000000	 -90.000000	 1.573270	 -0.001109	 1.573271	 -0.040394	 0.000000	 0.002852	 0.002852	 90.000000	 1.573270	 -0.001109	 1.573271	 -0.040394	 178750.114213	
373.746988	 1.000000	 0.000000	 -0.000000	 0.000000	 -90.000000	 1.573246	 -0.001002	 1.573246	 -0.036510	 0.000000	 0.002901	 0.002901	 90.000000	 1.573246	 -0.001002	 1.573246	 -0.036510	 178751.558393	
371.742972	 1.000000	 0.000000	 -0.000001	 0.000001	 -90.000000	 1.573396	 -0.000889	 1.573397	 -0.032372	 0.000000	 0.002883	 0.002883	 90.000000	 1.573396	 -0.000889	 1.573397	 -0.032372	 178753.019626	
369.738956	 1.000000	 0.000000	 -0.000000	 0.000000	 -90.000000	 1.573405	 -0.000793	 1.573405	 -0.028887	 0.000000	 0.002904	 0.002904	 90.000000	 1.573405	 -0.000793	 1.573405	 -0.028887	 178754.439185	
367.734940	 1.000000	 0.000000	 -0.000001	 0.000001	 -90.000000	 1.573512	 -0.000672	 1.573512	 -0.024478	 0.000000	 0.002757	 0.002757	 90.000000	 1.573512	 -0.000672	 1.573512	 -0.024478	 178755.871050	
365.730924	 1.000000	 0.000000	 -0.000001	 0.000001	 -90.000000	 1.573584	 -0.000572	 1.573584	 -0.020811	 0.000000	 0.002793	 0.002793	 90.000000	 1.573584	 -0.000572	 1.573584	 -0.020811	 178757.283900	
363.726908	 1.000000	 0.000000	 -0.000001	 0.000001	 -90.000000	 1.573621	 -0.000433	 1.573621	 -0.015751	 0.000000	 0.002797	 0.002797	 90.000000	 1.573621	 -0.000433	 1.573621	 -0.015751	 178758.728751	
361.722892	 1.000000	 0.000000	 -0.000000	 0.000000	 -90.000000	 1.573675	 -0.000333	 1.573675	 -0.012124	 0.000000	 0.002797	 0.002797	 90.000000	 1.573675	 -0.000333	 1.573675	 -0.012124	 178760.156852	
359.718876	 1.000000	 0.000000	 -0.000000	 0.000000	 -90.000000	 1.573686	 -0.000256	 1.573686	 -0.009303	 0.000000	 0.002690	 0.002690	 90.000000	 1.573686	 -0.000256	 1.573686	 -0.009303	 178761.626924	
357.714859	 1.000000	 0.000000	 -0.000000	 0.000000	 -90.000000	 1.574007	 -0.000248	 1.574007	 -0.009022	 0.000000	 0.002664	 0.002664	 90.000000	 1.574007	 -0.000248	 1.574007	 -0.009022	 178763.059951	
355.710843	 1.000000	 0.000000	 -0.000000	 0.000000	 -90.000000	 1.574048	 0.000420	 1.574048	 0.015273	 0.000000	 0.002675	 0.002675	 90.000000	 1.574048	 0.000420	 1.574048	 0.015273	 178764.488105	
353.706827	 1.000000	 0.000000	 -0.000000	 0.000000	 -90.000000	 1.574517	 0.000882	 1.574517	 0.032106	 0.000000	 0.002690	 0.002690	 90.000000	 1.574517	 0.000882	 1.574517	 0.032106	 178765.936461	
351.702811	 1.000000	 0.000000	 -0.000000	 0.000000	 -90.000000	 1.575045	 0.001406	 1.575045	 0.051136	 0.000000	 0.002645	 0.002645	 90.000000	 1.575045	 0.001406	 1.575045	 0.051136	 178767.369513	
349.698795	 1.000000	 0.000000	 -0.000000	 0.000000	 -90.000000	 1.575950	 0.000200	 1.575950	 0.007284	 0.000000	 0.002623	 0.002623	 90.000000	 1.575950	 0.000200	 1.575950	 0.007284	 178768.842589	
347.694779	 1.000000	 0.000000	 -0.000000	 0.000000	 -90.000000	 1.573931	 -0.000905	 1.573931	 -0.032956	 0.000000	 0.002610	 0.002610	 90.000000	 1.573702	 -0.000872	 1.573702	 -0.031760	 178770.275466	
345.690763	 1.000000	 0.000000	 -0.000000	 0.000000	 -90.000000	 1.573247	 0.000567	 1.573247	 0.020632	 0.000000	 0.002576	 0.002576	 90.000000	 1.573247	 0.000567	 1.573247	 0.020632	 178771.778064	
343.686747	 1.000000	 0.000000	 -0.000000	 0.000000	 -90.000000	 1.574699	 0.000860	 1.574699	 0.031283	 0.000000	 0.002566	 0.002566	 90.000000	 1.574699	 0.000860	 1.574699	 0.031283	 178773.193634	
341.682731	 1.000000	 0.000000	 -0.000000	 0.000000	 -90.000000	 1.574251	 0.000755	 1.574251	 0.027477	 0.000000	 0.002530	 0.002530	 90.000000	 1.574251	 0.000755	 1.574251	 0.027477	 178774.643541	
339.678715	 1.000000	 0.000000	 -0.000000	 0.000000	 -90.000000	 1.574469	 0.000923	 1.574469	 0.033605	 0.000000	 0.002486	 0.002486	 90.000000	 1.574469	 0.000923	 1.574469	 0.033605	 178776.087853	
337.674699	 1.000000	 0.000000	 -0.000000	 0.000000	 -90.000000	 1.574467	 0.001115	 1.574467	 0.040591	 0.000000	 0.002451	 0.002451	 90.000000	 1.574467	 0.001115	 1.574467	 0.040591	 178777.503306	
335.670683	 1.000000	 0.000000	 -0.000000	 0.000000	 -90.000000	 1.574523	 0.001235	 1.574524	 0.044923	 0.000000	 0.002435	 0.002435	 90.000000	 1.574523	 0.001235	 1.574524	 0.044923	 178778.922040	
333.666667	 1.000000	 0.000000	 -0.000000	 0.000000	 -90.000000	 1.574615	 0.001364	 1.574616	 0.049620	 0.000000	 0.002572	 0.002572	 90.000000	 1.574615	 0.001364	 1.574616	 0.049620	 178780.364572	
331.662651	 1.000000	 0.000000	 -0.000000	 0.000000	 -90.000000	 1.574636	 0.001500	 1.574637	 0.054570	 0.000000	 0.002426	 0.002426	 90.000000	 1.574636	 0.001500	 1.574637	 0.054570	 178781.820052	
329.658635	 1.000000	 0.000000	 -0.000000	 0.000000	 -90.000000	 1.574694	 0.001654	 1.574695	 0.060176	 0.000000	 0.002400	 0.002400	 90.000000	 1.574694	 0.001654	 1.574695	 0.060176	 178783.273191	
327.654618	 1.000000	 0.000000	 -0.000000	 0.000000	 -90.000000	 1.574769	 0.001767	 1.574770	 0.064272	 0.000000	 0.002374	 0.002374	 90.000000	 1.574769	 0.001767	 1.574770	 0.064272	 178784.709588	
325.650602	 1.000000	 0.000000	 -0.000001	 0.000001	 -90.000000	 1.574857	 0.001894	 1.574858	 0.068893	 0.000000	 0.002411	 0.002411	 90.000000	 1.574857	 0.001894	 1.574858	 0.068893	 178786.123765	
323.646586	 1.000000	 0.000000	 -0.000000	 0.000000	 -90.000000	 1.574897	 0.002045	 1.574898	 0.074414	 0.000000	 0.002412	 0.002412	 90.000000	 1.574897	 0.002045	 1.574898	 0.074414	 178787.597128	
321.642570	 1.000000	 0.000000	 -0.000001	 0.000001	 -90.000000	 1.574921	 0.002192	 1.574923	 0.079761	 0.000000	 0.002413	 0.002413	 90.000000	 1.574921	 0.002192	 1.574923	 0.079761	 178789.021963	
319.638554	 1.000000	 0.000000	 -0.000000	 0.000000	 -90.000000	 1.575007	 0.002323	 1.575009	 0.084493	 0.000000	 0.002428	 0.002428	 90.000000	 1.575007	 0.002323	 1.575009	 0.084493	 178790.472183	
317.634538	 1.000000	 0.000000	 -0.000000	 0.000000	 -90.000000	 1.575100	 0.002470	 1.575101	 0.089863	 0.000000	 0.002390	 0.002390	 90.000000	 1.575107	 0.002470	 1.575109	 0.089856	 178791.912347	
315.630522	 1.000000	 0.000000	 -0.000000	 0.000000	 -90.000000	 1.575168	 0.002620	 1.575171	 0.095287	 0.000000	 0.002335	 0.002335	 90.000000	 1.575168	 0.002620	 1.575171	 0.095287	 178793.332216	
313.626506	 1.000000	 0.000000	 -0.000000	 0.000000	 -90.000000	 1.575217	 0.002768	 1.575219	 0.100685	 0.000000	 0.002207	 0.002207	 90.000000	 1.575217	 0.002769	 1.575219	 0.100719	 178794.763324	
311.622490	 1.000000	 0.000000	 -0.000000	 0.000000	 -90.000000	 1.575277	 0.002918	 1.575280	 0.106149	 0.000000	 0.002337	 0.002337	 90.000000	 1.575277	 0.002918	 1.575280	 0.106149	 178796.199858	
309.618474	 1.000000	 0.000000	 -0.000000	 0.000000	 -90.000000	 1.575323	 0.003071	 1.575326	 0.111678	 0.000000	 0.002374	 0.002374	 90.000000	 1.575323	 0.003071	 1.575326	 0.111678	 178797.623335	
307.614458	 1.000000	 0.000000	 -0.000000	 0.000000	 -90.000000	 1.575426	 0.003243	 1.575430	 0.117943	 0.000000	 0.002378	 0.002378	 90.000000	 1.575426	 0.003243	 1.575430	 0.117943	 178799.075848	
305.610442	 1.000000	 0.000000	 -0.000000	 0.000000	 -90.000000	 1.575455	 0.003337	 1.575458	 0.121370	 0.000000	 0.002336	 0.002336	 90.000000	 1.575455	 0.003337	 1.575458	 0.121370	 178800.516480	
303.606426	 1.000000	 0.000000	 -0.000000	 0.000000	 -90.000000	 1.575551	 0.003603	 1.575555	 0.131024	 0.000000	 0.002304	 0.002304	 90.000000	 1.575551	 0.003603	 1.575555	 0.131024	 178801.949498	
301.602410	 1.000000	 0.000000	 -0.000000	 0.000000	 -90.000000	 1.575472	 0.003723	 1.575476	 0.135396	 0.000000	 0.002337	 0.002337	 90.000000	 1.575472	 0.003723	 1.575476	 0.135396	 178803.426348	
299.598394	 1.000000	 0.000000	 -0.000000	 0.000000	 -90.000000	 1.575622	 0.003763	 1.575626	 0.136822	 0.000000	 0.002313	 0.002313	 90.000000	 1.575622	 0.003763	 1.575626	 0.136822	 178804.876597	
297.594378	 1.000000	 0.000000	 -0.000000	 0.000000	 -90.000000	 1.575738	 0.003906	 1.575743	 0.142043	 0.000000	 0.002310	 0.002310	 90.000000	 1.575730	 0.003905	 1.575735	 0.141976	 178806.302264	
295.590361	 1.000000	 0.000000	 -0.000000	 0.000000	 -90.000000	 1.575721	 0.004132	 1.575727	 0.150251	 0.000000	 0.002310	 0.002310	 90.000000	 1.575721	 0.004132	 1.575727	 0.150251	 178807.707816	
293.586345	 1.000000	 0.000000	 -0.000000	 0.000000	 -90.000000	 1.575813	 0.004341	 1.575819	 0.157839	 0.000000	 0.002171	 0.002171	 90.000000	 1.575813	 0.004341	 1.575819	 0.157839	 178809.139590	
291.582329	 1.000000	 0.000000	 -0.000000	 0.000000	 -90.000000	 1.575889	 0.004529	 1.575896	 0.164658	 0.000000	 0.002279	 0.002279	 90.000000	 1.575889	 0.004529	 1.575896	 0.164658	 178810.564706	
289.578313	 1.000000	 0.000000	 -0.000000	 0.000000	 -90.000000	 1.576030	 0.004676	 1.576037	 0.169995	 0.000000	 0.002341	 0.002341	 90.000000	 1.576030	 0.004676	 1.576037	 0.169995	 178812.027311	
287.574297	 1.000000	 0.000000	 -0.000000	 0.000000	 -90.000000	 1.576055	 0.004859	 1.576062	 0.176631	 0.000000	 0.002284	 0.002284	 90.000000	 1.576055	 0.004859	 1.576062	 0.176631	 178813.436243	
285.570281	 1.000000	 0.000000	 -0.000001	 0.000001	 -90.000000	 1.576105	 0.005044	 1.576113	 0.183370	 0.000000	 0.002283	 0.002283	 90.000000	 1.576107	 0.005042	 1.576115	 0.183276	 178814.885429	
283.566265	 1.000000	 0.000000	 -0.000000	 0.000000	 -90.000000	 1.576203	 0.005216	 1.576212	 0.189588	 0.000000	 0.002228	 0.002228	 90.000000	 1.576203	 0.005216	 1.576212	 0.189588	 178816.309485	
281.562249	 1.000000	 0.000000	 -0.000000	 0.000000	 -90.000000	 1.576261	 0.005392	 1.576270	 0.196005	 0.000000	 0.002302	 0.002302	 90.000000	 1.576261	 0.005392	 1.576270	 0.196005	 178817.744531	
279.558233	 1.000000	 0.000000	 -0.000000	 0.000000	 -90.000000	 1.576307	 0.005579	 1.576317	 0.202772	 0.000000	 0.002275	 0.002275	 90.000000	 1.576307	 0.005579	 1.576317	 0.202772	 178819.279248	
277.554217	 1.000000	 0.000000	 -0.000000	 0.000000	 -90.000000	 1.576420	 0.005758	 1.576431	 0.209265	 0.000000	 0.002280	 0.002280	 90.000000	 1.576418	 0.005758	 1.576429	 0.209287	 178820.705198	
275.550201	 1.000000	 0.000000	 -0.000000	 0.000000	 -90.000000	 1.576401	 0.005961	 1.576412	 0.216652	 0.000000	 0.002263	 0.002263	 90.000000	 1.576401	 0.005961	 1.576412	 0.216652	 178822.172536	
273.546185	 1.000000	 0.000000	 -0.000000	 0.000000	 -90.000000	 1.576487	 0.006133	 1.576499	 0.222895	 0.000000	 0.002189	 0.002189	 90.000000	 1.576487	 0.006133	 1.576499	 0.222895	 178823.616504	
271.542169	 1.000000	 0.000000	 -0.000001	 0.000001	 -90.000000	 1.576526	 0.006341	 1.576538	 0.230450	 0.000000	 0.002229	 0.002229	 90.000000	 1.576526	 0.006341	 1.576538	 0.230450	 178825.067581	
269.538153	 1.000000	 0.000000	 -0.000000	 0.000000	 -90.000000	 1.576676	 0.006527	 1.576689	 0.237172	 0.000000	 0.002214	 0.002214	 90.000000	 1.576676	 0.006527	 1.576689	 0.237172	 178826.518768	
267.534137	 1.000000	 0.000000	 -0.000000	 0.000000	 -90.000000	 1.576716	 0.006731	 1.576730	 0.244588	 0.000000	 0.002146	 0.002146	 90.000000	 1.576716	 0.006731	 1.576730	 0.244589	 178827.990077	
265.530120	 1.000000	 0.000000	 -0.000000	 0.000000	 -90.000000	 1.576777	 0.006940	 1.576793	 0.252181	 0.000000	 0.002212	 0.002212	 90.000000	 1.576777	 0.006940	 1.576793	 0.252181	 178829.431887	
263.526104	 1.000000	 0.000000	 -0.000000	 0.000000	 -90.000000	 1.576774	 0.007116	 1.576790	 0.258563	 0.000000	 0.002142	 0.002142	 90.000000	 1.576774	 0.007116	 1.576790	 0.258563	 178830.858847	
261.522088	 1.000000	 0.000000	 -0.000001	 0.000001	 -90.000000	 1.576874	 0.007371	 1.576891	 0.267822	 0.000000	 0.002143	 0.002143	 90.000000	 1.576874	 0.007371	 1.576891	 0.267822	 178832.344446	
259.518072	 1.000000	 0.000000	 -0.000000	 0.000000	 -90.000000	 1.576978	 0.007622	 1.576996	 0.276931	 0.000000	 0.002134	 0.002134	 90.000000	 1.576957	 0.007653	 1.576976	 0.278047	 178833.782161	
257.514056	 1.000000	 0.000000	 -0.000001	 0.000001	 -90.000000	 1.577101	 0.008061	 1.577122	 0.292849	 0.000000	 0.002182	 0.002182	 90.000000	 1.577101	 0.008061	 1.577122	 0.292849	 178835.206646	
255.510040	 1.000000	 0.000000	 -0.000000	 0.000000	 -90.000000	 1.577809	 0.008285	 1.577831	 0.300864	 0.000000	 0.002164	 0.002164	 90.000000	 1.577809	 0.008285	 1.577831	 0.300864	 178836.629967	
253.506024	 1.000000	 0.000000	 -0.000000	 0.000000	 -90.000000	 1.576985	 0.006606	 1.576999	 0.240014	 0.000000	 0.002162	 0.002162	 90.000000	 1.576985	 0.006606	 1.576999	 0.240014	 178838.077989	
251.502008	 1.000000	 0.000000	 -0.000000	 0.000000	 -90.000000	 1.578753	 0.010113	 1.578785	 0.367017	 0.000000	 0.002161	 0.002161	 90.000000	 1.578753	 0.010113	 1.578785	 0.367017	 178839.520636	
249.497992	 1.000000	 0.000000	 -0.000000	 0.000000	 -90.000000	 1.574855	 0.008931	 1.574881	 0.324931	 0.000000	 0.002185	 0.002185	 90.000000	 1.574855	 0.008931	 1.574881	 0.324931	 178840.993576	
247.493976	 1.000000	 0.000000	 -0.000000	 0.000000	 -90.000000	 1.577374	 0.007006	 1.577390	 0.254480	 0.000000	 0.002192	 0.002192	 90.000000	 1.577374	 0.007006	 1.577390	 0.254480	 178842.434077	
245.489960	 1.000000	 0.000000	 -0.000001	 0.000001	 -90.000000	 1.578410	 0.009237	 1.578437	 0.335294	 0.000000	 0.002158	 0.002158	 90.000000	 1.578410	 0.009237	 1.578437	 0.335294	 178843.904244	
243.485944	 1.000000	 0.000000	 -0.000000	 0.000000	 -90.000000	 1.577794	 0.009552	 1.577823	 0.346881	 0.000000	 0.002152	 0.002152	 90.000000	 1.577794	 0.009552	 1.577823	 0.346881	 178845.351890	
241.481928	 1.000000	 0.000000	 -0.000000	 0.000000	 -90.000000	 1.577723	 0.009593	 1.577752	 0.348358	 0.000000	 0.002136	 0.002136	 90.000000	 1.577723	 0.009593	 1.577752	 0.348358	 178846.787029	
239.477912	 1.000000	 0.000000	 -0.000001	 0.000001	 -90.000000	 1.577597	 0.009762	 1.577627	 0.354537	 0.000000	 0.002093	 0.002093	 90.000000	 1.577597	 0.009762	 1.577627	 0.354537	 178848.218692	
237.473896	 1.000000	 0.000000	 -0.000000	 0.000000	 -90.000000	 1.577595	 0.010080	 1.577627	 0.366088	 0.000000	 0.002100	 0.002100	 90.000000	 1.577595	 0.010080	 1.577627	 0.366088	 178849.648385	
235.469880	 1.000000	 0.000000	 -0.000000	 0.000000	 -90.000000	 1.577651	 0.010298	 1.577684	 0.373984	 0.000000	 0.002121	 0.002121	 90.000000	 1.577651	 0.010298	 1.577684	 0.373984	 178851.078365	
233.465863	 1.000000	 0.000000	 -0.000000	 0.000000	 -90.000000	 1.577671	 0.010529	 1.577706	 0.382383	 0.000000	 0.002155	 0.002155	 90.000000	 1.577671	 0.010529	 1.577706	 0.382383	 178852.512092	
231.461847	 1.000000	 0.000000	 -0.000000	 0.000000	 -90.000000	 1.577860	 0.010776	 1.577897	 0.391282	 0.000000	 0.002087	 0.002087	 90.000000	 1.577860	 0.010776	 1.577897	 0.391282	 178854.016864	
229.457831	 1.000000	 0.000000	 -0.000001	 0.000001	 -90.000000	 1.577926	 0.011033	 1.577965	 0.400622	 0.000000	 0.002094	 0.002094	 90.000000	 1.577926	 0.011033	 1.577965	 0.400622	 178855.467418	
227.453815	 1.000000	 0.000000	 -0.000000	 0.000000	 -90.000000	 1.577878	 0.011290	 1.577919	 0.409966	 0.000000	 0.002129	 0.002129	 90.000000	 1.577878	 0.011290	 1.577919	 0.409966	 178856.916141	
225.449799	 1.000000	 0.000000	 -0.000000	 0.000000	 -90.000000	 1.577988	 0.011553	 1.578030	 0.419463	 0.000000	 0.002109	 0.002109	 90.000000	 1.577988	 0.011553	 1.578030	 0.419463	 178858.353265	
223.445783	 1.000000	 0.000000	 -0.000000	 0.000000	 -90.000000	 1.578060	 0.011876	 1.578105	 0.431166	 0.000000	 0.002125	 0.002125	 90.000000	 1.578060	 0.011876	 1.578105	 0.431166	 178859.797915	
221.441767	 1.000000	 0.000000	 -0.000000	 0.000000	 -90.000000	 1.578123	 0.012121	 1.578170	 0.440055	 0.000000	 0.001788	 0.001788	 90.000000	 1.578123	 0.012121	 1.578170	 0.440055	 178861.254113	
219.437751	 1.000000	 0.000000	 -0.000000	 0.000000	 -90.000000	 1.578124	 0.012410	 1.578173	 0.450566	 0.000000	 0.002087	 0.002087	 90.000000	 1.578124	 0.012410	 1.578173	 0.450566	 178862.688135	
217.433735	 1.000000	 0.000000	 -0.000000	 0.000000	 -90.000000	 1.578254	 0.012691	 1.578305	 0.460714	 0.000000	 0.002087	 0.002087	 90.000000	 1.578254	 0.012691	 1.578305	 0.460714	 178864.115922	
215.429719	 1.000000	 0.000000	 -0.000000	 0.000000	 -90.000000	 1.578288	 0.012980	 1.578341	 0.471197	 0.000000	 0.002129	 0.002129	 90.000000	 1.578288	 0.012980	 1.578341	 0.471197	 178865.547348	
213.425703	 1.000000	 0.000000	 -0.000000	 0.000000	 -90.000000	 1.578345	 0.013285	 1.578401	 0.482256	 0.000000	 0.002095	 0.002095	 90.000000	 1.578345	 0.013285	 1.578401	 0.482256	 178867.000901	
211.421687	 1.000000	 0.000000	 -0.000000	 0.000000	 -90.000000	 1.578495	 0.013614	 1.578554	 0.494155	 0.000000	 0.002116	 0.002116	 90.000000	 1.578495	 0.013614	 1.578554	 0.494155	 178868.429779	
209.417671	 1.000000	 0.000000	 -0.000000	 0.000000	 -90.000000	 1.578521	 0.013893	 1.578582	 0.504251	 0.000000	 0.002145	 0.002145	 90.000000	 1.578521	 0.013893	 1.578582	 0.504251	 178869.871050	
207.413655	 1.000000	 0.000000	 -0.000000	 0.000000	 -90.000000	 1.578550	 0.014158	 1.578613	 0.513878	 0.000000	 0.002085	 0.002085	 90.000000	 1.578550	 0.014158	 1.578613	 0.513878	 178871.315215	
205.409639	 1.000000	 0.000000	 -0.000000	 0.000000	 -90.000000	 1.578592	 0.014615	 1.578659	 0.530426	 0.000000	 0.002050	 0.002050	 90.000000	 1.578592	 0.014615	 1.578659	 0.530426	 178872.768312	
203.405622	 1.000000	 0.000000	 -0.000000	 0.000000	 -90.000000	 1.578578	 0.014682	 1.578646	 0.532875	 0.000000	 0.002017	 0.002017	 90.000000	 1.578578	 0.014682	 1.578646	 0.532875	 178874.205686	
201.401606	 1.000000	 0.000000	 -0.000000	 0.000000	 -90.000000	 1.578806	 0.015374	 1.578881	 0.557897	 0.000000	 0.002147	 0.002147	 90.000000	 1.578806	 0.015374	 1.578881	 0.557897	 178875.634513	
199.397590	 1.000000	 0.000000	 -0.000000	 0.000000	 -90.000000	 1.578547	 0.015535	 1.578623	 0.563835	 0.000000	 0.002062	 0.002062	 90.000000	 1.578547	 0.015535	 1.578623	 0.563835	 178877.073879	
197.393574	 1.000000	 0.000000	 -0.000000	 0.000000	 -90.000000	 1.578792	 0.015647	 1.578870	 0.567808	 0.000000	 0.002095	 0.002095	 90.000000	 1.578792	 0.015647	 1.578870	 0.567808	 178878.499917	
195.389558	 1.000000	 0.000000	 -0.000000	 0.000000	 -90.000000	 1.578905	 0.016069	 1.578986	 0.583101	 0.000000	 0.002031	 0.002031	 90.000000	 1.578905	 0.016069	 1.578986	 0.583101	 178879.927994	
193.385542	 1.000000	 0.000000	 -0.000000	 0.000000	 -90.000000	 1.578925	 0.016477	 1.579011	 0.597881	 0.000000	 0.002065	 0.002065	 90.000000	 1.578925	 0.016477	 1.579011	 0.597881	 178881.360198	
191.381526	 1.000000	 0.000000	 -0.000000	 0.000000	 -90.000000	 1.578937	 0.016875	 1.579027	 0.612333	 0.000000	 0.002056	 0.002056	 90.000000	 1.578932	 0.016875	 1.579022	 0.612324	 178882.772180	
189.377510	 1.000000	 0.000000	 -0.000000	 0.000000	 -90.000000	 1.578969	 0.017259	 1.579063	 0.626259	 0.000000	 0.001996	 0.001996	 90.000000	 1.578967	 0.017260	 1.579062	 0.626274	 178884.189431	
187.373494	 1.000000	 0.000000	 -0.000000	 0.000000	 -90.000000	 1.579066	 0.017648	 1.579164	 0.640330	 0.000000	 0.002011	 0.002011	 90.000000	 1.579066	 0.017648	 1.579164	 0.640330	 178885.736845	
185.369478	 1.000000	 0.000000	 -0.000000	 0.000000	 -90.000000	 1.579027	 0.017969	 1.579129	 0.651977	 0.000000	 0.002031	 0.002031	 90.000000	 1.579027	 0.017969	 1.579129	 0.651977	 178887.134498	
183.365462	 1.000000	 0.000000	 -0.000000	 0.000000	 -90.000000	 1.579120	 0.018363	 1.579227	 0.666232	 0.000000	 0.002026	 0.002026	 90.000000	 1.579117	 0.018361	 1.579224	 0.666155	 178888.589909	
181.361446	 1.000000	 0.000000	 -0.000000	 0.000000	 -90.000000	 1.579125	 0.018734	 1.579236	 0.679681	 0.000000	 0.001991	 0.001991	 90.000000	 1.579125	 0.018734	 1.579236	 0.679681	 178890.029006	
179.357430	 1.000000	 0.000000	 -0.000001	 0.000001	 -90.000000	 1.579198	 0.019215	 1.579315	 0.697113	 0.000000	 0.002025	 0.002025	 90.000000	 1.579198	 0.019215	 1.579315	 0.697113	 178891.465756	
177.353414	 1.000000	 0.000000	 -0.000000	 0.000000	 -90.000000	 1.579248	 0.019561	 1.579369	 0.709662	 0.000000	 0.002008	 0.002008	 90.000000	 1.579248	 0.019561	 1.579369	 0.709662	 178892.903176	
175.349398	 1.000000	 0.000000	 -0.000000	 0.000000	 -90.000000	 1.579314	 0.019981	 1.579440	 0.724834	 0.000000	 0.002008	 0.002008	 90.000000	 1.579314	 0.019981	 1.579440	 0.724834	 178894.310790	
173.345382	 1.000000	 0.000000	 -0.000000	 0.000000	 -90.000000	 1.579520	 0.020430	 1.579652	 0.741023	 0.000000	 0.001995	 0.001995	 90.000000	 1.579520	 0.020430	 1.579652	 0.741023	 178895.766276	
171.341365	 1.000000	 0.000000	 -0.000000	 0.000000	 -90.000000	 1.579341	 0.020881	 1.579479	 0.757485	 0.000000	 0.001946	 0.001946	 90.000000	 1.579341	 0.020881	 1.579479	 0.757486	 178897.204571	
169.337349	 1.000000	 0.000000	 -0.000000	 0.000000	 -90.000000	 1.579505	 0.021336	 1.579649	 0.773910	 0.000000	 0.001935	 0.001935	 90.000000	 1.579505	 0.021336	 1.579649	 0.773910	 178898.630806	
167.333333	 1.000000	 0.000000	 -0.000000	 0.000000	 -90.000000	 1.579581	 0.021710	 1.579731	 0.787445	 0.000000	 0.001978	 0.001978	 90.000000	 1.579581	 0.021710	 1.579731	 0.787445	 178900.046918	
165.329317	 1.000000	 0.000000	 -0.000000	 0.000000	 -90.000000	 1.579544	 0.022183	 1.579700	 0.804594	 0.000000	 0.002006	 0.002006	 90.000000	 1.579543	 0.022182	 1.579699	 0.804567	 178901.511045	
163.325301	 1.000000	 0.000000	 -0.000000	 0.000000	 -90.000000	 1.579506	 0.022629	 1.579668	 0.820802	 0.000000	 0.001994	 0.001994	 90.000000	 1.579506	 0.022629	 1.579668	 0.820802	 178902.961670	
161.321285	 1.000000	 0.000000	 -0.000000	 0.000000	 -90.000000	 1.579705	 0.023193	 1.579875	 0.841159	 0.000000	 0.002025	 0.002025	 90.000000	 1.579705	 0.023193	 1.579875	 0.841159	 178904.423557	
159.317269	 1.000000	 0.000000	 -0.000000	 0.000000	 -90.000000	 1.579560	 0.023667	 1.579737	 0.858418	 0.000000	 0.002013	 0.002013	 90.000000	 1.579560	 0.023667	 1.579737	 0.858418	 178905.830027	
157.313253	 1.000000	 0.000000	 -0.000000	 0.000000	 -90.000000	 1.579591	 0.023829	 1.579770	 0.864255	 0.000000	 0.001951	 0.001951	 90.000000	 1.579591	 0.023829	 1.579770	 0.864255	 178907.275424	
155.309237	 1.000000	 0.000000	 -0.000000	 0.000000	 -90.000000	 1.579361	 0.024029	 1.579544	 0.871665	 0.000000	 0.001950	 0.001950	 90.000000	 1.579361	 0.024029	 1.579544	 0.871665	 178908.720261	
153.305221	 1.000000	 0.000000	 -0.000000	 0.000000	 -90.000000	 1.578441	 0.024497	 1.578631	 0.889147	 0.000000	 0.001954	 0.001954	 90.000000	 1.578441	 0.024497	 1.578631	 0.889147	 178910.163589	
151.301205	 1.000000	 0.000000	 -0.000000	 0.000000	 -90.000000	 1.577976	 0.026881	 1.578205	 0.975950	 0.000000	 0.001943	 0.001943	 90.000000	 1.577976	 0.026881	 1.578205	 0.975950	 178911.579099	
149.297189	 1.000000	 0.000000	 -0.000000	 0.000000	 -90.000000	 1.581625	 0.027424	 1.581863	 0.993344	 0.000000	 0.001990	 0.001990	 90.000000	 1.581654	 0.027381	 1.581891	 0.991801	 178912.976408	
147.293173	 1.000000	 0.000000	 -0.000000	 0.000000	 -90.000000	 1.578567	 0.025813	 1.578778	 0.936821	 0.000000	 0.001956	 0.001956	 90.000000	 1.578567	 0.025813	 1.578778	 0.936821	 178914.414342	
145.289157	 1.000000	 0.000000	 -0.000000	 0.000000	 -90.000000	 1.580592	 0.027869	 1.580837	 1.010143	 0.000000	 0.001959	 0.001959	 90.000000	 1.580592	 0.027869	 1.580837	 1.010143	 178915.868415	
143.285141	 1.000000	 0.000000	 -0.000001	 0.000001	 -90.000000	 1.579504	 0.027963	 1.579751	 1.014240	 0.000000	 0.001959	 0.001959	 90.000000	 1.579504	 0.027963	 1.579751	 1.014240	 178917.303757	
141.281124	 1.000000	 0.000000	 -0.000000	 0.000000	 -90.000000	 1.579924	 0.028525	 1.580181	 1.034330	 0.000000	 0.001887	 0.001887	 90.000000	 1.579924	 0.028525	 1.580181	 1.034330	 178918.755125	
139.277108	 1.000000	 0.000000	 -0.000001	 0.000001	 -90.000000	 1.579925	 0.029230	 1.580195	 1.059912	 0.000000	 0.001916	 0.001916	 90.000000	 1.579925	 0.029230	 1.580195	 1.059912	 178920.189491	
137.273092	 1.000000	 0.000000	 -0.000000	 0.000000	 -90.000000	 1.579935	 0.029864	 1.580217	 1.082881	 0.000000	 0.001932	 0.001932	 90.000000	 1.579935	 0.029864	 1.580217	 1.082881	 178921.614030	
135.269076	 1.000000	 0.000000	 -0.000001	 0.000001	 -90.000000	 1.579974	 0.030524	 1.580268	 1.106787	 0.000000	 0.001908	 0.001908	 90.000000	 1.579974	 0.030524	 1.580268	 1.106787	 178923.090336	
133.265060	 1.000000	 0.000000	 -0.000000	 0.000000	 -90.000000	 1.579888	 0.031202	 1.580196	 1.131406	 0.000000	 0.001976	 0.001976	 90.000000	 1.579888	 0.031202	 1.580196	 1.131406	 178924.516977	
131.261044	 1.000000	 0.000000	 -0.000001	 0.000001	 -90.000000	 1.579873	 0.031868	 1.580195	 1.155588	 0.000000	 0.001922	 0.001922	 90.000000	 1.579873	 0.031868	 1.580195	 1.155588	 178925.931783	
129.257028	 1.000000	 0.000000	 -0.000000	 0.000000	 -90.000000	 1.579920	 0.032533	 1.580255	 1.179647	 0.000000	 0.001972	 0.001972	 90.000000	 1.579927	 0.032531	 1.580262	 1.179569	 178927.356787	
127.253012	 1.000000	 0.000000	 -0.000000	 0.000000	 -90.000000	 1.579882	 0.033254	 1.580232	 1.205790	 0.000000	 0.001939	 0.001939	 90.000000	 1.579882	 0.033251	 1.580231	 1.205687	 178928.778255	
125.248996	 1.000000	 0.000000	 -0.000000	 0.000000	 -90.000000	 1.580062	 0.034100	 1.580430	 1.236350	 0.000000	 0.001950	 0.001950	 90.000000	 1.580062	 0.034100	 1.580430	 1.236350	 178930.214226	
123.244980	 1.000000	 0.000000	 -0.000000	 0.000000	 -90.000000	 1.579962	 0.034952	 1.580348	 1.267300	 0.000000	 0.001975	 0.001975	 90.000000	 1.579962	 0.034952	 1.580348	 1.267300	 178931.666121	
121.240964	 1.000000	 0.000000	 -0.000001	 0.000001	 -90.000000	 1.579980	 0.035708	 1.580383	 1.294689	 0.000000	 0.001950	 0.001950	 90.000000	 1.579980	 0.035708	 1.580383	 1.294689	 178933.124684	
119.236948	 1.000000	 0.000000	 -0.000001	 0.000001	 -90.000000	 1.579867	 0.036564	 1.580290	 1.325814	 0.000000	 0.001944	 0.001944	 90.000000	 1.579867	 0.036564	 1.580290	 1.325814	 178934.565307	
117.232932	 1.000000	 0.000000	 -0.000001	 0.000001	 -90.000000	 1.579866	 0.037334	 1.580307	 1.353711	 0.000000	 0.001930	 0.001930	 90.000000	 1.579866	 0.037334	 1.580307	 1.353711	 178935.995676	
115.228916	 1.000000	 0.000000	 -0.000000	 0.000000	 -90.000000	 1.579776	 0.038225	 1.580239	 1.386092	 0.000000	 0.001948	 0.001948	 90.000000	 1.579776	 0.038225	 1.580239	 1.386092	 178937.423797	
113.224900	 1.000000	 0.000000	 -0.000000	 0.000000	 -90.000000	 1.579797	 0.039074	 1.580280	 1.416840	 0.000000	 0.002033	 0.002033	 90.000000	 1.579797	 0.039074	 1.580280	 1.416840	 178938.899105	
111.220884	 1.000000	 0.000000	 -0.000000	 0.000000	 -90.000000	 1.579734	 0.039988	 1.580240	 1.450016	 0.000000	 0.001919	 0.001919	 90.000000	 1.579734	 0.039988	 1.580240	 1.450016	 178940.324079	
109.216867	 1.000000	 0.000000	 -0.000000	 0.000000	 -90.000000	 1.579650	 0.040932	 1.580180	 1.484335	 0.000000	 0.002075	 0.002075	 90.000000	 1.579650	 0.040932	 1.580180	 1.484335	 178941.754927	
107.212851	 1.000000	 0.000000	 -0.000000	 0.000000	 -90.000000	 1.579650	 0.042017	 1.580208	 1.523648	 0.000000	 0.001744	 0.001744	 90.000000	 1.579633	 0.042024	 1.580192	 1.523906	 178943.189943	
105.208835	 1.000000	 0.000000	 -0.000000	 0.000000	 -90.000000	 1.579541	 0.043078	 1.580129	 1.562204	 0.000000	 0.001955	 0.001955	 90.000000	 1.579526	 0.043063	 1.580113	 1.561695	 178944.639650	
103.204819	 1.000000	 0.000000	 -0.000000	 0.000000	 -90.000000	 1.579294	 0.043920	 1.579904	 1.592982	 0.000000	 0.002159	 0.002159	 90.000000	 1.579294	 0.043920	 1.579904	 1.592982	 178946.084339	
101.200803	 1.000000	 0.000000	 -0.000000	 0.000000	 -90.000000	 1.579072	 0.045176	 1.579718	 1.638752	 0.000000	 0.001928	 0.001928	 90.000000	 1.579072	 0.045176	 1.579718	 1.638752	 178947.505756	
99.196787	 1.000000	 0.000000	 -0.000000	 0.000000	 -90.000000	 1.579307	 0.046649	 1.579996	 1.691893	 0.000000	 0.001528	 0.001528	 90.000000	 1.579318	 0.046650	 1.580007	 1.691908	 178948.927852	
97.192771	 1.000000	 0.000000	 -0.000000	 0.000000	 -90.000000	 1.579552	 0.047363	 1.580262	 1.717521	 0.000000	 0.002085	 0.002085	 90.000000	 1.579552	 0.047363	 1.580262	 1.717521	 178950.335990	
95.188755	 1.000000	 0.000000	 -0.000001	 0.000001	 -90.000000	 1.579128	 0.048684	 1.579878	 1.765843	 0.000000	 0.001911	 0.001911	 90.000000	 1.579116	 0.048718	 1.579867	 1.767109	 178951.775527	
93.184739	 1.000000	 0.000000	 -0.000000	 0.000000	 -90.000000	 1.579113	 0.049921	 1.579902	 1.810724	 0.000000	 0.001942	 0.001942	 90.000000	 1.579113	 0.049921	 1.579902	 1.810724	 178953.199068	
91.180723	 1.000000	 0.000000	 -0.000000	 0.000000	 -90.000000	 1.579070	 0.051342	 1.579904	 1.862248	 0.000000	 0.001948	 0.001948	 90.000000	 1.579070	 0.051342	 1.579904	 1.862248	 178954.655928	
89.176707	 1.000000	 0.000000	 -0.000000	 0.000000	 -90.000000	 1.578908	 0.052696	 1.579787	 1.911528	 0.000000	 0.001937	 0.001937	 90.000000	 1.578905	 0.052689	 1.579784	 1.911282	 178956.094907	
87.172691	 1.000000	 0.000000	 -0.000000	 0.000000	 -90.000000	 1.578693	 0.054213	 1.579624	 1.966789	 0.000000	 0.001901	 0.001901	 90.000000	 1.578693	 0.054213	 1.579624	 1.966789	 178957.523600	
85.168675	 1.000000	 0.000000	 -0.000000	 0.000000	 -90.000000	 1.578776	 0.055681	 1.579757	 2.019913	 0.000000	 0.001889	 0.001889	 90.000000	 1.578776	 0.055681	 1.579757	 2.019913	 178958.975628	
83.164659	 1.000000	 0.000000	 -0.000000	 0.000000	 -90.000000	 1.578250	 0.057146	 1.579284	 2.073694	 0.000000	 0.002016	 0.002016	 90.000000	 1.578250	 0.057146	 1.579284	 2.073694	 178960.418075	
81.160643	 1.000000	 0.000000	 -0.000000	 0.000000	 -90.000000	 1.577980	 0.058880	 1.579078	 2.136913	 0.000000	 0.001865	 0.001865	 90.000000	 1.577980	 0.058880	 1.579078	 2.136913	 178961.867039	
79.156627	 1.000000	 0.000000	 -0.000000	 0.000000	 -90.000000	 1.577785	 0.060558	 1.578947	 2.198017	 0.000000	 0.001906	 0.001906	 90.000000	 1.577785	 0.060558	 1.578947	 2.198017	 178963.302162	
77.152610	 1.000000	 0.000000	 -0.000001	 0.000001	 -90.000000	 1.578057	 0.062444	 1.579292	 2.266038	 0.000000	 0.001909	 0.001909	 90.000000	 1.578057	 0.062444	 1.579292	 2.266038	 178964.735605	
75.148594	 1.000000	 0.000000	 -0.000000	 0.000000	 -90.000000	 1.577276	 0.064368	 1.578589	 2.336909	 0.000000	 0.001947	 0.001947	 90.000000	 1.577276	 0.064368	 1.578589	 2.336909	 178966.177500	
73.144578	 1.000000	 0.000000	 -0.000000	 0.000000	 -90.000000	 1.577011	 0.065980	 1.578391	 2.395765	 0.000000	 0.001890	 0.001890	 90.000000	 1.577011	 0.065980	 1.578391	 2.395765	 178967.633217	
71.140562	 1.000000	 0.000000	 -0.000000	 0.000000	 -90.000000	 1.576828	 0.067988	 1.578293	 2.468885	 0.000000	 0.001910	 0.001910	 90.000000	 1.576828	 0.067988	 1.578293	 2.468885	 178969.050880	
69.136546	 1.000000	 0.000000	 -0.000000	 0.000000	 -90.000000	 1.576685	 0.070650	 1.578267	 2.565650	 0.000000	 0.001879	 0.001879	 90.000000	 1.576685	 0.070650	 1.578267	 2.565650	 178970.508951	
67.132530	 1.000000	 0.000000	 -0.000000	 0.000000	 -90.000000	 1.575839	 0.072470	 1.577505	 2.633076	 0.000000	 0.001912	 0.001912	 90.000000	 1.575905	 0.072490	 1.577571	 2.633686	 178971.933308	
65.128514	 1.000000	 0.000000	 -0.000000	 0.000000	 -90.000000	 1.574737	 0.075073	 1.576526	 2.729400	 0.000000	 0.001918	 0.001918	 90.000000	 1.574737	 0.075073	 1.576526	 2.729400	 178973.375705	
63.124498	 1.000000	 0.000000	 -0.000000	 0.000000	 -90.000000	 1.575080	 0.077914	 1.577005	 2.831923	 0.000000	 0.001883	 0.001883	 90.000000	 1.575080	 0.077914	 1.577005	 2.831923	 178974.801152	
61.120482	 1.000000	 0.000000	 -0.000000	 0.000000	 -90.000000	 1.576422	 0.080296	 1.578465	 2.915862	 0.000000	 0.001905	 0.001905	 90.000000	 1.576422	 0.080296	 1.578465	 2.915862	 178976.226921	
59.116466	 1.000000	 0.000000	 -0.000000	 0.000000	 -90.000000	 1.572815	 0.077280	 1.574712	 2.812973	 0.000000	 0.001870	 0.001870	 90.000000	 1.573566	 0.076417	 1.575421	 2.780261	 178977.656747	
57.112450	 1.000000	 0.000000	 -0.000000	 0.000000	 -90.000000	 1.553345	 0.085992	 1.555723	 3.168599	 0.000000	 0.001895	 0.001895	 90.000000	 1.553345	 0.085992	 1.555723	 3.168599	 178979.074928	
55.108434	 1.000000	 0.000000	 -0.000000	 0.000000	 -90.000000	 1.530972	 0.095904	 1.533973	 3.584464	 0.000000	 0.001853	 0.001853	 90.000000	 1.527951	 0.089685	 1.530580	 3.359184	 178980.535818	
53.104418	 1.000000	 0.000000	 -0.000000	 0.000000	 -90.000000	 1.539146	 0.014871	 1.539218	 0.553577	 0.000000	 0.001849	 0.001849	 90.000000	 1.539146	 0.014871	 1.539218	 0.553577	 178981.970223	
51.100402	 1.000000	 0.000000	 -0.000000	 0.000000	 -90.000000	 1.459348	 0.052224	 1.460282	 2.049496	 0.000000	 0.001875	 0.001875	 90.000000	 1.459348	 0.052224	 1.460282	 2.049496	 178983.430431	
49.096386	 1.000000	 0.000000	 -0.000000	 0.000000	 -90.000000	 1.461535	 0.156754	 1.469917	 6.121740	 0.000000	 0.001890	 0.001890	 90.000000	 1.461535	 0.156754	 1.469917	 6.121740	 178984.917221	
47.092369	 1.000000	 0.000000	 -0.000000	 0.000000	 -90.000000	 1.603390	 0.186756	 1.614229	 6.643631	 0.000000	 0.001828	 0.001828	 90.000000	 1.603390	 0.186756	 1.614229	 6.643631	 178986.368508	
45.088353	 1.000000	 0.000000	 -0.000000	 0.000000	 -90.000000	 1.612828	 0.100755	 1.615972	 3.574674	 0.000000	 0.001860	 0.001860	 90.000000	 1.612828	 0.100755	 1.615972	 3.574674	 178987.836420	
43.084337	 1.000000	 0.000000	 -0.000000	 0.000000	 -90.000000	 1.575173	 0.097957	 1.578215	 3.558518	 0.000000	 0.001822	 0.001822	 90.000000	 1.575173	 0.097957	 1.578215	 3.558518	 178989.316234	
41.080321	 1.000000	 0.000000	 -0.000000	 0.000000	 -90.000000	 1.562012	 0.124733	 1.566984	 4.565619	 0.000000	 0.001833	 0.001833	 90.000000	 1.562012	 0.124733	 1.566984	 4.565619	 178990.753412	
39.076305	 1.000000	 0.000000	 -0.000000	 0.000000	 -90.000000	 1.562763	 0.127433	 1.567950	 4.661772	 0.000000	 0.001820	 0.001820	 90.000000	 1.562763	 0.127433	 1.567950	 4.661772	 178992.245693	
37.072289	 1.000000	 0.000000	 -0.000000	 0.000000	 -90.000000	 1.560654	 0.132217	 1.566244	 4.842460	 0.000000	 0.001841	 0.001841	 90.000000	 1.560654	 0.132217	 1.566244	 4.842460	 178993.698371	
35.068273	 1.000000	 0.000000	 -0.000000	 0.000000	 -90.000000	 1.558252	 0.139867	 1.564516	 5.129071	 0.000000	 0.001811	 0.001811	 90.000000	 1.558252	 0.139867	 1.564516	 5.129071	 178995.182613	
33.064257	 1.000000	 0.000000	 -0.000000	 0.000000	 -90.000000	 1.555157	 0.148066	 1.562190	 5.438702	 0.000000	 0.001992	 0.001992	 90.000000	 1.555157	 0.148066	 1.562190	 5.438702	 178996.582993	
31.060241	 1.000000	 0.000000	 -0.000000	 0.000000	 -90.000000	 1.551772	 0.157437	 1.559738	 5.793181	 0.000000	 0.002137	 0.002137	 90.000000	 1.551772	 0.157437	 1.559738	 5.793181	 178997.982771	
29.056225	 1.000000	 0.000000	 -0.000000	 0.000000	 -90.000000	 1.548014	 0.166765	 1.556971	 6.148664	 0.000000	 0.001838	 0.001838	 90.000000	 1.548014	 0.166765	 1.556971	 6.148664	 178999.409430	
27.052209	 1.000000	 0.000000	 -0.000000	 0.000000	 -90.000000	 1.542992	 0.177739	 1.553195	 6.571003	 0.000000	 0.002343	 0.002343	 90.000000	 1.542992	 0.177739	 1.553195	 6.571003	 179000.874008	
25.048193	 1.000000	 0.000000	 -0.000000	 0.000000	 -90.000000	 1.537221	 0.190405	 1.548968	 7.060872	 0.000000	 0.002678	 0.002678	 90.000000	 1.537207	 0.190405	 1.548954	 7.060934	 179002.300359	
23.044177	 1.000000	 0.000000	 -0.000000	 0.000000	 -90.000000	 1.529677	 0.204661	 1.543308	 7.620566	 0.000000	 0.001647	 0.001647	 90.000000	 1.529677	 0.204661	 1.543308	 7.620566	 179003.758801	
21.040161	 1.000000	 0.000000	 -0.000000	 0.000000	 -90.000000	 1.520822	 0.220787	 1.536765	 8.260271	 0.000000	 0.001054	 0.001054	 90.000000	 1.520822	 0.220787	 1.536765	 8.260271	 179005.212930	
19.036145	 1.000000	 0.000000	 -0.000000	 0.000000	 -90.000000	 1.509615	 0.239791	 1.528541	 9.025605	 0.000000	 0.001877	 0.001877	 90.000000	 1.509615	 0.239791	 1.528541	 9.025605	 179006.667591	
17.032129	 1.000000	 0.000000	 -0.000000	 0.000000	 -90.000000	 1.494895	 0.261009	 1.517510	 9.904033	 0.000000	 -0.004590	 0.004590	 -90.000000	 1.494895	 0.261009	 1.517510	 9.904033	 179008.198277	
15.028112	 1.000000	 0.000000	 -0.000000	 0.000000	 -90.000000	 1.474854	 0.287475	 1.502610	 11.029672	 0.000000	 0.001712	 0.001712	 90.000000	 1.474854	 0.287475	 1.502610	 11.029672	 179009.642457	
13.024096	 1.000000	 0.000000	 -0.000000	 0.000000	 -90.000000	 1.448657	 0.318120	 1.483174	 12.385365	 0.000000	 -0.058696	 0.058696	 -90.000000	 1.448657	 0.318120	 1.483174	 12.385365	 179011.079849	
11.020080	 1.000000	 0.000000	 -0.000000	 0.000000	 -90.000000	 1.410630	 0.353528	 1.454255	 14.069512	 0.000000	 0.017681	 0.017681	 90.000000	 1.410755	 0.353355	 1.454335	 14.061723	 179012.526884	
9.016064	 1.000000	 0.000000	 -0.000000	 0.000000	 -90.000000	 1.355694	 0.394040	 1.411798	 16.206797	 0.000000	 -0.047232	 0.047232	 -90.000000	 1.355694	 0.394040	 1.411798	 16.206797	 179013.985603	
7.012048	 1.000000	 0.000000	 -0.000000	 0.000000	 -90.000000	 1.272806	 0.440298	 1.346810	 19.081894	 0.000000	 0.300550	 0.300550	 90.000000	 1.275512	 0.439898	 1.349237	 19.028268	 179015.386979	
5.008032	 1.000000	 0.000000	 -0.000000	 0.000000	 -90.000000	 1.195188	 0.461252	 1.281104	 21.102801	 0.000000	 -0.949406	 0.949406	 -90.000000	 1.202086	 0.468618	 1.290199	 21.297700	 179016.826924	
3.004016	 1.000000	 0.000000	 -0.000000	 0.000000	 -90.000000	 0.761682	 0.295559	 0.817016	 21.208005	 0.000000	 0.442782	 0.442782	 90.000000	 0.761682	 0.295559	 0.817016	 21.208005	 179018.245855	
1.000000	 1.000000	 0.000000	 -0.000000	 0.000000	 -90.000000	 1.181506	 0.155373	 1.191679	 7.491663	 0.000000	 1.240316	 1.240316	 90.000000	 1.181506	 0.155373	 1.191679	 7.491663	 179019.679255	
