# Oscilator_frequency (Hz)	DemodAll_A (-)	Demod_1_X_A (A)	Demod_1_Y_A (A)	Demod_1__R_A (A)	Demod_1__Theta_A (deg)	Demod_2_X_A (A)	Demod_2_Y_A (A)	Demod_2__R_A (A)	Demod_2__Theta_A (deg)	Demod_3_X_A (V)	Demod_3_Y_A (V)	Demod_3__R_A (V)	Demod_3__Theta_A (deg)	Demod_4_X_A (V)	Demod_4_Y_A (V)	Demod_4__R_A (V)	Demod_4__Theta_A (deg)	Timer_GET (s)	
200.000000	 1.000000	 0.000000	 -0.000000	 0.000000	 -90.000000	 0.469609	 -0.017658	 0.469941	 -2.153353	 0.000000	 0.003226	 0.003226	 90.000000	 0.469609	 -0.017658	 0.469941	 -2.153353	 328859.329776	
199.000000	 1.000000	 0.000000	 -0.000000	 0.000000	 -90.000000	 0.469571	 -0.017535	 0.469899	 -2.138525	 0.000000	 0.003653	 0.003653	 90.000000	 0.469571	 -0.017535	 0.469899	 -2.138525	 328860.770175	
198.000000	 1.000000	 0.000000	 -0.000000	 0.000000	 -90.000000	 0.469666	 -0.017761	 0.470002	 -2.165700	 0.000000	 0.000049	 0.000049	 90.000000	 0.469666	 -0.017761	 0.470002	 -2.165700	 328862.241273	
197.000000	 1.000000	 0.000000	 -0.000000	 0.000000	 -90.000000	 0.469763	 -0.017804	 0.470100	 -2.170509	 0.000000	 0.003141	 0.003141	 90.000000	 0.469763	 -0.017804	 0.470100	 -2.170509	 328863.677877	
196.000000	 1.000000	 0.000000	 -0.000000	 0.000000	 -90.000000	 0.469720	 -0.017713	 0.470054	 -2.159580	 0.000000	 -0.005272	 0.005272	 -90.000000	 0.469740	 -0.017696	 0.470073	 -2.157376	 328865.091044	
195.000000	 1.000000	 0.000000	 -0.000000	 0.000000	 -90.000000	 0.469811	 -0.017731	 0.470145	 -2.161335	 0.000000	 0.002473	 0.002473	 90.000000	 0.469816	 -0.017726	 0.470151	 -2.160680	 328866.541065	
194.000000	 1.000000	 0.000000	 -0.000000	 0.000000	 -90.000000	 0.469886	 -0.017823	 0.470224	 -2.172207	 0.000000	 0.004193	 0.004193	 90.000000	 0.469886	 -0.017823	 0.470224	 -2.172207	 328867.988000	
193.000000	 1.000000	 0.000000	 -0.000000	 0.000000	 -90.000000	 0.469933	 -0.017794	 0.470270	 -2.168421	 0.000000	 0.004235	 0.004235	 90.000000	 0.469933	 -0.017794	 0.470270	 -2.168421	 328869.463720	
192.000000	 1.000000	 0.000000	 -0.000000	 0.000000	 -90.000000	 0.470016	 -0.017779	 0.470352	 -2.166268	 0.000000	 0.003435	 0.003435	 90.000000	 0.470017	 -0.017782	 0.470353	 -2.166657	 328870.897866	
191.000000	 1.000000	 0.000000	 -0.000000	 0.000000	 -90.000000	 0.470061	 -0.017784	 0.470398	 -2.166686	 0.000000	 0.003349	 0.003349	 90.000000	 0.470061	 -0.017784	 0.470398	 -2.166686	 328872.330493	
190.000000	 1.000000	 0.000000	 -0.000000	 0.000000	 -90.000000	 0.470152	 -0.017771	 0.470487	 -2.164664	 0.000000	 0.003250	 0.003250	 90.000000	 0.470150	 -0.017775	 0.470486	 -2.165116	 328873.765285	
189.000000	 1.000000	 0.000000	 -0.000000	 0.000000	 -90.000000	 0.470219	 -0.017789	 0.470555	 -2.166490	 0.000000	 0.003289	 0.003289	 90.000000	 0.470217	 -0.017787	 0.470554	 -2.166352	 328875.206247	
188.000000	 1.000000	 0.000000	 -0.000000	 0.000000	 -90.000000	 0.470301	 -0.017768	 0.470637	 -2.163576	 0.000000	 0.003252	 0.003252	 90.000000	 0.470301	 -0.017768	 0.470637	 -2.163576	 328876.679452	
187.000000	 1.000000	 0.000000	 -0.000000	 0.000000	 -90.000000	 0.470373	 -0.017771	 0.470708	 -2.163654	 0.000000	 0.003051	 0.003051	 90.000000	 0.470373	 -0.017771	 0.470708	 -2.163654	 328878.129641	
186.000000	 1.000000	 0.000000	 -0.000000	 0.000000	 -90.000000	 0.470458	 -0.017749	 0.470793	 -2.160555	 0.000000	 0.001549	 0.001549	 90.000000	 0.470458	 -0.017749	 0.470793	 -2.160555	 328879.562665	
185.000000	 1.000000	 0.000000	 -0.000000	 0.000000	 -90.000000	 0.470468	 -0.017755	 0.470803	 -2.161294	 0.000000	 0.004928	 0.004928	 90.000000	 0.470468	 -0.017755	 0.470803	 -2.161294	 328881.017739	
184.000000	 1.000000	 0.000000	 -0.000000	 0.000000	 -90.000000	 0.470506	 -0.017734	 0.470840	 -2.158546	 0.000000	 0.003094	 0.003094	 90.000000	 0.470506	 -0.017734	 0.470840	 -2.158546	 328882.474614	
183.000000	 1.000000	 0.000000	 -0.000000	 0.000000	 -90.000000	 0.470608	 -0.017720	 0.470942	 -2.156380	 0.000000	 0.003033	 0.003033	 90.000000	 0.470608	 -0.017720	 0.470942	 -2.156380	 328883.903670	
182.000000	 1.000000	 0.000000	 -0.000000	 0.000000	 -90.000000	 0.470643	 -0.017708	 0.470976	 -2.154788	 0.000000	 0.003043	 0.003043	 90.000000	 0.470643	 -0.017708	 0.470976	 -2.154789	 328885.354841	
181.000000	 1.000000	 0.000000	 -0.000000	 0.000000	 -90.000000	 0.470699	 -0.017721	 0.471032	 -2.156126	 0.000000	 0.002969	 0.002969	 90.000000	 0.470699	 -0.017721	 0.471032	 -2.156126	 328886.771936	
180.000000	 1.000000	 0.000000	 -0.000000	 0.000000	 -90.000000	 0.470810	 -0.017702	 0.471142	 -2.153234	 0.000000	 0.002884	 0.002884	 90.000000	 0.470810	 -0.017703	 0.471143	 -2.153319	 328888.215479	
179.000000	 1.000000	 0.000000	 -0.000000	 0.000000	 -90.000000	 0.470840	 -0.017712	 0.471173	 -2.154333	 0.000000	 0.002730	 0.002730	 90.000000	 0.470840	 -0.017712	 0.471173	 -2.154333	 328889.655378	
178.000000	 1.000000	 0.000000	 -0.000000	 0.000000	 -90.000000	 0.470904	 -0.017706	 0.471236	 -2.153335	 0.000000	 0.002524	 0.002524	 90.000000	 0.470904	 -0.017706	 0.471236	 -2.153335	 328891.107365	
177.000000	 1.000000	 0.000000	 -0.000000	 0.000000	 -90.000000	 0.471004	 -0.017687	 0.471336	 -2.150554	 0.000000	 0.003428	 0.003428	 90.000000	 0.471003	 -0.017686	 0.471335	 -2.150431	 328892.533841	
176.000000	 1.000000	 0.000000	 -0.000000	 0.000000	 -90.000000	 0.471007	 -0.017653	 0.471338	 -2.146453	 0.000000	 0.002835	 0.002835	 90.000000	 0.471007	 -0.017653	 0.471338	 -2.146453	 328893.968086	
175.000000	 1.000000	 0.000000	 -0.000000	 0.000000	 -90.000000	 0.471074	 -0.017663	 0.471405	 -2.147280	 0.000000	 0.002778	 0.002778	 90.000000	 0.471074	 -0.017663	 0.471405	 -2.147281	 328895.425212	
174.000000	 1.000000	 0.000000	 -0.000000	 0.000000	 -90.000000	 0.471134	 -0.017701	 0.471466	 -2.151619	 0.000000	 0.002880	 0.002880	 90.000000	 0.471134	 -0.017701	 0.471466	 -2.151619	 328896.898625	
173.000000	 1.000000	 0.000000	 -0.000000	 0.000000	 -90.000000	 0.471215	 -0.017646	 0.471546	 -2.144574	 0.000000	 0.002856	 0.002856	 90.000000	 0.471215	 -0.017646	 0.471546	 -2.144574	 328898.332964	
172.000000	 1.000000	 0.000000	 -0.000000	 0.000000	 -90.000000	 0.471336	 -0.017626	 0.471665	 -2.141671	 0.000000	 0.002816	 0.002816	 90.000000	 0.471336	 -0.017626	 0.471665	 -2.141671	 328899.781175	
171.000000	 1.000000	 0.000000	 -0.000000	 0.000000	 -90.000000	 0.471423	 -0.017597	 0.471751	 -2.137684	 0.000000	 0.002750	 0.002750	 90.000000	 0.471423	 -0.017597	 0.471751	 -2.137684	 328901.210508	
170.000000	 1.000000	 0.000000	 -0.000000	 0.000000	 -90.000000	 0.471445	 -0.017566	 0.471772	 -2.133850	 0.000000	 0.002762	 0.002762	 90.000000	 0.471445	 -0.017566	 0.471772	 -2.133851	 328902.649945	
169.000000	 1.000000	 0.000000	 -0.000000	 0.000000	 -90.000000	 0.471561	 -0.017620	 0.471890	 -2.139905	 0.000000	 0.002795	 0.002795	 90.000000	 0.471561	 -0.017620	 0.471890	 -2.139905	 328904.077231	
168.000000	 1.000000	 0.000000	 -0.000000	 0.000000	 -90.000000	 0.471640	 -0.017552	 0.471967	 -2.131260	 0.000000	 0.002835	 0.002835	 90.000000	 0.471640	 -0.017552	 0.471967	 -2.131260	 328905.515747	
167.000000	 1.000000	 0.000000	 -0.000000	 0.000000	 -90.000000	 0.471752	 -0.017549	 0.472079	 -2.130416	 0.000000	 0.002785	 0.002785	 90.000000	 0.471752	 -0.017549	 0.472079	 -2.130416	 328906.956203	
166.000000	 1.000000	 0.000000	 -0.000000	 0.000000	 -90.000000	 0.471786	 -0.017547	 0.472113	 -2.129968	 0.000000	 0.002674	 0.002674	 90.000000	 0.471786	 -0.017547	 0.472113	 -2.129968	 328908.427376	
165.000000	 1.000000	 0.000000	 -0.000000	 0.000000	 -90.000000	 0.471865	 -0.017526	 0.472191	 -2.127128	 0.000000	 0.002697	 0.002697	 90.000000	 0.471865	 -0.017526	 0.472191	 -2.127128	 328909.893604	
164.000000	 1.000000	 0.000000	 -0.000000	 0.000000	 -90.000000	 0.471922	 -0.017510	 0.472247	 -2.124873	 0.000000	 0.002727	 0.002727	 90.000000	 0.471922	 -0.017510	 0.472247	 -2.124873	 328911.330605	
163.000000	 1.000000	 0.000000	 -0.000000	 0.000000	 -90.000000	 0.471985	 -0.017484	 0.472308	 -2.121462	 0.000000	 0.002665	 0.002665	 90.000000	 0.471985	 -0.017484	 0.472308	 -2.121462	 328912.766669	
162.000000	 1.000000	 0.000000	 -0.000000	 0.000000	 -90.000000	 0.472059	 -0.017481	 0.472382	 -2.120790	 0.000000	 0.002670	 0.002670	 90.000000	 0.472059	 -0.017481	 0.472382	 -2.120790	 328914.213163	
161.000000	 1.000000	 0.000000	 -0.000000	 0.000000	 -90.000000	 0.472148	 -0.017492	 0.472472	 -2.121678	 0.000000	 0.002540	 0.002540	 90.000000	 0.472159	 -0.017494	 0.472483	 -2.121934	 328915.653007	
160.000000	 1.000000	 0.000000	 -0.000000	 0.000000	 -90.000000	 0.472224	 -0.017436	 0.472546	 -2.114547	 0.000000	 0.002632	 0.002632	 90.000000	 0.472224	 -0.017436	 0.472546	 -2.114547	 328917.087077	
159.000000	 1.000000	 0.000000	 -0.000000	 0.000000	 -90.000000	 0.472314	 -0.017384	 0.472634	 -2.107920	 0.000000	 0.002686	 0.002686	 90.000000	 0.472314	 -0.017384	 0.472634	 -2.107920	 328918.561742	
158.000000	 1.000000	 0.000000	 -0.000000	 0.000000	 -90.000000	 0.472274	 -0.017384	 0.472594	 -2.108108	 0.000000	 0.002753	 0.002753	 90.000000	 0.472249	 -0.017405	 0.472570	 -2.110747	 328919.981805	
157.000000	 1.000000	 0.000000	 -0.000000	 0.000000	 -90.000000	 0.472543	 -0.017250	 0.472857	 -2.090668	 0.000000	 0.002740	 0.002740	 90.000000	 0.472517	 -0.017211	 0.472830	 -2.086049	 328921.430268	
156.000000	 1.000000	 0.000000	 -0.000000	 0.000000	 -90.000000	 0.472168	 -0.017215	 0.472481	 -2.088030	 0.000000	 0.002585	 0.002585	 90.000000	 0.472168	 -0.017215	 0.472481	 -2.088030	 328922.874209	
155.000000	 1.000000	 0.000000	 -0.000000	 0.000000	 -90.000000	 0.472435	 -0.017827	 0.472771	 -2.160974	 0.000000	 0.002596	 0.002596	 90.000000	 0.472435	 -0.017827	 0.472771	 -2.160974	 328924.352443	
154.000000	 1.000000	 0.000000	 -0.000000	 0.000000	 -90.000000	 0.472669	 -0.018038	 0.473013	 -2.185510	 0.000000	 0.002784	 0.002784	 90.000000	 0.472669	 -0.018038	 0.473013	 -2.185510	 328925.796182	
153.000000	 1.000000	 0.000000	 -0.000000	 0.000000	 -90.000000	 0.472342	 -0.016557	 0.472632	 -2.007599	 0.000000	 0.002627	 0.002627	 90.000000	 0.472342	 -0.016557	 0.472632	 -2.007599	 328927.212402	
152.000000	 1.000000	 0.000000	 -0.000000	 0.000000	 -90.000000	 0.473037	 -0.016258	 0.473316	 -1.968494	 0.000000	 0.002590	 0.002590	 90.000000	 0.473006	 -0.016248	 0.473285	 -1.967335	 328928.658605	
151.000000	 1.000000	 0.000000	 -0.000000	 0.000000	 -90.000000	 0.471739	 -0.017797	 0.472074	 -2.160545	 0.000000	 0.002648	 0.002648	 90.000000	 0.471752	 -0.017833	 0.472089	 -2.164828	 328930.082371	
150.000000	 1.000000	 0.000000	 -0.000000	 0.000000	 -90.000000	 0.472393	 -0.016122	 0.472668	 -1.954692	 0.000000	 0.002683	 0.002683	 90.000000	 0.472393	 -0.016122	 0.472668	 -1.954692	 328931.506162	
149.000000	 1.000000	 0.000000	 -0.000000	 0.000000	 -90.000000	 0.471783	 -0.017334	 0.472101	 -2.104188	 0.000000	 0.002637	 0.002637	 90.000000	 0.471783	 -0.017334	 0.472101	 -2.104188	 328932.966992	
148.000000	 1.000000	 0.000000	 -0.000000	 0.000000	 -90.000000	 0.473582	 -0.016284	 0.473862	 -1.969332	 0.000000	 0.002626	 0.002626	 90.000000	 0.473582	 -0.016284	 0.473862	 -1.969332	 328934.383967	
147.000000	 1.000000	 0.000000	 -0.000000	 0.000000	 -90.000000	 0.472631	 -0.016541	 0.472920	 -2.004422	 0.000000	 0.002692	 0.002692	 90.000000	 0.472631	 -0.016541	 0.472920	 -2.004422	 328935.871257	
146.000000	 1.000000	 0.000000	 -0.000000	 0.000000	 -90.000000	 0.473900	 -0.017532	 0.474224	 -2.118733	 0.000000	 0.002577	 0.002577	 90.000000	 0.473879	 -0.017611	 0.474206	 -2.128349	 328937.316789	
145.000000	 1.000000	 0.000000	 -0.000000	 0.000000	 -90.000000	 0.473798	 -0.017416	 0.474117	 -2.105122	 0.000000	 0.002614	 0.002614	 90.000000	 0.473798	 -0.017416	 0.474117	 -2.105122	 328938.751155	
144.000000	 1.000000	 0.000000	 -0.000000	 0.000000	 -90.000000	 0.473257	 -0.016983	 0.473561	 -2.055213	 0.000000	 0.002566	 0.002566	 90.000000	 0.473300	 -0.016907	 0.473602	 -2.045767	 328940.189956	
143.000000	 1.000000	 0.000000	 -0.000000	 0.000000	 -90.000000	 0.473491	 -0.016983	 0.473795	 -2.054177	 0.000000	 0.002575	 0.002575	 90.000000	 0.473510	 -0.016969	 0.473814	 -2.052399	 328941.639824	
142.000000	 1.000000	 0.000000	 -0.000000	 0.000000	 -90.000000	 0.473496	 -0.017198	 0.473808	 -2.080100	 0.000000	 0.002563	 0.002563	 90.000000	 0.473496	 -0.017198	 0.473808	 -2.080100	 328943.083724	
141.000000	 1.000000	 0.000000	 -0.000000	 0.000000	 -90.000000	 0.473669	 -0.017072	 0.473977	 -2.064169	 0.000000	 0.002553	 0.002553	 90.000000	 0.473669	 -0.017072	 0.473977	 -2.064169	 328944.517132	
140.000000	 1.000000	 0.000000	 -0.000000	 0.000000	 -90.000000	 0.473777	 -0.017134	 0.474087	 -2.071221	 0.000000	 0.002514	 0.002514	 90.000000	 0.473777	 -0.017134	 0.474087	 -2.071221	 328945.945441	
139.000000	 1.000000	 0.000000	 -0.000000	 0.000000	 -90.000000	 0.473912	 -0.017078	 0.474220	 -2.063834	 0.000000	 0.002522	 0.002522	 90.000000	 0.473912	 -0.017078	 0.474220	 -2.063834	 328947.390169	
138.000000	 1.000000	 0.000000	 -0.000000	 0.000000	 -90.000000	 0.474027	 -0.017093	 0.474335	 -2.065194	 0.000000	 0.002581	 0.002581	 90.000000	 0.474031	 -0.017092	 0.474339	 -2.065048	 328948.811541	
137.000000	 1.000000	 0.000000	 -0.000000	 0.000000	 -90.000000	 0.474084	 -0.017083	 0.474392	 -2.063663	 0.000000	 0.002548	 0.002548	 90.000000	 0.474083	 -0.017081	 0.474390	 -2.063441	 328950.231619	
136.000000	 1.000000	 0.000000	 -0.000000	 0.000000	 -90.000000	 0.474185	 -0.017056	 0.474491	 -2.059951	 0.000000	 0.002574	 0.002574	 90.000000	 0.474185	 -0.017056	 0.474491	 -2.059951	 328951.679782	
135.000000	 1.000000	 0.000000	 -0.000000	 0.000000	 -90.000000	 0.474269	 -0.017006	 0.474574	 -2.053610	 0.000000	 0.002669	 0.002669	 90.000000	 0.474269	 -0.017006	 0.474574	 -2.053610	 328953.162554	
134.000000	 1.000000	 0.000000	 -0.000000	 0.000000	 -90.000000	 0.474402	 -0.016986	 0.474706	 -2.050652	 0.000000	 0.002618	 0.002618	 90.000000	 0.474401	 -0.016985	 0.474705	 -2.050469	 328954.599691	
133.000000	 1.000000	 0.000000	 -0.000000	 0.000000	 -90.000000	 0.474525	 -0.016969	 0.474828	 -2.047998	 0.000000	 0.002662	 0.002662	 90.000000	 0.474525	 -0.016969	 0.474828	 -2.047998	 328956.027631	
132.000000	 1.000000	 0.000000	 -0.000000	 0.000000	 -90.000000	 0.474588	 -0.016941	 0.474890	 -2.044358	 0.000000	 0.002549	 0.002549	 90.000000	 0.474588	 -0.016941	 0.474890	 -2.044358	 328957.465297	
131.000000	 1.000000	 0.000000	 -0.000000	 0.000000	 -90.000000	 0.474712	 -0.016974	 0.475016	 -2.047762	 0.000000	 0.002500	 0.002500	 90.000000	 0.474712	 -0.016974	 0.475016	 -2.047762	 328958.885957	
130.000000	 1.000000	 0.000000	 -0.000000	 0.000000	 -90.000000	 0.474783	 -0.016947	 0.475086	 -2.044242	 0.000000	 0.002523	 0.002523	 90.000000	 0.474783	 -0.016947	 0.475086	 -2.044242	 328960.336141	
129.000000	 1.000000	 0.000000	 -0.000000	 0.000000	 -90.000000	 0.474873	 -0.016849	 0.475172	 -2.032014	 0.000000	 0.002515	 0.002515	 90.000000	 0.474872	 -0.016847	 0.475171	 -2.031828	 328961.745486	
128.000000	 1.000000	 0.000000	 -0.000000	 0.000000	 -90.000000	 0.474906	 -0.016878	 0.475205	 -2.035420	 0.000000	 0.002461	 0.002461	 90.000000	 0.474906	 -0.016878	 0.475205	 -2.035420	 328963.220592	
127.000000	 1.000000	 0.000000	 -0.000000	 0.000000	 -90.000000	 0.475087	 -0.016843	 0.475386	 -2.030374	 0.000000	 0.002465	 0.002465	 90.000000	 0.475087	 -0.016843	 0.475386	 -2.030374	 328964.660418	
126.000000	 1.000000	 0.000000	 -0.000000	 0.000000	 -90.000000	 0.475122	 -0.016782	 0.475418	 -2.022943	 0.000000	 0.002497	 0.002497	 90.000000	 0.475122	 -0.016782	 0.475418	 -2.022943	 328966.117808	
125.000000	 1.000000	 0.000000	 -0.000000	 0.000000	 -90.000000	 0.475195	 -0.016814	 0.475492	 -2.026476	 0.000000	 0.002535	 0.002535	 90.000000	 0.475195	 -0.016814	 0.475492	 -2.026476	 328967.555055	
124.000000	 1.000000	 0.000000	 -0.000000	 0.000000	 -90.000000	 0.475306	 -0.016728	 0.475600	 -2.015701	 0.000000	 0.002532	 0.002532	 90.000000	 0.475306	 -0.016728	 0.475600	 -2.015701	 328969.011014	
123.000000	 1.000000	 0.000000	 -0.000000	 0.000000	 -90.000000	 0.475523	 -0.016714	 0.475816	 -2.012992	 0.000000	 0.002573	 0.002573	 90.000000	 0.475525	 -0.016717	 0.475819	 -2.013350	 328970.466147	
122.000000	 1.000000	 0.000000	 -0.000000	 0.000000	 -90.000000	 0.475606	 -0.016681	 0.475899	 -2.008760	 0.000000	 0.002602	 0.002602	 90.000000	 0.475606	 -0.016681	 0.475899	 -2.008760	 328971.905614	
121.000000	 1.000000	 0.000000	 -0.000000	 0.000000	 -90.000000	 0.475687	 -0.016654	 0.475979	 -2.005183	 0.000000	 0.002536	 0.002536	 90.000000	 0.475687	 -0.016654	 0.475979	 -2.005183	 328973.361820	
120.000000	 1.000000	 0.000000	 -0.000000	 0.000000	 -90.000000	 0.475791	 -0.016697	 0.476083	 -2.009873	 0.000000	 0.002439	 0.002439	 90.000000	 0.475791	 -0.016697	 0.476083	 -2.009873	 328974.776561	
119.000000	 1.000000	 0.000000	 -0.000000	 0.000000	 -90.000000	 0.475926	 -0.016675	 0.476218	 -2.006664	 0.000000	 0.002449	 0.002449	 90.000000	 0.475926	 -0.016675	 0.476218	 -2.006664	 328976.226529	
118.000000	 1.000000	 0.000000	 -0.000000	 0.000000	 -90.000000	 0.476026	 -0.016584	 0.476314	 -1.995301	 0.000000	 0.002462	 0.002462	 90.000000	 0.476026	 -0.016584	 0.476314	 -1.995301	 328977.652440	
117.000000	 1.000000	 0.000000	 -0.000000	 0.000000	 -90.000000	 0.476118	 -0.016582	 0.476407	 -1.994712	 0.000000	 0.002446	 0.002446	 90.000000	 0.476118	 -0.016582	 0.476407	 -1.994712	 328979.087328	
116.000000	 1.000000	 0.000000	 -0.000000	 0.000000	 -90.000000	 0.476221	 -0.016547	 0.476509	 -1.990026	 0.000000	 0.002414	 0.002414	 90.000000	 0.476221	 -0.016547	 0.476509	 -1.990026	 328980.530623	
115.000000	 1.000000	 0.000000	 -0.000000	 0.000000	 -90.000000	 0.476384	 -0.016523	 0.476670	 -1.986518	 0.000000	 0.002342	 0.002342	 90.000000	 0.476384	 -0.016523	 0.476670	 -1.986518	 328981.973752	
114.000000	 1.000000	 0.000000	 -0.000000	 0.000000	 -90.000000	 0.476459	 -0.016499	 0.476745	 -1.983226	 0.000000	 0.002444	 0.002444	 90.000000	 0.476461	 -0.016500	 0.476746	 -1.983367	 328983.402962	
113.000000	 1.000000	 0.000000	 -0.000000	 0.000000	 -90.000000	 0.476599	 -0.016449	 0.476882	 -1.976708	 0.000000	 0.002437	 0.002437	 90.000000	 0.476599	 -0.016449	 0.476882	 -1.976708	 328984.837202	
112.000000	 1.000000	 0.000000	 -0.000000	 0.000000	 -90.000000	 0.476698	 -0.016433	 0.476981	 -1.974354	 0.000000	 0.002378	 0.002378	 90.000000	 0.476703	 -0.016435	 0.476987	 -1.974612	 328986.299941	
111.000000	 1.000000	 0.000000	 -0.000000	 0.000000	 -90.000000	 0.476809	 -0.016411	 0.477091	 -1.971306	 0.000000	 0.002354	 0.002354	 90.000000	 0.476809	 -0.016411	 0.477091	 -1.971306	 328987.713997	
110.000000	 1.000000	 0.000000	 -0.000000	 0.000000	 -90.000000	 0.476917	 -0.016371	 0.477198	 -1.965959	 0.000000	 0.002411	 0.002411	 90.000000	 0.476916	 -0.016368	 0.477197	 -1.965621	 328989.166014	
109.000000	 1.000000	 0.000000	 -0.000000	 0.000000	 -90.000000	 0.477039	 -0.016323	 0.477318	 -1.959711	 0.000000	 0.002390	 0.002390	 90.000000	 0.477039	 -0.016323	 0.477318	 -1.959711	 328990.584549	
108.000000	 1.000000	 0.000000	 -0.000000	 0.000000	 -90.000000	 0.477085	 -0.016312	 0.477363	 -1.958236	 0.000000	 0.002296	 0.002296	 90.000000	 0.477081	 -0.016316	 0.477360	 -1.958720	 328992.034723	
107.000000	 1.000000	 0.000000	 -0.000000	 0.000000	 -90.000000	 0.477175	 -0.016276	 0.477453	 -1.953488	 0.000000	 0.002359	 0.002359	 90.000000	 0.477175	 -0.016276	 0.477453	 -1.953488	 328993.447678	
106.000000	 1.000000	 0.000000	 -0.000000	 0.000000	 -90.000000	 0.477308	 -0.016280	 0.477586	 -1.953443	 0.000000	 0.002456	 0.002456	 90.000000	 0.477308	 -0.016280	 0.477586	 -1.953443	 328994.887828	
105.000000	 1.000000	 0.000000	 -0.000000	 0.000000	 -90.000000	 0.477565	 -0.016164	 0.477839	 -1.938527	 0.000000	 0.002280	 0.002280	 90.000000	 0.477565	 -0.016164	 0.477839	 -1.938527	 328996.354902	
104.000000	 1.000000	 0.000000	 -0.000000	 0.000000	 -90.000000	 0.477711	 -0.016134	 0.477983	 -1.934376	 0.000000	 0.002211	 0.002211	 90.000000	 0.477711	 -0.016134	 0.477983	 -1.934376	 328997.814731	
103.000000	 1.000000	 0.000000	 -0.000000	 0.000000	 -90.000000	 0.477512	 -0.016160	 0.477786	 -1.938308	 0.000000	 0.002282	 0.002282	 90.000000	 0.477512	 -0.016160	 0.477786	 -1.938308	 328999.261243	
102.000000	 1.000000	 0.000000	 -0.000000	 0.000000	 -90.000000	 0.477583	 -0.016105	 0.477855	 -1.931340	 0.000000	 0.002287	 0.002287	 90.000000	 0.477583	 -0.016105	 0.477855	 -1.931340	 329000.681527	
101.000000	 1.000000	 0.000000	 -0.000000	 0.000000	 -90.000000	 0.478037	 -0.016228	 0.478312	 -1.944304	 0.000000	 0.002535	 0.002535	 90.000000	 0.478041	 -0.016225	 0.478316	 -1.943967	 329002.100755	
100.000000	 1.000000	 0.000000	 -0.000000	 0.000000	 -90.000000	 0.477961	 -0.016227	 0.478236	 -1.944485	 0.000000	 0.002413	 0.002413	 90.000000	 0.477961	 -0.016227	 0.478236	 -1.944484	 329003.536482	
99.000000	 1.000000	 0.000000	 -0.000000	 0.000000	 -90.000000	 0.478379	 -0.016104	 0.478650	 -1.928053	 0.000000	 0.002377	 0.002377	 90.000000	 0.478379	 -0.016104	 0.478650	 -1.928053	 329004.950965	
98.000000	 1.000000	 0.000000	 -0.000000	 0.000000	 -90.000000	 0.478499	 -0.015819	 0.478760	 -1.893464	 0.000000	 0.002295	 0.002295	 90.000000	 0.478499	 -0.015819	 0.478760	 -1.893464	 329006.890715	
97.000000	 1.000000	 0.000000	 -0.000000	 0.000000	 -90.000000	 0.478440	 -0.015740	 0.478698	 -1.884319	 0.000000	 0.002094	 0.002094	 90.000000	 0.478440	 -0.015740	 0.478698	 -1.884319	 329008.380688	
96.000000	 1.000000	 0.000000	 -0.000000	 0.000000	 -90.000000	 0.478730	 -0.015911	 0.478995	 -1.903567	 0.000000	 0.002412	 0.002412	 90.000000	 0.478730	 -0.015911	 0.478995	 -1.903567	 329009.825533	
95.000000	 1.000000	 0.000000	 -0.000000	 0.000000	 -90.000000	 0.478837	 -0.015757	 0.479096	 -1.884766	 0.000000	 0.002330	 0.002330	 90.000000	 0.478837	 -0.015757	 0.479096	 -1.884766	 329011.306709	
94.000000	 1.000000	 0.000000	 -0.000000	 0.000000	 -90.000000	 0.478885	 -0.015813	 0.479146	 -1.891197	 0.000000	 0.002283	 0.002283	 90.000000	 0.478885	 -0.015813	 0.479146	 -1.891197	 329012.731429	
93.000000	 1.000000	 0.000000	 -0.000000	 0.000000	 -90.000000	 0.479026	 -0.015687	 0.479283	 -1.875627	 0.000000	 0.002260	 0.002260	 90.000000	 0.479026	 -0.015687	 0.479283	 -1.875627	 329014.175006	
92.000000	 1.000000	 0.000000	 -0.000000	 0.000000	 -90.000000	 0.479253	 -0.015696	 0.479510	 -1.875825	 0.000000	 0.002355	 0.002355	 90.000000	 0.479255	 -0.015699	 0.479512	 -1.876179	 329015.624308	
91.000000	 1.000000	 0.000000	 -0.000000	 0.000000	 -90.000000	 0.479338	 -0.015661	 0.479594	 -1.871323	 0.000000	 0.002309	 0.002309	 90.000000	 0.479338	 -0.015661	 0.479594	 -1.871323	 329017.060371	
90.000000	 1.000000	 0.000000	 -0.000000	 0.000000	 -90.000000	 0.479560	 -0.015551	 0.479812	 -1.857256	 0.000000	 0.002324	 0.002324	 90.000000	 0.479560	 -0.015551	 0.479812	 -1.857256	 329018.502705	
89.000000	 1.000000	 0.000000	 -0.000000	 0.000000	 -90.000000	 0.479666	 -0.015546	 0.479918	 -1.856366	 0.000000	 0.002292	 0.002292	 90.000000	 0.479666	 -0.015546	 0.479918	 -1.856366	 329019.977635	
88.000000	 1.000000	 0.000000	 -0.000000	 0.000000	 -90.000000	 0.479797	 -0.015439	 0.480046	 -1.843065	 0.000000	 0.002343	 0.002343	 90.000000	 0.479797	 -0.015439	 0.480046	 -1.843065	 329021.452198	
87.000000	 1.000000	 0.000000	 -0.000000	 0.000000	 -90.000000	 0.480018	 -0.015502	 0.480268	 -1.849685	 0.000000	 0.002287	 0.002287	 90.000000	 0.480018	 -0.015502	 0.480268	 -1.849685	 329022.871089	
86.000000	 1.000000	 0.000000	 -0.000000	 0.000000	 -90.000000	 0.480027	 -0.015283	 0.480270	 -1.823597	 0.000000	 0.002297	 0.002297	 90.000000	 0.480027	 -0.015283	 0.480270	 -1.823597	 329024.299213	
85.000000	 1.000000	 0.000000	 -0.000000	 0.000000	 -90.000000	 0.480204	 -0.015217	 0.480445	 -1.814990	 0.000000	 0.002290	 0.002290	 90.000000	 0.480204	 -0.015217	 0.480445	 -1.814990	 329025.742237	
84.000000	 1.000000	 0.000000	 -0.000000	 0.000000	 -90.000000	 0.480386	 -0.015180	 0.480625	 -1.809899	 0.000000	 0.002316	 0.002316	 90.000000	 0.480386	 -0.015180	 0.480625	 -1.809899	 329027.173419	
83.000000	 1.000000	 0.000000	 -0.000000	 0.000000	 -90.000000	 0.480598	 -0.015270	 0.480841	 -1.819855	 0.000000	 0.002265	 0.002265	 90.000000	 0.480598	 -0.015270	 0.480841	 -1.819855	 329028.603657	
82.000000	 1.000000	 0.000000	 -0.000000	 0.000000	 -90.000000	 0.480714	 -0.015168	 0.480953	 -1.807262	 0.000000	 0.002195	 0.002195	 90.000000	 0.480714	 -0.015168	 0.480953	 -1.807262	 329030.037834	
81.000000	 1.000000	 0.000000	 -0.000000	 0.000000	 -90.000000	 0.480836	 -0.015078	 0.481072	 -1.796104	 0.000000	 0.002282	 0.002282	 90.000000	 0.480840	 -0.015081	 0.481076	 -1.796391	 329031.454278	
80.000000	 1.000000	 0.000000	 -0.000000	 0.000000	 -90.000000	 0.481091	 -0.015043	 0.481326	 -1.790995	 0.000000	 0.002236	 0.002236	 90.000000	 0.481091	 -0.015043	 0.481326	 -1.790995	 329032.869343	
79.000000	 1.000000	 0.000000	 -0.000000	 0.000000	 -90.000000	 0.481242	 -0.015022	 0.481477	 -1.787960	 0.000000	 0.002220	 0.002220	 90.000000	 0.481259	 -0.015016	 0.481493	 -1.787183	 329034.320270	
78.000000	 1.000000	 0.000000	 -0.000000	 0.000000	 -90.000000	 0.481380	 -0.014867	 0.481610	 -1.768966	 0.000000	 0.002229	 0.002229	 90.000000	 0.481394	 -0.014868	 0.481624	 -1.768983	 329035.769320	
77.000000	 1.000000	 0.000000	 -0.000000	 0.000000	 -90.000000	 0.481453	 -0.014821	 0.481682	 -1.763216	 0.000000	 0.002336	 0.002336	 90.000000	 0.481453	 -0.014821	 0.481682	 -1.763216	 329037.207645	
76.000000	 1.000000	 0.000000	 -0.000000	 0.000000	 -90.000000	 0.481601	 -0.014741	 0.481826	 -1.753175	 0.000000	 0.002294	 0.002294	 90.000000	 0.481601	 -0.014741	 0.481826	 -1.753175	 329038.642709	
75.000000	 1.000000	 0.000000	 -0.000000	 0.000000	 -90.000000	 0.481937	 -0.014511	 0.482155	 -1.724699	 0.000000	 0.002287	 0.002287	 90.000000	 0.481933	 -0.014500	 0.482151	 -1.723317	 329040.111009	
74.000000	 1.000000	 0.000000	 -0.000000	 0.000000	 -90.000000	 0.481979	 -0.014602	 0.482200	 -1.735287	 0.000000	 0.002244	 0.002244	 90.000000	 0.481979	 -0.014602	 0.482200	 -1.735288	 329041.568149	
73.000000	 1.000000	 0.000000	 -0.000000	 0.000000	 -90.000000	 0.482308	 -0.014539	 0.482527	 -1.726663	 0.000000	 0.002288	 0.002288	 90.000000	 0.482308	 -0.014539	 0.482527	 -1.726663	 329042.997589	
72.000000	 1.000000	 0.000000	 -0.000000	 0.000000	 -90.000000	 0.482569	 -0.014504	 0.482787	 -1.721496	 0.000000	 0.002278	 0.002278	 90.000000	 0.482578	 -0.014497	 0.482795	 -1.720709	 329044.406065	
71.000000	 1.000000	 0.000000	 -0.000000	 0.000000	 -90.000000	 0.482728	 -0.014445	 0.482944	 -1.714028	 0.000000	 0.002262	 0.002262	 90.000000	 0.482728	 -0.014445	 0.482944	 -1.714028	 329045.827134	
70.000000	 1.000000	 0.000000	 -0.000000	 0.000000	 -90.000000	 0.482864	 -0.014424	 0.483080	 -1.711020	 0.000000	 0.002231	 0.002231	 90.000000	 0.482864	 -0.014424	 0.483080	 -1.711020	 329047.253195	
69.000000	 1.000000	 0.000000	 -0.000000	 0.000000	 -90.000000	 0.483084	 -0.014248	 0.483294	 -1.689424	 0.000000	 0.002265	 0.002265	 90.000000	 0.483044	 -0.014314	 0.483256	 -1.697286	 329048.686186	
68.000000	 1.000000	 0.000000	 -0.000000	 0.000000	 -90.000000	 0.483282	 -0.013966	 0.483484	 -1.655337	 0.000000	 0.002214	 0.002214	 90.000000	 0.483282	 -0.013966	 0.483484	 -1.655337	 329050.172064	
67.000000	 1.000000	 0.000000	 -0.000000	 0.000000	 -90.000000	 0.483681	 -0.013939	 0.483882	 -1.650710	 0.000000	 0.002260	 0.002260	 90.000000	 0.483681	 -0.013939	 0.483882	 -1.650710	 329051.628503	
66.000000	 1.000000	 0.000000	 -0.000000	 0.000000	 -90.000000	 0.483763	 -0.013829	 0.483961	 -1.637393	 0.000000	 0.002204	 0.002204	 90.000000	 0.483763	 -0.013829	 0.483961	 -1.637393	 329053.071919	
65.000000	 1.000000	 0.000000	 -0.000000	 0.000000	 -90.000000	 0.483689	 -0.013576	 0.483880	 -1.607761	 0.000000	 0.002281	 0.002281	 90.000000	 0.483689	 -0.013576	 0.483880	 -1.607761	 329054.497603	
64.000000	 1.000000	 0.000000	 -0.000000	 0.000000	 -90.000000	 0.484302	 -0.013523	 0.484491	 -1.599400	 0.000000	 0.002227	 0.002227	 90.000000	 0.484302	 -0.013523	 0.484491	 -1.599400	 329055.946141	
63.000000	 1.000000	 0.000000	 -0.000000	 0.000000	 -90.000000	 0.484657	 -0.013498	 0.484845	 -1.595290	 0.000000	 0.002213	 0.002213	 90.000000	 0.484657	 -0.013498	 0.484845	 -1.595290	 329057.378551	
62.000000	 1.000000	 0.000000	 -0.000000	 0.000000	 -90.000000	 0.484177	 -0.013877	 0.484376	 -1.641698	 0.000000	 0.002292	 0.002292	 90.000000	 0.484177	 -0.013877	 0.484376	 -1.641698	 329058.807333	
61.000000	 1.000000	 0.000000	 -0.000000	 0.000000	 -90.000000	 0.485306	 -0.013656	 0.485498	 -1.611810	 0.000000	 0.002300	 0.002300	 90.000000	 0.485306	 -0.013656	 0.485498	 -1.611810	 329060.232286	
60.000000	 1.000000	 0.000000	 -0.000000	 0.000000	 -90.000000	 0.481564	 -0.014063	 0.481769	 -1.672754	 0.000000	 0.002235	 0.002235	 90.000000	 0.481564	 -0.014063	 0.481769	 -1.672754	 329061.663909	
59.000000	 1.000000	 0.000000	 -0.000000	 0.000000	 -90.000000	 0.479294	 -0.014061	 0.479501	 -1.680444	 0.000000	 0.002174	 0.002174	 90.000000	 0.479294	 -0.014061	 0.479501	 -1.680444	 329063.084313	
58.000000	 1.000000	 0.000000	 -0.000000	 0.000000	 -90.000000	 0.479340	 -0.019083	 0.479719	 -2.279848	 0.000000	 0.002210	 0.002210	 90.000000	 0.479340	 -0.019083	 0.479719	 -2.279848	 329064.552307	
57.000000	 1.000000	 0.000000	 -0.000000	 0.000000	 -90.000000	 0.474793	 -0.003580	 0.474807	 -0.431979	 0.000000	 0.002212	 0.002212	 90.000000	 0.472247	 -0.005486	 0.472279	 -0.665595	 329065.991137	
56.000000	 1.000000	 0.000000	 -0.000000	 0.000000	 -90.000000	 0.468904	 -0.003846	 0.468920	 -0.469968	 0.000000	 0.002277	 0.002277	 90.000000	 0.468904	 -0.003846	 0.468920	 -0.469968	 329067.435660	
55.000000	 1.000000	 0.000000	 -0.000000	 0.000000	 -90.000000	 0.507195	 -0.028123	 0.507974	 -3.173715	 0.000000	 0.002172	 0.002172	 90.000000	 0.507195	 -0.028123	 0.507974	 -3.173715	 329068.905843	
54.000000	 1.000000	 0.000000	 -0.000000	 0.000000	 -90.000000	 0.521196	 -0.032334	 0.522198	 -3.549946	 0.000000	 0.002250	 0.002250	 90.000000	 0.524522	 -0.028743	 0.525309	 -3.136577	 329070.329102	
53.000000	 1.000000	 0.000000	 -0.000000	 0.000000	 -90.000000	 0.439212	 0.010590	 0.439340	 1.381224	 0.000000	 0.002321	 0.002321	 90.000000	 0.439212	 0.010590	 0.439340	 1.381224	 329071.776208	
52.000000	 1.000000	 0.000000	 -0.000000	 0.000000	 -90.000000	 0.441627	 0.035685	 0.443066	 4.619708	 0.000000	 0.002313	 0.002313	 90.000000	 0.441627	 0.035685	 0.443066	 4.619708	 329073.189858	
51.000000	 1.000000	 0.000000	 -0.000000	 0.000000	 -90.000000	 0.459458	 -0.081815	 0.466685	 -10.096796	 0.000000	 0.002114	 0.002114	 90.000000	 0.459458	 -0.081815	 0.466685	 -10.096796	 329074.682786	
50.000000	 1.000000	 0.000000	 -0.000000	 0.000000	 -90.000000	 0.411069	 0.004294	 0.411091	 0.598433	 0.000000	 0.002227	 0.002227	 90.000000	 0.411069	 0.004294	 0.411091	 0.598433	 329076.112350	
49.000000	 1.000000	 0.000000	 -0.000000	 0.000000	 -90.000000	 0.467590	 -0.083713	 0.475025	 -10.150127	 0.000000	 0.002198	 0.002198	 90.000000	 0.465423	 -0.083194	 0.472800	 -10.134507	 329077.569368	
48.000000	 1.000000	 0.000000	 -0.000000	 0.000000	 -90.000000	 0.429536	 0.018028	 0.429914	 2.403307	 0.000000	 0.002228	 0.002228	 90.000000	 0.429536	 0.018028	 0.429914	 2.403307	 329079.028600	
47.000000	 1.000000	 0.000000	 -0.000000	 0.000000	 -90.000000	 0.435459	 -0.016096	 0.435757	 -2.116811	 0.000000	 0.002198	 0.002198	 90.000000	 0.435459	 -0.016096	 0.435757	 -2.116811	 329080.467199	
46.000000	 1.000000	 0.000000	 -0.000000	 0.000000	 -90.000000	 0.497343	 0.029132	 0.498195	 3.352316	 0.000000	 0.002171	 0.002171	 90.000000	 0.497343	 0.029132	 0.498195	 3.352316	 329081.926569	
45.000000	 1.000000	 0.000000	 -0.000000	 0.000000	 -90.000000	 0.494445	 0.015520	 0.494688	 1.797899	 0.000000	 0.002166	 0.002166	 90.000000	 0.494445	 0.015520	 0.494688	 1.797899	 329083.379963	
44.000000	 1.000000	 0.000000	 -0.000000	 0.000000	 -90.000000	 0.495286	 -0.027458	 0.496047	 -3.173146	 0.000000	 0.002222	 0.002222	 90.000000	 0.495286	 -0.027458	 0.496047	 -3.173146	 329084.828441	
43.000000	 1.000000	 0.000000	 -0.000000	 0.000000	 -90.000000	 0.481778	 -0.020685	 0.482222	 -2.458420	 0.000000	 0.002164	 0.002164	 90.000000	 0.481778	 -0.020685	 0.482222	 -2.458420	 329086.265050	
42.000000	 1.000000	 0.000000	 -0.000000	 0.000000	 -90.000000	 0.496077	 -0.009166	 0.496161	 -1.058555	 0.000000	 0.002183	 0.002183	 90.000000	 0.496077	 -0.009166	 0.496161	 -1.058555	 329087.706903	
41.000000	 1.000000	 0.000000	 -0.000000	 0.000000	 -90.000000	 0.489712	 -0.012367	 0.489868	 -1.446583	 0.000000	 0.002243	 0.002243	 90.000000	 0.489712	 -0.012367	 0.489868	 -1.446583	 329089.123523	
40.000000	 1.000000	 0.000000	 -0.000000	 0.000000	 -90.000000	 0.492340	 -0.010117	 0.492444	 -1.177178	 0.000000	 0.002233	 0.002233	 90.000000	 0.492340	 -0.010117	 0.492444	 -1.177178	 329090.552851	
39.000000	 1.000000	 0.000000	 -0.000000	 0.000000	 -90.000000	 0.490475	 -0.007406	 0.490531	 -0.865113	 0.000000	 0.002154	 0.002154	 90.000000	 0.490475	 -0.007406	 0.490531	 -0.865113	 329091.976429	
38.000000	 1.000000	 0.000000	 -0.000000	 0.000000	 -90.000000	 0.491596	 -0.008499	 0.491669	 -0.990429	 0.000000	 0.002191	 0.002191	 90.000000	 0.491596	 -0.008499	 0.491669	 -0.990429	 329093.417063	
37.000000	 1.000000	 0.000000	 -0.000000	 0.000000	 -90.000000	 0.492632	 -0.007482	 0.492689	 -0.870131	 0.000000	 0.002263	 0.002263	 90.000000	 0.492632	 -0.007482	 0.492689	 -0.870131	 329094.842450	
36.000000	 1.000000	 0.000000	 -0.000000	 0.000000	 -90.000000	 0.492904	 -0.007176	 0.492956	 -0.834083	 0.000000	 0.002275	 0.002275	 90.000000	 0.493208	 -0.007558	 0.493266	 -0.877988	 329096.281573	
35.000000	 1.000000	 0.000000	 -0.000000	 0.000000	 -90.000000	 0.493274	 -0.006470	 0.493316	 -0.751470	 0.000000	 0.002215	 0.002215	 90.000000	 0.493274	 -0.006470	 0.493316	 -0.751470	 329097.732656	
34.000000	 1.000000	 0.000000	 -0.000000	 0.000000	 -90.000000	 0.493630	 -0.006203	 0.493669	 -0.719965	 0.000000	 0.002153	 0.002153	 90.000000	 0.493630	 -0.006203	 0.493669	 -0.719965	 329099.171964	
33.000000	 1.000000	 0.000000	 -0.000000	 0.000000	 -90.000000	 0.494119	 -0.005598	 0.494151	 -0.649039	 0.000000	 0.002173	 0.002173	 90.000000	 0.494119	 -0.005598	 0.494151	 -0.649039	 329100.598354	
32.000000	 1.000000	 0.000000	 -0.000000	 0.000000	 -90.000000	 0.494518	 -0.004823	 0.494542	 -0.558829	 0.000000	 0.002177	 0.002177	 90.000000	 0.494518	 -0.004823	 0.494541	 -0.558829	 329102.037730	
31.000000	 1.000000	 0.000000	 -0.000000	 0.000000	 -90.000000	 0.495156	 -0.004520	 0.495176	 -0.523036	 0.000000	 0.002188	 0.002188	 90.000000	 0.495156	 -0.004520	 0.495176	 -0.523036	 329103.491091	
30.000000	 1.000000	 0.000000	 -0.000000	 0.000000	 -90.000000	 0.495579	 -0.003712	 0.495593	 -0.429172	 0.000000	 0.002184	 0.002184	 90.000000	 0.495579	 -0.003712	 0.495593	 -0.429172	 329104.931167	
29.000000	 1.000000	 0.000000	 -0.000000	 0.000000	 -90.000000	 0.496117	 -0.002842	 0.496126	 -0.328217	 0.000000	 0.002171	 0.002171	 90.000000	 0.496131	 -0.002836	 0.496139	 -0.327457	 329106.372440	
28.000000	 1.000000	 0.000000	 -0.000000	 0.000000	 -90.000000	 0.496721	 -0.002242	 0.496726	 -0.258594	 0.000000	 0.002363	 0.002363	 90.000000	 0.496721	 -0.002242	 0.496726	 -0.258594	 329107.807843	
27.000000	 1.000000	 0.000000	 -0.000000	 0.000000	 -90.000000	 0.497165	 -0.001363	 0.497167	 -0.157033	 0.000000	 0.002348	 0.002348	 90.000000	 0.497165	 -0.001363	 0.497167	 -0.157033	 329109.223659	
26.000000	 1.000000	 0.000000	 -0.000000	 0.000000	 -90.000000	 0.497633	 -0.000412	 0.497633	 -0.047434	 0.000000	 0.000798	 0.000798	 90.000000	 0.497633	 -0.000412	 0.497633	 -0.047434	 329110.665032	
25.000000	 1.000000	 0.000000	 -0.000000	 0.000000	 -90.000000	 0.498160	 0.000380	 0.498160	 0.043649	 0.000000	 0.002544	 0.002544	 90.000000	 0.498160	 0.000380	 0.498160	 0.043649	 329112.140919	
24.000000	 1.000000	 0.000000	 -0.000000	 0.000000	 -90.000000	 0.498871	 0.001535	 0.498873	 0.176349	 0.000000	 0.000421	 0.000421	 90.000000	 0.498871	 0.001535	 0.498873	 0.176349	 329113.585845	
23.000000	 1.000000	 0.000000	 -0.000000	 0.000000	 -90.000000	 0.499440	 0.002717	 0.499448	 0.311714	 0.000000	 0.002594	 0.002594	 90.000000	 0.499440	 0.002717	 0.499448	 0.311714	 329115.095142	
22.000000	 1.000000	 0.000000	 -0.000000	 0.000000	 -90.000000	 0.500167	 0.004022	 0.500184	 0.460725	 0.000000	 0.002048	 0.002048	 90.000000	 0.500167	 0.004022	 0.500184	 0.460725	 329116.549005	
21.000000	 1.000000	 0.000000	 -0.000000	 0.000000	 -90.000000	 0.500821	 0.005449	 0.500850	 0.623341	 0.000000	 0.002156	 0.002156	 90.000000	 0.500813	 0.005448	 0.500842	 0.623205	 329117.974723	
20.000000	 1.000000	 0.000000	 -0.000000	 0.000000	 -90.000000	 0.501348	 0.007028	 0.501398	 0.803138	 0.000000	 0.001816	 0.001816	 90.000000	 0.501348	 0.007028	 0.501398	 0.803138	 329119.406580	
19.000000	 1.000000	 0.000000	 -0.000000	 0.000000	 -90.000000	 0.502087	 0.008768	 0.502164	 1.000508	 0.000000	 0.002486	 0.002486	 90.000000	 0.502087	 0.008768	 0.502164	 1.000508	 329120.842361	
18.000000	 1.000000	 0.000000	 -0.000000	 0.000000	 -90.000000	 0.502711	 0.010413	 0.502819	 1.186692	 0.000000	 0.001849	 0.001849	 90.000000	 0.502711	 0.010413	 0.502819	 1.186692	 329122.282551	
17.000000	 1.000000	 0.000000	 -0.000000	 0.000000	 -90.000000	 0.503126	 0.012691	 0.503286	 1.444925	 0.000000	 0.002104	 0.002104	 90.000000	 0.503134	 0.012675	 0.503294	 1.443070	 329123.728477	
16.000000	 1.000000	 0.000000	 -0.000000	 0.000000	 -90.000000	 0.504207	 0.015101	 0.504433	 1.715538	 0.000000	 0.002646	 0.002646	 90.000000	 0.504171	 0.015079	 0.504397	 1.713167	 329125.180938	
15.000000	 1.000000	 0.000000	 -0.000000	 0.000000	 -90.000000	 0.504583	 0.018338	 0.504916	 2.081346	 0.000000	 0.002138	 0.002138	 90.000000	 0.504583	 0.018338	 0.504916	 2.081346	 329126.609037	
14.000000	 1.000000	 0.000000	 -0.000000	 0.000000	 -90.000000	 0.505215	 0.021514	 0.505673	 2.438394	 0.000000	 -0.001953	 0.001953	 -90.000000	 0.505215	 0.021514	 0.505673	 2.438394	 329128.053928	
13.000000	 1.000000	 0.000000	 -0.000000	 0.000000	 -90.000000	 0.505762	 0.025164	 0.506388	 2.848423	 0.000000	 -0.001101	 0.001101	 -90.000000	 0.505751	 0.025144	 0.506376	 2.846208	 329129.486341	
12.000000	 1.000000	 0.000000	 -0.000000	 0.000000	 -90.000000	 0.506058	 0.029608	 0.506923	 3.348343	 0.000000	 0.001189	 0.001189	 90.000000	 0.506011	 0.029592	 0.506875	 3.346895	 329130.996923	
11.000000	 1.000000	 0.000000	 -0.000000	 0.000000	 -90.000000	 0.506144	 0.034600	 0.507325	 3.910619	 0.000000	 -0.008615	 0.008615	 -90.000000	 0.506144	 0.034600	 0.507325	 3.910619	 329132.429342	
10.000000	 1.000000	 0.000000	 -0.000000	 0.000000	 -90.000000	 0.506010	 0.040806	 0.507653	 4.610542	 0.000000	 -0.025788	 0.025788	 -90.000000	 0.506010	 0.040806	 0.507653	 4.610542	 329133.890578	
9.000000	 1.000000	 0.000000	 -0.000000	 0.000000	 -90.000000	 0.504965	 0.048022	 0.507244	 5.432455	 0.000000	 0.007655	 0.007655	 90.000000	 0.505214	 0.047903	 0.507480	 5.416437	 329135.297133	
8.000000	 1.000000	 0.000000	 -0.000000	 0.000000	 -90.000000	 0.504359	 0.056797	 0.507547	 6.425130	 0.000000	 0.077162	 0.077162	 90.000000	 0.504359	 0.056797	 0.507547	 6.425130	 329136.753338	
7.000000	 1.000000	 0.000000	 -0.000000	 0.000000	 -90.000000	 0.501062	 0.068271	 0.505692	 7.758901	 0.000000	 0.019202	 0.019202	 90.000000	 0.501062	 0.068271	 0.505692	 7.758901	 329138.167112	
6.000000	 1.000000	 0.000000	 -0.000000	 0.000000	 -90.000000	 0.495849	 0.077559	 0.501879	 8.889912	 0.000000	 0.245586	 0.245586	 90.000000	 0.495849	 0.077559	 0.501879	 8.889912	 329139.608817	
5.000000	 1.000000	 0.000000	 -0.000000	 0.000000	 -90.000000	 0.498535	 0.092488	 0.507042	 10.509954	 0.000000	 -0.352923	 0.352923	 -90.000000	 0.504394	 0.095214	 0.513302	 10.689906	 329141.040809	
4.000000	 1.000000	 0.000000	 -0.000000	 0.000000	 -90.000000	 0.494991	 0.160585	 0.520388	 17.974132	 0.000000	 -0.385690	 0.385690	 -90.000000	 0.494991	 0.160585	 0.520388	 17.974132	 329142.477783	
3.000000	 1.000000	 0.000000	 -0.000000	 0.000000	 -90.000000	 0.528816	 0.227142	 0.575534	 23.244954	 0.000000	 0.601680	 0.601680	 90.000000	 0.528816	 0.227142	 0.575534	 23.244954	 329143.924868	
2.000000	 1.000000	 0.000000	 -0.000000	 0.000000	 -90.000000	 0.434095	 -0.028287	 0.435016	 -3.728330	 0.000000	 0.477453	 0.477453	 90.000000	 0.460257	 -0.027333	 0.461068	 -3.398601	 329145.369571	
1.000000	 1.000000	 0.000000	 -0.000000	 0.000000	 -90.000000	 0.045218	 0.025380	 0.051853	 29.304460	 0.000000	 -0.008100	 0.008100	 -90.000000	 0.045218	 0.025380	 0.051853	 29.304460	 329146.772000	
