# Oscilator_frequency (Hz)	DemodAll_A (-)	Demod_1_X_A (A)	Demod_1_Y_A (A)	Demod_1__R_A (A)	Demod_1__Theta_A (deg)	Demod_2_X_A (A)	Demod_2_Y_A (A)	Demod_2__R_A (A)	Demod_2__Theta_A (deg)	Demod_3_X_A (V)	Demod_3_Y_A (V)	Demod_3__R_A (V)	Demod_3__Theta_A (deg)	Demod_4_X_A (V)	Demod_4_Y_A (V)	Demod_4__R_A (V)	Demod_4__Theta_A (deg)	Timer_GET (s)	
200.000000	 1.000000	 0.000000	 -0.000000	 0.000000	 -90.000000	 0.749875	 -0.029187	 0.750443	 -2.228945	 0.000000	 0.012699	 0.012699	 90.000000	 0.749875	 -0.029187	 0.750443	 -2.228945	 330793.227026	
199.000000	 1.000000	 0.000000	 -0.000000	 0.000000	 -90.000000	 0.749990	 -0.029262	 0.750560	 -2.234329	 0.000000	 0.004489	 0.004489	 90.000000	 0.749990	 -0.029262	 0.750560	 -2.234329	 330794.678265	
198.000000	 1.000000	 0.000000	 -0.000000	 0.000000	 -90.000000	 0.750072	 -0.029555	 0.750654	 -2.256423	 0.000000	 -0.002439	 0.002439	 -90.000000	 0.750072	 -0.029555	 0.750654	 -2.256423	 330796.124751	
197.000000	 1.000000	 0.000000	 -0.000000	 0.000000	 -90.000000	 0.750244	 -0.029529	 0.750825	 -2.253957	 0.000000	 0.000641	 0.000641	 90.000000	 0.750244	 -0.029529	 0.750825	 -2.253957	 330797.687686	
196.000000	 1.000000	 0.000000	 -0.000000	 0.000000	 -90.000000	 0.750256	 -0.029409	 0.750832	 -2.244800	 0.000000	 0.004065	 0.004065	 90.000000	 0.750256	 -0.029409	 0.750832	 -2.244800	 330799.137109	
195.000000	 1.000000	 0.000000	 -0.000000	 0.000000	 -90.000000	 0.750407	 -0.029438	 0.750984	 -2.246533	 0.000000	 0.003435	 0.003435	 90.000000	 0.750414	 -0.029441	 0.750992	 -2.246737	 330800.562139	
194.000000	 1.000000	 0.000000	 -0.000000	 0.000000	 -90.000000	 0.750386	 -0.029486	 0.750965	 -2.250261	 0.000000	 0.003280	 0.003280	 90.000000	 0.750386	 -0.029486	 0.750965	 -2.250261	 330802.002707	
193.000000	 1.000000	 0.000000	 -0.000000	 0.000000	 -90.000000	 0.750549	 -0.029463	 0.751127	 -2.248015	 0.000000	 0.003272	 0.003272	 90.000000	 0.750549	 -0.029463	 0.751127	 -2.248015	 330803.431225	
192.000000	 1.000000	 0.000000	 -0.000000	 0.000000	 -90.000000	 0.750632	 -0.029478	 0.751210	 -2.248866	 0.000000	 0.003137	 0.003137	 90.000000	 0.750634	 -0.029477	 0.751213	 -2.248820	 330804.850782	
191.000000	 1.000000	 0.000000	 -0.000000	 0.000000	 -90.000000	 0.750736	 -0.029495	 0.751315	 -2.249906	 0.000000	 0.003087	 0.003087	 90.000000	 0.750736	 -0.029495	 0.751315	 -2.249906	 330806.287596	
190.000000	 1.000000	 0.000000	 -0.000000	 0.000000	 -90.000000	 0.750853	 -0.029492	 0.751432	 -2.249317	 0.000000	 0.003084	 0.003084	 90.000000	 0.750853	 -0.029492	 0.751432	 -2.249317	 330807.714218	
189.000000	 1.000000	 0.000000	 -0.000000	 0.000000	 -90.000000	 0.750960	 -0.029465	 0.751538	 -2.246929	 0.000000	 0.003051	 0.003051	 90.000000	 0.750960	 -0.029465	 0.751538	 -2.246929	 330809.145425	
188.000000	 1.000000	 0.000000	 -0.000000	 0.000000	 -90.000000	 0.751012	 -0.029468	 0.751590	 -2.246976	 0.000000	 0.002950	 0.002950	 90.000000	 0.751012	 -0.029468	 0.751590	 -2.246976	 330810.592907	
187.000000	 1.000000	 0.000000	 -0.000000	 0.000000	 -90.000000	 0.751153	 -0.029464	 0.751730	 -2.246300	 0.000000	 0.002866	 0.002866	 90.000000	 0.751153	 -0.029464	 0.751730	 -2.246300	 330812.035913	
186.000000	 1.000000	 0.000000	 -0.000000	 0.000000	 -90.000000	 0.751249	 -0.029452	 0.751826	 -2.245076	 0.000000	 0.002763	 0.002763	 90.000000	 0.751249	 -0.029452	 0.751826	 -2.245076	 330813.523917	
185.000000	 1.000000	 0.000000	 -0.000000	 0.000000	 -90.000000	 0.751399	 -0.029475	 0.751977	 -2.246365	 0.000000	 0.002760	 0.002760	 90.000000	 0.751399	 -0.029475	 0.751977	 -2.246365	 330814.932745	
184.000000	 1.000000	 0.000000	 -0.000000	 0.000000	 -90.000000	 0.751512	 -0.029451	 0.752089	 -2.244205	 0.000000	 0.002893	 0.002893	 90.000000	 0.751512	 -0.029451	 0.752089	 -2.244205	 330816.365905	
183.000000	 1.000000	 0.000000	 -0.000000	 0.000000	 -90.000000	 0.751625	 -0.029439	 0.752202	 -2.242947	 0.000000	 0.002860	 0.002860	 90.000000	 0.751627	 -0.029438	 0.752203	 -2.242921	 330817.788010	
182.000000	 1.000000	 0.000000	 -0.000000	 0.000000	 -90.000000	 0.751739	 -0.029438	 0.752315	 -2.242520	 0.000000	 0.002772	 0.002772	 90.000000	 0.751739	 -0.029438	 0.752315	 -2.242520	 330819.210799	
181.000000	 1.000000	 0.000000	 -0.000000	 0.000000	 -90.000000	 0.751839	 -0.029436	 0.752415	 -2.242101	 0.000000	 0.002736	 0.002736	 90.000000	 0.751839	 -0.029436	 0.752415	 -2.242101	 330820.640718	
180.000000	 1.000000	 0.000000	 -0.000000	 0.000000	 -90.000000	 0.751967	 -0.029421	 0.752542	 -2.240611	 0.000000	 0.002644	 0.002644	 90.000000	 0.751967	 -0.029421	 0.752542	 -2.240611	 330822.082802	
179.000000	 1.000000	 0.000000	 -0.000000	 0.000000	 -90.000000	 0.752073	 -0.029411	 0.752648	 -2.239523	 0.000000	 0.002774	 0.002774	 90.000000	 0.752072	 -0.029410	 0.752647	 -2.239450	 330823.540891	
178.000000	 1.000000	 0.000000	 -0.000000	 0.000000	 -90.000000	 0.752189	 -0.029377	 0.752763	 -2.236541	 0.000000	 0.002593	 0.002593	 90.000000	 0.752189	 -0.029377	 0.752763	 -2.236541	 330824.968154	
177.000000	 1.000000	 0.000000	 -0.000000	 0.000000	 -90.000000	 0.752312	 -0.029384	 0.752886	 -2.236731	 0.000000	 0.002625	 0.002625	 90.000000	 0.752312	 -0.029384	 0.752886	 -2.236731	 330826.446156	
176.000000	 1.000000	 0.000000	 -0.000000	 0.000000	 -90.000000	 0.752376	 -0.029395	 0.752950	 -2.237408	 0.000000	 0.002506	 0.002506	 90.000000	 0.752376	 -0.029395	 0.752950	 -2.237408	 330827.890284	
175.000000	 1.000000	 0.000000	 -0.000000	 0.000000	 -90.000000	 0.752438	 -0.029365	 0.753010	 -2.234885	 0.000000	 0.002566	 0.002566	 90.000000	 0.752438	 -0.029365	 0.753010	 -2.234885	 330829.325961	
174.000000	 1.000000	 0.000000	 -0.000000	 0.000000	 -90.000000	 0.752541	 -0.029338	 0.753112	 -2.232575	 0.000000	 0.002638	 0.002638	 90.000000	 0.752541	 -0.029338	 0.753112	 -2.232575	 330830.761178	
173.000000	 1.000000	 0.000000	 -0.000000	 0.000000	 -90.000000	 0.752709	 -0.029323	 0.753280	 -2.230951	 0.000000	 0.002555	 0.002555	 90.000000	 0.752709	 -0.029323	 0.753280	 -2.230951	 330832.225670	
172.000000	 1.000000	 0.000000	 -0.000000	 0.000000	 -90.000000	 0.752881	 -0.029300	 0.753451	 -2.228638	 0.000000	 0.002520	 0.002520	 90.000000	 0.752879	 -0.029299	 0.753449	 -2.228560	 330833.645769	
171.000000	 1.000000	 0.000000	 -0.000000	 0.000000	 -90.000000	 0.753004	 -0.029333	 0.753575	 -2.230775	 0.000000	 0.002532	 0.002532	 90.000000	 0.753004	 -0.029333	 0.753575	 -2.230775	 330835.079074	
170.000000	 1.000000	 0.000000	 -0.000000	 0.000000	 -90.000000	 0.753154	 -0.029278	 0.753722	 -2.226195	 0.000000	 0.002489	 0.002489	 90.000000	 0.753155	 -0.029276	 0.753724	 -2.226060	 330836.535516	
169.000000	 1.000000	 0.000000	 -0.000000	 0.000000	 -90.000000	 0.753208	 -0.029276	 0.753777	 -2.225860	 0.000000	 0.002411	 0.002411	 90.000000	 0.753208	 -0.029276	 0.753777	 -2.225860	 330837.968178	
168.000000	 1.000000	 0.000000	 -0.000000	 0.000000	 -90.000000	 0.753421	 -0.029278	 0.753990	 -2.225367	 0.000000	 0.002411	 0.002411	 90.000000	 0.753421	 -0.029278	 0.753990	 -2.225367	 330839.413865	
167.000000	 1.000000	 0.000000	 -0.000000	 0.000000	 -90.000000	 0.753493	 -0.029254	 0.754061	 -2.223354	 0.000000	 0.002443	 0.002443	 90.000000	 0.753493	 -0.029254	 0.754061	 -2.223354	 330840.829270	
166.000000	 1.000000	 0.000000	 -0.000000	 0.000000	 -90.000000	 0.753602	 -0.029246	 0.754169	 -2.222434	 0.000000	 0.002386	 0.002386	 90.000000	 0.753602	 -0.029246	 0.754169	 -2.222434	 330842.265502	
165.000000	 1.000000	 0.000000	 -0.000000	 0.000000	 -90.000000	 0.753719	 -0.029224	 0.754285	 -2.220447	 0.000000	 0.002330	 0.002330	 90.000000	 0.753719	 -0.029224	 0.754285	 -2.220447	 330843.686136	
164.000000	 1.000000	 0.000000	 -0.000000	 0.000000	 -90.000000	 0.753844	 -0.029232	 0.754411	 -2.220670	 0.000000	 0.002355	 0.002355	 90.000000	 0.753844	 -0.029232	 0.754411	 -2.220670	 330845.123284	
163.000000	 1.000000	 0.000000	 -0.000000	 0.000000	 -90.000000	 0.753965	 -0.029230	 0.754531	 -2.220125	 0.000000	 0.002345	 0.002345	 90.000000	 0.753965	 -0.029230	 0.754531	 -2.220125	 330846.557714	
162.000000	 1.000000	 0.000000	 -0.000000	 0.000000	 -90.000000	 0.754050	 -0.029206	 0.754616	 -2.218110	 0.000000	 0.002306	 0.002306	 90.000000	 0.754062	 -0.029212	 0.754628	 -2.218505	 330848.010675	
161.000000	 1.000000	 0.000000	 -0.000000	 0.000000	 -90.000000	 0.754187	 -0.029140	 0.754750	 -2.212679	 0.000000	 0.002360	 0.002360	 90.000000	 0.754185	 -0.029145	 0.754748	 -2.213051	 330849.448484	
160.000000	 1.000000	 0.000000	 -0.000000	 0.000000	 -90.000000	 0.754342	 -0.029091	 0.754903	 -2.208473	 0.000000	 0.002323	 0.002323	 90.000000	 0.754342	 -0.029091	 0.754903	 -2.208473	 330850.871083	
159.000000	 1.000000	 0.000000	 -0.000000	 0.000000	 -90.000000	 0.754379	 -0.029246	 0.754946	 -2.220145	 0.000000	 0.002288	 0.002288	 90.000000	 0.754379	 -0.029246	 0.754946	 -2.220145	 330852.339115	
158.000000	 1.000000	 0.000000	 -0.000000	 0.000000	 -90.000000	 0.754567	 -0.029245	 0.755134	 -2.219542	 0.000000	 0.002360	 0.002360	 90.000000	 0.754583	 -0.029248	 0.755150	 -2.219670	 330853.781714	
157.000000	 1.000000	 0.000000	 -0.000000	 0.000000	 -90.000000	 0.754464	 -0.029229	 0.755030	 -2.218591	 0.000000	 0.002309	 0.002309	 90.000000	 0.754464	 -0.029229	 0.755030	 -2.218591	 330855.212210	
156.000000	 1.000000	 0.000000	 -0.000000	 0.000000	 -90.000000	 0.754446	 -0.029058	 0.755005	 -2.205691	 0.000000	 0.002335	 0.002335	 90.000000	 0.754425	 -0.029111	 0.754987	 -2.209751	 330856.658576	
155.000000	 1.000000	 0.000000	 -0.000000	 0.000000	 -90.000000	 0.755277	 -0.029131	 0.755838	 -2.208771	 0.000000	 0.002343	 0.002343	 90.000000	 0.755277	 -0.029131	 0.755838	 -2.208771	 330858.119516	
154.000000	 1.000000	 0.000000	 -0.000000	 0.000000	 -90.000000	 0.755417	 -0.029466	 0.755992	 -2.233763	 0.000000	 0.002276	 0.002276	 90.000000	 0.755417	 -0.029466	 0.755992	 -2.233763	 330859.575034	
153.000000	 1.000000	 0.000000	 -0.000000	 0.000000	 -90.000000	 0.754874	 -0.028260	 0.755403	 -2.143987	 0.000000	 0.002320	 0.002320	 90.000000	 0.754874	 -0.028260	 0.755403	 -2.143987	 330861.015367	
152.000000	 1.000000	 0.000000	 -0.000000	 0.000000	 -90.000000	 0.756019	 -0.028319	 0.756550	 -2.145161	 0.000000	 0.002226	 0.002226	 90.000000	 0.756019	 -0.028319	 0.756550	 -2.145161	 330862.448115	
151.000000	 1.000000	 0.000000	 -0.000000	 0.000000	 -90.000000	 0.755260	 -0.027839	 0.755773	 -2.110965	 0.000000	 0.002221	 0.002221	 90.000000	 0.755192	 -0.027844	 0.755705	 -2.111575	 330863.992153	
150.000000	 1.000000	 0.000000	 -0.000000	 0.000000	 -90.000000	 0.756730	 -0.029042	 0.757287	 -2.197838	 0.000000	 0.002179	 0.002179	 90.000000	 0.756730	 -0.029042	 0.757287	 -2.197838	 330865.431694	
149.000000	 1.000000	 0.000000	 -0.000000	 0.000000	 -90.000000	 0.756400	 -0.028007	 0.756918	 -2.120478	 0.000000	 0.002286	 0.002286	 90.000000	 0.756400	 -0.028007	 0.756918	 -2.120478	 330866.866420	
148.000000	 1.000000	 0.000000	 -0.000000	 0.000000	 -90.000000	 0.755778	 -0.029982	 0.756373	 -2.271788	 0.000000	 0.002291	 0.002291	 90.000000	 0.755778	 -0.029982	 0.756373	 -2.271788	 330868.307075	
147.000000	 1.000000	 0.000000	 -0.000000	 0.000000	 -90.000000	 0.756294	 -0.029704	 0.756877	 -2.249184	 0.000000	 0.002187	 0.002187	 90.000000	 0.756230	 -0.029740	 0.756815	 -2.252108	 330869.756145	
146.000000	 1.000000	 0.000000	 -0.000000	 0.000000	 -90.000000	 0.756144	 -0.028278	 0.756672	 -2.141740	 0.000000	 0.002162	 0.002162	 90.000000	 0.756213	 -0.028265	 0.756741	 -2.140515	 330871.186278	
145.000000	 1.000000	 0.000000	 -0.000000	 0.000000	 -90.000000	 0.756694	 -0.028782	 0.757241	 -2.178319	 0.000000	 0.002275	 0.002275	 90.000000	 0.756694	 -0.028782	 0.757241	 -2.178319	 330872.602020	
144.000000	 1.000000	 0.000000	 -0.000000	 0.000000	 -90.000000	 0.756181	 -0.028609	 0.756722	 -2.166684	 0.000000	 0.002188	 0.002188	 90.000000	 0.756181	 -0.028609	 0.756722	 -2.166684	 330874.038584	
143.000000	 1.000000	 0.000000	 -0.000000	 0.000000	 -90.000000	 0.756273	 -0.028684	 0.756816	 -2.172091	 0.000000	 0.002185	 0.002185	 90.000000	 0.756339	 -0.028623	 0.756881	 -2.167291	 330875.491393	
142.000000	 1.000000	 0.000000	 -0.000000	 0.000000	 -90.000000	 0.756371	 -0.028851	 0.756921	 -2.184439	 0.000000	 0.002163	 0.002163	 90.000000	 0.756371	 -0.028851	 0.756921	 -2.184439	 330876.928671	
141.000000	 1.000000	 0.000000	 -0.000000	 0.000000	 -90.000000	 0.756681	 -0.028730	 0.757226	 -2.174424	 0.000000	 0.002291	 0.002291	 90.000000	 0.756681	 -0.028730	 0.757226	 -2.174424	 330878.373429	
140.000000	 1.000000	 0.000000	 -0.000000	 0.000000	 -90.000000	 0.756851	 -0.028736	 0.757397	 -2.174385	 0.000000	 0.002275	 0.002275	 90.000000	 0.756853	 -0.028728	 0.757398	 -2.173719	 330879.813243	
139.000000	 1.000000	 0.000000	 -0.000000	 0.000000	 -90.000000	 0.757073	 -0.028764	 0.757619	 -2.175827	 0.000000	 0.002242	 0.002242	 90.000000	 0.757064	 -0.028771	 0.757610	 -2.176389	 330881.247158	
138.000000	 1.000000	 0.000000	 -0.000000	 0.000000	 -90.000000	 0.757209	 -0.028729	 0.757753	 -2.172805	 0.000000	 0.002121	 0.002121	 90.000000	 0.757219	 -0.028742	 0.757764	 -2.173757	 330882.695065	
137.000000	 1.000000	 0.000000	 -0.000000	 0.000000	 -90.000000	 0.757365	 -0.028696	 0.757908	 -2.169886	 0.000000	 0.002139	 0.002139	 90.000000	 0.757362	 -0.028694	 0.757906	 -2.169677	 330884.139922	
136.000000	 1.000000	 0.000000	 -0.000000	 0.000000	 -90.000000	 0.757480	 -0.028675	 0.758023	 -2.167972	 0.000000	 0.002175	 0.002175	 90.000000	 0.757480	 -0.028675	 0.758023	 -2.167972	 330885.606798	
135.000000	 1.000000	 0.000000	 -0.000000	 0.000000	 -90.000000	 0.757650	 -0.028641	 0.758191	 -2.164879	 0.000000	 0.002192	 0.002192	 90.000000	 0.757650	 -0.028641	 0.758191	 -2.164879	 330887.070332	
134.000000	 1.000000	 0.000000	 -0.000000	 0.000000	 -90.000000	 0.757830	 -0.028636	 0.758371	 -2.163966	 0.000000	 0.002137	 0.002137	 90.000000	 0.757829	 -0.028637	 0.758370	 -2.164097	 330888.522334	
133.000000	 1.000000	 0.000000	 -0.000000	 0.000000	 -90.000000	 0.758006	 -0.028613	 0.758546	 -2.161788	 0.000000	 0.002060	 0.002060	 90.000000	 0.758008	 -0.028612	 0.758547	 -2.161682	 330889.966565	
132.000000	 1.000000	 0.000000	 -0.000000	 0.000000	 -90.000000	 0.758171	 -0.028559	 0.758709	 -2.157222	 0.000000	 0.002155	 0.002155	 90.000000	 0.758171	 -0.028559	 0.758709	 -2.157189	 330891.425259	
131.000000	 1.000000	 0.000000	 -0.000000	 0.000000	 -90.000000	 0.758353	 -0.028552	 0.758890	 -2.156132	 0.000000	 0.002136	 0.002136	 90.000000	 0.758351	 -0.028554	 0.758889	 -2.156301	 330892.851195	
130.000000	 1.000000	 0.000000	 -0.000000	 0.000000	 -90.000000	 0.758558	 -0.028508	 0.759094	 -2.152267	 0.000000	 0.002052	 0.002052	 90.000000	 0.758558	 -0.028508	 0.759094	 -2.152267	 330894.301489	
129.000000	 1.000000	 0.000000	 -0.000000	 0.000000	 -90.000000	 0.758665	 -0.028477	 0.759199	 -2.149657	 0.000000	 0.001947	 0.001947	 90.000000	 0.758665	 -0.028477	 0.759199	 -2.149657	 330895.742381	
128.000000	 1.000000	 0.000000	 -0.000000	 0.000000	 -90.000000	 0.758787	 -0.028475	 0.759321	 -2.149156	 0.000000	 0.002031	 0.002031	 90.000000	 0.758787	 -0.028475	 0.759321	 -2.149156	 330897.175488	
127.000000	 1.000000	 0.000000	 -0.000000	 0.000000	 -90.000000	 0.758984	 -0.028441	 0.759517	 -2.146000	 0.000000	 0.002085	 0.002085	 90.000000	 0.758984	 -0.028442	 0.759517	 -2.146073	 330898.630073	
126.000000	 1.000000	 0.000000	 -0.000000	 0.000000	 -90.000000	 0.759149	 -0.028380	 0.759679	 -2.140917	 0.000000	 0.002092	 0.002092	 90.000000	 0.759149	 -0.028380	 0.759679	 -2.140917	 330900.051552	
125.000000	 1.000000	 0.000000	 -0.000000	 0.000000	 -90.000000	 0.759326	 -0.028363	 0.759856	 -2.139181	 0.000000	 0.001938	 0.001938	 90.000000	 0.759326	 -0.028363	 0.759856	 -2.139181	 330901.468918	
124.000000	 1.000000	 0.000000	 -0.000000	 0.000000	 -90.000000	 0.759450	 -0.028313	 0.759977	 -2.135081	 0.000000	 0.002039	 0.002039	 90.000000	 0.759450	 -0.028313	 0.759977	 -2.135081	 330902.907818	
123.000000	 1.000000	 0.000000	 -0.000000	 0.000000	 -90.000000	 0.759657	 -0.028321	 0.760185	 -2.135073	 0.000000	 0.002047	 0.002047	 90.000000	 0.759657	 -0.028321	 0.760185	 -2.135073	 330904.380345	
122.000000	 1.000000	 0.000000	 -0.000000	 0.000000	 -90.000000	 0.759878	 -0.028259	 0.760403	 -2.129782	 0.000000	 0.002060	 0.002060	 90.000000	 0.759878	 -0.028259	 0.760403	 -2.129782	 330905.834295	
121.000000	 1.000000	 0.000000	 -0.000000	 0.000000	 -90.000000	 0.760063	 -0.028238	 0.760587	 -2.127648	 0.000000	 0.002028	 0.002028	 90.000000	 0.760063	 -0.028238	 0.760587	 -2.127648	 330907.270402	
120.000000	 1.000000	 0.000000	 -0.000000	 0.000000	 -90.000000	 0.760234	 -0.028193	 0.760757	 -2.123801	 0.000000	 0.002009	 0.002009	 90.000000	 0.760236	 -0.028194	 0.760759	 -2.123878	 330908.723079	
119.000000	 1.000000	 0.000000	 -0.000000	 0.000000	 -90.000000	 0.760442	 -0.028152	 0.760963	 -2.120189	 0.000000	 0.001995	 0.001995	 90.000000	 0.760442	 -0.028152	 0.760963	 -2.120189	 330910.179166	
118.000000	 1.000000	 0.000000	 -0.000000	 0.000000	 -90.000000	 0.760657	 -0.028148	 0.761178	 -2.119280	 0.000000	 0.001989	 0.001989	 90.000000	 0.760657	 -0.028148	 0.761178	 -2.119280	 330911.599821	
117.000000	 1.000000	 0.000000	 -0.000000	 0.000000	 -90.000000	 0.760825	 -0.028077	 0.761343	 -2.113428	 0.000000	 0.001980	 0.001980	 90.000000	 0.760825	 -0.028077	 0.761343	 -2.113428	 330913.033323	
116.000000	 1.000000	 0.000000	 -0.000000	 0.000000	 -90.000000	 0.761028	 -0.028050	 0.761545	 -2.110867	 0.000000	 0.002012	 0.002012	 90.000000	 0.761028	 -0.028050	 0.761545	 -2.110867	 330914.537730	
115.000000	 1.000000	 0.000000	 -0.000000	 0.000000	 -90.000000	 0.761152	 -0.027995	 0.761666	 -2.106399	 0.000000	 0.002017	 0.002017	 90.000000	 0.761151	 -0.027998	 0.761666	 -2.106624	 330916.017651	
114.000000	 1.000000	 0.000000	 -0.000000	 0.000000	 -90.000000	 0.761361	 -0.027986	 0.761875	 -2.105137	 0.000000	 0.001915	 0.001915	 90.000000	 0.761361	 -0.027986	 0.761875	 -2.105137	 330917.451901	
113.000000	 1.000000	 0.000000	 -0.000000	 0.000000	 -90.000000	 0.761557	 -0.027943	 0.762069	 -2.101320	 0.000000	 0.001933	 0.001933	 90.000000	 0.761557	 -0.027943	 0.762069	 -2.101320	 330918.905616	
112.000000	 1.000000	 0.000000	 -0.000000	 0.000000	 -90.000000	 0.761708	 -0.027897	 0.762218	 -2.097498	 0.000000	 0.001940	 0.001940	 90.000000	 0.761710	 -0.027894	 0.762220	 -2.097278	 330920.355295	
111.000000	 1.000000	 0.000000	 -0.000000	 0.000000	 -90.000000	 0.761914	 -0.027923	 0.762425	 -2.098836	 0.000000	 0.001839	 0.001839	 90.000000	 0.761914	 -0.027923	 0.762425	 -2.098836	 330921.809559	
110.000000	 1.000000	 0.000000	 -0.000000	 0.000000	 -90.000000	 0.762127	 -0.027855	 0.762636	 -2.093175	 0.000000	 0.001788	 0.001788	 90.000000	 0.762127	 -0.027855	 0.762636	 -2.093175	 330923.259701	
109.000000	 1.000000	 0.000000	 -0.000000	 0.000000	 -90.000000	 0.762302	 -0.027823	 0.762810	 -2.090317	 0.000000	 0.002001	 0.002001	 90.000000	 0.762302	 -0.027823	 0.762810	 -2.090317	 330924.699438	
108.000000	 1.000000	 0.000000	 -0.000000	 0.000000	 -90.000000	 0.762509	 -0.027735	 0.763013	 -2.083118	 0.000000	 0.001913	 0.001913	 90.000000	 0.762513	 -0.027728	 0.763017	 -2.082574	 330926.145260	
107.000000	 1.000000	 0.000000	 -0.000000	 0.000000	 -90.000000	 0.762620	 -0.027703	 0.763123	 -2.080397	 0.000000	 0.001921	 0.001921	 90.000000	 0.762612	 -0.027706	 0.763115	 -2.080642	 330927.614962	
106.000000	 1.000000	 0.000000	 -0.000000	 0.000000	 -90.000000	 0.762842	 -0.027658	 0.763344	 -2.076459	 0.000000	 0.002068	 0.002068	 90.000000	 0.762842	 -0.027669	 0.763343	 -2.077257	 330929.064041	
105.000000	 1.000000	 0.000000	 -0.000000	 0.000000	 -90.000000	 0.763110	 -0.027633	 0.763610	 -2.073813	 0.000000	 0.001793	 0.001793	 90.000000	 0.763110	 -0.027633	 0.763610	 -2.073813	 330930.511832	
104.000000	 1.000000	 0.000000	 -0.000000	 0.000000	 -90.000000	 0.763296	 -0.027549	 0.763793	 -2.067042	 0.000000	 0.001783	 0.001783	 90.000000	 0.763296	 -0.027549	 0.763793	 -2.067042	 330931.938317	
103.000000	 1.000000	 0.000000	 -0.000000	 0.000000	 -90.000000	 0.763252	 -0.027531	 0.763749	 -2.065799	 0.000000	 0.001837	 0.001837	 90.000000	 0.763252	 -0.027531	 0.763749	 -2.065799	 330933.366327	
102.000000	 1.000000	 0.000000	 -0.000000	 0.000000	 -90.000000	 0.763547	 -0.027293	 0.764035	 -2.047145	 0.000000	 0.001550	 0.001550	 90.000000	 0.763547	 -0.027293	 0.764035	 -2.047145	 330934.796479	
101.000000	 1.000000	 0.000000	 -0.000000	 0.000000	 -90.000000	 0.763654	 -0.027567	 0.764152	 -2.067386	 0.000000	 0.002023	 0.002023	 90.000000	 0.763656	 -0.027571	 0.764154	 -2.067731	 330936.218471	
100.000000	 1.000000	 0.000000	 -0.000000	 0.000000	 -90.000000	 0.763968	 -0.027177	 0.764451	 -2.037332	 0.000000	 0.001609	 0.001609	 90.000000	 0.763968	 -0.027177	 0.764451	 -2.037332	 330937.652678	
99.000000	 1.000000	 0.000000	 -0.000000	 0.000000	 -90.000000	 0.764066	 -0.027269	 0.764553	 -2.043971	 0.000000	 0.001670	 0.001670	 90.000000	 0.764066	 -0.027269	 0.764553	 -2.043971	 330939.090948	
98.000000	 1.000000	 0.000000	 -0.000000	 0.000000	 -90.000000	 0.764704	 -0.027230	 0.765189	 -2.039378	 0.000000	 0.001949	 0.001949	 90.000000	 0.764704	 -0.027230	 0.765189	 -2.039378	 330940.517297	
97.000000	 1.000000	 0.000000	 -0.000000	 0.000000	 -90.000000	 0.764845	 -0.027143	 0.765326	 -2.032507	 0.000000	 0.001807	 0.001807	 90.000000	 0.764845	 -0.027143	 0.765326	 -2.032507	 330941.950014	
96.000000	 1.000000	 0.000000	 -0.000000	 0.000000	 -90.000000	 0.764827	 -0.027196	 0.765310	 -2.036455	 0.000000	 0.001731	 0.001731	 90.000000	 0.764827	 -0.027196	 0.765310	 -2.036455	 330943.389417	
95.000000	 1.000000	 0.000000	 -0.000000	 0.000000	 -90.000000	 0.765103	 -0.027052	 0.765581	 -2.024977	 0.000000	 0.001755	 0.001755	 90.000000	 0.765103	 -0.027052	 0.765581	 -2.024977	 330944.824489	
94.000000	 1.000000	 0.000000	 -0.000000	 0.000000	 -90.000000	 0.765408	 -0.027074	 0.765886	 -2.025838	 0.000000	 0.002044	 0.002044	 90.000000	 0.765408	 -0.027074	 0.765886	 -2.025838	 330946.244387	
93.000000	 1.000000	 0.000000	 -0.000000	 0.000000	 -90.000000	 0.765563	 -0.026999	 0.766039	 -2.019805	 0.000000	 0.001894	 0.001894	 90.000000	 0.765563	 -0.026999	 0.766039	 -2.019805	 330947.718476	
92.000000	 1.000000	 0.000000	 -0.000000	 0.000000	 -90.000000	 0.765894	 -0.026920	 0.766367	 -2.013033	 0.000000	 0.001958	 0.001958	 90.000000	 0.765893	 -0.026930	 0.766367	 -2.013756	 330949.131326	
91.000000	 1.000000	 0.000000	 -0.000000	 0.000000	 -90.000000	 0.766123	 -0.026887	 0.766595	 -2.009996	 0.000000	 0.001798	 0.001798	 90.000000	 0.766123	 -0.026887	 0.766595	 -2.009996	 330950.576651	
90.000000	 1.000000	 0.000000	 -0.000000	 0.000000	 -90.000000	 0.766385	 -0.026800	 0.766854	 -2.002805	 0.000000	 0.001910	 0.001910	 90.000000	 0.766385	 -0.026800	 0.766854	 -2.002805	 330952.018291	
89.000000	 1.000000	 0.000000	 -0.000000	 0.000000	 -90.000000	 0.766557	 -0.026699	 0.767022	 -1.994788	 0.000000	 0.001800	 0.001800	 90.000000	 0.766557	 -0.026699	 0.767022	 -1.994788	 330953.500369	
88.000000	 1.000000	 0.000000	 -0.000000	 0.000000	 -90.000000	 0.766879	 -0.026608	 0.767340	 -1.987177	 0.000000	 0.001891	 0.001891	 90.000000	 0.766880	 -0.026613	 0.767342	 -1.987509	 330954.950319	
87.000000	 1.000000	 0.000000	 -0.000000	 0.000000	 -90.000000	 0.767186	 -0.026543	 0.767645	 -1.981531	 0.000000	 0.001914	 0.001914	 90.000000	 0.767186	 -0.026543	 0.767645	 -1.981531	 330956.441083	
86.000000	 1.000000	 0.000000	 -0.000000	 0.000000	 -90.000000	 0.767415	 -0.026465	 0.767871	 -1.975143	 0.000000	 0.001825	 0.001825	 90.000000	 0.767415	 -0.026465	 0.767871	 -1.975143	 330957.868089	
85.000000	 1.000000	 0.000000	 -0.000000	 0.000000	 -90.000000	 0.767779	 -0.026400	 0.768233	 -1.969345	 0.000000	 -0.000978	 0.000978	 -90.000000	 0.767779	 -0.026400	 0.768233	 -1.969345	 330959.300981	
84.000000	 1.000000	 0.000000	 -0.000000	 0.000000	 -90.000000	 0.767976	 -0.026251	 0.768424	 -1.957690	 0.000000	 0.003695	 0.003695	 90.000000	 0.767977	 -0.026252	 0.768425	 -1.957810	 330960.723296	
83.000000	 1.000000	 0.000000	 -0.000000	 0.000000	 -90.000000	 0.768252	 -0.026302	 0.768702	 -1.960852	 0.000000	 0.002035	 0.002035	 90.000000	 0.768252	 -0.026302	 0.768702	 -1.960852	 330962.184165	
82.000000	 1.000000	 0.000000	 -0.000000	 0.000000	 -90.000000	 0.768552	 -0.026163	 0.768997	 -1.949728	 0.000000	 -0.000732	 0.000732	 -90.000000	 0.768552	 -0.026163	 0.768997	 -1.949728	 330963.604008	
81.000000	 1.000000	 0.000000	 -0.000000	 0.000000	 -90.000000	 0.768776	 -0.025947	 0.769214	 -1.933088	 0.000000	 -0.005513	 0.005513	 -90.000000	 0.768776	 -0.025947	 0.769214	 -1.933088	 330965.022626	
80.000000	 1.000000	 0.000000	 -0.000000	 0.000000	 -90.000000	 0.768997	 -0.025855	 0.769432	 -1.925665	 0.000000	 0.003850	 0.003850	 90.000000	 0.768997	 -0.025855	 0.769432	 -1.925665	 330966.464871	
79.000000	 1.000000	 0.000000	 -0.000000	 0.000000	 -90.000000	 0.769418	 -0.025835	 0.769851	 -1.923095	 0.000000	 -0.001293	 0.001293	 -90.000000	 0.769418	 -0.025835	 0.769851	 -1.923095	 330967.928407	
78.000000	 1.000000	 0.000000	 -0.000000	 0.000000	 -90.000000	 0.769648	 -0.025899	 0.770083	 -1.927271	 0.000000	 0.001004	 0.001004	 90.000000	 0.769650	 -0.025898	 0.770085	 -1.927226	 330969.371328	
77.000000	 1.000000	 0.000000	 -0.000000	 0.000000	 -90.000000	 0.769982	 -0.025732	 0.770412	 -1.914042	 0.000000	 0.003915	 0.003915	 90.000000	 0.769982	 -0.025732	 0.770412	 -1.914042	 330970.852557	
76.000000	 1.000000	 0.000000	 -0.000000	 0.000000	 -90.000000	 0.770193	 -0.025483	 0.770615	 -1.895003	 0.000000	 0.000205	 0.000205	 90.000000	 0.770193	 -0.025483	 0.770615	 -1.895003	 330972.284832	
75.000000	 1.000000	 0.000000	 -0.000000	 0.000000	 -90.000000	 0.770637	 -0.025435	 0.771057	 -1.890363	 0.000000	 0.002871	 0.002871	 90.000000	 0.770639	 -0.025427	 0.771058	 -1.889756	 330973.723396	
74.000000	 1.000000	 0.000000	 -0.000000	 0.000000	 -90.000000	 0.770777	 -0.025143	 0.771186	 -1.868334	 0.000000	 0.001921	 0.001921	 90.000000	 0.770777	 -0.025143	 0.771186	 -1.868334	 330975.151760	
73.000000	 1.000000	 0.000000	 -0.000000	 0.000000	 -90.000000	 0.771227	 -0.025065	 0.771634	 -1.861467	 0.000000	 0.001936	 0.001936	 90.000000	 0.771227	 -0.025065	 0.771634	 -1.861467	 330976.589817	
72.000000	 1.000000	 0.000000	 -0.000000	 0.000000	 -90.000000	 0.771608	 -0.025011	 0.772014	 -1.856512	 0.000000	 0.001823	 0.001823	 90.000000	 0.771608	 -0.025011	 0.772014	 -1.856512	 330978.015096	
71.000000	 1.000000	 0.000000	 -0.000000	 0.000000	 -90.000000	 0.771874	 -0.024994	 0.772279	 -1.854638	 0.000000	 0.001826	 0.001826	 90.000000	 0.771874	 -0.024994	 0.772279	 -1.854638	 330979.465454	
70.000000	 1.000000	 0.000000	 -0.000000	 0.000000	 -90.000000	 0.772210	 -0.024689	 0.772605	 -1.831202	 0.000000	 0.001904	 0.001904	 90.000000	 0.772210	 -0.024689	 0.772605	 -1.831202	 330980.915346	
69.000000	 1.000000	 0.000000	 -0.000000	 0.000000	 -90.000000	 0.772810	 -0.024731	 0.773205	 -1.832945	 0.000000	 0.001761	 0.001761	 90.000000	 0.772832	 -0.024710	 0.773227	 -1.831308	 330982.332127	
68.000000	 1.000000	 0.000000	 -0.000000	 0.000000	 -90.000000	 0.772804	 -0.024594	 0.773195	 -1.822761	 0.000000	 0.001774	 0.001774	 90.000000	 0.772804	 -0.024594	 0.773195	 -1.822761	 330983.762764	
67.000000	 1.000000	 0.000000	 -0.000000	 0.000000	 -90.000000	 0.773400	 -0.024420	 0.773785	 -1.808489	 0.000000	 0.001768	 0.001768	 90.000000	 0.773400	 -0.024420	 0.773785	 -1.808489	 330985.203848	
66.000000	 1.000000	 0.000000	 -0.000000	 0.000000	 -90.000000	 0.773514	 -0.024174	 0.773892	 -1.790026	 0.000000	 0.001886	 0.001886	 90.000000	 0.773514	 -0.024174	 0.773892	 -1.790026	 330986.653525	
65.000000	 1.000000	 0.000000	 -0.000000	 0.000000	 -90.000000	 0.773961	 -0.024267	 0.774341	 -1.795867	 0.000000	 0.001907	 0.001907	 90.000000	 0.773961	 -0.024267	 0.774341	 -1.795867	 330988.079958	
64.000000	 1.000000	 0.000000	 -0.000000	 0.000000	 -90.000000	 0.774238	 -0.023826	 0.774604	 -1.762664	 0.000000	 0.001949	 0.001949	 90.000000	 0.774159	 -0.023990	 0.774531	 -1.774915	 330989.516534	
63.000000	 1.000000	 0.000000	 -0.000000	 0.000000	 -90.000000	 0.775417	 -0.022915	 0.775756	 -1.692734	 0.000000	 0.001889	 0.001889	 90.000000	 0.775417	 -0.022915	 0.775756	 -1.692734	 330990.953233	
62.000000	 1.000000	 0.000000	 -0.000000	 0.000000	 -90.000000	 0.774245	 -0.024224	 0.774624	 -1.792067	 0.000000	 0.001743	 0.001743	 90.000000	 0.774245	 -0.024224	 0.774624	 -1.792067	 330992.381248	
61.000000	 1.000000	 0.000000	 -0.000000	 0.000000	 -90.000000	 0.774612	 -0.024415	 0.774997	 -1.805325	 0.000000	 0.001756	 0.001756	 90.000000	 0.774612	 -0.024415	 0.774997	 -1.805325	 330993.814346	
60.000000	 1.000000	 0.000000	 -0.000000	 0.000000	 -90.000000	 0.776838	 -0.021274	 0.777129	 -1.568655	 0.000000	 0.001813	 0.001813	 90.000000	 0.776370	 -0.020437	 0.776639	 -1.507913	 330995.239572	
59.000000	 1.000000	 0.000000	 -0.000000	 0.000000	 -90.000000	 0.778893	 -0.019150	 0.779129	 -1.408374	 0.000000	 0.001942	 0.001942	 90.000000	 0.778893	 -0.019150	 0.779129	 -1.408374	 330996.698708	
58.000000	 1.000000	 0.000000	 -0.000000	 0.000000	 -90.000000	 0.771528	 -0.018918	 0.771760	 -1.404642	 0.000000	 0.001881	 0.001881	 90.000000	 0.769888	 -0.019783	 0.770143	 -1.471941	 330998.111850	
57.000000	 1.000000	 0.000000	 -0.000000	 0.000000	 -90.000000	 0.767934	 -0.017900	 0.768143	 -1.335315	 0.000000	 0.001809	 0.001809	 90.000000	 0.767934	 -0.017900	 0.768143	 -1.335315	 330999.522659	
56.000000	 1.000000	 0.000000	 -0.000000	 0.000000	 -90.000000	 0.763656	 -0.033829	 0.764405	 -2.536475	 0.000000	 0.001766	 0.001766	 90.000000	 0.764942	 -0.037068	 0.765840	 -2.774306	 331000.955142	
55.000000	 1.000000	 0.000000	 -0.000000	 0.000000	 -90.000000	 0.786787	 0.002315	 0.786791	 0.168564	 0.000000	 0.001871	 0.001871	 90.000000	 0.783503	 0.004742	 0.783517	 0.346754	 331002.404129	
54.000000	 1.000000	 0.000000	 -0.000000	 0.000000	 -90.000000	 0.761413	 0.012030	 0.761508	 0.905180	 0.000000	 0.001797	 0.001797	 90.000000	 0.761413	 0.012030	 0.761508	 0.905180	 331003.828271	
53.000000	 1.000000	 0.000000	 -0.000000	 0.000000	 -90.000000	 0.793565	 -0.069092	 0.796567	 -4.975923	 0.000000	 0.001775	 0.001775	 90.000000	 0.793565	 -0.069092	 0.796567	 -4.975923	 331005.272209	
52.000000	 1.000000	 0.000000	 -0.000000	 0.000000	 -90.000000	 0.761025	 -0.080892	 0.765312	 -6.067411	 0.000000	 0.001654	 0.001654	 90.000000	 0.761025	 -0.080892	 0.765312	 -6.067411	 331006.716643	
51.000000	 1.000000	 0.000000	 -0.000000	 0.000000	 -90.000000	 0.847752	 -0.003394	 0.847759	 -0.229385	 0.000000	 0.001918	 0.001918	 90.000000	 0.847752	 -0.003394	 0.847759	 -0.229385	 331008.159067	
50.000000	 1.000000	 0.000000	 -0.000000	 0.000000	 -90.000000	 0.811074	 -0.087075	 0.815735	 -6.127661	 0.000000	 0.001625	 0.001625	 90.000000	 0.811074	 -0.087075	 0.815735	 -6.127661	 331009.585282	
49.000000	 1.000000	 0.000000	 -0.000000	 0.000000	 -90.000000	 0.849744	 -0.009841	 0.849801	 -0.663508	 0.000000	 0.001883	 0.001883	 90.000000	 0.849744	 -0.009841	 0.849801	 -0.663508	 331011.043571	
48.000000	 1.000000	 0.000000	 -0.000000	 0.000000	 -90.000000	 0.758469	 -0.077961	 0.762465	 -5.868656	 0.000000	 0.001645	 0.001645	 90.000000	 0.753580	 -0.076423	 0.757445	 -5.790744	 331012.476787	
47.000000	 1.000000	 0.000000	 -0.000000	 0.000000	 -90.000000	 0.796431	 -0.066597	 0.799211	 -4.779929	 0.000000	 0.001762	 0.001762	 90.000000	 0.792545	 -0.068702	 0.795517	 -4.954288	 331013.937190	
46.000000	 1.000000	 0.000000	 -0.000000	 0.000000	 -90.000000	 0.771747	 0.017413	 0.771944	 1.292563	 0.000000	 0.001729	 0.001729	 90.000000	 0.771747	 0.017413	 0.771944	 1.292563	 331015.350267	
45.000000	 1.000000	 0.000000	 -0.000000	 0.000000	 -90.000000	 0.771498	 0.004553	 0.771511	 0.338110	 0.000000	 0.001599	 0.001599	 90.000000	 0.774319	 0.007143	 0.774352	 0.528532	 331016.798315	
44.000000	 1.000000	 0.000000	 -0.000000	 0.000000	 -90.000000	 0.787632	 -0.036227	 0.788465	 -2.633485	 0.000000	 0.001694	 0.001694	 90.000000	 0.787632	 -0.036227	 0.788465	 -2.633485	 331018.245556	
43.000000	 1.000000	 0.000000	 -0.000000	 0.000000	 -90.000000	 0.773899	 -0.023590	 0.774258	 -1.745948	 0.000000	 0.001731	 0.001731	 90.000000	 0.773899	 -0.023590	 0.774258	 -1.745948	 331019.671368	
42.000000	 1.000000	 0.000000	 -0.000000	 0.000000	 -90.000000	 0.790609	 -0.026926	 0.791068	 -1.950556	 0.000000	 0.001795	 0.001795	 90.000000	 0.790609	 -0.026926	 0.791068	 -1.950556	 331021.120441	
41.000000	 1.000000	 0.000000	 -0.000000	 0.000000	 -90.000000	 0.785591	 -0.021086	 0.785874	 -1.537539	 0.000000	 0.001500	 0.001500	 90.000000	 0.784485	 -0.021955	 0.784792	 -1.603122	 331022.561102	
40.000000	 1.000000	 0.000000	 -0.000000	 0.000000	 -90.000000	 0.788611	 -0.017184	 0.788798	 -1.248324	 0.000000	 0.001715	 0.001715	 90.000000	 0.788611	 -0.017184	 0.788798	 -1.248324	 331024.001942	
39.000000	 1.000000	 0.000000	 -0.000000	 0.000000	 -90.000000	 0.786538	 -0.017761	 0.786739	 -1.293615	 0.000000	 0.001767	 0.001767	 90.000000	 0.786538	 -0.017761	 0.786739	 -1.293615	 331025.449614	
38.000000	 1.000000	 0.000000	 -0.000000	 0.000000	 -90.000000	 0.787977	 -0.016934	 0.788159	 -1.231146	 0.000000	 0.001686	 0.001686	 90.000000	 0.787977	 -0.016934	 0.788159	 -1.231146	 331026.912529	
37.000000	 1.000000	 0.000000	 -0.000000	 0.000000	 -90.000000	 0.787461	 -0.015124	 0.787607	 -1.100275	 0.000000	 0.001777	 0.001777	 90.000000	 0.787461	 -0.015124	 0.787607	 -1.100275	 331028.346577	
36.000000	 1.000000	 0.000000	 -0.000000	 0.000000	 -90.000000	 0.788430	 -0.014245	 0.788559	 -1.035100	 0.000000	 0.001762	 0.001762	 90.000000	 0.788430	 -0.014245	 0.788559	 -1.035100	 331029.849320	
35.000000	 1.000000	 0.000000	 -0.000000	 0.000000	 -90.000000	 0.789230	 -0.013677	 0.789348	 -0.992836	 0.000000	 0.001789	 0.001789	 90.000000	 0.789230	 -0.013677	 0.789348	 -0.992836	 331031.299004	
34.000000	 1.000000	 0.000000	 -0.000000	 0.000000	 -90.000000	 0.789944	 -0.012866	 0.790049	 -0.933127	 0.000000	 0.001766	 0.001766	 90.000000	 0.789997	 -0.012969	 0.790103	 -0.940539	 331032.753528	
33.000000	 1.000000	 0.000000	 -0.000000	 0.000000	 -90.000000	 0.790712	 -0.012030	 0.790803	 -0.871646	 0.000000	 0.001824	 0.001824	 90.000000	 0.790712	 -0.012030	 0.790803	 -0.871646	 331034.176366	
32.000000	 1.000000	 0.000000	 -0.000000	 0.000000	 -90.000000	 0.791516	 -0.011263	 0.791596	 -0.815227	 0.000000	 0.001811	 0.001811	 90.000000	 0.791516	 -0.011263	 0.791596	 -0.815227	 331035.595079	
31.000000	 1.000000	 0.000000	 -0.000000	 0.000000	 -90.000000	 0.792254	 -0.010192	 0.792319	 -0.737059	 0.000000	 0.001759	 0.001759	 90.000000	 0.792280	 -0.010183	 0.792345	 -0.736377	 331037.042330	
30.000000	 1.000000	 0.000000	 -0.000000	 0.000000	 -90.000000	 0.793192	 -0.009189	 0.793245	 -0.663737	 0.000000	 0.001837	 0.001837	 90.000000	 0.793185	 -0.009174	 0.793238	 -0.662660	 331038.469486	
29.000000	 1.000000	 0.000000	 -0.000000	 0.000000	 -90.000000	 0.794165	 -0.008111	 0.794206	 -0.585174	 0.000000	 0.001988	 0.001988	 90.000000	 0.794165	 -0.008111	 0.794206	 -0.585174	 331039.920048	
28.000000	 1.000000	 0.000000	 -0.000000	 0.000000	 -90.000000	 0.794927	 -0.007113	 0.794959	 -0.512665	 0.000000	 0.002293	 0.002293	 90.000000	 0.794927	 -0.007113	 0.794959	 -0.512665	 331041.340196	
27.000000	 1.000000	 0.000000	 -0.000000	 0.000000	 -90.000000	 0.795903	 -0.005775	 0.795924	 -0.415710	 0.000000	 0.002713	 0.002713	 90.000000	 0.795903	 -0.005775	 0.795924	 -0.415710	 331042.769255	
26.000000	 1.000000	 0.000000	 -0.000000	 0.000000	 -90.000000	 0.796952	 -0.004414	 0.796964	 -0.317355	 0.000000	 -0.000485	 0.000485	 -90.000000	 0.796952	 -0.004414	 0.796964	 -0.317355	 331044.216512	
25.000000	 1.000000	 0.000000	 -0.000000	 0.000000	 -90.000000	 0.797821	 -0.002779	 0.797826	 -0.199572	 0.000000	 0.002501	 0.002501	 90.000000	 0.797821	 -0.002779	 0.797826	 -0.199572	 331045.650840	
24.000000	 1.000000	 0.000000	 -0.000000	 0.000000	 -90.000000	 0.799005	 -0.001291	 0.799006	 -0.092612	 0.000000	 -0.000377	 0.000377	 -90.000000	 0.798993	 -0.001288	 0.798994	 -0.092331	 331047.121283	
23.000000	 1.000000	 0.000000	 -0.000000	 0.000000	 -90.000000	 0.800103	 0.000578	 0.800104	 0.041386	 0.000000	 0.000600	 0.000600	 90.000000	 0.800103	 0.000578	 0.800104	 0.041386	 331048.557595	
22.000000	 1.000000	 0.000000	 -0.000000	 0.000000	 -90.000000	 0.801090	 0.002518	 0.801094	 0.180106	 0.000000	 0.002058	 0.002058	 90.000000	 0.801090	 0.002518	 0.801094	 0.180106	 331049.986062	
21.000000	 1.000000	 0.000000	 -0.000000	 0.000000	 -90.000000	 0.802121	 0.004681	 0.802134	 0.334386	 0.000000	 0.002205	 0.002205	 90.000000	 0.802121	 0.004681	 0.802134	 0.334386	 331051.429694	
20.000000	 1.000000	 0.000000	 -0.000000	 0.000000	 -90.000000	 0.803349	 0.007115	 0.803380	 0.507462	 0.000000	 0.001409	 0.001409	 90.000000	 0.803349	 0.007115	 0.803380	 0.507462	 331052.856881	
19.000000	 1.000000	 0.000000	 -0.000000	 0.000000	 -90.000000	 0.804661	 0.009985	 0.804723	 0.710948	 0.000000	 0.001858	 0.001858	 90.000000	 0.804661	 0.009985	 0.804723	 0.710948	 331054.317107	
18.000000	 1.000000	 0.000000	 -0.000000	 0.000000	 -90.000000	 0.805948	 0.012541	 0.806046	 0.891484	 0.000000	 0.001349	 0.001349	 90.000000	 0.805967	 0.012559	 0.806065	 0.892724	 331055.723743	
17.000000	 1.000000	 0.000000	 -0.000000	 0.000000	 -90.000000	 0.806946	 0.015429	 0.807093	 1.095408	 0.000000	 0.002668	 0.002668	 90.000000	 0.806946	 0.015429	 0.807093	 1.095408	 331057.168477	
16.000000	 1.000000	 0.000000	 -0.000000	 0.000000	 -90.000000	 0.808472	 0.019686	 0.808712	 1.394863	 0.000000	 0.002021	 0.002021	 90.000000	 0.808472	 0.019686	 0.808712	 1.394863	 331058.608547	
15.000000	 1.000000	 0.000000	 -0.000000	 0.000000	 -90.000000	 0.808990	 0.024722	 0.809368	 1.750358	 0.000000	 0.002122	 0.002122	 90.000000	 0.808990	 0.024722	 0.809368	 1.750358	 331060.043703	
14.000000	 1.000000	 0.000000	 -0.000000	 0.000000	 -90.000000	 0.810210	 0.029625	 0.810751	 2.094052	 0.000000	 0.004400	 0.004400	 90.000000	 0.810253	 0.029701	 0.810797	 2.099300	 331061.508121	
13.000000	 1.000000	 0.000000	 -0.000000	 0.000000	 -90.000000	 0.811142	 0.035431	 0.811915	 2.501107	 0.000000	 0.006750	 0.006750	 90.000000	 0.811142	 0.035431	 0.811915	 2.501107	 331062.977614	
12.000000	 1.000000	 0.000000	 -0.000000	 0.000000	 -90.000000	 0.811847	 0.042097	 0.812937	 2.968295	 0.000000	 -0.008517	 0.008517	 -90.000000	 0.811869	 0.042066	 0.812958	 2.966044	 331064.408991	
11.000000	 1.000000	 0.000000	 -0.000000	 0.000000	 -90.000000	 0.812574	 0.049948	 0.814107	 3.517483	 0.000000	 -0.026998	 0.026998	 -90.000000	 0.812574	 0.049948	 0.814107	 3.517483	 331065.830771	
10.000000	 1.000000	 0.000000	 -0.000000	 0.000000	 -90.000000	 0.812937	 0.059521	 0.815113	 4.187600	 0.000000	 0.049776	 0.049776	 90.000000	 0.812897	 0.059744	 0.815089	 4.203393	 331067.270422	
9.000000	 1.000000	 0.000000	 -0.000000	 0.000000	 -90.000000	 0.812016	 0.071096	 0.815123	 5.003755	 0.000000	 0.100882	 0.100882	 90.000000	 0.812016	 0.071096	 0.815123	 5.003755	 331068.702062	
8.000000	 1.000000	 0.000000	 -0.000000	 0.000000	 -90.000000	 0.810182	 0.085040	 0.814633	 5.992069	 0.000000	 0.059754	 0.059754	 90.000000	 0.810182	 0.085040	 0.814633	 5.992069	 331070.147795	
7.000000	 1.000000	 0.000000	 -0.000000	 0.000000	 -90.000000	 0.806906	 0.101363	 0.813248	 7.159920	 0.000000	 0.254680	 0.254680	 90.000000	 0.806906	 0.101363	 0.813248	 7.159920	 331071.562687	
6.000000	 1.000000	 0.000000	 -0.000000	 0.000000	 -90.000000	 0.796730	 0.121325	 0.805914	 8.658440	 0.000000	 0.122533	 0.122533	 90.000000	 0.796730	 0.121325	 0.805914	 8.658440	 331073.020119	
5.000000	 1.000000	 0.000000	 -0.000000	 0.000000	 -90.000000	 0.798374	 0.163314	 0.814906	 11.560865	 0.000000	 -0.336685	 0.336685	 -90.000000	 0.798374	 0.163314	 0.814906	 11.560865	 331074.473840	
4.000000	 1.000000	 0.000000	 -0.000000	 0.000000	 -90.000000	 0.750577	 0.236363	 0.786913	 17.479636	 0.000000	 -0.360979	 0.360979	 -90.000000	 0.750577	 0.236363	 0.786913	 17.479636	 331075.904641	
3.000000	 1.000000	 0.000000	 -0.000000	 0.000000	 -90.000000	 0.670471	 0.409244	 0.785502	 31.399181	 0.000000	 0.618475	 0.618475	 90.000000	 0.670471	 0.409244	 0.785502	 31.399181	 331077.367894	
2.000000	 1.000000	 0.000000	 -0.000000	 0.000000	 -90.000000	 0.950511	 0.045161	 0.951583	 2.720215	 0.000000	 1.075984	 1.075984	 90.000000	 0.950511	 0.045161	 0.951583	 2.720215	 331078.808885	
1.000000	 1.000000	 0.000000	 -0.000000	 0.000000	 -90.000000	 0.183271	 -0.107788	 0.212619	 -30.461273	 0.000000	 -0.201173	 0.201173	 -90.000000	 0.183271	 -0.107788	 0.212619	 -30.461273	 331080.252366	
