# Oscilator_frequency (Hz)	DemodAll_A (-)	Demod_1_X_A (A)	Demod_1_Y_A (A)	Demod_1__R_A (A)	Demod_1__Theta_A (deg)	Demod_2_X_A (A)	Demod_2_Y_A (A)	Demod_2__R_A (A)	Demod_2__Theta_A (deg)	Demod_3_X_A (V)	Demod_3_Y_A (V)	Demod_3__R_A (V)	Demod_3__Theta_A (deg)	Demod_4_X_A (V)	Demod_4_Y_A (V)	Demod_4__R_A (V)	Demod_4__Theta_A (deg)	Timer_GET (s)	
500000.000000	 1.000000	 0.000000	 -0.000000	 0.000000	 -90.000000	 -0.000000	 0.000000	 0.000000	 177.587468	 0.000000	 1.645305	 1.645305	 90.000000	 0.085389	 -0.043431	 0.095800	 -26.958755	 844.166129	
495000.000000	 1.000000	 0.000000	 -0.000000	 0.000000	 -90.000000	 -0.000000	 -0.000000	 0.000000	 -149.359383	 0.000000	 1.784901	 1.784901	 90.000000	 0.085624	 -0.043160	 0.095887	 -26.750886	 845.621137	
490000.000000	 1.000000	 0.000000	 -0.000000	 0.000000	 -90.000000	 0.000000	 0.000000	 0.000000	 38.755361	 0.000000	 1.889381	 1.889381	 90.000000	 0.085869	 -0.042872	 0.095977	 -26.531860	 847.077022	
485000.000000	 1.000000	 0.000000	 -0.000000	 0.000000	 -90.000000	 -0.000000	 0.000000	 0.000000	 140.847490	 0.000000	 1.962517	 1.962517	 90.000000	 0.086104	 -0.042593	 0.096063	 -26.319932	 848.517897	
480000.000000	 1.000000	 0.000000	 -0.000000	 0.000000	 -90.000000	 0.000000	 -0.000000	 0.000000	 -47.019066	 0.000000	 2.022261	 2.022261	 90.000000	 0.086351	 -0.042301	 0.096156	 -26.099005	 849.962125	
475000.000000	 1.000000	 0.000000	 -0.000000	 0.000000	 -90.000000	 0.000000	 0.000000	 0.000000	 32.133577	 0.000000	 2.063521	 2.063521	 90.000000	 0.086591	 -0.041999	 0.096239	 -25.874566	 851.400065	
470000.000000	 1.000000	 0.000000	 -0.000000	 0.000000	 -90.000000	 0.000000	 0.000000	 0.000000	 47.658866	 0.000000	 2.096957	 2.096957	 90.000000	 0.086824	 -0.041702	 0.096320	 -25.655148	 852.851216	
465000.000000	 1.000000	 0.000000	 -0.000000	 0.000000	 -90.000000	 0.000000	 -0.000000	 0.000000	 -13.903898	 0.000000	 2.122362	 2.122362	 90.000000	 0.087079	 -0.041403	 0.096421	 -25.429076	 854.294645	
460000.000000	 1.000000	 0.000000	 -0.000000	 0.000000	 -90.000000	 -0.000000	 0.000000	 0.000000	 158.161728	 0.000000	 2.142895	 2.142895	 90.000000	 0.087336	 -0.041098	 0.096523	 -25.200366	 855.743850	
455000.000000	 1.000000	 0.000000	 -0.000000	 0.000000	 -90.000000	 0.000000	 0.000000	 0.000000	 68.765817	 0.000000	 2.159204	 2.159204	 90.000000	 0.087597	 -0.040789	 0.096628	 -24.968619	 857.172583	
450000.000000	 1.000000	 0.000000	 -0.000000	 0.000000	 -90.000000	 -0.000000	 0.000000	 0.000000	 140.808551	 0.000000	 2.172095	 2.172095	 90.000000	 0.087852	 -0.040472	 0.096726	 -24.734904	 858.627680	
445000.000000	 1.000000	 0.000000	 -0.000000	 0.000000	 -90.000000	 0.000000	 0.000000	 0.000000	 50.374007	 0.000000	 2.183520	 2.183520	 90.000000	 0.088109	 -0.040164	 0.096832	 -24.505366	 860.082107	
440000.000000	 1.000000	 0.000000	 -0.000000	 0.000000	 -90.000000	 0.000000	 0.000000	 0.000000	 84.445715	 0.000000	 2.193021	 2.193021	 90.000000	 0.088361	 -0.039854	 0.096933	 -24.277129	 861.574274	
435000.000000	 1.000000	 0.000000	 -0.000000	 0.000000	 -90.000000	 -0.000000	 0.000000	 0.000000	 116.298703	 0.000000	 2.200862	 2.200862	 90.000000	 0.088605	 -0.039541	 0.097027	 -24.049632	 863.033925	
430000.000000	 1.000000	 0.000000	 -0.000000	 0.000000	 -90.000000	 -0.000000	 0.000000	 0.000000	 104.794951	 0.000000	 2.207534	 2.207534	 90.000000	 0.088850	 -0.039229	 0.097125	 -23.822161	 864.486469	
425000.000000	 1.000000	 0.000000	 -0.000000	 0.000000	 -90.000000	 0.000000	 0.000000	 0.000000	 69.842625	 0.000000	 2.213303	 2.213303	 90.000000	 0.089094	 -0.038916	 0.097222	 -23.595396	 865.905107	
420000.000000	 1.000000	 0.000000	 -0.000000	 0.000000	 -90.000000	 0.000000	 0.000000	 0.000000	 47.365787	 0.000000	 2.218383	 2.218383	 90.000000	 0.089340	 -0.038609	 0.097326	 -23.371705	 867.340839	
415000.000000	 1.000000	 0.000000	 -0.000000	 0.000000	 -90.000000	 -0.000000	 0.000000	 0.000000	 121.594004	 0.000000	 2.222784	 2.222784	 90.000000	 0.089585	 -0.038292	 0.097426	 -23.143495	 868.809414	
410000.000000	 1.000000	 0.000000	 -0.000000	 0.000000	 -90.000000	 -0.000000	 0.000000	 0.000000	 174.463533	 0.000000	 2.226591	 2.226591	 90.000000	 0.089824	 -0.037976	 0.097522	 -22.917924	 870.275282	
405000.000000	 1.000000	 0.000000	 -0.000000	 0.000000	 -90.000000	 -0.000000	 0.000000	 0.000000	 162.648128	 0.000000	 2.230025	 2.230025	 90.000000	 0.090063	 -0.037655	 0.097618	 -22.689685	 871.700872	
400000.000000	 1.000000	 0.000000	 -0.000000	 0.000000	 -90.000000	 0.000000	 0.000000	 0.000000	 79.861506	 0.000000	 2.233100	 2.233100	 90.000000	 0.090307	 -0.037336	 0.097721	 -22.461962	 873.139352	
395000.000000	 1.000000	 0.000000	 -0.000000	 0.000000	 -90.000000	 -0.000000	 0.000000	 0.000000	 124.437782	 0.000000	 2.235753	 2.235753	 90.000000	 0.090545	 -0.037019	 0.097820	 -22.236771	 874.606118	
390000.000000	 1.000000	 0.000000	 -0.000000	 0.000000	 -90.000000	 0.000000	 0.000000	 0.000000	 72.595344	 0.000000	 2.238241	 2.238241	 90.000000	 0.090789	 -0.036695	 0.097924	 -22.007606	 876.071764	
385000.000000	 1.000000	 0.000000	 -0.000000	 0.000000	 -90.000000	 -0.000000	 -0.000000	 0.000000	 -149.404334	 0.000000	 2.240443	 2.240443	 90.000000	 0.091027	 -0.036372	 0.098025	 -21.780574	 877.534010	
380000.000000	 1.000000	 0.000000	 -0.000000	 0.000000	 -90.000000	 -0.000000	 0.000000	 0.000000	 164.975057	 0.000000	 2.242303	 2.242303	 90.000000	 0.091259	 -0.036043	 0.098119	 -21.551724	 878.979014	
375000.000000	 1.000000	 0.000000	 -0.000000	 0.000000	 -90.000000	 -0.000000	 0.000000	 0.000000	 160.708996	 0.000000	 2.244093	 2.244093	 90.000000	 0.091490	 -0.035721	 0.098216	 -21.327551	 880.431854	
370000.000000	 1.000000	 0.000000	 -0.000000	 0.000000	 -90.000000	 -0.000000	 -0.000000	 0.000000	 -144.279499	 0.000000	 2.245824	 2.245824	 90.000000	 0.091729	 -0.035397	 0.098321	 -21.100989	 881.883367	
365000.000000	 1.000000	 0.000000	 -0.000000	 0.000000	 -90.000000	 -0.000000	 -0.000000	 0.000000	 -125.574436	 0.000000	 2.247198	 2.247198	 90.000000	 0.091952	 -0.035066	 0.098411	 -20.874222	 883.321123	
360000.000000	 1.000000	 0.000000	 -0.000000	 0.000000	 -90.000000	 -0.000000	 0.000000	 0.000000	 164.051732	 0.000000	 2.248764	 2.248764	 90.000000	 0.092185	 -0.034738	 0.098513	 -20.647642	 884.772151	
355000.000000	 1.000000	 0.000000	 -0.000000	 0.000000	 -90.000000	 0.000000	 0.000000	 0.000000	 34.404550	 0.000000	 2.249900	 2.249900	 90.000000	 0.092419	 -0.034408	 0.098617	 -20.420602	 886.199994	
350000.000000	 1.000000	 0.000000	 -0.000000	 0.000000	 -90.000000	 -0.000000	 -0.000000	 0.000000	 -167.707526	 0.000000	 2.251063	 2.251063	 90.000000	 0.092661	 -0.034079	 0.098729	 -20.192611	 887.620257	
345000.000000	 1.000000	 0.000000	 -0.000000	 0.000000	 -90.000000	 -0.000000	 0.000000	 0.000000	 146.053650	 0.000000	 2.252112	 2.252112	 90.000000	 0.092893	 -0.033745	 0.098833	 -19.964328	 889.063349	
340000.000000	 1.000000	 0.000000	 -0.000000	 0.000000	 -90.000000	 -0.000000	 0.000000	 0.000000	 147.539823	 0.000000	 2.253063	 2.253063	 90.000000	 0.093128	 -0.033415	 0.098942	 -19.738380	 890.543061	
335000.000000	 1.000000	 0.000000	 -0.000000	 0.000000	 -90.000000	 -0.000000	 0.000000	 0.000000	 133.042197	 0.000000	 2.253974	 2.253974	 90.000000	 0.093364	 -0.033081	 0.099051	 -19.510446	 891.997499	
330000.000000	 1.000000	 0.000000	 -0.000000	 0.000000	 -90.000000	 -0.000000	 0.000000	 0.000000	 158.666573	 0.000000	 2.254992	 2.254992	 90.000000	 0.093598	 -0.032748	 0.099161	 -19.284034	 893.482422	
325000.000000	 1.000000	 0.000000	 -0.000000	 0.000000	 -90.000000	 0.000000	 -0.000000	 0.000000	 -13.019720	 0.000000	 2.255587	 2.255587	 90.000000	 0.093824	 -0.032408	 0.099264	 -19.055740	 894.927687	
320000.000000	 1.000000	 0.000000	 -0.000000	 0.000000	 -90.000000	 -0.000000	 -0.000000	 0.000000	 -178.615197	 0.000000	 2.256305	 2.256305	 90.000000	 0.094050	 -0.032068	 0.099367	 -18.827842	 896.369042	
315000.000000	 1.000000	 0.000000	 -0.000000	 0.000000	 -90.000000	 0.000000	 0.000000	 0.000000	 54.745455	 0.000000	 2.256928	 2.256928	 90.000000	 0.094274	 -0.031728	 0.099470	 -18.600960	 897.815754	
310000.000000	 1.000000	 0.000000	 -0.000000	 0.000000	 -90.000000	 0.000000	 0.000000	 0.000000	 80.253768	 0.000000	 2.257633	 2.257633	 90.000000	 0.094510	 -0.031387	 0.099585	 -18.371402	 899.269165	
305000.000000	 1.000000	 0.000000	 -0.000000	 0.000000	 -90.000000	 -0.000000	 0.000000	 0.000000	 157.419336	 0.000000	 2.258271	 2.258271	 90.000000	 0.094745	 -0.031046	 0.099702	 -18.143022	 900.741053	
300000.000000	 1.000000	 0.000000	 -0.000000	 0.000000	 -90.000000	 -0.000000	 0.000000	 0.000000	 168.953173	 0.000000	 2.258929	 2.258929	 90.000000	 0.094989	 -0.030708	 0.099829	 -17.915111	 902.184295	
295000.000000	 1.000000	 0.000000	 -0.000000	 0.000000	 -90.000000	 -0.000000	 0.000000	 0.000000	 164.110724	 0.000000	 2.259485	 2.259485	 90.000000	 0.095210	 -0.030363	 0.099935	 -17.687541	 903.630279	
290000.000000	 1.000000	 0.000000	 -0.000000	 0.000000	 -90.000000	 0.000000	 -0.000000	 0.000000	 -29.130756	 0.000000	 2.259926	 2.259926	 90.000000	 0.095441	 -0.030018	 0.100051	 -17.459308	 905.068570	
285000.000000	 1.000000	 0.000000	 -0.000000	 0.000000	 -90.000000	 -0.000000	 -0.000000	 0.000000	 -95.304178	 0.000000	 2.260378	 2.260378	 90.000000	 0.095669	 -0.029669	 0.100164	 -17.229949	 906.545239	
280000.000000	 1.000000	 0.000000	 -0.000000	 0.000000	 -90.000000	 -0.000000	 0.000000	 0.000000	 142.366179	 0.000000	 2.260880	 2.260880	 90.000000	 0.095903	 -0.029324	 0.100286	 -17.002124	 907.979462	
275000.000000	 1.000000	 0.000000	 -0.000000	 0.000000	 -90.000000	 -0.000000	 -0.000000	 0.000000	 -119.400794	 0.000000	 2.261253	 2.261253	 90.000000	 0.096130	 -0.028977	 0.100402	 -16.774641	 909.426406	
270000.000000	 1.000000	 0.000000	 -0.000000	 0.000000	 -90.000000	 -0.000000	 -0.000000	 0.000000	 -139.906385	 0.000000	 2.261732	 2.261732	 90.000000	 0.096363	 -0.028630	 0.100526	 -16.547162	 910.854101	
265000.000000	 1.000000	 0.000000	 -0.000000	 0.000000	 -90.000000	 -0.000000	 -0.000000	 0.000000	 -128.329359	 0.000000	 2.262067	 2.262067	 90.000000	 0.096595	 -0.028281	 0.100650	 -16.318880	 912.299691	
260000.000000	 1.000000	 0.000000	 -0.000000	 0.000000	 -90.000000	 -0.000000	 -0.000000	 0.000000	 -96.829960	 0.000000	 2.262560	 2.262560	 90.000000	 0.096831	 -0.027930	 0.100778	 -16.089822	 913.722486	
255000.000000	 1.000000	 0.000000	 -0.000000	 0.000000	 -90.000000	 0.000000	 0.000000	 0.000000	 45.341358	 0.000000	 2.262798	 2.262798	 90.000000	 0.097061	 -0.027579	 0.100903	 -15.861990	 915.170866	
250000.000000	 1.000000	 0.000000	 -0.000000	 0.000000	 -90.000000	 -0.000000	 -0.000000	 0.000000	 -147.568821	 0.000000	 2.263056	 2.263056	 90.000000	 0.097286	 -0.027225	 0.101024	 -15.633856	 916.620503	
245000.000000	 1.000000	 0.000000	 -0.000000	 0.000000	 -90.000000	 -0.000000	 0.000000	 0.000000	 154.145328	 0.000000	 2.263474	 2.263474	 90.000000	 0.097526	 -0.026867	 0.101159	 -15.402333	 918.057122	
240000.000000	 1.000000	 0.000000	 -0.000000	 0.000000	 -90.000000	 -0.000000	 0.000000	 0.000000	 159.255397	 0.000000	 2.263765	 2.263765	 90.000000	 0.097759	 -0.026508	 0.101289	 -15.171335	 919.505852	
235000.000000	 1.000000	 0.000000	 -0.000000	 0.000000	 -90.000000	 0.000000	 -0.000000	 0.000000	 -26.963671	 0.000000	 2.264111	 2.264111	 90.000000	 0.097992	 -0.026153	 0.101422	 -14.943102	 920.940889	
230000.000000	 1.000000	 0.000000	 -0.000000	 0.000000	 -90.000000	 -0.000000	 0.000000	 0.000000	 178.724027	 0.000000	 2.264260	 2.264260	 90.000000	 0.098224	 -0.025796	 0.101555	 -14.714669	 922.376727	
225000.000000	 1.000000	 0.000000	 -0.000000	 0.000000	 -90.000000	 0.000000	 -0.000000	 0.000000	 -21.281809	 0.000000	 2.264588	 2.264588	 90.000000	 0.098460	 -0.025434	 0.101693	 -14.484002	 923.839454	
220000.000000	 1.000000	 0.000000	 -0.000000	 0.000000	 -90.000000	 0.000000	 -0.000000	 0.000000	 -67.416469	 0.000000	 2.264744	 2.264744	 90.000000	 0.098697	 -0.025074	 0.101832	 -14.254255	 925.307498	
215000.000000	 1.000000	 0.000000	 -0.000000	 0.000000	 -90.000000	 -0.000000	 -0.000000	 0.000000	 -165.481999	 0.000000	 2.264944	 2.264944	 90.000000	 0.098927	 -0.024709	 0.101967	 -14.023862	 926.741745	
210000.000000	 1.000000	 0.000000	 -0.000000	 0.000000	 -90.000000	 -0.000000	 0.000000	 0.000000	 152.894089	 0.000000	 2.265199	 2.265199	 90.000000	 0.099169	 -0.024343	 0.102113	 -13.791533	 928.177058	
205000.000000	 1.000000	 0.000000	 -0.000000	 0.000000	 -90.000000	 -0.000000	 0.000000	 0.000000	 134.441164	 0.000000	 2.265461	 2.265461	 90.000000	 0.099399	 -0.023975	 0.102249	 -13.560696	 929.668405	
200000.000000	 1.000000	 0.000000	 -0.000000	 0.000000	 -90.000000	 -0.000000	 0.000000	 0.000000	 128.612524	 0.000000	 2.265534	 2.265534	 90.000000	 0.099634	 -0.023608	 0.102392	 -13.330030	 931.088954	
195000.000000	 1.000000	 0.000000	 -0.000000	 0.000000	 -90.000000	 -0.000000	 -0.000000	 0.000000	 -169.251451	 0.000000	 2.265758	 2.265758	 90.000000	 0.099868	 -0.023234	 0.102535	 -13.096573	 932.504090	
190000.000000	 1.000000	 0.000000	 -0.000000	 0.000000	 -90.000000	 -0.000000	 0.000000	 0.000000	 101.006994	 0.000000	 2.265951	 2.265951	 90.000000	 0.100106	 -0.022864	 0.102684	 -12.865746	 933.969856	
185000.000000	 1.000000	 0.000000	 -0.000000	 0.000000	 -90.000000	 -0.000000	 -0.000000	 0.000000	 -148.917918	 0.000000	 2.266081	 2.266081	 90.000000	 0.100349	 -0.022492	 0.102839	 -12.633577	 935.432272	
180000.000000	 1.000000	 0.000000	 -0.000000	 0.000000	 -90.000000	 -0.000000	 -0.000000	 0.000000	 -92.401528	 0.000000	 2.266302	 2.266302	 90.000000	 0.100592	 -0.022121	 0.102995	 -12.402160	 936.865901	
175000.000000	 1.000000	 0.000000	 -0.000000	 0.000000	 -90.000000	 -0.000000	 -0.000000	 0.000000	 -141.530565	 0.000000	 2.266450	 2.266450	 90.000000	 0.100840	 -0.021743	 0.103157	 -12.167581	 938.323209	
170000.000000	 1.000000	 0.000000	 -0.000000	 0.000000	 -90.000000	 -0.000000	 0.000000	 0.000000	 154.123059	 0.000000	 2.266715	 2.266715	 90.000000	 0.101088	 -0.021366	 0.103321	 -11.934600	 939.769094	
165000.000000	 1.000000	 0.000000	 -0.000000	 0.000000	 -90.000000	 -0.000000	 0.000000	 0.000000	 145.849295	 0.000000	 2.266833	 2.266833	 90.000000	 0.101342	 -0.020988	 0.103492	 -11.700338	 941.213082	
160000.000000	 1.000000	 0.000000	 -0.000000	 0.000000	 -90.000000	 -0.000000	 -0.000000	 0.000000	 -128.661748	 0.000000	 2.266958	 2.266958	 90.000000	 0.101594	 -0.020602	 0.103661	 -11.463592	 942.689849	
155000.000000	 1.000000	 0.000000	 -0.000000	 0.000000	 -90.000000	 0.000000	 -0.000000	 0.000000	 -15.535559	 0.000000	 2.267013	 2.267013	 90.000000	 0.101848	 -0.020219	 0.103836	 -11.228566	 944.098014	
150000.000000	 1.000000	 0.000000	 -0.000000	 0.000000	 -90.000000	 -0.000000	 0.000000	 0.000000	 163.236960	 0.000000	 2.267298	 2.267298	 90.000000	 0.102114	 -0.019833	 0.104022	 -10.991279	 945.541921	
145000.000000	 1.000000	 0.000000	 -0.000000	 0.000000	 -90.000000	 0.000000	 -0.000000	 0.000000	 -58.242814	 0.000000	 2.267445	 2.267445	 90.000000	 0.102382	 -0.019452	 0.104213	 -10.757869	 947.002017	
140000.000000	 1.000000	 0.000000	 -0.000000	 0.000000	 -90.000000	 -0.000000	 -0.000000	 0.000000	 -155.717935	 0.000000	 2.267508	 2.267508	 90.000000	 0.102650	 -0.019063	 0.104405	 -10.520481	 948.447931	
135000.000000	 1.000000	 0.000000	 -0.000000	 0.000000	 -90.000000	 -0.000000	 0.000000	 0.000000	 157.709568	 0.000000	 2.267590	 2.267590	 90.000000	 0.102922	 -0.018673	 0.104602	 -10.283297	 949.887595	
130000.000000	 1.000000	 0.000000	 -0.000000	 0.000000	 -90.000000	 -0.000000	 -0.000000	 0.000000	 -138.416757	 0.000000	 2.267741	 2.267741	 90.000000	 0.103196	 -0.018280	 0.104803	 -10.045185	 951.337281	
125000.000000	 1.000000	 0.000000	 -0.000000	 0.000000	 -90.000000	 -0.000000	 -0.000000	 0.000000	 -141.559042	 0.000000	 2.267931	 2.267931	 90.000000	 0.103474	 -0.017886	 0.105008	 -9.806974	 952.795157	
120000.000000	 1.000000	 0.000000	 -0.000000	 0.000000	 -90.000000	 -0.000000	 -0.000000	 0.000000	 -125.678916	 0.000000	 2.267832	 2.267832	 90.000000	 0.103756	 -0.017488	 0.105219	 -9.567098	 954.298025	
115000.000000	 1.000000	 0.000000	 -0.000000	 0.000000	 -90.000000	 -0.000000	 -0.000000	 0.000000	 -120.886139	 0.000000	 2.268074	 2.268074	 90.000000	 0.104055	 -0.017089	 0.105449	 -9.326540	 955.767888	
110000.000000	 1.000000	 0.000000	 -0.000000	 0.000000	 -90.000000	 0.000000	 -0.000000	 0.000000	 -8.990235	 0.000000	 2.268080	 2.268080	 90.000000	 0.104352	 -0.016686	 0.105678	 -9.084778	 957.203102	
105000.000000	 1.000000	 0.000000	 -0.000000	 0.000000	 -90.000000	 -0.000000	 -0.000000	 0.000000	 -152.921442	 0.000000	 2.268205	 2.268205	 90.000000	 0.104658	 -0.016282	 0.105917	 -8.842656	 958.656885	
100000.000000	 1.000000	 0.000000	 -0.000000	 0.000000	 -90.000000	 -0.000000	 0.000000	 0.000000	 175.890755	 0.000000	 2.268160	 2.268160	 90.000000	 0.104966	 -0.015874	 0.106160	 -8.599894	 960.106384	
95000.000000	 1.000000	 0.000000	 -0.000000	 0.000000	 -90.000000	 -0.000000	 -0.000000	 0.000000	 -143.128678	 0.000000	 2.268267	 2.268267	 90.000000	 0.105279	 -0.015461	 0.106408	 -8.354743	 961.547603	
90000.000000	 1.000000	 0.000000	 -0.000000	 0.000000	 -90.000000	 -0.000000	 -0.000000	 0.000000	 -119.204116	 0.000000	 2.267436	 2.267436	 90.000000	 0.105616	 -0.015047	 0.106682	 -8.108222	 963.015324	
85000.000000	 1.000000	 0.000000	 -0.000000	 0.000000	 -90.000000	 -0.000000	 0.000000	 0.000000	 166.633496	 0.000000	 2.270094	 2.270094	 90.000000	 0.105958	 -0.014631	 0.106963	 -7.862150	 964.504363	
80000.000000	 1.000000	 0.000000	 -0.000000	 0.000000	 -90.000000	 -0.000000	 -0.000000	 0.000000	 -161.666776	 0.000000	 2.266657	 2.266657	 90.000000	 0.106316	 -0.014211	 0.107262	 -7.613200	 965.940492	
75000.000000	 1.000000	 0.000000	 -0.000000	 0.000000	 -90.000000	 -0.000000	 -0.000000	 0.000000	 -143.957380	 0.000000	 2.268302	 2.268302	 90.000000	 0.106692	 -0.013790	 0.107580	 -7.364911	 967.401083	
70000.000000	 1.000000	 0.000000	 -0.000000	 0.000000	 -90.000000	 -0.000000	 0.000000	 0.000000	 173.649996	 0.000000	 2.268525	 2.268525	 90.000000	 0.107087	 -0.013365	 0.107917	 -7.113868	 968.862524	
65000.000000	 1.000000	 0.000000	 -0.000000	 0.000000	 -90.000000	 -0.000000	 0.000000	 0.000000	 165.711572	 0.000000	 2.268644	 2.268644	 90.000000	 0.107500	 -0.012934	 0.108275	 -6.860887	 970.309153	
60000.000000	 1.000000	 0.000000	 -0.000000	 0.000000	 -90.000000	 0.000000	 0.000000	 0.000000	 40.912782	 0.000000	 2.268694	 2.268694	 90.000000	 0.107940	 -0.012496	 0.108661	 -6.603643	 971.759193	
55000.000000	 1.000000	 0.000000	 -0.000000	 0.000000	 -90.000000	 -0.000000	 -0.000000	 0.000000	 -164.214489	 0.000000	 2.268910	 2.268910	 90.000000	 0.108396	 -0.012057	 0.109064	 -6.347148	 973.210542	
50000.000000	 1.000000	 0.000000	 -0.000000	 0.000000	 -90.000000	 -0.000000	 -0.000000	 0.000000	 -94.458841	 0.000000	 2.269078	 2.269078	 90.000000	 0.108891	 -0.011616	 0.109509	 -6.089240	 974.662996	
45000.000000	 1.000000	 0.000000	 -0.000000	 0.000000	 -90.000000	 -0.000000	 -0.000000	 0.000000	 -153.263612	 0.000000	 2.269133	 2.269133	 90.000000	 0.109429	 -0.011166	 0.109998	 -5.826340	 976.104284	
40000.000000	 1.000000	 0.000000	 -0.000000	 0.000000	 -90.000000	 -0.000000	 -0.000000	 0.000000	 -123.468836	 0.000000	 2.269224	 2.269224	 90.000000	 0.110017	 -0.010714	 0.110538	 -5.562153	 977.526428	
35000.000000	 1.000000	 0.000000	 -0.000000	 0.000000	 -90.000000	 -0.000000	 -0.000000	 0.000000	 -167.955373	 0.000000	 2.269173	 2.269173	 90.000000	 0.110667	 -0.010249	 0.111140	 -5.291001	 978.982414	
30000.000000	 1.000000	 0.000000	 -0.000000	 0.000000	 -90.000000	 -0.000000	 -0.000000	 0.000000	 -119.250972	 0.000000	 2.269421	 2.269421	 90.000000	 0.111409	 -0.009782	 0.111837	 -5.018106	 980.447711	
25000.000000	 1.000000	 0.000000	 -0.000000	 0.000000	 -90.000000	 0.000000	 0.000000	 0.000000	 82.202829	 0.000000	 2.269375	 2.269375	 90.000000	 0.112243	 -0.009306	 0.112628	 -4.739563	 981.915177	
20000.000000	 1.000000	 0.000000	 -0.000000	 0.000000	 -90.000000	 0.000000	 -0.000000	 0.000000	 -7.945877	 0.000000	 2.269386	 2.269386	 90.000000	 0.113247	 -0.008834	 0.113591	 -4.460312	 983.367019	
15000.000000	 1.000000	 0.000000	 -0.000000	 0.000000	 -90.000000	 0.000000	 0.000000	 0.000000	 47.099499	 0.000000	 2.269586	 2.269586	 90.000000	 0.114490	 -0.008355	 0.114794	 -4.173916	 984.806506	
10000.000000	 1.000000	 0.000000	 -0.000000	 0.000000	 -90.000000	 -0.000000	 0.000000	 0.000000	 163.710429	 0.000000	 2.269967	 2.269967	 90.000000	 0.116189	 -0.007943	 0.116460	 -3.910585	 986.245155	
5000.000000	 1.000000	 0.000000	 -0.000000	 0.000000	 -90.000000	 -0.000000	 -0.000000	 0.000000	 -101.409609	 0.000000	 2.270097	 2.270097	 90.000000	 0.119010	 -0.007861	 0.119270	 -3.778986	 987.694265	
