# Oscilator_frequency (Hz)	DemodAll_A (-)	Demod_1_X_A (A)	Demod_1_Y_A (A)	Demod_1__R_A (A)	Demod_1__Theta_A (deg)	Demod_2_X_A (A)	Demod_2_Y_A (A)	Demod_2__R_A (A)	Demod_2__Theta_A (deg)	Demod_3_X_A (V)	Demod_3_Y_A (V)	Demod_3__R_A (V)	Demod_3__Theta_A (deg)	Demod_4_X_A (V)	Demod_4_Y_A (V)	Demod_4__R_A (V)	Demod_4__Theta_A (deg)	Timer_GET (s)
1.0	1.0	0.0	0.0	0.0	-90.0	0.149939	0.152316	0.213733	45.450507	0.0	0.219275	0.219275	90.0	0.144498	0.155077	0.211964	47.022397	337177.175855
2.0	1.0	0.0	0.0	0.0	-90.0	0.079175	-0.000211	0.079175	-0.15241	0.0	0.052206	0.052206	90.0	0.079175	-0.000211	0.079175	-0.15241	337175.734273
3.0	1.0	0.0	0.0	0.0	-90.0	0.167808	-0.001545	0.167815	-0.527508	0.0	0.1791	0.1791	90.0	0.167808	-0.001545	0.167815	-0.527508	337174.307265
4.0	1.0	0.0	0.0	0.0	-90.0	0.16927	0.013706	0.169824	4.62925	0.0	-0.153911	0.153911	-90.0	0.16927	0.013706	0.169824	4.62925	337172.856216
5.0	1.0	0.0	0.0	0.0	-90.0	0.165555	0.020935	0.166873	7.206978	0.0	-0.071842	0.071842	-90.0	0.165555	0.020935	0.166873	7.206979	337171.425061
6.0	1.0	0.0	0.0	0.0	-90.0	0.172273	0.017032	0.173112	5.64628	0.0	0.03683	0.03683	90.0	0.172273	0.017032	0.173112	5.64628	337169.967541
7.0	1.0	0.0	0.0	0.0	-90.0	0.174661	0.011717	0.175054	3.83785	0.0	-0.025019	0.025019	-90.0	0.175388	0.012175	0.17581	3.970971	337168.537218
8.0	1.0	0.0	0.0	0.0	-90.0	0.17471	0.008443	0.174914	2.766853	0.0	0.034592	0.034592	90.0	0.17471	0.008443	0.174914	2.766853	337167.088426
9.0	1.0	0.0	0.0	0.0	-90.0	0.174431	0.005534	0.174518	1.817147	0.0	-0.003506	0.003506	-90.0	0.174511	0.005377	0.174593	1.76474	337165.648577
10.0	1.0	0.0	0.0	0.0	-90.0	0.17435	0.002814	0.174373	0.924602	0.0	0.011897	0.011897	90.0	0.17435	0.002814	0.174373	0.924602	337164.196893
11.0	1.0	0.0	0.0	0.0	-90.0	0.173813	0.00082	0.173815	0.270249	0.0	0.000671	0.000671	90.0	0.173813	0.00082	0.173815	0.270249	337162.788857
12.0	1.0	0.0	0.0	0.0	-90.0	0.173286	-0.001072	0.173289	-0.354564	0.0	0.000137	0.000137	90.0	0.173286	-0.001072	0.173289	-0.354564	337161.342788
13.0	1.0	0.0	0.0	0.0	-90.0	0.172731	-0.002748	0.172753	-0.911579	0.0	5.9e-05	5.9e-05	90.0	0.172731	-0.002748	0.172753	-0.911579	337159.911455
14.0	1.0	0.0	0.0	0.0	-90.0	0.172076	-0.004122	0.172125	-1.372382	0.0	0.001774	0.001774	90.0	0.172076	-0.004122	0.172125	-1.372382	337158.500065
15.0	1.0	0.0	0.0	0.0	-90.0	0.171406	-0.005462	0.171493	-1.825089	0.0	0.001084	0.001084	90.0	0.171389	-0.005474	0.171477	-1.829248	337157.048571
16.0	1.0	0.0	0.0	0.0	-90.0	0.170831	-0.006348	0.170949	-2.127962	0.0	0.001224	0.001224	90.0	0.170831	-0.006348	0.170949	-2.127962	337155.633447
17.0	1.0	0.0	0.0	0.0	-90.0	0.1704	-0.007322	0.170558	-2.460481	0.0	0.000698	0.000698	90.0	0.1704	-0.007322	0.170558	-2.460481	337154.189654
18.0	1.0	0.0	0.0	0.0	-90.0	0.169598	-0.008201	0.169796	-2.768289	0.0	0.003308	0.003308	90.0	0.169598	-0.008201	0.169796	-2.76829	337152.754551
19.0	1.0	0.0	0.0	0.0	-90.0	0.168963	-0.009195	0.169213	-3.115125	0.0	0.004993	0.004993	90.0	0.168963	-0.009195	0.169213	-3.115125	337151.286972
20.0	1.0	0.0	0.0	0.0	-90.0	0.168348	-0.009828	0.168634	-3.341051	0.0	0.000549	0.000549	90.0	0.168353	-0.009809	0.168638	-3.334707	337149.877392
21.0	1.0	0.0	0.0	0.0	-90.0	0.167866	-0.010525	0.168196	-3.587567	0.0	0.00137	0.00137	90.0	0.167866	-0.010525	0.168196	-3.587567	337148.418896
22.0	1.0	0.0	0.0	0.0	-90.0	0.167348	-0.010967	0.167707	-3.749396	0.0	0.001516	0.001516	90.0	0.167348	-0.010967	0.167707	-3.749397	337146.979601
23.0	1.0	0.0	0.0	0.0	-90.0	0.166835	-0.011459	0.167228	-3.929144	0.0	0.001241	0.001241	90.0	0.166835	-0.011459	0.167228	-3.929144	337145.572513
24.0	1.0	0.0	0.0	0.0	-90.0	0.166025	-0.012462	0.166492	-4.292465	0.0	0.002703	0.002703	90.0	0.166025	-0.012462	0.166492	-4.292465	337144.132774
25.0	1.0	0.0	0.0	0.0	-90.0	0.164708	-0.012284	0.165165	-4.265326	0.0	0.001632	0.001632	90.0	0.164708	-0.012284	0.165165	-4.265326	337142.687757
26.0	1.0	0.0	0.0	0.0	-90.0	0.165695	-0.013468	0.166241	-4.646748	0.0	0.000752	0.000752	90.0	0.165695	-0.013468	0.166241	-4.646748	337141.260881
27.0	1.0	0.0	0.0	0.0	-90.0	0.164607	-0.013093	0.165127	-4.547784	0.0	0.001182	0.001182	90.0	0.164607	-0.013093	0.165127	-4.547784	337139.839005
28.0	1.0	0.0	0.0	0.0	-90.0	0.163755	-0.013802	0.164336	-4.817615	0.0	0.001865	0.001865	90.0	0.163755	-0.013802	0.164336	-4.817615	337138.402272
29.0	1.0	0.0	0.0	0.0	-90.0	0.163552	-0.014017	0.164151	-4.898537	0.0	0.001708	0.001708	90.0	0.163552	-0.014017	0.164151	-4.898537	337136.984875
30.0	1.0	0.0	0.0	0.0	-90.0	0.163019	-0.0146	0.163671	-5.117878	0.0	0.001709	0.001709	90.0	0.163019	-0.0146	0.163671	-5.117878	337135.47023
31.0	1.0	0.0	0.0	0.0	-90.0	0.162636	-0.014739	0.163303	-5.178475	0.0	0.00306	0.00306	90.0	0.162636	-0.014739	0.163303	-5.178475	337134.054674
32.0	1.0	0.0	0.0	0.0	-90.0	0.161814	-0.014989	0.162507	-5.292341	0.0	0.000711	0.000711	90.0	0.16184	-0.014968	0.16253	-5.284227	337132.625817
33.0	1.0	0.0	0.0	0.0	-90.0	0.161491	-0.015321	0.162217	-5.419713	0.0	0.001176	0.001176	90.0	0.161491	-0.015321	0.162217	-5.419713	337131.182495
34.0	1.0	0.0	0.0	0.0	-90.0	0.160977	-0.015464	0.161718	-5.487252	0.0	0.002174	0.002174	90.0	0.160977	-0.015464	0.161718	-5.487252	337129.777599
35.0	1.0	0.0	0.0	0.0	-90.0	0.160252	-0.015485	0.160998	-5.519377	0.0	0.001217	0.001217	90.0	0.160252	-0.015485	0.160998	-5.519377	337128.340718
36.0	1.0	0.0	0.0	0.0	-90.0	0.160147	-0.015798	0.160925	-5.633792	0.0	0.001453	0.001453	90.0	0.160147	-0.015798	0.160925	-5.633793	337126.906826
37.0	1.0	0.0	0.0	0.0	-90.0	0.159682	-0.015863	0.160468	-5.673279	0.0	0.001472	0.001472	90.0	0.159762	-0.015572	0.160519	-5.566945	337125.47408
38.0	1.0	0.0	0.0	0.0	-90.0	0.160052	-0.015875	0.160838	-5.664287	0.0	0.001514	0.001514	90.0	0.160052	-0.015875	0.160838	-5.664287	337124.064157
39.0	1.0	0.0	0.0	0.0	-90.0	0.16017	-0.015423	0.160911	-5.500238	0.0	0.001426	0.001426	90.0	0.160937	-0.015684	0.161699	-5.566168	337122.632983
40.0	1.0	0.0	0.0	0.0	-90.0	0.157399	-0.014366	0.158053	-5.215038	0.0	0.001418	0.001418	90.0	0.157556	-0.013853	0.158164	-5.024941	337121.185537
41.0	1.0	0.0	0.0	0.0	-90.0	0.16051	-0.012768	0.161017	-4.548139	0.0	0.001387	0.001387	90.0	0.16367	-0.013426	0.16422	-4.689669	337119.743541
42.0	1.0	0.0	0.0	0.0	-90.0	0.160652	-0.009162	0.160913	-3.263977	0.0	0.001298	0.001298	90.0	0.160652	-0.009162	0.160913	-3.263977	337118.312137
43.0	1.0	0.0	0.0	0.0	-90.0	0.158901	-0.028124	0.161371	-10.03697	0.0	0.001646	0.001646	90.0	0.158901	-0.028124	0.161371	-10.03697	337116.833437
44.0	1.0	0.0	0.0	0.0	-90.0	0.175717	-0.025906	0.177616	-8.38675	0.0	0.001496	0.001496	90.0	0.175717	-0.025906	0.177616	-8.386749	337115.397209
45.0	1.0	0.0	0.0	0.0	-90.0	0.126731	-0.016838	0.127845	-7.568141	0.0	0.002223	0.002223	90.0	0.12551	-0.012307	0.126112	-5.600096	337113.958374
46.0	1.0	0.0	0.0	0.0	-90.0	0.139735	0.02646	0.142218	10.722635	0.0	0.000808	0.000808	90.0	0.142145	0.027712	0.144821	11.031863	337112.50336
47.0	1.0	0.0	0.0	0.0	-90.0	0.175409	-0.07129	0.189343	-22.117857	0.0	0.0012	0.0012	90.0	0.175409	-0.07129	0.189343	-22.117857	337111.043885
48.0	1.0	0.0	0.0	0.0	-90.0	0.151386	-0.088253	0.175232	-30.240698	0.0	0.002469	0.002469	90.0	0.151386	-0.088253	0.175232	-30.240698	337109.624378
49.0	1.0	0.0	0.0	0.0	-90.0	0.2163	0.035053	0.219121	9.205077	0.0	-0.000501	0.000501	-90.0	0.2163	0.035053	0.219121	9.205077	337108.188053
50.0	1.0	0.0	0.0	0.0	-90.0	0.227415	-0.063572	0.236133	-15.6179	0.0	0.000945	0.000945	90.0	0.227406	-0.063587	0.236129	-15.621886	337106.747181
51.0	1.0	0.0	0.0	0.0	-90.0	0.203146	0.046662	0.208436	12.936241	0.0	-0.000491	0.000491	-90.0	0.203146	0.046662	0.208436	12.936241	337105.301041
52.0	1.0	0.0	0.0	0.0	-90.0	0.184573	-0.082085	0.202003	-23.976137	0.0	-4.6e-05	4.6e-05	-90.0	0.184573	-0.082085	0.202003	-23.976137	337103.860381
53.0	1.0	0.0	0.0	0.0	-90.0	0.204104	-0.046484	0.20933	-12.830214	0.0	-0.000301	0.000301	-90.0	0.204104	-0.046484	0.20933	-12.830214	337102.419871
54.0	1.0	0.0	0.0	0.0	-90.0	0.12082	0.010051	0.121237	4.755594	0.0	0.002681	0.002681	90.0	0.116724	0.006835	0.116924	3.351397	337100.992091
55.0	1.0	0.0	0.0	0.0	-90.0	0.138422	0.007532	0.138627	3.114428	0.0	0.002156	0.002156	90.0	0.138422	0.007532	0.138627	3.114428	337099.568157
56.0	1.0	0.0	0.0	0.0	-90.0	0.151663	-0.038725	0.156529	-14.323526	0.0	0.001083	0.001083	90.0	0.151663	-0.038725	0.156529	-14.323526	337098.126412
57.0	1.0	0.0	0.0	0.0	-90.0	0.140643	-0.015567	0.141502	-6.316044	0.0	0.001578	0.001578	90.0	0.140643	-0.015567	0.141502	-6.316044	337096.698926
58.0	1.0	0.0	0.0	0.0	-90.0	0.155505	-0.024545	0.15743	-8.96948	0.0	0.001241	0.001241	90.0	0.155505	-0.024545	0.15743	-8.96948	337095.259848
59.0	1.0	0.0	0.0	0.0	-90.0	0.148008	-0.021793	0.149604	-8.376253	0.0	0.001417	0.001417	90.0	0.148008	-0.021793	0.149604	-8.376253	337093.819184
60.0	1.0	0.0	0.0	0.0	-90.0	0.153456	-0.01943	0.154681	-7.21614	0.0	0.001352	0.001352	90.0	0.153456	-0.01943	0.154681	-7.21614	337092.355235
61.0	1.0	0.0	0.0	0.0	-90.0	0.152255	-0.017858	0.153298	-6.689583	0.0	0.00135	0.00135	90.0	0.152255	-0.017858	0.153298	-6.689583	337090.902544
62.0	1.0	0.0	0.0	0.0	-90.0	0.152525	-0.017515	0.153528	-6.550666	0.0	0.001318	0.001318	90.0	0.152525	-0.017515	0.153528	-6.550666	337089.431715
63.0	1.0	0.0	0.0	0.0	-90.0	0.151124	-0.017179	0.152097	-6.485357	0.0	0.001339	0.001339	90.0	0.151124	-0.017179	0.152097	-6.485357	337087.986004
64.0	1.0	0.0	0.0	0.0	-90.0	0.151044	-0.016829	0.151978	-6.357474	0.0	0.001326	0.001326	90.0	0.151044	-0.016829	0.151978	-6.357474	337086.547883
65.0	1.0	0.0	0.0	0.0	-90.0	0.151017	-0.017085	0.151981	-6.454546	0.0	0.001357	0.001357	90.0	0.151017	-0.017085	0.151981	-6.454546	337085.082399
66.0	1.0	0.0	0.0	0.0	-90.0	0.15097	-0.01706	0.151931	-6.447346	0.0	0.001419	0.001419	90.0	0.15097	-0.01706	0.151931	-6.447346	337083.640027
67.0	1.0	0.0	0.0	0.0	-90.0	0.150447	-0.017468	0.151458	-6.622843	0.0	0.001392	0.001392	90.0	0.150447	-0.017468	0.151458	-6.622842	337082.190604
68.0	1.0	0.0	0.0	0.0	-90.0	0.150564	-0.017138	0.151537	-6.493879	0.0	0.00134	0.00134	90.0	0.150564	-0.017138	0.151537	-6.493879	337080.746952
69.0	1.0	0.0	0.0	0.0	-90.0	0.150188	-0.017467	0.1512	-6.63365	0.0	0.001315	0.001315	90.0	0.150188	-0.017467	0.1512	-6.63365	337079.332306
70.0	1.0	0.0	0.0	0.0	-90.0	0.14986	-0.01711	0.150834	-6.513276	0.0	0.001378	0.001378	90.0	0.149858	-0.017122	0.150833	-6.518065	337077.895122
71.0	1.0	0.0	0.0	0.0	-90.0	0.149791	-0.017345	0.150792	-6.605011	0.0	0.001325	0.001325	90.0	0.149791	-0.017345	0.150792	-6.605011	337076.467455
72.0	1.0	0.0	0.0	0.0	-90.0	0.149264	-0.017153	0.150246	-6.555585	0.0	0.001362	0.001362	90.0	0.149259	-0.017165	0.150242	-6.560324	337075.035853
73.0	1.0	0.0	0.0	0.0	-90.0	0.14921	-0.017087	0.150185	-6.532759	0.0	0.001268	0.001268	90.0	0.14921	-0.017087	0.150185	-6.532759	337073.598661
74.0	1.0	0.0	0.0	0.0	-90.0	0.149017	-0.016859	0.149967	-6.45475	0.0	0.001286	0.001286	90.0	0.149017	-0.016859	0.149967	-6.45475	337072.154248
75.0	1.0	0.0	0.0	0.0	-90.0	0.149073	-0.017007	0.15004	-6.508267	0.0	0.00131	0.00131	90.0	0.149073	-0.017007	0.15004	-6.508267	337070.699561
76.0	1.0	0.0	0.0	0.0	-90.0	0.148656	-0.016992	0.149624	-6.520901	0.0	0.001274	0.001274	90.0	0.148656	-0.016992	0.149624	-6.520902	337069.238942
77.0	1.0	0.0	0.0	0.0	-90.0	0.148505	-0.017052	0.14948	-6.55012	0.0	0.001278	0.001278	90.0	0.148505	-0.017052	0.14948	-6.55012	337067.809201
78.0	1.0	0.0	0.0	0.0	-90.0	0.148302	-0.017008	0.149275	-6.542373	0.0	0.001309	0.001309	90.0	0.148302	-0.017008	0.149275	-6.542373	337066.348961
79.0	1.0	0.0	0.0	0.0	-90.0	0.148002	-0.016936	0.148968	-6.527901	0.0	0.001284	0.001284	90.0	0.148002	-0.016936	0.148968	-6.527901	337064.91359
80.0	1.0	0.0	0.0	0.0	-90.0	0.147768	-0.016825	0.148723	-6.495872	0.0	0.001258	0.001258	90.0	0.147768	-0.016825	0.148723	-6.495872	337063.485251
81.0	1.0	0.0	0.0	0.0	-90.0	0.147549	-0.017015	0.148527	-6.578081	0.0	0.001232	0.001232	90.0	0.147549	-0.017015	0.148527	-6.578081	337062.021785
82.0	1.0	0.0	0.0	0.0	-90.0	0.147574	-0.016925	0.148541	-6.542398	0.0	0.001247	0.001247	90.0	0.147574	-0.016925	0.148541	-6.542398	337060.548981
83.0	1.0	0.0	0.0	0.0	-90.0	0.147365	-0.016903	0.148331	-6.543436	0.0	0.001249	0.001249	90.0	0.147365	-0.016903	0.148331	-6.543436	337059.097188
84.0	1.0	0.0	0.0	0.0	-90.0	0.147183	-0.016824	0.148142	-6.520801	0.0	0.00128	0.00128	90.0	0.147183	-0.016824	0.148142	-6.520802	337057.655062
85.0	1.0	0.0	0.0	0.0	-90.0	0.146972	-0.016763	0.147925	-6.506952	0.0	0.001312	0.001312	90.0	0.146972	-0.016763	0.147925	-6.506952	337056.249697
86.0	1.0	0.0	0.0	0.0	-90.0	0.146788	-0.01677	0.147743	-6.51766	0.0	0.001296	0.001296	90.0	0.146788	-0.01677	0.147743	-6.51766	337054.802741
87.0	1.0	0.0	0.0	0.0	-90.0	0.146653	-0.016613	0.147591	-6.462886	0.0	0.001264	0.001264	90.0	0.146658	-0.01661	0.147596	-6.46159	337053.375538
88.0	1.0	0.0	0.0	0.0	-90.0	0.146498	-0.01654	0.147429	-6.441551	0.0	0.00113	0.00113	90.0	0.146498	-0.01654	0.147429	-6.441551	337051.953282
89.0	1.0	0.0	0.0	0.0	-90.0	0.146203	-0.016487	0.14713	-6.434035	0.0	0.000567	0.000567	90.0	0.146204	-0.016498	0.147132	-6.438143	337050.509986
90.0	1.0	0.0	0.0	0.0	-90.0	0.146075	-0.016443	0.146997	-6.422402	0.0	0.00156	0.00156	90.0	0.146075	-0.016443	0.146997	-6.422402	337049.093135
91.0	1.0	0.0	0.0	0.0	-90.0	0.146029	-0.016465	0.146954	-6.432887	0.0	0.001612	0.001612	90.0	0.146029	-0.016465	0.146954	-6.432887	337047.638948
92.0	1.0	0.0	0.0	0.0	-90.0	0.14583	-0.016378	0.146747	-6.407957	0.0	0.000335	0.000335	90.0	0.14583	-0.016378	0.146747	-6.407957	337046.205114
93.0	1.0	0.0	0.0	0.0	-90.0	0.145704	-0.016383	0.146622	-6.415337	0.0	0.001371	0.001371	90.0	0.145704	-0.016383	0.146622	-6.415337	337044.74512
94.0	1.0	0.0	0.0	0.0	-90.0	0.145495	-0.016316	0.146407	-6.39854	0.0	0.001296	0.001296	90.0	0.145495	-0.016316	0.146407	-6.39854	337043.302026
95.0	1.0	0.0	0.0	0.0	-90.0	0.145352	-0.016227	0.146255	-6.369979	0.0	0.001153	0.001153	90.0	0.145352	-0.016227	0.146255	-6.369979	337041.86304
96.0	1.0	0.0	0.0	0.0	-90.0	0.145145	-0.016165	0.146042	-6.355014	0.0	0.001003	0.001003	90.0	0.145145	-0.016165	0.146042	-6.355014	337040.43394
97.0	1.0	0.0	0.0	0.0	-90.0	0.14515	-0.016255	0.146058	-6.389879	0.0	0.001522	0.001522	90.0	0.14515	-0.016255	0.146058	-6.389879	337038.994311
98.0	1.0	0.0	0.0	0.0	-90.0	0.144949	-0.016287	0.145862	-6.41123	0.0	0.001403	0.001403	90.0	0.144949	-0.016287	0.145862	-6.41123	337037.544729
99.0	1.0	0.0	0.0	0.0	-90.0	0.144845	-0.015857	0.145711	-6.247665	0.0	0.00125	0.00125	90.0	0.144845	-0.015857	0.145711	-6.247665	337036.112423
100.0	1.0	0.0	0.0	0.0	-90.0	0.144689	-0.015919	0.145562	-6.278507	0.0	0.001464	0.001464	90.0	0.144689	-0.015919	0.145562	-6.278507	337034.663386
101.0	1.0	0.0	0.0	0.0	-90.0	0.144568	-0.015846	0.145433	-6.255035	0.0	0.000937	0.000937	90.0	0.144568	-0.015846	0.145433	-6.255035	337033.217677
102.0	1.0	0.0	0.0	0.0	-90.0	0.144534	-0.016001	0.145417	-6.317491	0.0	0.001647	0.001647	90.0	0.144534	-0.016001	0.145417	-6.317491	337031.778154
103.0	1.0	0.0	0.0	0.0	-90.0	0.144382	-0.015876	0.145252	-6.274988	0.0	0.001317	0.001317	90.0	0.144382	-0.015876	0.145252	-6.274988	337030.371675
104.0	1.0	0.0	0.0	0.0	-90.0	0.144046	-0.015778	0.144907	-6.251019	0.0	0.001215	0.001215	90.0	0.144046	-0.015778	0.144907	-6.251019	337028.942384
105.0	1.0	0.0	0.0	0.0	-90.0	0.143958	-0.015739	0.144816	-6.239454	0.0	0.0012	0.0012	90.0	0.143958	-0.015739	0.144816	-6.239453	337027.496154
106.0	1.0	0.0	0.0	0.0	-90.0	0.143933	-0.01573	0.14479	-6.236794	0.0	0.001197	0.001197	90.0	0.143944	-0.015729	0.144801	-6.235992	337026.064799
107.0	1.0	0.0	0.0	0.0	-90.0	0.14375	-0.015649	0.144599	-6.212762	0.0	0.001198	0.001198	90.0	0.143758	-0.01565	0.144607	-6.212895	337024.629076
108.0	1.0	0.0	0.0	0.0	-90.0	0.143623	-0.015573	0.144465	-6.188268	0.0	0.001121	0.001121	90.0	0.143624	-0.015566	0.144465	-6.185468	337023.183739
109.0	1.0	0.0	0.0	0.0	-90.0	0.143501	-0.015515	0.144337	-6.170793	0.0	0.001188	0.001188	90.0	0.143501	-0.015515	0.144337	-6.170793	337021.75998
110.0	1.0	0.0	0.0	0.0	-90.0	0.143422	-0.015432	0.14425	-6.14151	0.0	0.00118	0.00118	90.0	0.143422	-0.015432	0.14425	-6.14151	337020.313175
111.0	1.0	0.0	0.0	0.0	-90.0	0.143244	-0.015398	0.144069	-6.135441	0.0	0.001216	0.001216	90.0	0.143244	-0.015398	0.144069	-6.135441	337018.872305
112.0	1.0	0.0	0.0	0.0	-90.0	0.14318	-0.015345	0.144	-6.117261	0.0	0.001233	0.001233	90.0	0.14318	-0.015345	0.144	-6.117261	337017.417867
113.0	1.0	0.0	0.0	0.0	-90.0	0.142986	-0.015263	0.143798	-6.092805	0.0	0.001172	0.001172	90.0	0.142986	-0.015263	0.143798	-6.092805	337016.002542
114.0	1.0	0.0	0.0	0.0	-90.0	0.142893	-0.01518	0.143697	-6.063786	0.0	0.001164	0.001164	90.0	0.142893	-0.01518	0.143697	-6.063786	337014.5235
115.0	1.0	0.0	0.0	0.0	-90.0	0.142852	-0.015162	0.143654	-6.058596	0.0	0.001177	0.001177	90.0	0.142852	-0.015162	0.143654	-6.058596	337013.080555
116.0	1.0	0.0	0.0	0.0	-90.0	0.142693	-0.015057	0.143485	-6.023695	0.0	0.001235	0.001235	90.0	0.142693	-0.015057	0.143485	-6.023695	337011.627046
117.0	1.0	0.0	0.0	0.0	-90.0	0.142554	-0.015078	0.143349	-6.037766	0.0	0.00118	0.00118	90.0	0.142554	-0.015078	0.143349	-6.037766	337010.134648
118.0	1.0	0.0	0.0	0.0	-90.0	0.142482	-0.014979	0.143268	-6.001427	0.0	0.001167	0.001167	90.0	0.142482	-0.014979	0.143268	-6.001427	337008.702595
119.0	1.0	0.0	0.0	0.0	-90.0	0.142332	-0.01494	0.143114	-5.992048	0.0	0.0012	0.0012	90.0	0.142332	-0.01494	0.143114	-5.992048	337007.282019
120.0	1.0	0.0	0.0	0.0	-90.0	0.142266	-0.0149	0.143044	-5.978969	0.0	0.001166	0.001166	90.0	0.142266	-0.0149	0.143044	-5.978969	337005.859184
121.0	1.0	0.0	0.0	0.0	-90.0	0.142074	-0.014817	0.142845	-5.953722	0.0	0.001159	0.001159	90.0	0.142074	-0.014817	0.142845	-5.953722	337004.421713
122.0	1.0	0.0	0.0	0.0	-90.0	0.142044	-0.01472	0.142805	-5.916591	0.0	0.001151	0.001151	90.0	0.142044	-0.01472	0.142805	-5.916591	337002.987439
123.0	1.0	0.0	0.0	0.0	-90.0	0.141893	-0.01466	0.142648	-5.898662	0.0	0.001161	0.001161	90.0	0.141893	-0.01466	0.142648	-5.898662	337001.522135
124.0	1.0	0.0	0.0	0.0	-90.0	0.141831	-0.014715	0.142593	-5.923052	0.0	0.001151	0.001151	90.0	0.141831	-0.014715	0.142593	-5.923052	337000.111315
125.0	1.0	0.0	0.0	0.0	-90.0	0.141704	-0.01457	0.142451	-5.870675	0.0	0.001157	0.001157	90.0	0.141704	-0.01457	0.142451	-5.870675	336998.667172
126.0	1.0	0.0	0.0	0.0	-90.0	0.141607	-0.014566	0.142354	-5.872994	0.0	0.001117	0.001117	90.0	0.141607	-0.014566	0.142354	-5.872724	336997.226413
127.0	1.0	0.0	0.0	0.0	-90.0	0.141487	-0.014423	0.142221	-5.820668	0.0	0.001098	0.001098	90.0	0.141487	-0.014423	0.142221	-5.820668	336995.787014
128.0	1.0	0.0	0.0	0.0	-90.0	0.141404	-0.01441	0.142137	-5.818699	0.0	0.001126	0.001126	90.0	0.141404	-0.01441	0.142137	-5.818698	336994.292072
129.0	1.0	0.0	0.0	0.0	-90.0	0.141274	-0.014358	0.142002	-5.803358	0.0	0.001129	0.001129	90.0	0.141274	-0.014358	0.142002	-5.803358	336992.864916
130.0	1.0	0.0	0.0	0.0	-90.0	0.141149	-0.014264	0.141867	-5.770576	0.0	0.001073	0.001073	90.0	0.141149	-0.014264	0.141867	-5.770576	336991.451781
131.0	1.0	0.0	0.0	0.0	-90.0	0.141094	-0.014244	0.141811	-5.76479	0.0	0.00109	0.00109	90.0	0.141094	-0.014244	0.141811	-5.76479	336990.014188
132.0	1.0	0.0	0.0	0.0	-90.0	0.14097	-0.014162	0.14168	-5.736576	0.0	0.001077	0.001077	90.0	0.14097	-0.014162	0.14168	-5.736576	336988.600411
133.0	1.0	0.0	0.0	0.0	-90.0	0.140921	-0.01407	0.141621	-5.701697	0.0	0.001082	0.001082	90.0	0.140921	-0.01407	0.141621	-5.701697	336987.162167
134.0	1.0	0.0	0.0	0.0	-90.0	0.140815	-0.014041	0.141513	-5.694435	0.0	0.001088	0.001088	90.0	0.140815	-0.014041	0.141513	-5.694435	336985.692348
135.0	1.0	0.0	0.0	0.0	-90.0	0.140748	-0.013959	0.141438	-5.6639	0.0	0.001129	0.001129	90.0	0.140748	-0.013959	0.141438	-5.6639	336984.244302
136.0	1.0	0.0	0.0	0.0	-90.0	0.140623	-0.013864	0.141305	-5.630563	0.0	0.001088	0.001088	90.0	0.140628	-0.013863	0.141309	-5.630002	336982.785649
137.0	1.0	0.0	0.0	0.0	-90.0	0.140553	-0.01382	0.141231	-5.615694	0.0	0.00114	0.00114	90.0	0.140553	-0.01382	0.141231	-5.615694	336981.35341
138.0	1.0	0.0	0.0	0.0	-90.0	0.140415	-0.01377	0.141089	-5.600933	0.0	0.00107	0.00107	90.0	0.140415	-0.01377	0.141089	-5.600933	336979.895735
139.0	1.0	0.0	0.0	0.0	-90.0	0.140335	-0.013651	0.140997	-5.555943	0.0	0.001048	0.001048	90.0	0.140335	-0.013651	0.140997	-5.555943	336978.448484
140.0	1.0	0.0	0.0	0.0	-90.0	0.140199	-0.013554	0.140853	-5.522167	0.0	0.001077	0.001077	90.0	0.140199	-0.013554	0.140853	-5.522167	336977.015159
141.0	1.0	0.0	0.0	0.0	-90.0	0.140232	-0.013594	0.14089	-5.536879	0.0	0.001112	0.001112	90.0	0.140232	-0.013594	0.14089	-5.53688	336975.543426
142.0	1.0	0.0	0.0	0.0	-90.0	0.140039	-0.013369	0.140676	-5.453303	0.0	0.001088	0.001088	90.0	0.140039	-0.013369	0.140676	-5.453303	336974.108483
143.0	1.0	0.0	0.0	0.0	-90.0	0.140174	-0.013537	0.140826	-5.516126	0.0	0.001053	0.001053	90.0	0.140174	-0.013537	0.140826	-5.516125	336972.659512
144.0	1.0	0.0	0.0	0.0	-90.0	0.140111	-0.013078	0.14072	-5.332408	0.0	0.001007	0.001007	90.0	0.140111	-0.013078	0.14072	-5.332408	336971.235135
145.0	1.0	0.0	0.0	0.0	-90.0	0.139891	-0.013845	0.140575	-5.651948	0.0	0.001015	0.001015	90.0	0.139891	-0.013845	0.140575	-5.651948	336969.803634
146.0	1.0	0.0	0.0	0.0	-90.0	0.139408	-0.013967	0.140106	-5.721218	0.0	0.001025	0.001025	90.0	0.139408	-0.013967	0.140106	-5.721218	336968.337703
147.0	1.0	0.0	0.0	0.0	-90.0	0.140131	-0.01229	0.140669	-5.012254	0.0	0.001047	0.001047	90.0	0.140131	-0.01229	0.140669	-5.012254	336966.896303
148.0	1.0	0.0	0.0	0.0	-90.0	0.140751	-0.012764	0.141329	-5.181751	0.0	0.001033	0.001033	90.0	0.140751	-0.012764	0.141329	-5.181751	336965.439593
149.0	1.0	0.0	0.0	0.0	-90.0	0.138282	-0.012263	0.138825	-5.067881	0.0	0.001076	0.001076	90.0	0.138282	-0.012263	0.138825	-5.067881	336963.994879
150.0	1.0	0.0	0.0	0.0	-90.0	0.13984	-0.011532	0.140315	-4.714185	0.0	0.001043	0.001043	90.0	0.13984	-0.011532	0.140315	-4.714185	336962.565731
151.0	1.0	0.0	0.0	0.0	-90.0	0.137882	-0.012936	0.138487	-5.359617	0.0	0.001075	0.001075	90.0	0.137882	-0.012936	0.138487	-5.359618	336961.058778
152.0	1.0	0.0	0.0	0.0	-90.0	0.139596	-0.011642	0.140081	-4.767465	0.0	0.001009	0.001009	90.0	0.139596	-0.011642	0.140081	-4.767465	336959.60267
153.0	1.0	0.0	0.0	0.0	-90.0	0.138813	-0.011822	0.139315	-4.867824	0.0	0.001052	0.001052	90.0	0.138813	-0.011822	0.139315	-4.867824	336958.143645
154.0	1.0	0.0	0.0	0.0	-90.0	0.139565	-0.013308	0.140198	-5.446934	0.0	0.000998	0.000998	90.0	0.139565	-0.013308	0.140198	-5.446935	336956.706149
155.0	1.0	0.0	0.0	0.0	-90.0	0.139401	-0.012991	0.140005	-5.324151	0.0	0.000984	0.000984	90.0	0.139469	-0.012943	0.140068	-5.302004	336955.245692
156.0	1.0	0.0	0.0	0.0	-90.0	0.138963	-0.012221	0.139499	-5.025956	0.0	0.000997	0.000997	90.0	0.138901	-0.012192	0.139435	-5.016409	336953.803239
157.0	1.0	0.0	0.0	0.0	-90.0	0.139	-0.012372	0.139549	-5.086427	0.0	0.001043	0.001043	90.0	0.138977	-0.012323	0.139522	-5.06719	336952.355866
158.0	1.0	0.0	0.0	0.0	-90.0	0.138643	-0.012354	0.139192	-5.091827	0.0	0.001014	0.001014	90.0	0.138643	-0.012354	0.139192	-5.091827	336950.911321
159.0	1.0	0.0	0.0	0.0	-90.0	0.138616	-0.012232	0.139155	-5.04283	0.0	0.000999	0.000999	90.0	0.138616	-0.012232	0.139155	-5.04283	336949.467941
160.0	1.0	0.0	0.0	0.0	-90.0	0.138545	-0.012299	0.13909	-5.07303	0.0	0.000988	0.000988	90.0	0.138545	-0.012299	0.13909	-5.07303	336948.037435
161.0	1.0	0.0	0.0	0.0	-90.0	0.13857	-0.012244	0.13911	-5.04944	0.0	0.001035	0.001035	90.0	0.13857	-0.012244	0.13911	-5.04944	336946.559451
162.0	1.0	0.0	0.0	0.0	-90.0	0.138452	-0.012161	0.138985	-5.019699	0.0	0.00103	0.00103	90.0	0.138452	-0.012161	0.138985	-5.019699	336945.113187
163.0	1.0	0.0	0.0	0.0	-90.0	0.138364	-0.012096	0.138892	-4.996119	0.0	0.001008	0.001008	90.0	0.138364	-0.012096	0.138892	-4.996119	336943.678674
164.0	1.0	0.0	0.0	0.0	-90.0	0.13832	-0.012035	0.138842	-4.972749	0.0	0.001015	0.001015	90.0	0.13832	-0.012035	0.138842	-4.972749	336942.250805
165.0	1.0	0.0	0.0	0.0	-90.0	0.13823	-0.011972	0.138748	-4.949839	0.0	0.001062	0.001062	90.0	0.13823	-0.011972	0.138748	-4.949839	336940.765381
166.0	1.0	0.0	0.0	0.0	-90.0	0.138158	-0.011916	0.138671	-4.929361	0.0	0.00099	0.00099	90.0	0.138158	-0.011916	0.138671	-4.929361	336939.313888
167.0	1.0	0.0	0.0	0.0	-90.0	0.138038	-0.011833	0.138545	-4.899572	0.0	0.000977	0.000977	90.0	0.138038	-0.011833	0.138545	-4.899572	336937.895296
168.0	1.0	0.0	0.0	0.0	-90.0	0.138004	-0.011734	0.138501	-4.859992	0.0	0.000984	0.000984	90.0	0.138004	-0.011734	0.138501	-4.859993	336936.452247
169.0	1.0	0.0	0.0	0.0	-90.0	0.137971	-0.011713	0.138467	-4.852604	0.0	0.00102	0.00102	90.0	0.137965	-0.01172	0.138462	-4.855752	336934.997896
170.0	1.0	0.0	0.0	0.0	-90.0	0.137917	-0.011675	0.13841	-4.838901	0.0	0.001064	0.001064	90.0	0.137916	-0.011678	0.13841	-4.839924	336933.563394
171.0	1.0	0.0	0.0	0.0	-90.0	0.137802	-0.011518	0.138283	-4.777967	0.0	0.001077	0.001077	90.0	0.137806	-0.011515	0.138286	-4.776602	336932.107629
172.0	1.0	0.0	0.0	0.0	-90.0	0.1377	-0.011505	0.13818	-4.775934	0.0	0.001022	0.001022	90.0	0.1377	-0.011505	0.13818	-4.775934	336930.644356
173.0	1.0	0.0	0.0	0.0	-90.0	0.137693	-0.011419	0.138166	-4.740763	0.0	0.001002	0.001002	90.0	0.137693	-0.011419	0.138166	-4.740763	336929.198957
174.0	1.0	0.0	0.0	0.0	-90.0	0.137616	-0.011325	0.138081	-4.704518	0.0	0.00101	0.00101	90.0	0.137619	-0.011323	0.138084	-4.703503	336927.773611
175.0	1.0	0.0	0.0	0.0	-90.0	0.137562	-0.011213	0.138019	-4.660018	0.0	0.001188	0.001188	90.0	0.137562	-0.011213	0.138019	-4.660018	336926.318148
176.0	1.0	0.0	0.0	0.0	-90.0	0.137519	-0.011203	0.137975	-4.657139	0.0	0.001034	0.001034	90.0	0.137519	-0.011203	0.137975	-4.657139	336924.8476
177.0	1.0	0.0	0.0	0.0	-90.0	0.137441	-0.011073	0.137886	-4.606252	0.0	0.001075	0.001075	90.0	0.137441	-0.011073	0.137886	-4.606252	336923.425285
178.0	1.0	0.0	0.0	0.0	-90.0	0.137329	-0.011017	0.13777	-4.586538	0.0	0.000856	0.000856	90.0	0.137329	-0.011017	0.13777	-4.586538	336921.957962
179.0	1.0	0.0	0.0	0.0	-90.0	0.137229	-0.010948	0.137665	-4.561218	0.0	0.000917	0.000917	90.0	0.137229	-0.010948	0.137665	-4.561217	336920.521809
180.0	1.0	0.0	0.0	0.0	-90.0	0.137186	-0.01091	0.137619	-4.546787	0.0	0.000426	0.000426	90.0	0.137186	-0.01091	0.137619	-4.546787	336919.078722
181.0	1.0	0.0	0.0	0.0	-90.0	0.137159	-0.01083	0.137586	-4.514592	0.0	0.012037	0.012037	90.0	0.137159	-0.01083	0.137586	-4.514592	336917.650949
182.0	1.0	0.0	0.0	0.0	-90.0	0.137066	-0.010729	0.137486	-4.475603	0.0	0.000296	0.000296	90.0	0.137066	-0.010729	0.137486	-4.475603	336916.205
183.0	1.0	0.0	0.0	0.0	-90.0	0.136959	-0.010622	0.13737	-4.434759	0.0	0.001723	0.001723	90.0	0.136958	-0.010622	0.137369	-4.434645	336914.754172
184.0	1.0	0.0	0.0	0.0	-90.0	0.136904	-0.010535	0.137309	-4.40048	0.0	0.000997	0.000997	90.0	0.136904	-0.010535	0.137309	-4.40048	336913.307575
185.0	1.0	0.0	0.0	0.0	-90.0	0.136803	-0.010453	0.137202	-4.369635	0.0	0.001176	0.001176	90.0	0.136803	-0.010453	0.137202	-4.369635	336911.781302
186.0	1.0	0.0	0.0	0.0	-90.0	0.136779	-0.010408	0.137174	-4.351277	0.0	0.001054	0.001054	90.0	0.136779	-0.010408	0.137174	-4.351277	336910.34496
187.0	1.0	0.0	0.0	0.0	-90.0	0.136695	-0.010312	0.137084	-4.314171	0.0	0.001024	0.001024	90.0	0.136695	-0.010312	0.137084	-4.314171	336908.919714
188.0	1.0	0.0	0.0	0.0	-90.0	0.136634	-0.01019	0.137014	-4.265324	0.0	0.000986	0.000986	90.0	0.136634	-0.01019	0.137014	-4.265324	336907.472073
189.0	1.0	0.0	0.0	0.0	-90.0	0.136552	-0.01009	0.136924	-4.225876	0.0	0.001058	0.001058	90.0	0.136552	-0.01009	0.136924	-4.225876	336906.030134
190.0	1.0	0.0	0.0	0.0	-90.0	0.136497	-0.00999	0.136862	-4.185901	0.0	0.001054	0.001054	90.0	0.136497	-0.00999	0.136862	-4.1859	336904.590974
191.0	1.0	0.0	0.0	0.0	-90.0	0.136409	-0.009933	0.13677	-4.164953	0.0	0.001297	0.001297	90.0	0.136409	-0.009933	0.13677	-4.164953	336903.144925
192.0	1.0	0.0	0.0	0.0	-90.0	0.136333	-0.009791	0.136685	-4.107905	0.0	0.001264	0.001264	90.0	0.136333	-0.009791	0.136685	-4.107905	336901.700633
193.0	1.0	0.0	0.0	0.0	-90.0	0.136252	-0.00971	0.136598	-4.076381	0.0	0.001377	0.001377	90.0	0.136252	-0.00971	0.136598	-4.076381	336900.268072
194.0	1.0	0.0	0.0	0.0	-90.0	0.136177	-0.009554	0.136511	-4.013284	0.0	0.000964	0.000964	90.0	0.136174	-0.009557	0.136509	-4.014547	336898.806984
195.0	1.0	0.0	0.0	0.0	-90.0	0.136035	-0.009373	0.136357	-3.941451	0.0	0.000718	0.000718	90.0	0.136035	-0.009373	0.136357	-3.941451	336897.390028
196.0	1.0	0.0	0.0	0.0	-90.0	0.135933	-0.009296	0.136251	-3.911973	0.0	0.000949	0.000949	90.0	0.135933	-0.009296	0.136251	-3.911973	336895.953106
197.0	1.0	0.0	0.0	0.0	-90.0	0.136	-0.009088	0.136304	-3.823024	0.0	0.000909	0.000909	90.0	0.136002	-0.009097	0.136305	-3.826692	336894.526991
198.0	1.0	0.0	0.0	0.0	-90.0	0.135779	-0.008913	0.136071	-3.755666	0.0	0.000401	0.000401	90.0	0.135779	-0.008913	0.136071	-3.755666	336893.038736
199.0	1.0	0.0	0.0	0.0	-90.0	0.135775	-0.008585	0.136046	-3.618069	0.0	0.000573	0.000573	90.0	0.135775	-0.008585	0.136046	-3.618069	336891.593771
200.0	1.0	0.0	0.0	0.0	-90.0	0.13709349999999998	-0.011169	0.137568	-4.646921	0.0	0.002207	0.002207	90.0	0.137093	-0.011169	0.1375675	-4.6469395	339692.05090100004
250.0	1.0	0.0	0.0	0.0	-90.0	0.137563	-0.013654	0.138239	-5.668483	0.0	0.003912	0.003912	90.0	0.137563	-0.013654	0.138239	-5.668482	342492.595436
300.0	1.0	0.0	0.0	0.0	-90.0	0.135163	-0.011318	0.135636	-4.786733	0.0	0.003913	0.003913	90.0	0.135164	-0.011319	0.135637	-4.786958	342491.143854
350.0	1.0	0.0	0.0	0.0	-90.0	0.133631	-0.011513	0.134126	-4.924279	0.0	0.003895	0.003895	90.0	0.133631	-0.011513	0.134126	-4.924279	342489.711014
400.0	1.0	0.0	0.0	0.0	-90.0	0.133581	-0.0099	0.133948	-4.238717	0.0	0.003971	0.003971	90.0	0.133581	-0.0099	0.133948	-4.238717	342488.261071
450.0	1.0	0.0	0.0	0.0	-90.0	0.133346	-0.009855	0.13371	-4.226849	0.0	0.003906	0.003906	90.0	0.133346	-0.009855	0.13371	-4.226849	342486.832709
500.0	1.0	0.0	0.0	0.0	-90.0	0.132511	-0.008891	0.132809	-3.838626	0.0	0.003961	0.003961	90.0	0.132511	-0.008891	0.132809	-3.838626	342485.374973
550.0	1.0	0.0	0.0	0.0	-90.0	0.13209	-0.008388	0.132357	-3.633706	0.0	0.003978	0.003978	90.0	0.13209	-0.008388	0.132357	-3.633706	342483.924644
600.0	1.0	0.0	0.0	0.0	-90.0	0.13171	-0.008139	0.131962	-3.536194	0.0	0.003986	0.003986	90.0	0.13171	-0.008139	0.131962	-3.536194	342482.490374
650.0	1.0	0.0	0.0	0.0	-90.0	0.13132	-0.008096	0.131569	-3.527935	0.0	0.003986	0.003986	90.0	0.13132	-0.008096	0.131569	-3.527935	342481.047403
700.0	1.0	0.0	0.0	0.0	-90.0	0.130975	-0.007643	0.131198	-3.339871	0.0	0.004074	0.004074	90.0	0.130975	-0.007643	0.131198	-3.339871	342479.601304
750.0	1.0	0.0	0.0	0.0	-90.0	0.130809	-0.007602	0.13103	-3.325983	0.0	0.004051	0.004051	90.0	0.130809	-0.007602	0.13103	-3.325983	342478.177661
800.0	1.0	0.0	0.0	0.0	-90.0	0.130558	-0.007167	0.130755	-3.142172	0.0	0.004139	0.004139	90.0	0.130559	-0.007166	0.130755	-3.14184	342476.707314
850.0	1.0	0.0	0.0	0.0	-90.0	0.130268	-0.006814	0.130446	-2.994447	0.0	0.003904	0.003904	90.0	0.130268	-0.006814	0.130446	-2.994447	342475.290508
900.0	1.0	0.0	0.0	0.0	-90.0	0.130051	-0.006782	0.130227	-2.985267	0.0	0.003949	0.003949	90.0	0.130051	-0.006782	0.130227	-2.985267	342473.836441
950.0	1.0	0.0	0.0	0.0	-90.0	0.129902	-0.006555	0.130067	-2.888791	0.0	0.004139	0.004139	90.0	0.129902	-0.006555	0.130067	-2.888791	342472.374348
1000.0	1.0	0.0	0.0	0.0	-90.0	0.129794	-0.006432	0.129954	-2.836768	0.0	0.00413	0.00413	90.0	0.129794	-0.006432	0.129954	-2.836768	342470.952671
1050.0	1.0	0.0	0.0	0.0	-90.0	0.129572	-0.006238	0.129722	-2.756215	0.0	0.004149	0.004149	90.0	0.129572	-0.006238	0.129722	-2.756215	342469.487257
1100.0	1.0	0.0	0.0	0.0	-90.0	0.129478	-0.006167	0.129625	-2.726765	0.0	0.004123	0.004123	90.0	0.129478	-0.006167	0.129625	-2.726765	342468.047294
1150.0	1.0	0.0	0.0	0.0	-90.0	0.129284	-0.006101	0.129428	-2.701727	0.0	0.004147	0.004147	90.0	0.129284	-0.006101	0.129428	-2.701727	342466.603489
1200.0	1.0	0.0	0.0	0.0	-90.0	0.129164	-0.005913	0.1293	-2.621234	0.0	0.004261	0.004261	90.0	0.129164	-0.005913	0.1293	-2.621234	342465.140773
1250.0	1.0	0.0	0.0	0.0	-90.0	0.129122	-0.005854	0.129254	-2.596061	0.0	0.004241	0.004241	90.0	0.129122	-0.005854	0.129254	-2.596061	342463.668416
1300.0	1.0	0.0	0.0	0.0	-90.0	0.128988	-0.005673	0.129112	-2.518499	0.0	0.004231	0.004231	90.0	0.128988	-0.005673	0.129112	-2.518499	342462.234609
1350.0	1.0	0.0	0.0	0.0	-90.0	0.128829	-0.005662	0.128954	-2.516674	0.0	0.00428	0.00428	90.0	0.12883	-0.005664	0.128954	-2.51739	342460.771563
1400.0	1.0	0.0	0.0	0.0	-90.0	0.128803	-0.005529	0.128921	-2.458092	0.0	0.004278	0.004278	90.0	0.128804	-0.005529	0.128922	-2.457808	342459.349284
1450.0	1.0	0.0	0.0	0.0	-90.0	0.128678	-0.005486	0.128795	-2.44145	0.0	0.004306	0.004306	90.0	0.128678	-0.005486	0.128795	-2.44145	342457.909247
1500.0	1.0	0.0	0.0	0.0	-90.0	0.128634	-0.005376	0.128746	-2.393007	0.0	0.004382	0.004382	90.0	0.128634	-0.005376	0.128746	-2.393007	342456.450284
1550.0	1.0	0.0	0.0	0.0	-90.0	0.128496	-0.005312	0.128606	-2.367258	0.0	0.004362	0.004362	90.0	0.128496	-0.005312	0.128606	-2.367258	342455.003224
1600.0	1.0	0.0	0.0	0.0	-90.0	0.128486	-0.005235	0.128593	-2.333124	0.0	0.004417	0.004417	90.0	0.128486	-0.005235	0.128593	-2.333123	342453.507033
1650.0	1.0	0.0	0.0	0.0	-90.0	0.128395	-0.005134	0.128498	-2.289622	0.0	0.004418	0.004418	90.0	0.128395	-0.005134	0.128498	-2.289621	342452.096822
1700.0	1.0	0.0	0.0	0.0	-90.0	0.128325	-0.005095	0.128426	-2.273592	0.0	0.004432	0.004432	90.0	0.128325	-0.005095	0.128426	-2.273592	342450.60637
1750.0	1.0	0.0	0.0	0.0	-90.0	0.12824	-0.005055	0.128339	-2.257427	0.0	0.004443	0.004443	90.0	0.12824	-0.005055	0.128339	-2.257427	342449.154546
1800.0	1.0	0.0	0.0	0.0	-90.0	0.128173	-0.004984	0.128269	-2.226687	0.0	0.004426	0.004426	90.0	0.128173	-0.004983	0.12827	-2.226384	342447.712799
1850.0	1.0	0.0	0.0	0.0	-90.0	0.128109	-0.004915	0.128204	-2.197215	0.0	0.004484	0.004484	90.0	0.128109	-0.004915	0.128204	-2.197215	342446.291188
1900.0	1.0	0.0	0.0	0.0	-90.0	0.128048	-0.004877	0.128141	-2.181021	0.0	0.004472	0.004472	90.0	0.128048	-0.004877	0.128141	-2.181021	342444.849536
1950.0	1.0	0.0	0.0	0.0	-90.0	0.128009	-0.004854	0.128101	-2.171666	0.0	0.004534	0.004534	90.0	0.128009	-0.004854	0.128101	-2.171666	342443.397104
2000.0	1.0	0.0	0.0	0.0	-90.0	0.127934	-0.004793	0.128023	-2.145591	0.0	0.004583	0.004583	90.0	0.127934	-0.004793	0.128023	-2.145591	342441.942698
2050.0	1.0	0.0	0.0	0.0	-90.0	0.127885	-0.004731	0.127972	-2.11872	0.0	0.004614	0.004614	90.0	0.127885	-0.004731	0.127972	-2.11872	342440.499333
2100.0	1.0	0.0	0.0	0.0	-90.0	0.127821	-0.004705	0.127907	-2.107886	0.0	0.004673	0.004673	90.0	0.127821	-0.004705	0.127907	-2.107887	342439.053909
2150.0	1.0	0.0	0.0	0.0	-90.0	0.12777	-0.004653	0.127855	-2.085464	0.0	0.004649	0.004649	90.0	0.12777	-0.004653	0.127855	-2.085464	342437.594828
2200.0	1.0	0.0	0.0	0.0	-90.0	0.127714	-0.004622	0.127798	-2.072763	0.0	0.004694	0.004694	90.0	0.127714	-0.004622	0.127798	-2.072763	342436.157805
2250.0	1.0	0.0	0.0	0.0	-90.0	0.12769	-0.004569	0.127772	-2.049415	0.0	0.004708	0.004708	90.0	0.12769	-0.004569	0.127772	-2.049415	342434.718877
2300.0	1.0	0.0	0.0	0.0	-90.0	0.127643	-0.004553	0.127724	-2.043032	0.0	0.004748	0.004748	90.0	0.127643	-0.004553	0.127724	-2.043011	342433.28236
2350.0	1.0	0.0	0.0	0.0	-90.0	0.127577	-0.004524	0.127657	-2.030904	0.0	0.004808	0.004808	90.0	0.127577	-0.004524	0.127657	-2.030904	342431.854603
2400.0	1.0	0.0	0.0	0.0	-90.0	0.12755	-0.00448	0.127629	-2.011647	0.0	0.004836	0.004836	90.0	0.12755	-0.00448	0.127629	-2.011647	342430.40469
2450.0	1.0	0.0	0.0	0.0	-90.0	0.1275	-0.004459	0.127578	-2.002958	0.0	0.004845	0.004845	90.0	0.1275	-0.004459	0.127578	-2.002958	342428.956368
2500.0	1.0	0.0	0.0	0.0	-90.0	0.127465	-0.004419	0.127542	-1.985353	0.0	0.004876	0.004876	90.0	0.127465	-0.004419	0.127542	-1.985352	342427.455406
2550.0	1.0	0.0	0.0	0.0	-90.0	0.127431	-0.004397	0.127507	-1.976088	0.0	0.004904	0.004904	90.0	0.127431	-0.004397	0.127507	-1.976088	342426.014649
2600.0	1.0	0.0	0.0	0.0	-90.0	0.127388	-0.004367	0.127462	-1.963462	0.0	0.005004	0.005004	90.0	0.127388	-0.004367	0.127462	-1.963462	342424.595208
2650.0	1.0	0.0	0.0	0.0	-90.0	0.127349	-0.004339	0.127423	-1.951252	0.0	0.005005	0.005005	90.0	0.127349	-0.004339	0.127422	-1.951629	342423.129536
2700.0	1.0	0.0	0.0	0.0	-90.0	0.127323	-0.00432	0.127396	-1.943427	0.0	0.005026	0.005026	90.0	0.127323	-0.00432	0.127396	-1.943427	342421.718096
2750.0	1.0	0.0	0.0	0.0	-90.0	0.127291	-0.004286	0.127363	-1.928457	0.0	0.005063	0.005063	90.0	0.127291	-0.004286	0.127363	-1.928457	342420.270402
2800.0	1.0	0.0	0.0	0.0	-90.0	0.12725	-0.004268	0.127322	-1.921037	0.0	0.005071	0.005071	90.0	0.12725	-0.004268	0.127322	-1.921037	342418.818104
2850.0	1.0	0.0	0.0	0.0	-90.0	0.127211	-0.004247	0.127282	-1.911978	0.0	0.0051	0.0051	90.0	0.127211	-0.004247	0.127281	-1.912067	342417.404646
2900.0	1.0	0.0	0.0	0.0	-90.0	0.127175	-0.004227	0.127245	-1.903508	0.0	0.005145	0.005145	90.0	0.127175	-0.004227	0.127245	-1.903508	342415.952765
2950.0	1.0	0.0	0.0	0.0	-90.0	0.127146	-0.004207	0.127215	-1.895291	0.0	0.005224	0.005224	90.0	0.127146	-0.004207	0.127215	-1.895291	342414.50964
3000.0	1.0	0.0	0.0	0.0	-90.0	0.127108	-0.004182	0.127177	-1.884498	0.0	0.005271	0.005271	90.0	0.127108	-0.004182	0.127177	-1.884498	342413.075688
3050.0	1.0	0.0	0.0	0.0	-90.0	0.127061	-0.004168	0.127129	-1.879002	0.0	0.00532	0.00532	90.0	0.12706	-0.00417	0.127129	-1.879873	342411.633313
3100.0	1.0	0.0	0.0	0.0	-90.0	0.127038	-0.004146	0.127106	-1.86908	0.0	0.005366	0.005366	90.0	0.127038	-0.004146	0.127106	-1.869079	342410.175984
3150.0	1.0	0.0	0.0	0.0	-90.0	0.126993	-0.004122	0.12706	-1.858957	0.0	0.005372	0.005372	90.0	0.126993	-0.004122	0.12706	-1.858957	342408.734083
3200.0	1.0	0.0	0.0	0.0	-90.0	0.126972	-0.004112	0.127038	-1.854805	0.0	0.005466	0.005466	90.0	0.126972	-0.004112	0.127038	-1.854805	342407.268255
3250.0	1.0	0.0	0.0	0.0	-90.0	0.126942	-0.004098	0.127008	-1.848942	0.0	0.005528	0.005528	90.0	0.126942	-0.004098	0.127008	-1.848942	342405.863422
3300.0	1.0	0.0	0.0	0.0	-90.0	0.126921	-0.004079	0.126987	-1.840586	0.0	0.005573	0.005573	90.0	0.126921	-0.004079	0.126987	-1.840585	342404.423053
3350.0	1.0	0.0	0.0	0.0	-90.0	0.126892	-0.004058	0.126957	-1.831689	0.0	0.005612	0.005612	90.0	0.126892	-0.004058	0.126957	-1.831689	342402.993192
3400.0	1.0	0.0	0.0	0.0	-90.0	0.12687	-0.004039	0.126934	-1.823446	0.0	0.005664	0.005664	90.0	0.12687	-0.004039	0.126934	-1.823446	342401.575783
3450.0	1.0	0.0	0.0	0.0	-90.0	0.126848	-0.004027	0.126911	-1.818255	0.0	0.005746	0.005746	90.0	0.126848	-0.004027	0.126911	-1.818255	342400.131097
3500.0	1.0	0.0	0.0	0.0	-90.0	0.126815	-0.004022	0.126879	-1.816768	0.0	0.005827	0.005827	90.0	0.126815	-0.004023	0.126879	-1.816846	342398.69617
3550.0	1.0	0.0	0.0	0.0	-90.0	0.126773	-0.003986	0.126835	-1.800773	0.0	0.00586	0.00586	90.0	0.126773	-0.003986	0.126835	-1.800773	342397.282058
3600.0	1.0	0.0	0.0	0.0	-90.0	0.126767	-0.003989	0.12683	-1.802512	0.0	0.0059	0.0059	90.0	0.126767	-0.003989	0.12683	-1.802512	342395.846947
3650.0	1.0	0.0	0.0	0.0	-90.0	0.126753	-0.003977	0.126816	-1.797069	0.0	0.005974	0.005974	90.0	0.126753	-0.003977	0.126816	-1.797069	342394.399942
3700.0	1.0	0.0	0.0	0.0	-90.0	0.126734	-0.003964	0.126796	-1.791429	0.0	0.006036	0.006036	90.0	0.126734	-0.003964	0.126796	-1.791386	342392.966345
3750.0	1.0	0.0	0.0	0.0	-90.0	0.126711	-0.003951	0.126772	-1.786181	0.0	0.006126	0.006126	90.0	0.126711	-0.003951	0.126772	-1.786181	342391.512542
3800.0	1.0	0.0	0.0	0.0	-90.0	0.126688	-0.003939	0.126749	-1.780836	0.0	0.006196	0.006196	90.0	0.126688	-0.003939	0.126749	-1.780836	342390.078033
3850.0	1.0	0.0	0.0	0.0	-90.0	0.126668	-0.00393	0.126729	-1.777176	0.0	0.006329	0.006329	90.0	0.126668	-0.00393	0.126729	-1.777176	342388.660031
3900.0	1.0	0.0	0.0	0.0	-90.0	0.12664	-0.003915	0.1267	-1.770595	0.0	0.006413	0.006413	90.0	0.12664	-0.003915	0.1267	-1.770596	342387.195938
3950.0	1.0	0.0	0.0	0.0	-90.0	0.126613	-0.003904	0.126674	-1.766095	0.0	0.006494	0.006494	90.0	0.126614	-0.003904	0.126674	-1.766082	342385.736354
4000.0	1.0	0.0	0.0	0.0	-90.0	0.126592	-0.003894	0.126652	-1.761944	0.0	0.006564	0.006564	90.0	0.126592	-0.003894	0.126652	-1.761993	342384.276046
4050.0	1.0	0.0	0.0	0.0	-90.0	0.126567	-0.003884	0.126627	-1.757784	0.0	0.006738	0.006738	90.0	0.126567	-0.003884	0.126627	-1.757784	342382.852688
4100.0	1.0	0.0	0.0	0.0	-90.0	0.126541	-0.003869	0.126601	-1.751285	0.0	0.006826	0.006826	90.0	0.126541	-0.003869	0.126601	-1.751285	342381.422247
4150.0	1.0	0.0	0.0	0.0	-90.0	0.126522	-0.003861	0.126581	-1.748014	0.0	0.006898	0.006898	90.0	0.126522	-0.003861	0.126581	-1.748014	342379.965469
4200.0	1.0	0.0	0.0	0.0	-90.0	0.126494	-0.003852	0.126552	-1.744392	0.0	0.007021	0.007021	90.0	0.126494	-0.003852	0.126552	-1.744392	342378.521156
4250.0	1.0	0.0	0.0	0.0	-90.0	0.126475	-0.003833	0.126533	-1.735984	0.0	0.007122	0.007122	90.0	0.126475	-0.003833	0.126533	-1.735984	342377.093295
4300.0	1.0	0.0	0.0	0.0	-90.0	0.126458	-0.003831	0.126516	-1.735205	0.0	0.007246	0.007246	90.0	0.126458	-0.003831	0.126516	-1.735194	342375.612844
4350.0	1.0	0.0	0.0	0.0	-90.0	0.126433	-0.00382	0.126491	-1.730654	0.0	0.007447	0.007447	90.0	0.126433	-0.00382	0.126491	-1.730654	342374.197823
4400.0	1.0	0.0	0.0	0.0	-90.0	0.126401	-0.003812	0.126458	-1.727217	0.0	0.007611	0.007611	90.0	0.126401	-0.003812	0.126458	-1.727217	342372.751279
4450.0	1.0	0.0	0.0	0.0	-90.0	0.126376	-0.003801	0.126433	-1.722598	0.0	0.007751	0.007751	90.0	0.126376	-0.003801	0.126433	-1.722585	342371.239627
4500.0	1.0	0.0	0.0	0.0	-90.0	0.126364	-0.003792	0.126421	-1.718741	0.0	0.008004	0.008004	90.0	0.126364	-0.003792	0.126421	-1.718741	342369.822435
4550.0	1.0	0.0	0.0	0.0	-90.0	0.126359	-0.003783	0.126415	-1.714622	0.0	0.008125	0.008125	90.0	0.126359	-0.003783	0.126415	-1.714622	342368.395947
4600.0	1.0	0.0	0.0	0.0	-90.0	0.126346	-0.003775	0.126402	-1.711184	0.0	0.008522	0.008522	90.0	0.126346	-0.003775	0.126402	-1.711184	342366.936184
4650.0	1.0	0.0	0.0	0.0	-90.0	0.126325	-0.003763	0.126381	-1.706261	0.0	0.008952	0.008952	90.0	0.126325	-0.003763	0.126381	-1.706261	342365.471193
4700.0	1.0	0.0	0.0	0.0	-90.0	0.126303	-0.003753	0.126359	-1.702112	0.0	0.009912	0.009912	90.0	0.126303	-0.003753	0.126359	-1.702112	342364.035263
4750.0	1.0	0.0	0.0	0.0	-90.0	0.126289	-0.003737	0.126344	-1.694884	0.0	0.008072	0.008072	90.0	0.126289	-0.003737	0.126344	-1.694884	342362.607825
4800.0	1.0	0.0	0.0	0.0	-90.0	0.126267	-0.00373	0.126322	-1.692037	0.0	0.004212	0.004212	90.0	0.126267	-0.00373	0.126322	-1.692037	342361.150798
4850.0	1.0	0.0	0.0	0.0	-90.0	0.126251	-0.003723	0.126305	-1.688995	0.0	-0.00035	0.00035	-90.0	0.126251	-0.003723	0.126305	-1.688995	342359.681793
4900.0	1.0	0.0	0.0	0.0	-90.0	0.126234	-0.003726	0.126289	-1.690647	0.0	0.012427	0.012427	90.0	0.126234	-0.003726	0.126289	-1.690647	342358.272893
4950.0	1.0	0.0	0.0	0.0	-90.0	0.126219	-0.003711	0.126273	-1.684006	0.0	0.00292	0.00292	90.0	0.126219	-0.003711	0.126273	-1.684006	342356.8382
5000.0	1.0	0.0	0.0	0.0	-90.0	0.126122	-0.0038244999999999998	0.1261805	-1.7368675	0.0	0.0057220000000000005	0.0057220000000000005	90.0	0.126122	-0.0038244999999999998	0.1261805	-1.7368825	343875.470897
10000.0	1.0	0.0	0.0	0.0	-90.0	0.124893	-0.003948	0.124956	-1.810729	0.0	0.003073	0.003073	90.0	0.124893	-0.003948	0.124956	-1.810768	345394.100952
15000.0	1.0	0.0	0.0	0.0	-90.0	0.124233	-0.004263	0.124306	-1.96526	0.0	0.003072	0.003072	90.0	0.124233	-0.004263	0.124306	-1.96526	345392.626727
20000.0	1.0	0.0	0.0	0.0	-90.0	0.12374	-0.004675	0.123828	-2.163513	0.0	0.003102	0.003102	90.0	0.12374	-0.004675	0.123828	-2.163513	345391.194663
25000.0	1.0	0.0	0.0	0.0	-90.0	0.123339	-0.0051	0.123444	-2.367822	0.0	0.00305	0.00305	90.0	0.123339	-0.0051	0.123444	-2.367822	345389.700667
30000.0	1.0	0.0	0.0	0.0	-90.0	0.123004	-0.005539	0.123128	-2.578239	0.0	0.003075	0.003075	90.0	0.123004	-0.005539	0.123128	-2.578239	345388.247393
35000.0	1.0	0.0	0.0	0.0	-90.0	0.122722	-0.005982	0.122868	-2.790412	0.0	0.003044	0.003044	90.0	0.122722	-0.005982	0.122868	-2.790412	345386.76296
40000.0	1.0	0.0	0.0	0.0	-90.0	0.122477	-0.006429	0.122646	-3.004838	0.0	0.00307	0.00307	90.0	0.122477	-0.006429	0.122646	-3.004838	345385.306664
45000.0	1.0	0.0	0.0	0.0	-90.0	0.122244	-0.006876	0.122437	-3.219269	0.0	0.003079	0.003079	90.0	0.122244	-0.006876	0.122437	-3.21927	345383.856929
50000.0	1.0	0.0	0.0	0.0	-90.0	0.122031	-0.007322	0.12225	-3.433653	0.0	0.003064	0.003064	90.0	0.122031	-0.007322	0.12225	-3.43364	345382.413532
55000.0	1.0	0.0	0.0	0.0	-90.0	0.121816	-0.007767	0.122063	-3.648137	0.0	0.003107	0.003107	90.0	0.121816	-0.007767	0.122063	-3.648137	345380.976576
60000.0	1.0	0.0	0.0	0.0	-90.0	0.121624	-0.008209	0.121901	-3.861417	0.0	0.003111	0.003111	90.0	0.121624	-0.008209	0.121901	-3.861418	345379.562281
65000.0	1.0	0.0	0.0	0.0	-90.0	0.121434	-0.008652	0.121742	-4.075505	0.0	0.003149	0.003149	90.0	0.121434	-0.008652	0.121742	-4.075505	345378.13246
70000.0	1.0	0.0	0.0	0.0	-90.0	0.121259	-0.009093	0.1216	-4.288597	0.0	0.003164	0.003164	90.0	0.121259	-0.009093	0.1216	-4.288597	345376.652167
75000.0	1.0	0.0	0.0	0.0	-90.0	0.12109	-0.009533	0.121464	-4.501334	0.0	0.003124	0.003124	90.0	0.12109	-0.009533	0.121464	-4.501334	345375.216669
80000.0	1.0	0.0	0.0	0.0	-90.0	0.12093	-0.00997	0.12134	-4.713252	0.0	0.003125	0.003125	90.0	0.12093	-0.00997	0.12134	-4.713252	345373.740411
85000.0	1.0	0.0	0.0	0.0	-90.0	0.120765	-0.010406	0.121213	-4.924936	0.0	0.003169	0.003169	90.0	0.120765	-0.010406	0.121213	-4.924936	345372.283672
90000.0	1.0	0.0	0.0	0.0	-90.0	0.120602	-0.01084	0.121088	-5.136256	0.0	0.003183	0.003183	90.0	0.120602	-0.01084	0.121088	-5.136256	345370.797661
95000.0	1.0	0.0	0.0	0.0	-90.0	0.120443	-0.011272	0.12097	-5.346769	0.0	0.003185	0.003185	90.0	0.120443	-0.011272	0.12097	-5.346769	345369.297109
100000.0	1.0	0.0	0.0	0.0	-90.0	0.120294	-0.011704	0.120862	-5.557183	0.0	0.003199	0.003199	90.0	0.120294	-0.011704	0.120862	-5.557183	345367.864809
105000.0	1.0	0.0	0.0	0.0	-90.0	0.12014	-0.012133	0.120751	-5.76685	0.0	0.003225	0.003225	90.0	0.12014	-0.012133	0.120751	-5.76685	345366.414477
110000.0	1.0	0.0	0.0	0.0	-90.0	0.119993	-0.012562	0.120649	-5.976268	0.0	0.003215	0.003215	90.0	0.119993	-0.012562	0.120649	-5.976268	345364.957243
115000.0	1.0	0.0	0.0	0.0	-90.0	0.119842	-0.012988	0.120543	-6.185171	0.0	0.003237	0.003237	90.0	0.119842	-0.012988	0.120543	-6.185171	345363.53
120000.0	1.0	0.0	0.0	0.0	-90.0	0.119693	-0.013413	0.120442	-6.393825	0.0	0.003179	0.003179	90.0	0.119693	-0.013413	0.120442	-6.393825	345362.079213
125000.0	1.0	0.0	0.0	0.0	-90.0	0.119545	-0.013835	0.120343	-6.60174	0.0	0.003204	0.003204	90.0	0.119545	-0.013835	0.120343	-6.60174	345360.60788
130000.0	1.0	0.0	0.0	0.0	-90.0	0.119403	-0.014258	0.120251	-6.809525	0.0	0.003211	0.003211	90.0	0.119403	-0.014258	0.120251	-6.809525	345359.139939
135000.0	1.0	0.0	0.0	0.0	-90.0	0.119263	-0.01468	0.120163	-7.017149	0.0	0.003238	0.003238	90.0	0.119263	-0.01468	0.120163	-7.017145	345357.699218
140000.0	1.0	0.0	0.0	0.0	-90.0	0.119116	-0.0151	0.120069	-7.224828	0.0	0.003216	0.003216	90.0	0.119116	-0.0151	0.120069	-7.224828	345356.228508
145000.0	1.0	0.0	0.0	0.0	-90.0	0.118973	-0.015517	0.119981	-7.43099	0.0	0.003252	0.003252	90.0	0.118973	-0.015517	0.119981	-7.43099	345354.735211
150000.0	1.0	0.0	0.0	0.0	-90.0	0.118843	-0.015937	0.119907	-7.637867	0.0	0.003304	0.003304	90.0	0.118843	-0.015937	0.119907	-7.637867	345353.315601
155000.0	1.0	0.0	0.0	0.0	-90.0	0.118697	-0.016352	0.119818	-7.843922	0.0	0.003297	0.003297	90.0	0.118697	-0.016352	0.119818	-7.843922	345351.876979
160000.0	1.0	0.0	0.0	0.0	-90.0	0.118562	-0.016769	0.119742	-8.05015	0.0	0.003345	0.003345	90.0	0.118562	-0.016769	0.119742	-8.050149	345350.437254
165000.0	1.0	0.0	0.0	0.0	-90.0	0.118425	-0.017183	0.119665	-8.25582	0.0	0.003301	0.003301	90.0	0.118425	-0.017183	0.119665	-8.255821	345348.978092
170000.0	1.0	0.0	0.0	0.0	-90.0	0.118281	-0.017595	0.119583	-8.460937	0.0	0.003293	0.003293	90.0	0.118281	-0.017595	0.119583	-8.460937	345347.531171
175000.0	1.0	0.0	0.0	0.0	-90.0	0.118138	-0.018007	0.119503	-8.666513	0.0	0.003307	0.003307	90.0	0.118138	-0.018007	0.119503	-8.666513	345346.117769
180000.0	1.0	0.0	0.0	0.0	-90.0	0.118002	-0.018418	0.119431	-8.871407	0.0	0.003291	0.003291	90.0	0.118002	-0.018418	0.119431	-8.871406	345344.655577
185000.0	1.0	0.0	0.0	0.0	-90.0	0.117867	-0.018829	0.119362	-9.076259	0.0	0.003357	0.003357	90.0	0.117867	-0.018829	0.119362	-9.076259	345343.191054
190000.0	1.0	0.0	0.0	0.0	-90.0	0.117732	-0.019239	0.119293	-9.280921	0.0	0.003367	0.003367	90.0	0.117732	-0.019239	0.119293	-9.280921	345341.732848
195000.0	1.0	0.0	0.0	0.0	-90.0	0.11759	-0.019647	0.11922	-9.485412	0.0	0.003354	0.003354	90.0	0.11759	-0.019647	0.11922	-9.485412	345340.297471
200000.0	1.0	0.0	0.0	0.0	-90.0	0.117456	-0.020055	0.119156	-9.689687	0.0	0.003378	0.003378	90.0	0.117456	-0.020055	0.119156	-9.689687	345338.835365
205000.0	1.0	0.0	0.0	0.0	-90.0	0.117317	-0.020462	0.119088	-9.893699	0.0	0.003389	0.003389	90.0	0.117317	-0.020462	0.119088	-9.893696	345337.378559
210000.0	1.0	0.0	0.0	0.0	-90.0	0.117177	-0.020867	0.119021	-10.097586	0.0	0.003367	0.003367	90.0	0.117177	-0.020867	0.119021	-10.097586	345335.95431
215000.0	1.0	0.0	0.0	0.0	-90.0	0.117034	-0.021272	0.118952	-10.301336	0.0	0.003382	0.003382	90.0	0.117034	-0.021272	0.118952	-10.301337	345334.516517
220000.0	1.0	0.0	0.0	0.0	-90.0	0.116888	-0.021675	0.118881	-10.505003	0.0	0.003428	0.003428	90.0	0.116888	-0.021675	0.118881	-10.505008	345333.068198
225000.0	1.0	0.0	0.0	0.0	-90.0	0.116746	-0.022078	0.118815	-10.708737	0.0	0.003389	0.003389	90.0	0.116746	-0.022078	0.118815	-10.708737	345331.543021
230000.0	1.0	0.0	0.0	0.0	-90.0	0.116606	-0.02248	0.118753	-10.912101	0.0	0.003427	0.003427	90.0	0.116606	-0.02248	0.118753	-10.912101	345330.121049
235000.0	1.0	0.0	0.0	0.0	-90.0	0.116459	-0.022881	0.118686	-11.115499	0.0	0.003485	0.003485	90.0	0.116459	-0.022881	0.118686	-11.115499	345328.694565
240000.0	1.0	0.0	0.0	0.0	-90.0	0.116317	-0.023282	0.118624	-11.318525	0.0	0.003496	0.003496	90.0	0.116317	-0.023282	0.118624	-11.318525	345327.275929
245000.0	1.0	0.0	0.0	0.0	-90.0	0.116172	-0.023681	0.118561	-11.521565	0.0	0.003529	0.003529	90.0	0.116172	-0.023681	0.118561	-11.521565	345325.824582
250000.0	1.0	0.0	0.0	0.0	-90.0	0.116026	-0.02408	0.118498	-11.724609	0.0	0.003513	0.003513	90.0	0.116026	-0.02408	0.118498	-11.724609	345324.389573
255000.0	1.0	0.0	0.0	0.0	-90.0	0.115876	-0.024477	0.118433	-11.927572	0.0	0.003507	0.003507	90.0	0.115876	-0.024477	0.118433	-11.927572	345322.967729
260000.0	1.0	0.0	0.0	0.0	-90.0	0.11573	-0.024875	0.118373	-12.130415	0.0	0.003525	0.003525	90.0	0.11573	-0.024875	0.118373	-12.130415	345321.519136
265000.0	1.0	0.0	0.0	0.0	-90.0	0.115583	-0.025271	0.118313	-12.332817	0.0	0.003554	0.003554	90.0	0.115583	-0.025271	0.118313	-12.332817	345320.065615
270000.0	1.0	0.0	0.0	0.0	-90.0	0.115439	-0.025668	0.118258	-12.535618	0.0	0.003573	0.003573	90.0	0.115439	-0.025668	0.118258	-12.535617	345318.604376
275000.0	1.0	0.0	0.0	0.0	-90.0	0.115287	-0.026062	0.118196	-12.738147	0.0	0.003619	0.003619	90.0	0.115287	-0.026062	0.118196	-12.738148	345317.181768
280000.0	1.0	0.0	0.0	0.0	-90.0	0.115133	-0.026455	0.118134	-12.940843	0.0	0.003626	0.003626	90.0	0.115133	-0.026455	0.118134	-12.940843	345315.752731
285000.0	1.0	0.0	0.0	0.0	-90.0	0.114975	-0.026847	0.118068	-13.143284	0.0	0.003615	0.003615	90.0	0.114975	-0.026847	0.118068	-13.143286	345314.287977
290000.0	1.0	0.0	0.0	0.0	-90.0	0.114826	-0.027241	0.118013	-13.345776	0.0	0.003632	0.003632	90.0	0.114826	-0.027241	0.118013	-13.345776	345312.839984
295000.0	1.0	0.0	0.0	0.0	-90.0	0.114674	-0.027633	0.117956	-13.548283	0.0	0.003689	0.003689	90.0	0.114674	-0.027633	0.117956	-13.548283	345311.406556
300000.0	1.0	0.0	0.0	0.0	-90.0	0.114528	-0.028026	0.117907	-13.750333	0.0	0.00367	0.00367	90.0	0.114528	-0.028026	0.117907	-13.750333	345309.921048
305000.0	1.0	0.0	0.0	0.0	-90.0	0.114377	-0.028417	0.117854	-13.952759	0.0	0.00371	0.00371	90.0	0.114377	-0.028417	0.117854	-13.952759	345308.470924
310000.0	1.0	0.0	0.0	0.0	-90.0	0.114226	-0.028808	0.117803	-14.154987	0.0	0.003779	0.003779	90.0	0.114226	-0.028808	0.117803	-14.15499	345307.002239
315000.0	1.0	0.0	0.0	0.0	-90.0	0.114063	-0.029196	0.117741	-14.357368	0.0	0.003765	0.003765	90.0	0.114063	-0.029196	0.117741	-14.357367	345305.579226
320000.0	1.0	0.0	0.0	0.0	-90.0	0.113908	-0.029585	0.117687	-14.559538	0.0	0.00373	0.00373	90.0	0.113908	-0.029585	0.117687	-14.559539	345304.14259
325000.0	1.0	0.0	0.0	0.0	-90.0	0.113749	-0.029973	0.117631	-14.761879	0.0	0.003748	0.003748	90.0	0.113749	-0.029973	0.117631	-14.761879	345302.712615
330000.0	1.0	0.0	0.0	0.0	-90.0	0.113588	-0.030359	0.117575	-14.963923	0.0	0.003793	0.003793	90.0	0.113588	-0.030359	0.117575	-14.963923	345301.293855
335000.0	1.0	0.0	0.0	0.0	-90.0	0.113429	-0.030746	0.117523	-15.165982	0.0	0.003816	0.003816	90.0	0.113429	-0.030746	0.117523	-15.165983	345299.882119
340000.0	1.0	0.0	0.0	0.0	-90.0	0.113269	-0.031132	0.117469	-15.368181	0.0	0.003814	0.003814	90.0	0.113269	-0.031132	0.117469	-15.368181	345298.45193
345000.0	1.0	0.0	0.0	0.0	-90.0	0.113107	-0.031517	0.117416	-15.570362	0.0	0.00378	0.00378	90.0	0.113107	-0.031517	0.117416	-15.570362	345297.034609
350000.0	1.0	0.0	0.0	0.0	-90.0	0.112946	-0.031902	0.117365	-15.772613	0.0	0.00386	0.00386	90.0	0.112946	-0.031902	0.117365	-15.772613	345295.59948
355000.0	1.0	0.0	0.0	0.0	-90.0	0.112781	-0.032286	0.117311	-15.974805	0.0	0.003893	0.003893	90.0	0.112781	-0.032286	0.117311	-15.974806	345294.154705
360000.0	1.0	0.0	0.0	0.0	-90.0	0.112614	-0.032668	0.117257	-16.176942	0.0	0.003891	0.003891	90.0	0.112614	-0.032668	0.117257	-16.176943	345292.714861
365000.0	1.0	0.0	0.0	0.0	-90.0	0.112446	-0.03305	0.117203	-16.379179	0.0	0.003894	0.003894	90.0	0.112446	-0.03305	0.117203	-16.379179	345291.305145
370000.0	1.0	0.0	0.0	0.0	-90.0	0.112278	-0.033432	0.11715	-16.581427	0.0	0.003989	0.003989	90.0	0.112278	-0.033432	0.11715	-16.581427	345289.863476
375000.0	1.0	0.0	0.0	0.0	-90.0	0.11211	-0.033814	0.117099	-16.783815	0.0	0.003994	0.003994	90.0	0.11211	-0.033814	0.117099	-16.783815	345288.431751
380000.0	1.0	0.0	0.0	0.0	-90.0	0.111948	-0.034195	0.117054	-16.985796	0.0	0.004042	0.004042	90.0	0.111948	-0.034195	0.117054	-16.985795	345286.983094
385000.0	1.0	0.0	0.0	0.0	-90.0	0.111769	-0.034573	0.116994	-17.188088	0.0	0.0041	0.0041	90.0	0.111769	-0.034573	0.116994	-17.188089	345285.563413
390000.0	1.0	0.0	0.0	0.0	-90.0	0.111593	-0.034951	0.116938	-17.390608	0.0	0.004187	0.004187	90.0	0.111593	-0.034951	0.116938	-17.390608	345284.132254
395000.0	1.0	0.0	0.0	0.0	-90.0	0.111414	-0.035328	0.116881	-17.59314	0.0	0.004101	0.004101	90.0	0.111414	-0.035328	0.116881	-17.593141	345282.713764
400000.0	1.0	0.0	0.0	0.0	-90.0	0.111233	-0.035704	0.116823	-17.795627	0.0	0.004171	0.004171	90.0	0.111233	-0.035704	0.116823	-17.795627	345281.263589
405000.0	1.0	0.0	0.0	0.0	-90.0	0.11106	-0.036082	0.116774	-17.998216	0.0	0.0042	0.0042	90.0	0.11106	-0.036082	0.116774	-17.998222	345279.851982
410000.0	1.0	0.0	0.0	0.0	-90.0	0.110871	-0.036455	0.11671	-18.20099	0.0	0.004201	0.004201	90.0	0.110871	-0.036455	0.11671	-18.20099	345278.381157
415000.0	1.0	0.0	0.0	0.0	-90.0	0.110702	-0.036833	0.116669	-18.403313	0.0	0.004247	0.004247	90.0	0.110702	-0.036833	0.116669	-18.403314	345276.971886
420000.0	1.0	0.0	0.0	0.0	-90.0	0.11052	-0.037207	0.116615	-18.605864	0.0	0.004231	0.004231	90.0	0.11052	-0.037207	0.116615	-18.605863	345275.514648
425000.0	1.0	0.0	0.0	0.0	-90.0	0.110344	-0.037582	0.116569	-18.808355	0.0	0.004279	0.004279	90.0	0.110344	-0.037582	0.116569	-18.808355	345274.082809
430000.0	1.0	0.0	0.0	0.0	-90.0	0.110161	-0.037955	0.116516	-19.011087	0.0	0.004378	0.004378	90.0	0.110161	-0.037955	0.116516	-19.011087	345272.635185
435000.0	1.0	0.0	0.0	0.0	-90.0	0.109986	-0.038331	0.116474	-19.213918	0.0	0.004475	0.004475	90.0	0.109986	-0.038331	0.116474	-19.213923	345271.203226
440000.0	1.0	0.0	0.0	0.0	-90.0	0.109795	-0.038701	0.116416	-19.416787	0.0	0.004468	0.004468	90.0	0.109795	-0.038701	0.116416	-19.416787	345269.765328
445000.0	1.0	0.0	0.0	0.0	-90.0	0.109612	-0.039073	0.116368	-19.619493	0.0	0.00451	0.00451	90.0	0.109612	-0.039073	0.116368	-19.619494	345268.311774
450000.0	1.0	0.0	0.0	0.0	-90.0	0.109427	-0.039445	0.116319	-19.822482	0.0	0.004586	0.004586	90.0	0.109427	-0.039445	0.116319	-19.822481	345266.870919
455000.0	1.0	0.0	0.0	0.0	-90.0	0.109253	-0.039819	0.116283	-20.02513	0.0	0.004586	0.004586	90.0	0.109253	-0.039819	0.116283	-20.025123	345265.427838
460000.0	1.0	0.0	0.0	0.0	-90.0	0.109071	-0.040191	0.116241	-20.22822	0.0	0.004695	0.004695	90.0	0.109071	-0.040191	0.116241	-20.228221	345263.996566
465000.0	1.0	0.0	0.0	0.0	-90.0	0.108884	-0.040561	0.116193	-20.431391	0.0	0.004765	0.004765	90.0	0.108884	-0.040561	0.116194	-20.43139	345262.518084
470000.0	1.0	0.0	0.0	0.0	-90.0	0.108693	-0.040928	0.116144	-20.633589	0.0	0.004888	0.004888	90.0	0.108693	-0.040928	0.116144	-20.633589	345261.087213
475000.0	1.0	0.0	0.0	0.0	-90.0	0.108504	-0.041294	0.116096	-20.835525	0.0	0.004873	0.004873	90.0	0.108504	-0.041294	0.116096	-20.83554	345259.639638
480000.0	1.0	0.0	0.0	0.0	-90.0	0.10832	-0.041668	0.116058	-21.040393	0.0	0.005054	0.005054	90.0	0.10832	-0.041668	0.116058	-21.040393	345258.202931
485000.0	1.0	0.0	0.0	0.0	-90.0	0.10812	-0.042033	0.116004	-21.244204	0.0	0.006456	0.006456	90.0	0.10812	-0.042033	0.116004	-21.244204	345256.764391
490000.0	1.0	0.0	0.0	0.0	-90.0	0.107922	-0.042398	0.115951	-21.447929	0.0	-0.008086	0.008086	-90.0	0.107922	-0.042398	0.115951	-21.447929	345255.331733
495000.0	1.0	0.0	0.0	0.0	-90.0	0.107718	-0.042761	0.115895	-21.651455	0.0	0.004699	0.004699	90.0	0.107718	-0.042761	0.115895	-21.651455	345253.925957
500000.0	1.0	0.0	0.0	0.0	-90.0	0.107516	-0.043124	0.115843	-21.855561	0.0	0.004516	0.004516	90.0	0.107516	-0.043124	0.115842	-21.855576	345252.509457
