# Oscilator_frequency (Hz)	DemodAll_A (-)	Demod_1_X_A (A)	Demod_1_Y_A (A)	Demod_1__R_A (A)	Demod_1__Theta_A (deg)	Demod_2_X_A (A)	Demod_2_Y_A (A)	Demod_2__R_A (A)	Demod_2__Theta_A (deg)	Demod_3_X_A (V)	Demod_3_Y_A (V)	Demod_3__R_A (V)	Demod_3__Theta_A (deg)	Demod_4_X_A (V)	Demod_4_Y_A (V)	Demod_4__R_A (V)	Demod_4__Theta_A (deg)	Timer_GET (s)	
500000.000000	 1.000000	 0.000000	 -0.000000	 0.000000	 -90.000000	 0.225110	 -0.103546	 0.247783	 -24.701416	 0.000000	 0.010770	 0.010770	 90.000000	 0.225110	 -0.103546	 0.247783	 -24.701416	 250406.456880	
495000.000000	 1.000000	 0.000000	 -0.000000	 0.000000	 -90.000000	 0.225619	 -0.102725	 0.247904	 -24.480049	 0.000000	 0.010194	 0.010194	 90.000000	 0.225619	 -0.102725	 0.247904	 -24.480049	 250407.905365	
490000.000000	 1.000000	 0.000000	 -0.000000	 0.000000	 -90.000000	 0.226127	 -0.101890	 0.248022	 -24.255841	 0.000000	 0.007294	 0.007294	 90.000000	 0.226127	 -0.101890	 0.248022	 -24.255841	 250409.370565	
485000.000000	 1.000000	 0.000000	 -0.000000	 0.000000	 -90.000000	 0.226624	 -0.101055	 0.248134	 -24.032731	 0.000000	 0.006206	 0.006206	 90.000000	 0.226624	 -0.101055	 0.248134	 -24.032731	 250410.806805	
480000.000000	 1.000000	 0.000000	 -0.000000	 0.000000	 -90.000000	 0.227118	 -0.100214	 0.248245	 -23.809150	 0.000000	 0.004431	 0.004431	 90.000000	 0.227118	 -0.100214	 0.248245	 -23.809150	 250412.243018	
475000.000000	 1.000000	 0.000000	 -0.000000	 0.000000	 -90.000000	 0.227612	 -0.099373	 0.248359	 -23.585582	 0.000000	 0.012275	 0.012275	 90.000000	 0.227612	 -0.099373	 0.248359	 -23.585582	 250413.661382	
470000.000000	 1.000000	 0.000000	 -0.000000	 0.000000	 -90.000000	 0.228115	 -0.098536	 0.248487	 -23.362307	 0.000000	 0.009201	 0.009201	 90.000000	 0.228115	 -0.098536	 0.248487	 -23.362307	 250415.118244	
465000.000000	 1.000000	 0.000000	 -0.000000	 0.000000	 -90.000000	 0.228590	 -0.097694	 0.248591	 -23.140639	 0.000000	 0.008358	 0.008358	 90.000000	 0.228590	 -0.097694	 0.248591	 -23.140639	 250416.585393	
460000.000000	 1.000000	 0.000000	 -0.000000	 0.000000	 -90.000000	 0.229064	 -0.096853	 0.248699	 -22.919579	 0.000000	 0.007735	 0.007735	 90.000000	 0.229064	 -0.096853	 0.248699	 -22.919579	 250418.033741	
455000.000000	 1.000000	 0.000000	 -0.000000	 0.000000	 -90.000000	 0.229542	 -0.096014	 0.248814	 -22.698912	 0.000000	 0.007238	 0.007238	 90.000000	 0.229542	 -0.096014	 0.248814	 -22.698913	 250419.497073	
450000.000000	 1.000000	 0.000000	 -0.000000	 0.000000	 -90.000000	 0.230025	 -0.095179	 0.248939	 -22.478643	 0.000000	 0.006996	 0.006996	 90.000000	 0.230025	 -0.095179	 0.248939	 -22.478643	 250420.951985	
445000.000000	 1.000000	 0.000000	 -0.000000	 0.000000	 -90.000000	 0.230491	 -0.094338	 0.249049	 -22.258827	 0.000000	 0.006708	 0.006708	 90.000000	 0.230491	 -0.094338	 0.249049	 -22.258827	 250422.392535	
440000.000000	 1.000000	 0.000000	 -0.000000	 0.000000	 -90.000000	 0.230954	 -0.093496	 0.249161	 -22.039363	 0.000000	 0.006466	 0.006466	 90.000000	 0.230954	 -0.093496	 0.249161	 -22.039365	 250423.831576	
435000.000000	 1.000000	 0.000000	 -0.000000	 0.000000	 -90.000000	 0.231414	 -0.092655	 0.249274	 -21.820524	 0.000000	 0.006015	 0.006015	 90.000000	 0.231414	 -0.092655	 0.249274	 -21.820524	 250425.292046	
430000.000000	 1.000000	 0.000000	 -0.000000	 0.000000	 -90.000000	 0.231872	 -0.091815	 0.249389	 -21.602208	 0.000000	 0.004172	 0.004172	 90.000000	 0.231872	 -0.091815	 0.249389	 -21.602208	 250426.735851	
425000.000000	 1.000000	 0.000000	 -0.000000	 0.000000	 -90.000000	 0.232334	 -0.090976	 0.249511	 -21.383975	 0.000000	 0.006055	 0.006055	 90.000000	 0.232334	 -0.090976	 0.249511	 -21.383975	 250428.185605	
420000.000000	 1.000000	 0.000000	 -0.000000	 0.000000	 -90.000000	 0.232786	 -0.090135	 0.249627	 -21.166507	 0.000000	 0.003497	 0.003497	 90.000000	 0.232786	 -0.090135	 0.249627	 -21.166507	 250429.619570	
415000.000000	 1.000000	 0.000000	 -0.000000	 0.000000	 -90.000000	 0.233219	 -0.089291	 0.249728	 -20.949911	 0.000000	 0.006300	 0.006300	 90.000000	 0.233219	 -0.089291	 0.249728	 -20.949911	 250431.056516	
410000.000000	 1.000000	 0.000000	 -0.000000	 0.000000	 -90.000000	 0.233637	 -0.088440	 0.249816	 -20.733517	 0.000000	 0.005731	 0.005731	 90.000000	 0.233637	 -0.088440	 0.249816	 -20.733517	 250432.491682	
405000.000000	 1.000000	 0.000000	 -0.000000	 0.000000	 -90.000000	 0.234070	 -0.087595	 0.249923	 -20.517138	 0.000000	 0.005342	 0.005342	 90.000000	 0.234070	 -0.087595	 0.249923	 -20.517138	 250433.927350	
400000.000000	 1.000000	 0.000000	 -0.000000	 0.000000	 -90.000000	 0.234510	 -0.086751	 0.250041	 -20.300671	 0.000000	 0.005095	 0.005095	 90.000000	 0.234510	 -0.086751	 0.250041	 -20.300671	 250435.351958	
395000.000000	 1.000000	 0.000000	 -0.000000	 0.000000	 -90.000000	 0.234949	 -0.085913	 0.250164	 -20.085803	 0.000000	 0.004903	 0.004903	 90.000000	 0.234949	 -0.085913	 0.250164	 -20.085803	 250436.801913	
390000.000000	 1.000000	 0.000000	 -0.000000	 0.000000	 -90.000000	 0.235378	 -0.085070	 0.250279	 -19.870753	 0.000000	 0.004802	 0.004802	 90.000000	 0.235378	 -0.085070	 0.250279	 -19.870751	 250438.228163	
385000.000000	 1.000000	 0.000000	 -0.000000	 0.000000	 -90.000000	 0.235828	 -0.084235	 0.250421	 -19.656177	 0.000000	 0.004690	 0.004690	 90.000000	 0.235828	 -0.084235	 0.250421	 -19.656177	 250439.706041	
380000.000000	 1.000000	 0.000000	 -0.000000	 0.000000	 -90.000000	 0.236250	 -0.083394	 0.250537	 -19.442612	 0.000000	 0.004536	 0.004536	 90.000000	 0.236250	 -0.083394	 0.250537	 -19.442612	 250441.140447	
375000.000000	 1.000000	 0.000000	 -0.000000	 0.000000	 -90.000000	 0.236676	 -0.082555	 0.250661	 -19.229379	 0.000000	 0.004380	 0.004380	 90.000000	 0.236676	 -0.082555	 0.250661	 -19.229379	 250442.561093	
370000.000000	 1.000000	 0.000000	 -0.000000	 0.000000	 -90.000000	 0.237108	 -0.081717	 0.250794	 -19.016033	 0.000000	 0.004119	 0.004119	 90.000000	 0.237108	 -0.081717	 0.250794	 -19.016034	 250444.000245	
365000.000000	 1.000000	 0.000000	 -0.000000	 0.000000	 -90.000000	 0.237550	 -0.080884	 0.250942	 -18.803334	 0.000000	 0.003359	 0.003359	 90.000000	 0.237550	 -0.080884	 0.250942	 -18.803334	 250445.417259	
360000.000000	 1.000000	 0.000000	 -0.000000	 0.000000	 -90.000000	 0.237988	 -0.080050	 0.251090	 -18.590872	 0.000000	 0.000999	 0.000999	 90.000000	 0.237988	 -0.080050	 0.251090	 -18.590872	 250446.850686	
355000.000000	 1.000000	 0.000000	 -0.000000	 0.000000	 -90.000000	 0.238404	 -0.079209	 0.251219	 -18.378973	 0.000000	 0.001948	 0.001948	 90.000000	 0.238404	 -0.079209	 0.251219	 -18.378973	 250448.290625	
350000.000000	 1.000000	 0.000000	 -0.000000	 0.000000	 -90.000000	 0.238831	 -0.078374	 0.251362	 -18.167615	 0.000000	 0.006600	 0.006600	 90.000000	 0.238831	 -0.078374	 0.251362	 -18.167616	 250449.743159	
345000.000000	 1.000000	 0.000000	 -0.000000	 0.000000	 -90.000000	 0.239244	 -0.077534	 0.251494	 -17.956531	 0.000000	 0.004395	 0.004395	 90.000000	 0.239244	 -0.077534	 0.251494	 -17.956531	 250451.189105	
340000.000000	 1.000000	 0.000000	 -0.000000	 0.000000	 -90.000000	 0.239676	 -0.076700	 0.251650	 -17.745480	 0.000000	 0.003838	 0.003838	 90.000000	 0.239676	 -0.076700	 0.251650	 -17.745480	 250452.590616	
335000.000000	 1.000000	 0.000000	 -0.000000	 0.000000	 -90.000000	 0.240105	 -0.075868	 0.251806	 -17.535402	 0.000000	 0.003806	 0.003806	 90.000000	 0.240105	 -0.075868	 0.251806	 -17.535402	 250454.032226	
330000.000000	 1.000000	 0.000000	 -0.000000	 0.000000	 -90.000000	 0.240533	 -0.075035	 0.251965	 -17.325478	 0.000000	 0.003693	 0.003693	 90.000000	 0.240533	 -0.075035	 0.251965	 -17.325478	 250455.471106	
325000.000000	 1.000000	 0.000000	 -0.000000	 0.000000	 -90.000000	 0.240968	 -0.074204	 0.252135	 -17.115728	 0.000000	 0.003383	 0.003383	 90.000000	 0.240968	 -0.074204	 0.252135	 -17.115729	 250456.875233	
320000.000000	 1.000000	 0.000000	 -0.000000	 0.000000	 -90.000000	 0.241386	 -0.073369	 0.252290	 -16.906575	 0.000000	 0.002732	 0.002732	 90.000000	 0.241386	 -0.073369	 0.252290	 -16.906575	 250458.335100	
315000.000000	 1.000000	 0.000000	 -0.000000	 0.000000	 -90.000000	 0.241802	 -0.072534	 0.252447	 -16.697775	 0.000000	 0.004606	 0.004606	 90.000000	 0.241802	 -0.072534	 0.252447	 -16.697774	 250459.766532	
310000.000000	 1.000000	 0.000000	 -0.000000	 0.000000	 -90.000000	 0.242186	 -0.071692	 0.252575	 -16.489895	 0.000000	 0.003629	 0.003629	 90.000000	 0.242186	 -0.071692	 0.252575	 -16.489895	 250461.179807	
305000.000000	 1.000000	 0.000000	 -0.000000	 0.000000	 -90.000000	 0.242560	 -0.070849	 0.252695	 -16.282451	 0.000000	 0.003970	 0.003970	 90.000000	 0.242560	 -0.070849	 0.252696	 -16.282447	 250462.635037	
300000.000000	 1.000000	 0.000000	 -0.000000	 0.000000	 -90.000000	 0.242942	 -0.070006	 0.252827	 -16.074835	 0.000000	 0.003535	 0.003535	 90.000000	 0.242942	 -0.070006	 0.252827	 -16.074835	 250464.081626	
295000.000000	 1.000000	 0.000000	 -0.000000	 0.000000	 -90.000000	 0.243355	 -0.069173	 0.252995	 -15.867570	 0.000000	 0.003359	 0.003359	 90.000000	 0.243355	 -0.069173	 0.252995	 -15.867570	 250465.529328	
290000.000000	 1.000000	 0.000000	 -0.000000	 0.000000	 -90.000000	 0.243750	 -0.068334	 0.253148	 -15.660606	 0.000000	 0.003249	 0.003249	 90.000000	 0.243751	 -0.068334	 0.253148	 -15.660605	 250466.953344	
285000.000000	 1.000000	 0.000000	 -0.000000	 0.000000	 -90.000000	 0.244181	 -0.067505	 0.253340	 -15.453831	 0.000000	 0.003202	 0.003202	 90.000000	 0.244181	 -0.067505	 0.253340	 -15.453831	 250468.385869	
280000.000000	 1.000000	 0.000000	 -0.000000	 0.000000	 -90.000000	 0.244612	 -0.066677	 0.253537	 -15.247285	 0.000000	 0.003150	 0.003150	 90.000000	 0.244612	 -0.066677	 0.253537	 -15.247285	 250469.808955	
275000.000000	 1.000000	 0.000000	 -0.000000	 0.000000	 -90.000000	 0.245040	 -0.065845	 0.253733	 -15.040799	 0.000000	 0.003157	 0.003157	 90.000000	 0.245040	 -0.065845	 0.253733	 -15.040799	 250471.227833	
270000.000000	 1.000000	 0.000000	 -0.000000	 0.000000	 -90.000000	 0.245482	 -0.065018	 0.253946	 -14.834738	 0.000000	 0.003043	 0.003043	 90.000000	 0.245482	 -0.065018	 0.253946	 -14.834738	 250472.691876	
265000.000000	 1.000000	 0.000000	 -0.000000	 0.000000	 -90.000000	 0.245911	 -0.064186	 0.254150	 -14.628676	 0.000000	 0.002790	 0.002790	 90.000000	 0.245911	 -0.064186	 0.254150	 -14.628677	 250474.161195	
260000.000000	 1.000000	 0.000000	 -0.000000	 0.000000	 -90.000000	 0.246352	 -0.063358	 0.254369	 -14.423071	 0.000000	 0.000807	 0.000807	 90.000000	 0.246352	 -0.063358	 0.254369	 -14.423070	 250475.594252	
255000.000000	 1.000000	 0.000000	 -0.000000	 0.000000	 -90.000000	 0.246773	 -0.062525	 0.254570	 -14.217818	 0.000000	 0.003864	 0.003864	 90.000000	 0.246773	 -0.062525	 0.254570	 -14.217818	 250477.054649	
250000.000000	 1.000000	 0.000000	 -0.000000	 0.000000	 -90.000000	 0.247189	 -0.061689	 0.254770	 -14.012716	 0.000000	 0.004999	 0.004999	 90.000000	 0.247189	 -0.061689	 0.254770	 -14.012716	 250478.489007	
245000.000000	 1.000000	 0.000000	 -0.000000	 0.000000	 -90.000000	 0.247601	 -0.060854	 0.254970	 -13.808172	 0.000000	 0.003243	 0.003243	 90.000000	 0.247601	 -0.060854	 0.254970	 -13.808172	 250479.952467	
240000.000000	 1.000000	 0.000000	 -0.000000	 0.000000	 -90.000000	 0.248016	 -0.060018	 0.255175	 -13.603669	 0.000000	 0.002970	 0.002970	 90.000000	 0.248016	 -0.060018	 0.255175	 -13.603669	 250481.389435	
235000.000000	 1.000000	 0.000000	 -0.000000	 0.000000	 -90.000000	 0.248467	 -0.059189	 0.255420	 -13.399077	 0.000000	 0.002800	 0.002800	 90.000000	 0.248467	 -0.059189	 0.255420	 -13.399077	 250482.826740	
230000.000000	 1.000000	 0.000000	 -0.000000	 0.000000	 -90.000000	 0.248902	 -0.058355	 0.255651	 -13.194700	 0.000000	 0.001578	 0.001578	 90.000000	 0.248902	 -0.058355	 0.255651	 -13.194703	 250484.295874	
225000.000000	 1.000000	 0.000000	 -0.000000	 0.000000	 -90.000000	 0.249344	 -0.057521	 0.255893	 -12.990368	 0.000000	 0.003079	 0.003079	 90.000000	 0.249344	 -0.057521	 0.255893	 -12.990368	 250485.736528	
220000.000000	 1.000000	 0.000000	 -0.000000	 0.000000	 -90.000000	 0.249806	 -0.056692	 0.256158	 -12.786309	 0.000000	 0.006440	 0.006440	 90.000000	 0.249806	 -0.056692	 0.256158	 -12.786309	 250487.193038	
215000.000000	 1.000000	 0.000000	 -0.000000	 0.000000	 -90.000000	 0.250271	 -0.055861	 0.256430	 -12.582316	 0.000000	 0.003923	 0.003923	 90.000000	 0.250271	 -0.055861	 0.256430	 -12.582316	 250488.626030	
210000.000000	 1.000000	 0.000000	 -0.000000	 0.000000	 -90.000000	 0.250726	 -0.055027	 0.256693	 -12.378392	 0.000000	 0.003099	 0.003099	 90.000000	 0.250726	 -0.055027	 0.256693	 -12.378392	 250490.080807	
205000.000000	 1.000000	 0.000000	 -0.000000	 0.000000	 -90.000000	 0.251184	 -0.054191	 0.256963	 -12.174504	 0.000000	 0.002804	 0.002804	 90.000000	 0.251184	 -0.054191	 0.256963	 -12.174505	 250491.531081	
200000.000000	 1.000000	 0.000000	 -0.000000	 0.000000	 -90.000000	 0.251646	 -0.053355	 0.257240	 -11.970827	 0.000000	 0.002711	 0.002711	 90.000000	 0.251646	 -0.053355	 0.257240	 -11.970825	 250492.957164	
195000.000000	 1.000000	 0.000000	 -0.000000	 0.000000	 -90.000000	 0.252089	 -0.052514	 0.257501	 -11.767305	 0.000000	 0.002660	 0.002660	 90.000000	 0.252089	 -0.052514	 0.257501	 -11.767305	 250494.424124	
190000.000000	 1.000000	 0.000000	 -0.000000	 0.000000	 -90.000000	 0.252560	 -0.051676	 0.257792	 -11.563717	 0.000000	 0.002641	 0.002641	 90.000000	 0.252560	 -0.051676	 0.257792	 -11.563717	 250495.874829	
185000.000000	 1.000000	 0.000000	 -0.000000	 0.000000	 -90.000000	 0.253025	 -0.050836	 0.258081	 -11.360122	 0.000000	 0.002603	 0.002603	 90.000000	 0.253025	 -0.050836	 0.258081	 -11.360122	 250497.331699	
180000.000000	 1.000000	 0.000000	 -0.000000	 0.000000	 -90.000000	 0.253506	 -0.049995	 0.258389	 -11.156402	 0.000000	 0.002405	 0.002405	 90.000000	 0.253506	 -0.049995	 0.258389	 -11.156402	 250498.772041	
175000.000000	 1.000000	 0.000000	 -0.000000	 0.000000	 -90.000000	 0.254016	 -0.049157	 0.258729	 -10.952557	 0.000000	 0.001357	 0.001357	 90.000000	 0.254016	 -0.049157	 0.258729	 -10.952557	 250500.245106	
170000.000000	 1.000000	 0.000000	 -0.000000	 0.000000	 -90.000000	 0.254508	 -0.048314	 0.259053	 -10.748652	 0.000000	 0.004659	 0.004659	 90.000000	 0.254508	 -0.048314	 0.259053	 -10.748652	 250501.726067	
165000.000000	 1.000000	 0.000000	 -0.000000	 0.000000	 -90.000000	 0.255015	 -0.047471	 0.259396	 -10.544849	 0.000000	 -0.000668	 0.000668	 -90.000000	 0.255015	 -0.047471	 0.259396	 -10.544848	 250503.171423	
160000.000000	 1.000000	 0.000000	 -0.000000	 0.000000	 -90.000000	 0.255522	 -0.046623	 0.259740	 -10.340569	 0.000000	 0.003948	 0.003948	 90.000000	 0.255522	 -0.046623	 0.259740	 -10.340569	 250504.625678	
155000.000000	 1.000000	 0.000000	 -0.000000	 0.000000	 -90.000000	 0.256058	 -0.045778	 0.260118	 -10.136216	 0.000000	 0.004856	 0.004856	 90.000000	 0.256058	 -0.045778	 0.260118	 -10.136216	 250506.075767	
150000.000000	 1.000000	 0.000000	 -0.000000	 0.000000	 -90.000000	 0.256603	 -0.044931	 0.260507	 -9.931781	 0.000000	 0.003611	 0.003611	 90.000000	 0.256603	 -0.044931	 0.260507	 -9.931780	 250507.502507	
145000.000000	 1.000000	 0.000000	 -0.000000	 0.000000	 -90.000000	 0.257162	 -0.044081	 0.260913	 -9.726773	 0.000000	 0.002393	 0.002393	 90.000000	 0.257162	 -0.044081	 0.260913	 -9.726773	 250509.016696	
140000.000000	 1.000000	 0.000000	 -0.000000	 0.000000	 -90.000000	 0.257717	 -0.043228	 0.261317	 -9.521792	 0.000000	 0.002485	 0.002485	 90.000000	 0.257717	 -0.043228	 0.261317	 -9.521792	 250510.465295	
135000.000000	 1.000000	 0.000000	 -0.000000	 0.000000	 -90.000000	 0.258299	 -0.042374	 0.261752	 -9.316299	 0.000000	 0.003624	 0.003624	 90.000000	 0.258299	 -0.042374	 0.261752	 -9.316299	 250511.903888	
130000.000000	 1.000000	 0.000000	 -0.000000	 0.000000	 -90.000000	 0.258886	 -0.041515	 0.262193	 -9.110364	 0.000000	 0.002336	 0.002336	 90.000000	 0.258886	 -0.041515	 0.262193	 -9.110364	 250513.357478	
125000.000000	 1.000000	 0.000000	 -0.000000	 0.000000	 -90.000000	 0.259482	 -0.040652	 0.262647	 -8.903810	 0.000000	 0.002421	 0.002421	 90.000000	 0.259482	 -0.040651	 0.262647	 -8.903810	 250514.767947	
120000.000000	 1.000000	 0.000000	 -0.000000	 0.000000	 -90.000000	 0.260111	 -0.039789	 0.263137	 -8.697117	 0.000000	 0.002347	 0.002347	 90.000000	 0.260111	 -0.039789	 0.263137	 -8.697116	 250516.205803	
115000.000000	 1.000000	 0.000000	 -0.000000	 0.000000	 -90.000000	 0.260742	 -0.038920	 0.263631	 -8.489583	 0.000000	 0.002513	 0.002513	 90.000000	 0.260742	 -0.038920	 0.263631	 -8.489582	 250517.648605	
110000.000000	 1.000000	 0.000000	 -0.000000	 0.000000	 -90.000000	 0.261377	 -0.038044	 0.264132	 -8.281452	 0.000000	 0.003041	 0.003041	 90.000000	 0.261377	 -0.038044	 0.264132	 -8.281455	 250519.079330	
105000.000000	 1.000000	 0.000000	 -0.000000	 0.000000	 -90.000000	 0.262042	 -0.037169	 0.264665	 -8.073094	 0.000000	 0.002301	 0.002301	 90.000000	 0.262042	 -0.037169	 0.264665	 -8.073094	 250520.522210	
100000.000000	 1.000000	 0.000000	 -0.000000	 0.000000	 -90.000000	 0.262724	 -0.036286	 0.265218	 -7.863540	 0.000000	 0.002091	 0.002091	 90.000000	 0.262724	 -0.036286	 0.265218	 -7.863540	 250521.942495	
95000.000000	 1.000000	 0.000000	 -0.000000	 0.000000	 -90.000000	 0.263456	 -0.035400	 0.265824	 -7.652975	 0.000000	 -0.001225	 0.001225	 -90.000000	 0.263456	 -0.035400	 0.265824	 -7.652975	 250523.393267	
90000.000000	 1.000000	 0.000000	 -0.000000	 0.000000	 -90.000000	 0.264219	 -0.034510	 0.266464	 -7.441440	 0.000000	 0.002313	 0.002313	 90.000000	 0.264219	 -0.034510	 0.266464	 -7.441440	 250524.836934	
85000.000000	 1.000000	 0.000000	 -0.000000	 0.000000	 -90.000000	 0.265022	 -0.033615	 0.267145	 -7.228618	 0.000000	 0.002141	 0.002141	 90.000000	 0.265022	 -0.033615	 0.267145	 -7.228618	 250526.329962	
80000.000000	 1.000000	 0.000000	 -0.000000	 0.000000	 -90.000000	 0.265846	 -0.032711	 0.267850	 -7.014681	 0.000000	 0.002235	 0.002235	 90.000000	 0.265846	 -0.032711	 0.267850	 -7.014681	 250527.788630	
75000.000000	 1.000000	 0.000000	 -0.000000	 0.000000	 -90.000000	 0.266711	 -0.031798	 0.268600	 -6.798946	 0.000000	 0.002200	 0.002200	 90.000000	 0.266711	 -0.031798	 0.268600	 -6.798946	 250529.225556	
70000.000000	 1.000000	 0.000000	 -0.000000	 0.000000	 -90.000000	 0.267589	 -0.030875	 0.269365	 -6.581839	 0.000000	 -0.000167	 0.000167	 -90.000000	 0.267589	 -0.030875	 0.269365	 -6.581839	 250530.657039	
65000.000000	 1.000000	 0.000000	 -0.000000	 0.000000	 -90.000000	 0.268557	 -0.029946	 0.270222	 -6.362522	 0.000000	 0.002207	 0.002207	 90.000000	 0.268557	 -0.029946	 0.270222	 -6.362522	 250532.105710	
60000.000000	 1.000000	 0.000000	 -0.000000	 0.000000	 -90.000000	 0.269586	 -0.029006	 0.271142	 -6.141138	 0.000000	 0.002251	 0.002251	 90.000000	 0.269586	 -0.029006	 0.271142	 -6.141138	 250533.528728	
55000.000000	 1.000000	 0.000000	 -0.000000	 0.000000	 -90.000000	 0.270701	 -0.028052	 0.272151	 -5.916191	 0.000000	 0.002106	 0.002106	 90.000000	 0.270701	 -0.028052	 0.272151	 -5.916191	 250534.959597	
50000.000000	 1.000000	 0.000000	 -0.000000	 0.000000	 -90.000000	 0.271906	 -0.027088	 0.273252	 -5.689265	 0.000000	 0.002063	 0.002063	 90.000000	 0.271906	 -0.027088	 0.273252	 -5.689267	 250536.380955	
45000.000000	 1.000000	 0.000000	 -0.000000	 0.000000	 -90.000000	 0.273203	 -0.026103	 0.274447	 -5.457799	 0.000000	 0.002077	 0.002077	 90.000000	 0.273203	 -0.026103	 0.274447	 -5.457799	 250537.828102	
40000.000000	 1.000000	 0.000000	 -0.000000	 0.000000	 -90.000000	 0.274632	 -0.025100	 0.275777	 -5.221957	 0.000000	 0.002467	 0.002467	 90.000000	 0.274632	 -0.025100	 0.275777	 -5.221958	 250539.269456	
35000.000000	 1.000000	 0.000000	 -0.000000	 0.000000	 -90.000000	 0.276224	 -0.024071	 0.277270	 -4.980274	 0.000000	 -0.001406	 0.001406	 -90.000000	 0.276224	 -0.024071	 0.277270	 -4.980274	 250540.753877	
30000.000000	 1.000000	 0.000000	 -0.000000	 0.000000	 -90.000000	 0.278032	 -0.023011	 0.278982	 -4.731234	 0.000000	 0.002599	 0.002599	 90.000000	 0.278032	 -0.023011	 0.278982	 -4.731234	 250542.213687	
25000.000000	 1.000000	 0.000000	 -0.000000	 0.000000	 -90.000000	 0.280128	 -0.021911	 0.280983	 -4.472415	 0.000000	 0.002047	 0.002047	 90.000000	 0.280128	 -0.021911	 0.280983	 -4.472415	 250543.645270	
20000.000000	 1.000000	 0.000000	 -0.000000	 0.000000	 -90.000000	 0.282628	 -0.020757	 0.283389	 -4.200449	 0.000000	 0.002387	 0.002387	 90.000000	 0.282628	 -0.020757	 0.283389	 -4.200449	 250545.084603	
15000.000000	 1.000000	 0.000000	 -0.000000	 0.000000	 -90.000000	 0.285750	 -0.019524	 0.286416	 -3.908678	 0.000000	 0.001934	 0.001934	 90.000000	 0.285750	 -0.019524	 0.286416	 -3.908636	 250546.553709	
10000.000000	 1.000000	 0.000000	 -0.000000	 0.000000	 -90.000000	 0.290010	 -0.018176	 0.290579	 -3.586198	 0.000000	 0.002669	 0.002669	 90.000000	 0.290010	 -0.018176	 0.290579	 -3.586198	 250547.995526	
5000.000000	 1.000000	 0.000000	 -0.000000	 0.000000	 -90.000000	 0.296894	 -0.016668	 0.297362	 -3.213315	 0.000000	 0.002848	 0.002848	 90.000000	 0.296894	 -0.016668	 0.297362	 -3.213315	 250549.456189	
