# Oscilator_frequency (Hz)	DemodAll_A (-)	Demod_1_X_A (A)	Demod_1_Y_A (A)	Demod_1__R_A (A)	Demod_1__Theta_A (deg)	Demod_2_X_A (A)	Demod_2_Y_A (A)	Demod_2__R_A (A)	Demod_2__Theta_A (deg)	Demod_3_X_A (V)	Demod_3_Y_A (V)	Demod_3__R_A (V)	Demod_3__Theta_A (deg)	Demod_4_X_A (V)	Demod_4_Y_A (V)	Demod_4__R_A (V)	Demod_4__Theta_A (deg)	Timer_GET (s)	
200.000000	 1.000000	 0.000000	 -0.000000	 0.000000	 -90.000000	 0.000000	 0.000000	 0.000000	 47.163248	 0.000000	 1.552041	 1.552041	 90.000000	 0.131520	 -0.008598	 0.131801	 -3.740252	 4119.417296	
199.000000	 1.000000	 0.000000	 -0.000000	 0.000000	 -90.000000	 -0.000000	 -0.000000	 0.000000	 -109.359229	 0.000000	 1.705896	 1.705896	 90.000000	 0.132181	 -0.009445	 0.132518	 -4.087273	 4120.861627	
198.000000	 1.000000	 0.000000	 -0.000000	 0.000000	 -90.000000	 0.000000	 -0.000000	 0.000000	 -1.949255	 0.000000	 1.846576	 1.846576	 90.000000	 0.132626	 -0.010498	 0.133041	 -4.525676	 4122.312182	
197.000000	 1.000000	 0.000000	 -0.000000	 0.000000	 -90.000000	 0.000000	 -0.000000	 0.000000	 -85.564086	 0.000000	 1.947905	 1.947905	 90.000000	 0.133256	 -0.011473	 0.133749	 -4.920963	 4123.779089	
196.000000	 1.000000	 0.000000	 -0.000000	 0.000000	 -90.000000	 -0.000000	 -0.000000	 0.000000	 -162.177147	 0.000000	 2.026390	 2.026390	 90.000000	 0.133756	 -0.012256	 0.134316	 -5.235261	 4125.230142	
195.000000	 1.000000	 0.000000	 -0.000000	 0.000000	 -90.000000	 -0.000000	 -0.000000	 0.000000	 -176.106711	 0.000000	 2.085691	 2.085691	 90.000000	 0.134222	 -0.013103	 0.134860	 -5.575560	 4126.699534	
194.000000	 1.000000	 0.000000	 -0.000000	 0.000000	 -90.000000	 -0.000000	 0.000000	 0.000000	 157.856017	 0.000000	 2.132720	 2.132720	 90.000000	 0.134690	 -0.013872	 0.135402	 -5.880282	 4128.160931	
193.000000	 1.000000	 0.000000	 -0.000000	 0.000000	 -90.000000	 -0.000000	 -0.000000	 0.000000	 -97.131109	 0.000000	 2.169123	 2.169123	 90.000000	 0.135044	 -0.014519	 0.135822	 -6.136527	 4129.618018	
192.000000	 1.000000	 0.000000	 -0.000000	 0.000000	 -90.000000	 0.000000	 0.000000	 0.000000	 57.135255	 0.000000	 2.198345	 2.198345	 90.000000	 0.135371	 -0.015056	 0.136206	 -6.346394	 4131.041707	
191.000000	 1.000000	 0.000000	 -0.000000	 0.000000	 -90.000000	 0.000000	 0.000000	 0.000000	 79.952761	 0.000000	 2.222094	 2.222094	 90.000000	 0.135668	 -0.015558	 0.136557	 -6.541846	 4132.503197	
190.000000	 1.000000	 0.000000	 -0.000000	 0.000000	 -90.000000	 -0.000000	 0.000000	 0.000000	 156.343403	 0.000000	 2.241836	 2.241836	 90.000000	 0.135916	 -0.016032	 0.136859	 -6.727307	 4133.996473	
189.000000	 1.000000	 0.000000	 -0.000000	 0.000000	 -90.000000	 0.000000	 0.000000	 0.000000	 68.829823	 0.000000	 2.257462	 2.257462	 90.000000	 0.136162	 -0.016429	 0.137149	 -6.879719	 4135.417548	
188.000000	 1.000000	 0.000000	 -0.000000	 0.000000	 -90.000000	 -0.000000	 0.000000	 0.000000	 157.746270	 0.000000	 2.271033	 2.271033	 90.000000	 0.136359	 -0.016762	 0.137385	 -7.008007	 4136.873054	
187.000000	 1.000000	 0.000000	 -0.000000	 0.000000	 -90.000000	 0.000000	 -0.000000	 0.000000	 -73.341275	 0.000000	 2.282474	 2.282474	 90.000000	 0.136557	 -0.017078	 0.137620	 -7.128535	 4138.323070	
186.000000	 1.000000	 0.000000	 -0.000000	 0.000000	 -90.000000	 -0.000000	 -0.000000	 0.000000	 -107.708469	 0.000000	 2.292026	 2.292026	 90.000000	 0.136722	 -0.017357	 0.137820	 -7.234921	 4139.759139	
185.000000	 1.000000	 0.000000	 -0.000000	 0.000000	 -90.000000	 -0.000000	 -0.000000	 0.000000	 -94.936922	 0.000000	 2.300621	 2.300621	 90.000000	 0.136904	 -0.017620	 0.138033	 -7.333962	 4141.221289	
184.000000	 1.000000	 0.000000	 -0.000000	 0.000000	 -90.000000	 0.000000	 0.000000	 0.000000	 45.219272	 0.000000	 2.307850	 2.307850	 90.000000	 0.137059	 -0.017848	 0.138216	 -7.419517	 4142.659862	
183.000000	 1.000000	 0.000000	 -0.000000	 0.000000	 -90.000000	 -0.000000	 -0.000000	 0.000000	 -97.061479	 0.000000	 2.314181	 2.314181	 90.000000	 0.137219	 -0.018068	 0.138404	 -7.501287	 4144.103892	
182.000000	 1.000000	 0.000000	 -0.000000	 0.000000	 -90.000000	 -0.000000	 0.000000	 0.000000	 156.864151	 0.000000	 2.319728	 2.319728	 90.000000	 0.137361	 -0.018295	 0.138574	 -7.586416	 4145.562807	
181.000000	 1.000000	 0.000000	 -0.000000	 0.000000	 -90.000000	 -0.000000	 -0.000000	 0.000000	 -116.342370	 0.000000	 2.324735	 2.324735	 90.000000	 0.137464	 -0.018485	 0.138701	 -7.658623	 4146.999316	
180.000000	 1.000000	 0.000000	 -0.000000	 0.000000	 -90.000000	 -0.000000	 0.000000	 0.000000	 109.637027	 0.000000	 2.329341	 2.329341	 90.000000	 0.137601	 -0.018679	 0.138863	 -7.730506	 4148.448938	
179.000000	 1.000000	 0.000000	 -0.000000	 0.000000	 -90.000000	 0.000000	 0.000000	 0.000000	 30.506897	 0.000000	 2.333226	 2.333226	 90.000000	 0.137756	 -0.018840	 0.139039	 -7.787665	 4149.891688	
178.000000	 1.000000	 0.000000	 -0.000000	 0.000000	 -90.000000	 0.000000	 -0.000000	 0.000000	 -14.448122	 0.000000	 2.336773	 2.336773	 90.000000	 0.137857	 -0.019005	 0.139161	 -7.849516	 4151.324799	
177.000000	 1.000000	 0.000000	 -0.000000	 0.000000	 -90.000000	 0.000000	 0.000000	 0.000000	 55.735306	 0.000000	 2.339816	 2.339816	 90.000000	 0.137976	 -0.019155	 0.139299	 -7.903660	 4152.768456	
176.000000	 1.000000	 0.000000	 -0.000000	 0.000000	 -90.000000	 0.000000	 0.000000	 0.000000	 11.306796	 0.000000	 2.342791	 2.342791	 90.000000	 0.138091	 -0.019322	 0.139436	 -7.965363	 4154.247979	
175.000000	 1.000000	 0.000000	 -0.000000	 0.000000	 -90.000000	 0.000000	 0.000000	 0.000000	 27.271767	 0.000000	 2.345524	 2.345524	 90.000000	 0.138213	 -0.019465	 0.139577	 -8.016589	 4155.721965	
174.000000	 1.000000	 0.000000	 -0.000000	 0.000000	 -90.000000	 -0.000000	 0.000000	 0.000000	 132.071375	 0.000000	 2.348028	 2.348028	 90.000000	 0.138318	 -0.019595	 0.139699	 -8.063424	 4157.139366	
173.000000	 1.000000	 0.000000	 -0.000000	 0.000000	 -90.000000	 -0.000000	 -0.000000	 0.000000	 -150.850042	 0.000000	 2.349984	 2.349984	 90.000000	 0.138430	 -0.019760	 0.139833	 -8.123697	 4158.585762	
172.000000	 1.000000	 0.000000	 -0.000000	 0.000000	 -90.000000	 -0.000000	 0.000000	 0.000000	 176.392434	 0.000000	 2.349977	 2.349977	 90.000000	 0.138523	 -0.019869	 0.139941	 -8.162645	 4160.007797	
171.000000	 1.000000	 0.000000	 -0.000000	 0.000000	 -90.000000	 -0.000000	 0.000000	 0.000000	 166.992337	 0.000000	 2.359984	 2.359984	 90.000000	 0.138668	 -0.020141	 0.140123	 -8.264230	 4161.468577	
170.000000	 1.000000	 0.000000	 -0.000000	 0.000000	 -90.000000	 -0.000000	 -0.000000	 0.000000	 -137.694161	 0.000000	 2.354664	 2.354664	 90.000000	 0.138758	 -0.020126	 0.140210	 -8.253031	 4162.919313	
169.000000	 1.000000	 0.000000	 -0.000000	 0.000000	 -90.000000	 0.000000	 -0.000000	 0.000000	 -40.121804	 0.000000	 2.362660	 2.362660	 90.000000	 0.138921	 -0.020388	 0.140409	 -8.349275	 4164.385133	
168.000000	 1.000000	 0.000000	 -0.000000	 0.000000	 -90.000000	 -0.000000	 -0.000000	 0.000000	 -135.022763	 0.000000	 2.360058	 2.360058	 90.000000	 0.138986	 -0.020412	 0.140477	 -8.354740	 4165.838733	
167.000000	 1.000000	 0.000000	 -0.000000	 0.000000	 -90.000000	 -0.000000	 0.000000	 0.000000	 170.540478	 0.000000	 2.359747	 2.359747	 90.000000	 0.139052	 -0.020515	 0.140557	 -8.392776	 4167.276586	
166.000000	 1.000000	 0.000000	 -0.000000	 0.000000	 -90.000000	 -0.000000	 -0.000000	 0.000000	 -153.930793	 0.000000	 2.361155	 2.361155	 90.000000	 0.139164	 -0.020621	 0.140684	 -8.428458	 4168.715628	
165.000000	 1.000000	 0.000000	 -0.000000	 0.000000	 -90.000000	 -0.000000	 0.000000	 0.000000	 115.663778	 0.000000	 2.362389	 2.362389	 90.000000	 0.139246	 -0.020761	 0.140785	 -8.480109	 4170.165439	
164.000000	 1.000000	 0.000000	 -0.000000	 0.000000	 -90.000000	 -0.000000	 -0.000000	 0.000000	 -113.827233	 0.000000	 2.363376	 2.363376	 90.000000	 0.139385	 -0.020891	 0.140942	 -8.523941	 4171.624463	
163.000000	 1.000000	 0.000000	 -0.000000	 0.000000	 -90.000000	 0.000000	 -0.000000	 0.000000	 -10.918460	 0.000000	 2.364352	 2.364352	 90.000000	 0.139470	 -0.020985	 0.141040	 -8.556736	 4173.054884	
162.000000	 1.000000	 0.000000	 -0.000000	 0.000000	 -90.000000	 -0.000000	 -0.000000	 0.000000	 -149.421377	 0.000000	 2.365196	 2.365196	 90.000000	 0.139599	 -0.021083	 0.141182	 -8.588400	 4174.515452	
161.000000	 1.000000	 0.000000	 -0.000000	 0.000000	 -90.000000	 -0.000000	 -0.000000	 0.000000	 -144.531046	 0.000000	 2.366167	 2.366167	 90.000000	 0.139694	 -0.021217	 0.141296	 -8.636357	 4175.942594	
160.000000	 1.000000	 0.000000	 -0.000000	 0.000000	 -90.000000	 -0.000000	 -0.000000	 0.000000	 -120.878327	 0.000000	 2.367037	 2.367037	 90.000000	 0.139797	 -0.021377	 0.141422	 -8.693995	 4177.409260	
159.000000	 1.000000	 0.000000	 -0.000000	 0.000000	 -90.000000	 -0.000000	 -0.000000	 0.000000	 -138.496588	 0.000000	 2.367727	 2.367727	 90.000000	 0.139864	 -0.021462	 0.141501	 -8.723932	 4178.846975	
158.000000	 1.000000	 0.000000	 -0.000000	 0.000000	 -90.000000	 -0.000000	 0.000000	 0.000000	 145.680234	 0.000000	 2.368449	 2.368449	 90.000000	 0.139988	 -0.021631	 0.141649	 -8.783804	 4180.303552	
157.000000	 1.000000	 0.000000	 -0.000000	 0.000000	 -90.000000	 -0.000000	 -0.000000	 0.000000	 -158.711023	 0.000000	 2.369097	 2.369097	 90.000000	 0.140034	 -0.021526	 0.141678	 -8.738931	 4181.740345	
156.000000	 1.000000	 0.000000	 -0.000000	 0.000000	 -90.000000	 0.000000	 -0.000000	 0.000000	 -62.710346	 0.000000	 2.369678	 2.369678	 90.000000	 0.140140	 -0.021574	 0.141791	 -8.751841	 4183.197391	
155.000000	 1.000000	 0.000000	 -0.000000	 0.000000	 -90.000000	 0.000000	 0.000000	 0.000000	 28.156890	 0.000000	 2.370421	 2.370421	 90.000000	 0.140611	 -0.022118	 0.142340	 -8.939410	 4184.647500	
154.000000	 1.000000	 0.000000	 -0.000000	 0.000000	 -90.000000	 0.000000	 -0.000000	 0.000000	 -12.843690	 0.000000	 2.371026	 2.371026	 90.000000	 0.140312	 -0.022429	 0.142093	 -9.082109	 4186.096724	
153.000000	 1.000000	 0.000000	 -0.000000	 0.000000	 -90.000000	 -0.000000	 -0.000000	 0.000000	 -103.612037	 0.000000	 2.371516	 2.371516	 90.000000	 0.141156	 -0.021823	 0.142833	 -8.788328	 4187.546493	
152.000000	 1.000000	 0.000000	 -0.000000	 0.000000	 -90.000000	 -0.000000	 -0.000000	 0.000000	 -172.283348	 0.000000	 2.372056	 2.372056	 90.000000	 0.141070	 -0.022898	 0.142916	 -9.219818	 4189.016737	
151.000000	 1.000000	 0.000000	 -0.000000	 0.000000	 -90.000000	 0.000000	 0.000000	 0.000000	 76.263101	 0.000000	 2.372615	 2.372615	 90.000000	 0.141620	 -0.021991	 0.143317	 -8.826345	 4190.489085	
150.000000	 1.000000	 0.000000	 -0.000000	 0.000000	 -90.000000	 0.000000	 -0.000000	 0.000000	 -53.326911	 0.000000	 2.373071	 2.373071	 90.000000	 0.140766	 -0.023357	 0.142691	 -9.421109	 4191.948434	
149.000000	 1.000000	 0.000000	 -0.000000	 0.000000	 -90.000000	 -0.000000	 -0.000000	 0.000000	 -127.042300	 0.000000	 2.373469	 2.373469	 90.000000	 0.141525	 -0.023287	 0.143428	 -9.344045	 4193.390630	
148.000000	 1.000000	 0.000000	 -0.000000	 0.000000	 -90.000000	 -0.000000	 -0.000000	 0.000000	 -173.674101	 0.000000	 2.374007	 2.374007	 90.000000	 0.140443	 -0.022284	 0.142200	 -9.015992	 4194.834204	
147.000000	 1.000000	 0.000000	 -0.000000	 0.000000	 -90.000000	 -0.000000	 0.000000	 0.000000	 128.076435	 0.000000	 2.374465	 2.374465	 90.000000	 0.140660	 -0.022504	 0.142449	 -9.089450	 4196.292634	
146.000000	 1.000000	 0.000000	 -0.000000	 0.000000	 -90.000000	 -0.000000	 0.000000	 0.000000	 99.489613	 0.000000	 2.374666	 2.374666	 90.000000	 0.141823	 -0.023111	 0.143694	 -9.255509	 4197.742020	
145.000000	 1.000000	 0.000000	 -0.000000	 0.000000	 -90.000000	 -0.000000	 -0.000000	 0.000000	 -109.495796	 0.000000	 2.374987	 2.374987	 90.000000	 0.141724	 -0.023284	 0.143624	 -9.329925	 4199.184128	
144.000000	 1.000000	 0.000000	 -0.000000	 0.000000	 -90.000000	 0.000000	 -0.000000	 0.000000	 -52.195976	 0.000000	 2.375150	 2.375150	 90.000000	 0.141689	 -0.022863	 0.143522	 -9.166397	 4200.650511	
143.000000	 1.000000	 0.000000	 -0.000000	 0.000000	 -90.000000	 -0.000000	 -0.000000	 0.000000	 -177.000759	 0.000000	 2.376107	 2.376107	 90.000000	 0.141796	 -0.023079	 0.143662	 -9.244377	 4202.108317	
142.000000	 1.000000	 0.000000	 -0.000000	 0.000000	 -90.000000	 -0.000000	 -0.000000	 0.000000	 -97.158575	 0.000000	 2.374554	 2.374554	 90.000000	 0.141817	 -0.023223	 0.143706	 -9.299846	 4203.515960	
141.000000	 1.000000	 0.000000	 -0.000000	 0.000000	 -90.000000	 -0.000000	 0.000000	 0.000000	 176.774432	 0.000000	 2.374992	 2.374992	 90.000000	 0.142027	 -0.023354	 0.143934	 -9.337668	 4204.963449	
140.000000	 1.000000	 0.000000	 -0.000000	 0.000000	 -90.000000	 -0.000000	 -0.000000	 0.000000	 -140.564445	 0.000000	 2.377248	 2.377248	 90.000000	 0.142108	 -0.023504	 0.144038	 -9.391274	 4206.416393	
139.000000	 1.000000	 0.000000	 -0.000000	 0.000000	 -90.000000	 -0.000000	 -0.000000	 0.000000	 -145.856523	 0.000000	 2.376548	 2.376548	 90.000000	 0.142237	 -0.023649	 0.144190	 -9.440098	 4207.861805	
138.000000	 1.000000	 0.000000	 -0.000000	 0.000000	 -90.000000	 0.000000	 -0.000000	 0.000000	 -75.494487	 0.000000	 2.376786	 2.376786	 90.000000	 0.142370	 -0.023771	 0.144341	 -9.479108	 4209.307683	
137.000000	 1.000000	 0.000000	 -0.000000	 0.000000	 -90.000000	 -0.000000	 0.000000	 0.000000	 140.439852	 0.000000	 2.377157	 2.377157	 90.000000	 0.142487	 -0.023893	 0.144476	 -9.519117	 4210.739807	
136.000000	 1.000000	 0.000000	 -0.000000	 0.000000	 -90.000000	 -0.000000	 0.000000	 0.000000	 108.437980	 0.000000	 2.377394	 2.377394	 90.000000	 0.142633	 -0.023995	 0.144637	 -9.549385	 4212.177128	
135.000000	 1.000000	 0.000000	 -0.000000	 0.000000	 -90.000000	 -0.000000	 -0.000000	 0.000000	 -169.825813	 0.000000	 2.377501	 2.377501	 90.000000	 0.142718	 -0.024108	 0.144740	 -9.587709	 4213.665501	
134.000000	 1.000000	 0.000000	 -0.000000	 0.000000	 -90.000000	 -0.000000	 0.000000	 0.000000	 124.932274	 0.000000	 2.377776	 2.377776	 90.000000	 0.142894	 -0.024213	 0.144931	 -9.617176	 4215.104052	
133.000000	 1.000000	 0.000000	 -0.000000	 0.000000	 -90.000000	 -0.000000	 0.000000	 0.000000	 142.603648	 0.000000	 2.377835	 2.377835	 90.000000	 0.143008	 -0.024328	 0.145062	 -9.654354	 4216.556428	
132.000000	 1.000000	 0.000000	 -0.000000	 0.000000	 -90.000000	 0.000000	 -0.000000	 0.000000	 -50.208113	 0.000000	 2.378150	 2.378150	 90.000000	 0.143175	 -0.024466	 0.145251	 -9.697133	 4217.992517	
131.000000	 1.000000	 0.000000	 -0.000000	 0.000000	 -90.000000	 -0.000000	 0.000000	 0.000000	 130.765673	 0.000000	 2.378329	 2.378329	 90.000000	 0.143289	 -0.024554	 0.145378	 -9.723626	 4219.452954	
130.000000	 1.000000	 0.000000	 -0.000000	 0.000000	 -90.000000	 0.000000	 0.000000	 0.000000	 49.102736	 0.000000	 2.378515	 2.378515	 90.000000	 0.143444	 -0.024698	 0.145554	 -9.769304	 4220.893253	
129.000000	 1.000000	 0.000000	 -0.000000	 0.000000	 -90.000000	 -0.000000	 0.000000	 0.000000	 130.129068	 0.000000	 2.378663	 2.378663	 90.000000	 0.143589	 -0.024822	 0.145719	 -9.807809	 4222.310333	
128.000000	 1.000000	 0.000000	 -0.000000	 0.000000	 -90.000000	 0.000000	 -0.000000	 0.000000	 -1.662954	 0.000000	 2.378879	 2.378879	 90.000000	 0.143709	 -0.024919	 0.145853	 -9.837075	 4223.742535	
127.000000	 1.000000	 0.000000	 -0.000000	 0.000000	 -90.000000	 0.000000	 -0.000000	 0.000000	 -50.917193	 0.000000	 2.379076	 2.379076	 90.000000	 0.143864	 -0.025063	 0.146030	 -9.882518	 4225.183430	
126.000000	 1.000000	 0.000000	 -0.000000	 0.000000	 -90.000000	 -0.000000	 0.000000	 0.000000	 120.448487	 0.000000	 2.379147	 2.379147	 90.000000	 0.143984	 -0.025182	 0.146170	 -9.920287	 4226.589733	
125.000000	 1.000000	 0.000000	 -0.000000	 0.000000	 -90.000000	 0.000000	 -0.000000	 0.000000	 -59.172691	 0.000000	 2.379175	 2.379175	 90.000000	 0.144149	 -0.025302	 0.146353	 -9.955688	 4228.043622	
124.000000	 1.000000	 0.000000	 -0.000000	 0.000000	 -90.000000	 -0.000000	 0.000000	 0.000000	 100.589160	 0.000000	 2.379369	 2.379369	 90.000000	 0.144292	 -0.025407	 0.146511	 -9.986266	 4229.518145	
123.000000	 1.000000	 0.000000	 -0.000000	 0.000000	 -90.000000	 0.000000	 0.000000	 0.000000	 70.189411	 0.000000	 2.379407	 2.379407	 90.000000	 0.144441	 -0.025541	 0.146682	 -10.027791	 4230.968203	
122.000000	 1.000000	 0.000000	 -0.000000	 0.000000	 -90.000000	 0.000000	 0.000000	 0.000000	 25.871590	 0.000000	 2.379527	 2.379527	 90.000000	 0.144604	 -0.025654	 0.146862	 -10.060018	 4232.420078	
121.000000	 1.000000	 0.000000	 -0.000000	 0.000000	 -90.000000	 -0.000000	 0.000000	 0.000000	 166.880673	 0.000000	 2.381781	 2.381781	 90.000000	 0.144825	 -0.025862	 0.147116	 -10.124685	 4233.858021	
120.000000	 1.000000	 0.000000	 -0.000000	 0.000000	 -90.000000	 -0.000000	 0.000000	 0.000000	 113.602515	 0.000000	 2.379384	 2.379384	 90.000000	 0.144911	 -0.025904	 0.147208	 -10.135013	 4235.358573	
119.000000	 1.000000	 0.000000	 -0.000000	 0.000000	 -90.000000	 0.000000	 0.000000	 0.000000	 34.551830	 0.000000	 2.380538	 2.380538	 90.000000	 0.145096	 -0.026042	 0.147414	 -10.175029	 4236.796933	
118.000000	 1.000000	 0.000000	 -0.000000	 0.000000	 -90.000000	 -0.000000	 -0.000000	 0.000000	 -179.471140	 0.000000	 2.380347	 2.380347	 90.000000	 0.145260	 -0.026187	 0.147601	 -10.219242	 4238.231878	
117.000000	 1.000000	 0.000000	 -0.000000	 0.000000	 -90.000000	 0.000000	 0.000000	 0.000000	 30.726651	 0.000000	 2.379949	 2.379949	 90.000000	 0.145402	 -0.026274	 0.147757	 -10.242927	 4239.659751	
116.000000	 1.000000	 0.000000	 -0.000000	 0.000000	 -90.000000	 0.000000	 -0.000000	 0.000000	 -88.180387	 0.000000	 2.380095	 2.380095	 90.000000	 0.145596	 -0.026409	 0.147971	 -10.280808	 4241.103704	
115.000000	 1.000000	 0.000000	 -0.000000	 0.000000	 -90.000000	 -0.000000	 0.000000	 0.000000	 172.608240	 0.000000	 2.380155	 2.380155	 90.000000	 0.145753	 -0.026568	 0.148154	 -10.330500	 4242.543509	
114.000000	 1.000000	 0.000000	 -0.000000	 0.000000	 -90.000000	 0.000000	 -0.000000	 0.000000	 -1.061265	 0.000000	 2.380106	 2.380106	 90.000000	 0.145909	 -0.026663	 0.148325	 -10.355658	 4243.960116	
113.000000	 1.000000	 0.000000	 -0.000000	 0.000000	 -90.000000	 0.000000	 0.000000	 0.000000	 40.336614	 0.000000	 2.380189	 2.380189	 90.000000	 0.146075	 -0.026777	 0.148509	 -10.387661	 4245.426192	
112.000000	 1.000000	 0.000000	 -0.000000	 0.000000	 -90.000000	 0.000000	 -0.000000	 0.000000	 -47.859891	 0.000000	 2.380236	 2.380236	 90.000000	 0.146268	 -0.026965	 0.148733	 -10.445491	 4246.877462	
111.000000	 1.000000	 0.000000	 -0.000000	 0.000000	 -90.000000	 0.000000	 -0.000000	 0.000000	 -60.414980	 0.000000	 2.379538	 2.379538	 90.000000	 0.146427	 -0.027074	 0.148909	 -10.475691	 4248.366628	
110.000000	 1.000000	 0.000000	 -0.000000	 0.000000	 -90.000000	 0.000000	 -0.000000	 0.000000	 -72.020811	 0.000000	 2.380315	 2.380315	 90.000000	 0.146617	 -0.027179	 0.149115	 -10.502037	 4249.786767	
109.000000	 1.000000	 0.000000	 -0.000000	 0.000000	 -90.000000	 0.000000	 0.000000	 0.000000	 65.475856	 0.000000	 2.383089	 2.383089	 90.000000	 0.146847	 -0.027440	 0.149389	 -10.584090	 4251.204852	
108.000000	 1.000000	 0.000000	 -0.000000	 0.000000	 -90.000000	 0.000000	 0.000000	 0.000000	 23.616402	 0.000000	 2.380948	 2.380948	 90.000000	 0.147017	 -0.027501	 0.149567	 -10.595488	 4252.658403	
107.000000	 1.000000	 0.000000	 -0.000000	 0.000000	 -90.000000	 -0.000000	 0.000000	 0.000000	 128.096787	 0.000000	 2.380479	 2.380479	 90.000000	 0.147144	 -0.027593	 0.149709	 -10.621145	 4254.105696	
106.000000	 1.000000	 0.000000	 -0.000000	 0.000000	 -90.000000	 0.000000	 -0.000000	 0.000000	 -89.658142	 0.000000	 2.380716	 2.380716	 90.000000	 0.147340	 -0.027748	 0.149930	 -10.665394	 4255.547405	
105.000000	 1.000000	 0.000000	 -0.000000	 0.000000	 -90.000000	 -0.000000	 -0.000000	 0.000000	 -172.476274	 0.000000	 2.380301	 2.380301	 90.000000	 0.147610	 -0.027860	 0.150216	 -10.688205	 4256.992451	
104.000000	 1.000000	 0.000000	 -0.000000	 0.000000	 -90.000000	 -0.000000	 0.000000	 0.000000	 152.409542	 0.000000	 2.379300	 2.379300	 90.000000	 0.147742	 -0.027919	 0.150357	 -10.701182	 4258.404747	
103.000000	 1.000000	 0.000000	 -0.000000	 0.000000	 -90.000000	 -0.000000	 -0.000000	 0.000000	 -158.036984	 0.000000	 2.380954	 2.380954	 90.000000	 0.147940	 -0.028287	 0.150620	 -10.824781	 4259.842313	
102.000000	 1.000000	 0.000000	 -0.000000	 0.000000	 -90.000000	 0.000000	 0.000000	 0.000000	 50.023115	 0.000000	 2.383382	 2.383382	 90.000000	 0.148102	 -0.028449	 0.150809	 -10.873482	 4261.301784	
101.000000	 1.000000	 0.000000	 -0.000000	 0.000000	 -90.000000	 0.000000	 0.000000	 0.000000	 3.823370	 0.000000	 2.378221	 2.378221	 90.000000	 0.148467	 -0.028512	 0.151180	 -10.870901	 4262.738754	
100.000000	 1.000000	 0.000000	 -0.000000	 0.000000	 -90.000000	 0.000000	 -0.000000	 0.000000	 -49.076356	 0.000000	 2.382002	 2.382002	 90.000000	 0.148499	 -0.028752	 0.151257	 -10.958067	 4264.171789	
99.000000	 1.000000	 0.000000	 -0.000000	 0.000000	 -90.000000	 0.000000	 0.000000	 0.000000	 75.249447	 0.000000	 2.379772	 2.379772	 90.000000	 0.148857	 -0.028855	 0.151628	 -10.970509	 4265.609903	
98.000000	 1.000000	 0.000000	 -0.000000	 0.000000	 -90.000000	 -0.000000	 0.000000	 0.000000	 93.770378	 0.000000	 2.380527	 2.380527	 90.000000	 0.148848	 -0.028835	 0.151616	 -10.963594	 4267.056118	
97.000000	 1.000000	 0.000000	 -0.000000	 0.000000	 -90.000000	 -0.000000	 0.000000	 0.000000	 91.073171	 0.000000	 2.380787	 2.380787	 90.000000	 0.149123	 -0.029081	 0.151932	 -11.034802	 4268.511505	
96.000000	 1.000000	 0.000000	 -0.000000	 0.000000	 -90.000000	 0.000000	 -0.000000	 0.000000	 -63.018804	 0.000000	 2.380538	 2.380538	 90.000000	 0.149486	 -0.029094	 0.152291	 -11.013638	 4269.972469	
95.000000	 1.000000	 0.000000	 -0.000000	 0.000000	 -90.000000	 -0.000000	 -0.000000	 0.000000	 -109.376546	 0.000000	 2.380917	 2.380917	 90.000000	 0.149746	 -0.029278	 0.152582	 -11.062746	 4271.443823	
94.000000	 1.000000	 0.000000	 -0.000000	 0.000000	 -90.000000	 -0.000000	 0.000000	 0.000000	 151.010139	 0.000000	 2.380649	 2.380649	 90.000000	 0.149898	 -0.029487	 0.152771	 -11.128653	 4272.885378	
93.000000	 1.000000	 0.000000	 -0.000000	 0.000000	 -90.000000	 0.000000	 0.000000	 0.000000	 85.792395	 0.000000	 2.382855	 2.382855	 90.000000	 0.150199	 -0.029685	 0.153105	 -11.179808	 4274.306403	
92.000000	 1.000000	 0.000000	 -0.000000	 0.000000	 -90.000000	 -0.000000	 -0.000000	 0.000000	 -98.355536	 0.000000	 2.382151	 2.382151	 90.000000	 0.150397	 -0.029826	 0.153326	 -11.217095	 4275.724268	
91.000000	 1.000000	 0.000000	 -0.000000	 0.000000	 -90.000000	 0.000000	 -0.000000	 0.000000	 -26.741314	 0.000000	 2.378700	 2.378700	 90.000000	 0.150655	 -0.029920	 0.153597	 -11.232714	 4277.134732	
90.000000	 1.000000	 0.000000	 -0.000000	 0.000000	 -90.000000	 0.000000	 0.000000	 0.000000	 74.012816	 0.000000	 2.381321	 2.381321	 90.000000	 0.150958	 -0.030109	 0.153932	 -11.279933	 4278.553198	
89.000000	 1.000000	 0.000000	 -0.000000	 0.000000	 -90.000000	 -0.000000	 0.000000	 0.000000	 119.391391	 0.000000	 2.380820	 2.380820	 90.000000	 0.151158	 -0.030242	 0.154154	 -11.313836	 4279.992408	
88.000000	 1.000000	 0.000000	 -0.000000	 0.000000	 -90.000000	 0.000000	 -0.000000	 0.000000	 -88.372911	 0.000000	 2.380713	 2.380713	 90.000000	 0.151443	 -0.030438	 0.154472	 -11.364294	 4281.439012	
87.000000	 1.000000	 0.000000	 -0.000000	 0.000000	 -90.000000	 0.000000	 0.000000	 0.000000	 60.868325	 0.000000	 2.380620	 2.380620	 90.000000	 0.151761	 -0.030598	 0.154815	 -11.399068	 4282.878044	
86.000000	 1.000000	 0.000000	 -0.000000	 0.000000	 -90.000000	 -0.000000	 -0.000000	 0.000000	 -122.446170	 0.000000	 2.380774	 2.380774	 90.000000	 0.151992	 -0.030739	 0.155070	 -11.433292	 4284.310377	
85.000000	 1.000000	 0.000000	 -0.000000	 0.000000	 -90.000000	 0.000000	 -0.000000	 0.000000	 -46.569856	 0.000000	 2.380704	 2.380704	 90.000000	 0.152326	 -0.030811	 0.155411	 -11.435090	 4285.743447	
84.000000	 1.000000	 0.000000	 -0.000000	 0.000000	 -90.000000	 0.000000	 -0.000000	 0.000000	 -31.629090	 0.000000	 2.380758	 2.380758	 90.000000	 0.152636	 -0.031048	 0.155761	 -11.497957	 4287.156589	
83.000000	 1.000000	 0.000000	 -0.000000	 0.000000	 -90.000000	 0.000000	 -0.000000	 0.000000	 -33.214209	 0.000000	 2.380495	 2.380495	 90.000000	 0.152865	 -0.031219	 0.156020	 -11.542759	 4288.588650	
82.000000	 1.000000	 0.000000	 -0.000000	 0.000000	 -90.000000	 -0.000000	 0.000000	 0.000000	 102.531701	 0.000000	 2.380784	 2.380784	 90.000000	 0.153189	 -0.031458	 0.156386	 -11.604618	 4290.050640	
81.000000	 1.000000	 0.000000	 -0.000000	 0.000000	 -90.000000	 0.000000	 -0.000000	 0.000000	 -85.944956	 0.000000	 2.380736	 2.380736	 90.000000	 0.153405	 -0.031581	 0.156622	 -11.632933	 4291.483425	
80.000000	 1.000000	 0.000000	 -0.000000	 0.000000	 -90.000000	 0.000000	 0.000000	 0.000000	 32.604353	 0.000000	 2.380815	 2.380815	 90.000000	 0.153752	 -0.031822	 0.157011	 -11.693420	 4292.924040	
79.000000	 1.000000	 0.000000	 -0.000000	 0.000000	 -90.000000	 0.000000	 0.000000	 0.000000	 22.767919	 0.000000	 2.380719	 2.380719	 90.000000	 0.154078	 -0.031786	 0.157322	 -11.656536	 4294.342292	
78.000000	 1.000000	 0.000000	 -0.000000	 0.000000	 -90.000000	 0.000000	 0.000000	 0.000000	 16.630447	 0.000000	 2.380590	 2.380590	 90.000000	 0.154453	 -0.032160	 0.157765	 -11.761844	 4295.778488	
77.000000	 1.000000	 0.000000	 -0.000000	 0.000000	 -90.000000	 0.000000	 0.000000	 0.000000	 66.082766	 0.000000	 2.380593	 2.380593	 90.000000	 0.154713	 -0.032266	 0.158042	 -11.780366	 4297.234867	
76.000000	 1.000000	 0.000000	 -0.000000	 0.000000	 -90.000000	 0.000000	 0.000000	 0.000000	 58.429377	 0.000000	 2.380566	 2.380566	 90.000000	 0.154981	 -0.032433	 0.158338	 -11.819822	 4298.644784	
75.000000	 1.000000	 0.000000	 -0.000000	 0.000000	 -90.000000	 0.000000	 -0.000000	 0.000000	 -11.814416	 0.000000	 2.380575	 2.380575	 90.000000	 0.155338	 -0.032498	 0.158701	 -11.816323	 4300.111760	
74.000000	 1.000000	 0.000000	 -0.000000	 0.000000	 -90.000000	 0.000000	 0.000000	 0.000000	 49.849027	 0.000000	 2.380642	 2.380642	 90.000000	 0.155792	 -0.032687	 0.159184	 -11.849501	 4301.600245	
73.000000	 1.000000	 0.000000	 -0.000000	 0.000000	 -90.000000	 0.000000	 0.000000	 0.000000	 42.223168	 0.000000	 2.380729	 2.380729	 90.000000	 0.156115	 -0.032969	 0.159558	 -11.924646	 4303.041681	
72.000000	 1.000000	 0.000000	 -0.000000	 0.000000	 -90.000000	 -0.000000	 -0.000000	 0.000000	 -118.613927	 0.000000	 2.380640	 2.380640	 90.000000	 0.156408	 -0.033110	 0.159874	 -11.952546	 4304.489450	
71.000000	 1.000000	 0.000000	 -0.000000	 0.000000	 -90.000000	 -0.000000	 -0.000000	 0.000000	 -165.752735	 0.000000	 2.380604	 2.380604	 90.000000	 0.156961	 -0.033356	 0.160466	 -11.997709	 4305.919988	
70.000000	 1.000000	 0.000000	 -0.000000	 0.000000	 -90.000000	 0.000000	 -0.000000	 0.000000	 -41.463334	 0.000000	 2.380585	 2.380585	 90.000000	 0.157081	 -0.033475	 0.160609	 -12.030278	 4307.393065	
69.000000	 1.000000	 0.000000	 -0.000000	 0.000000	 -90.000000	 0.000000	 -0.000000	 0.000000	 -18.551422	 0.000000	 2.380539	 2.380539	 90.000000	 0.157621	 -0.033645	 0.161172	 -12.049385	 4308.831263	
68.000000	 1.000000	 0.000000	 -0.000000	 0.000000	 -90.000000	 -0.000000	 -0.000000	 0.000000	 -101.703423	 0.000000	 2.380522	 2.380522	 90.000000	 0.157907	 -0.033731	 0.161469	 -12.057964	 4310.240982	
67.000000	 1.000000	 0.000000	 -0.000000	 0.000000	 -90.000000	 -0.000000	 0.000000	 0.000000	 91.847846	 0.000000	 2.380442	 2.380442	 90.000000	 0.158325	 -0.033863	 0.161905	 -12.072616	 4311.663428	
66.000000	 1.000000	 0.000000	 -0.000000	 0.000000	 -90.000000	 -0.000000	 0.000000	 0.000000	 107.639410	 0.000000	 2.380454	 2.380454	 90.000000	 0.158837	 -0.034124	 0.162461	 -12.124843	 4313.103130	
65.000000	 1.000000	 0.000000	 -0.000000	 0.000000	 -90.000000	 0.000000	 -0.000000	 0.000000	 -70.120168	 0.000000	 2.380392	 2.380392	 90.000000	 0.159091	 -0.034368	 0.162760	 -12.190175	 4314.513143	
64.000000	 1.000000	 0.000000	 -0.000000	 0.000000	 -90.000000	 -0.000000	 0.000000	 0.000000	 123.796385	 0.000000	 2.380417	 2.380417	 90.000000	 0.159488	 -0.034477	 0.163172	 -12.198274	 4315.917666	
63.000000	 1.000000	 0.000000	 -0.000000	 0.000000	 -90.000000	 -0.000000	 -0.000000	 0.000000	 -104.945021	 0.000000	 2.380357	 2.380357	 90.000000	 0.160305	 -0.034693	 0.164016	 -12.211633	 4317.336824	
62.000000	 1.000000	 0.000000	 -0.000000	 0.000000	 -90.000000	 0.000000	 -0.000000	 0.000000	 -10.191184	 0.000000	 2.380342	 2.380342	 90.000000	 0.160299	 -0.034799	 0.164032	 -12.248241	 4318.774513	
61.000000	 1.000000	 0.000000	 -0.000000	 0.000000	 -90.000000	 0.000000	 -0.000000	 0.000000	 -35.620354	 0.000000	 2.380371	 2.380371	 90.000000	 0.161661	 -0.036069	 0.165636	 -12.577535	 4320.288282	
60.000000	 1.000000	 0.000000	 -0.000000	 0.000000	 -90.000000	 0.000000	 0.000000	 0.000000	 4.069493	 0.000000	 2.380341	 2.380341	 90.000000	 0.160771	 -0.034211	 0.164371	 -12.013133	 4321.695618	
59.000000	 1.000000	 0.000000	 -0.000000	 0.000000	 -90.000000	 -0.000000	 0.000000	 0.000000	 168.961750	 0.000000	 2.380261	 2.380261	 90.000000	 0.162584	 -0.032649	 0.165830	 -11.354609	 4323.148974	
58.000000	 1.000000	 0.000000	 -0.000000	 0.000000	 -90.000000	 -0.000000	 0.000000	 0.000000	 175.659809	 0.000000	 2.380425	 2.380425	 90.000000	 0.157946	 -0.033677	 0.161497	 -12.036146	 4324.584305	
57.000000	 1.000000	 0.000000	 -0.000000	 0.000000	 -90.000000	 -0.000000	 0.000000	 0.000000	 161.607063	 0.000000	 2.380012	 2.380012	 90.000000	 0.170595	 -0.034352	 0.174019	 -11.385028	 4326.040860	
56.000000	 1.000000	 0.000000	 -0.000000	 0.000000	 -90.000000	 -0.000000	 -0.000000	 0.000000	 -91.391613	 0.000000	 2.379614	 2.379614	 90.000000	 0.175421	 -0.037797	 0.179447	 -12.159472	 4327.498986	
55.000000	 1.000000	 0.000000	 -0.000000	 0.000000	 -90.000000	 -0.000000	 0.000000	 0.000000	 133.448791	 0.000000	 2.380710	 2.380710	 90.000000	 0.146899	 -0.039900	 0.152221	 -15.195956	 4328.958760	
54.000000	 1.000000	 0.000000	 -0.000000	 0.000000	 -90.000000	 0.000000	 -0.000000	 0.000000	 -83.005483	 0.000000	 2.381264	 2.381264	 90.000000	 0.139186	 -0.035484	 0.143638	 -14.302397	 4330.421049	
53.000000	 1.000000	 0.000000	 -0.000000	 0.000000	 -90.000000	 0.000000	 0.000000	 0.000000	 46.598246	 0.000000	 2.378865	 2.378865	 90.000000	 0.181714	 -0.065584	 0.193187	 -19.845358	 4331.863150	
52.000000	 1.000000	 0.000000	 -0.000000	 0.000000	 -90.000000	 0.000000	 0.000000	 0.000000	 75.809044	 0.000000	 2.379678	 2.379678	 90.000000	 0.166449	 -0.077903	 0.183777	 -25.080924	 4333.302308	
51.000000	 1.000000	 0.000000	 -0.000000	 0.000000	 -90.000000	 0.000000	 0.000000	 0.000000	 17.642329	 0.000000	 2.377091	 2.377091	 90.000000	 0.209763	 -0.019382	 0.210657	 -5.279170	 4334.754388	
50.000000	 1.000000	 0.000000	 -0.000000	 0.000000	 -90.000000	 0.000000	 0.000000	 0.000000	 48.228814	 0.000000	 2.379435	 2.379435	 90.000000	 0.192403	 -0.078868	 0.207940	 -22.289144	 4336.207510	
49.000000	 1.000000	 0.000000	 -0.000000	 0.000000	 -90.000000	 0.000000	 -0.000000	 0.000000	 -71.212359	 0.000000	 2.377230	 2.377230	 90.000000	 0.213517	 -0.027333	 0.215260	 -7.295039	 4337.657004	
48.000000	 1.000000	 0.000000	 -0.000000	 0.000000	 -90.000000	 0.000000	 -0.000000	 0.000000	 -48.688056	 0.000000	 2.381666	 2.381666	 90.000000	 0.161386	 -0.077753	 0.179139	 -25.724157	 4339.131054	
47.000000	 1.000000	 0.000000	 -0.000000	 0.000000	 -90.000000	 0.000000	 -0.000000	 0.000000	 -87.904354	 0.000000	 2.380308	 2.380308	 90.000000	 0.184730	 -0.065895	 0.196131	 -19.631781	 4340.570047	
46.000000	 1.000000	 0.000000	 -0.000000	 0.000000	 -90.000000	 0.000000	 0.000000	 0.000000	 16.730774	 0.000000	 2.379700	 2.379700	 90.000000	 0.146931	 -0.024012	 0.148880	 -9.281600	 4342.034095	
45.000000	 1.000000	 0.000000	 -0.000000	 0.000000	 -90.000000	 0.000000	 -0.000000	 0.000000	 -44.479629	 0.000000	 2.379277	 2.379277	 90.000000	 0.162176	 -0.022968	 0.163795	 -8.060723	 4343.444822	
44.000000	 1.000000	 0.000000	 -0.000000	 0.000000	 -90.000000	 -0.000000	 0.000000	 0.000000	 126.517381	 0.000000	 2.379960	 2.379960	 90.000000	 0.170795	 -0.049290	 0.177766	 -16.097715	 4344.909490	
43.000000	 1.000000	 0.000000	 -0.000000	 0.000000	 -90.000000	 -0.000000	 0.000000	 0.000000	 151.653288	 0.000000	 2.379682	 2.379682	 90.000000	 0.173464	 -0.045612	 0.179360	 -14.732256	 4346.341344	
42.000000	 1.000000	 0.000000	 -0.000000	 0.000000	 -90.000000	 0.000000	 -0.000000	 0.000000	 -49.462325	 0.000000	 2.379220	 2.379220	 90.000000	 0.177206	 -0.036534	 0.180933	 -11.649160	 4347.777145	
41.000000	 1.000000	 0.000000	 -0.000000	 0.000000	 -90.000000	 0.000000	 -0.000000	 0.000000	 -76.659115	 0.000000	 2.379312	 2.379312	 90.000000	 0.173829	 -0.041520	 0.178719	 -13.433861	 4349.220543	
40.000000	 1.000000	 0.000000	 -0.000000	 0.000000	 -90.000000	 -0.000000	 0.000000	 0.000000	 152.876118	 0.000000	 2.379141	 2.379141	 90.000000	 0.175980	 -0.038239	 0.180086	 -12.259278	 4350.668803	
39.000000	 1.000000	 0.000000	 -0.000000	 0.000000	 -90.000000	 0.000000	 -0.000000	 0.000000	 -38.993252	 0.000000	 2.379134	 2.379134	 90.000000	 0.174354	 -0.038339	 0.178519	 -12.401459	 4352.080669	
38.000000	 1.000000	 0.000000	 -0.000000	 0.000000	 -90.000000	 -0.000000	 -0.000000	 0.000000	 -121.835267	 0.000000	 2.379150	 2.379150	 90.000000	 0.175817	 -0.038852	 0.180058	 -12.461072	 4353.509650	
37.000000	 1.000000	 0.000000	 -0.000000	 0.000000	 -90.000000	 -0.000000	 -0.000000	 0.000000	 -158.446028	 0.000000	 2.379067	 2.379067	 90.000000	 0.176937	 -0.038174	 0.181008	 -12.175042	 4354.984331	
36.000000	 1.000000	 0.000000	 -0.000000	 0.000000	 -90.000000	 0.000000	 -0.000000	 0.000000	 -24.689980	 0.000000	 2.379017	 2.379017	 90.000000	 0.177808	 -0.038598	 0.181949	 -12.247560	 4356.425978	
35.000000	 1.000000	 0.000000	 -0.000000	 0.000000	 -90.000000	 0.000000	 -0.000000	 0.000000	 -88.306708	 0.000000	 2.378902	 2.378902	 90.000000	 0.179024	 -0.038792	 0.183178	 -12.226136	 4357.894511	
34.000000	 1.000000	 0.000000	 -0.000000	 0.000000	 -90.000000	 -0.000000	 0.000000	 0.000000	 145.522295	 0.000000	 2.378742	 2.378742	 90.000000	 0.179959	 -0.038762	 0.184086	 -12.155599	 4359.328959	
33.000000	 1.000000	 0.000000	 -0.000000	 0.000000	 -90.000000	 0.000000	 0.000000	 0.000000	 67.394181	 0.000000	 2.378604	 2.378604	 90.000000	 0.180998	 -0.038761	 0.185102	 -12.087363	 4360.764848	
32.000000	 1.000000	 0.000000	 -0.000000	 0.000000	 -90.000000	 0.000000	 0.000000	 0.000000	 66.925963	 0.000000	 2.378772	 2.378772	 90.000000	 0.182051	 -0.038809	 0.186142	 -12.033929	 4362.180262	
31.000000	 1.000000	 0.000000	 -0.000000	 0.000000	 -90.000000	 0.000000	 -0.000000	 0.000000	 -44.081960	 0.000000	 2.378585	 2.378585	 90.000000	 0.183151	 -0.038801	 0.187216	 -11.961362	 4363.618428	
30.000000	 1.000000	 0.000000	 -0.000000	 0.000000	 -90.000000	 0.000000	 -0.000000	 0.000000	 -58.364637	 0.000000	 2.378384	 2.378384	 90.000000	 0.184227	 -0.038671	 0.188242	 -11.854911	 4365.029525	
29.000000	 1.000000	 0.000000	 -0.000000	 0.000000	 -90.000000	 -0.000000	 0.000000	 0.000000	 129.029223	 0.000000	 2.378364	 2.378364	 90.000000	 0.185451	 -0.038663	 0.189438	 -11.776492	 4366.465465	
28.000000	 1.000000	 0.000000	 -0.000000	 0.000000	 -90.000000	 0.000000	 -0.000000	 0.000000	 -70.198253	 0.000000	 2.378204	 2.378204	 90.000000	 0.186388	 -0.038654	 0.190354	 -11.716221	 4367.959680	
27.000000	 1.000000	 0.000000	 -0.000000	 0.000000	 -90.000000	 -0.000000	 -0.000000	 0.000000	 -127.308638	 0.000000	 2.378071	 2.378071	 90.000000	 0.187554	 -0.038274	 0.191419	 -11.534083	 4369.358367	
26.000000	 1.000000	 0.000000	 -0.000000	 0.000000	 -90.000000	 0.000000	 -0.000000	 0.000000	 -2.840586	 0.000000	 2.378174	 2.378174	 90.000000	 0.189395	 -0.037734	 0.193118	 -11.267691	 4370.823197	
25.000000	 1.000000	 0.000000	 -0.000000	 0.000000	 -90.000000	 0.000000	 0.000000	 0.000000	 29.208202	 0.000000	 2.378408	 2.378408	 90.000000	 0.190384	 -0.038579	 0.194254	 -11.455251	 4372.259302	
24.000000	 1.000000	 0.000000	 -0.000000	 0.000000	 -90.000000	 -0.000000	 -0.000000	 0.000000	 -178.242230	 0.000000	 2.378775	 2.378775	 90.000000	 0.192711	 -0.037880	 0.196399	 -11.120565	 4373.689363	
23.000000	 1.000000	 0.000000	 -0.000000	 0.000000	 -90.000000	 0.000000	 0.000000	 0.000000	 22.292699	 0.000000	 2.373833	 2.373833	 90.000000	 0.193042	 -0.037429	 0.196637	 -10.973053	 4375.125229	
22.000000	 1.000000	 0.000000	 -0.000000	 0.000000	 -90.000000	 0.000000	 0.000000	 0.000000	 58.607342	 0.000000	 2.380112	 2.380112	 90.000000	 0.194227	 -0.036892	 0.197700	 -10.754934	 4376.537008	
21.000000	 1.000000	 0.000000	 -0.000000	 0.000000	 -90.000000	 0.000000	 -0.000000	 0.000000	 -37.002045	 0.000000	 2.378528	 2.378528	 90.000000	 0.197037	 -0.036681	 0.200422	 -10.545613	 4377.980488	
20.000000	 1.000000	 0.000000	 -0.000000	 0.000000	 -90.000000	 -0.000000	 0.000000	 0.000000	 90.480169	 0.000000	 2.377781	 2.377781	 90.000000	 0.197693	 -0.035964	 0.200938	 -10.310389	 4379.415270	
19.000000	 1.000000	 0.000000	 -0.000000	 0.000000	 -90.000000	 -0.000000	 0.000000	 0.000000	 122.936579	 0.000000	 2.377030	 2.377030	 90.000000	 0.198209	 -0.035874	 0.201429	 -10.258855	 4380.860493	
18.000000	 1.000000	 0.000000	 -0.000000	 0.000000	 -90.000000	 0.000000	 0.000000	 0.000000	 52.663896	 0.000000	 2.377072	 2.377072	 90.000000	 0.199252	 -0.035545	 0.202398	 -10.114771	 4382.303318	
17.000000	 1.000000	 0.000000	 -0.000000	 0.000000	 -90.000000	 -0.000000	 0.000000	 0.000000	 179.375941	 0.000000	 2.377374	 2.377374	 90.000000	 0.203057	 -0.035536	 0.206143	 -9.926501	 4383.738469	
16.000000	 1.000000	 0.000000	 -0.000000	 0.000000	 -90.000000	 0.000000	 0.000000	 0.000000	 44.539308	 0.000000	 2.377195	 2.377195	 90.000000	 0.204367	 -0.033414	 0.207080	 -9.285581	 4385.206945	
15.000000	 1.000000	 0.000000	 -0.000000	 0.000000	 -90.000000	 0.000000	 0.000000	 0.000000	 64.575892	 0.000000	 2.376276	 2.376276	 90.000000	 0.201910	 -0.029567	 0.204064	 -8.331016	 4386.627379	
14.000000	 1.000000	 0.000000	 -0.000000	 0.000000	 -90.000000	 -0.000000	 0.000000	 0.000000	 134.908275	 0.000000	 2.377282	 2.377282	 90.000000	 0.209057	 -0.035933	 0.212123	 -9.752668	 4388.072724	
13.000000	 1.000000	 0.000000	 -0.000000	 0.000000	 -90.000000	 0.000000	 -0.000000	 0.000000	 -34.540154	 0.000000	 2.377876	 2.377876	 90.000000	 0.224057	 -0.034038	 0.226628	 -8.638025	 4389.509290	
12.000000	 1.000000	 0.000000	 -0.000000	 0.000000	 -90.000000	 0.000000	 0.000000	 0.000000	 63.298860	 0.000000	 2.374491	 2.374491	 90.000000	 0.197555	 -0.040222	 0.201608	 -11.508059	 4390.943347	
11.000000	 1.000000	 0.000000	 -0.000000	 0.000000	 -90.000000	 0.000000	 0.000000	 0.000000	 62.670092	 0.000000	 2.374572	 2.374572	 90.000000	 0.197205	 -0.058450	 0.205685	 -16.509388	 4392.381795	
10.000000	 1.000000	 0.000000	 -0.000000	 0.000000	 -90.000000	 -0.000000	 -0.000000	 0.000000	 -168.052088	 0.000000	 2.383159	 2.383159	 90.000000	 0.260763	 0.050351	 0.265580	 10.928889	 4393.831326	
9.000000	 1.000000	 0.000000	 -0.000000	 0.000000	 -90.000000	 -0.000000	 -0.000000	 0.000000	 -157.466878	 0.000000	 2.397961	 2.397961	 90.000000	 0.341020	 0.036928	 0.343013	 6.180280	 4395.256225	
8.000000	 1.000000	 0.000000	 -0.000000	 0.000000	 -90.000000	 0.000000	 -0.000000	 0.000000	 -46.817907	 0.000000	 2.349046	 2.349046	 90.000000	 0.087994	 0.145439	 0.169986	 58.825001	 4396.694199	
7.000000	 1.000000	 0.000000	 -0.000000	 0.000000	 -90.000000	 -0.000000	 -0.000000	 0.000000	 -96.791324	 0.000000	 2.375262	 2.375262	 90.000000	 0.259551	 0.460651	 0.528740	 60.601214	 4398.121767	
6.000000	 1.000000	 0.000000	 -0.000000	 0.000000	 -90.000000	 0.000000	 -0.000000	 0.000000	 -89.817769	 0.000000	 2.363306	 2.363306	 90.000000	 0.198780	 0.569617	 0.603306	 70.762480	 4399.587009	
5.000000	 1.000000	 0.000000	 -0.000000	 0.000000	 -90.000000	 -0.000000	 0.000000	 0.000000	 140.905021	 0.000000	 2.507837	 2.507837	 90.000000	 0.991228	 -0.505465	 1.112667	 -27.018767	 4401.000151	
4.000000	 1.000000	 0.000000	 -0.000000	 0.000000	 -90.000000	 -0.000000	 0.000000	 0.000000	 178.313616	 0.000000	 2.610930	 2.610930	 90.000000	 1.503360	 0.255554	 1.524926	 9.647413	 4402.420167	
3.000000	 1.000000	 0.000000	 -0.000000	 0.000000	 -90.000000	 0.000000	 0.000000	 0.000000	 16.552242	 0.000000	 2.079764	 2.079764	 90.000000	 -1.281503	 -0.435550	 1.353497	 -161.228418	 4403.834704	
2.000000	 1.000000	 0.000000	 -0.000000	 0.000000	 -90.000000	 0.000000	 -0.000000	 0.000000	 -21.471484	 0.000000	 2.019755	 2.019755	 90.000000	 -1.549492	 0.656314	 1.682758	 157.044087	 4405.287302	
1.000000	 1.000000	 0.000000	 -0.000000	 0.000000	 -90.000000	 -0.000000	 0.000000	 0.000000	 97.038578	 0.000000	 2.447502	 2.447502	 90.000000	 0.392871	 -2.308614	 2.341804	 -80.342139	 4406.710254	
