# Oscilator_frequency (Hz)	DemodAll_A (-)	Demod_1_X_A (A)	Demod_1_Y_A (A)	Demod_1__R_A (A)	Demod_1__Theta_A (deg)	Demod_2_X_A (A)	Demod_2_Y_A (A)	Demod_2__R_A (A)	Demod_2__Theta_A (deg)	Demod_3_X_A (V)	Demod_3_Y_A (V)	Demod_3__R_A (V)	Demod_3__Theta_A (deg)	Demod_4_X_A (V)	Demod_4_Y_A (V)	Demod_4__R_A (V)	Demod_4__Theta_A (deg)	Timer_GET (s)	
5000.000000	 1.000000	 0.000000	 -0.000000	 0.000000	 -90.000000	 0.320056	 -0.002087	 0.320062	 -0.373661	 0.000000	 0.002714	 0.002714	 90.000000	 0.320056	 -0.002087	 0.320062	 -0.373661	 156755.723503	
4979.923695	 1.000000	 0.000000	 -0.000000	 0.000000	 -90.000000	 0.320066	 -0.002087	 0.320073	 -0.373604	 0.000000	 0.003584	 0.003584	 90.000000	 0.320066	 -0.002087	 0.320073	 -0.373604	 156757.183093	
4959.847390	 1.000000	 0.000000	 -0.000000	 0.000000	 -90.000000	 0.320064	 -0.002084	 0.320071	 -0.373112	 0.000000	 0.004895	 0.004895	 90.000000	 0.320064	 -0.002084	 0.320071	 -0.373112	 156758.625503	
4939.771084	 1.000000	 0.000000	 -0.000000	 0.000000	 -90.000000	 0.320076	 -0.002086	 0.320083	 -0.373480	 0.000000	 0.005432	 0.005432	 90.000000	 0.320076	 -0.002086	 0.320083	 -0.373480	 156760.089553	
4919.694779	 1.000000	 0.000000	 -0.000000	 0.000000	 -90.000000	 0.320083	 -0.002084	 0.320090	 -0.373118	 0.000000	 0.005254	 0.005254	 90.000000	 0.320083	 -0.002084	 0.320090	 -0.373118	 156761.514543	
4899.618474	 1.000000	 0.000000	 -0.000000	 0.000000	 -90.000000	 0.320090	 -0.002083	 0.320097	 -0.372865	 0.000000	 0.005044	 0.005044	 90.000000	 0.320090	 -0.002083	 0.320097	 -0.372901	 156762.981104	
4879.542169	 1.000000	 0.000000	 -0.000000	 0.000000	 -90.000000	 0.320081	 -0.002084	 0.320088	 -0.372960	 0.000000	 0.004849	 0.004849	 90.000000	 0.320081	 -0.002084	 0.320088	 -0.372960	 156764.437011	
4859.465863	 1.000000	 0.000000	 -0.000000	 0.000000	 -90.000000	 0.320089	 -0.002078	 0.320096	 -0.371910	 0.000000	 0.004724	 0.004724	 90.000000	 0.320089	 -0.002078	 0.320096	 -0.371910	 156765.874293	
4839.389558	 1.000000	 0.000000	 -0.000000	 0.000000	 -90.000000	 0.320100	 -0.002079	 0.320107	 -0.372089	 0.000000	 0.004546	 0.004546	 90.000000	 0.320100	 -0.002079	 0.320107	 -0.372089	 156767.354458	
4819.313253	 1.000000	 0.000000	 -0.000000	 0.000000	 -90.000000	 0.320106	 -0.002082	 0.320112	 -0.372634	 0.000000	 0.004468	 0.004468	 90.000000	 0.320106	 -0.002082	 0.320112	 -0.372613	 156768.768836	
4799.236948	 1.000000	 0.000000	 -0.000000	 0.000000	 -90.000000	 0.320104	 -0.002080	 0.320110	 -0.372232	 0.000000	 0.004362	 0.004362	 90.000000	 0.320104	 -0.002080	 0.320110	 -0.372231	 156770.194659	
4779.160643	 1.000000	 0.000000	 -0.000000	 0.000000	 -90.000000	 0.320111	 -0.002075	 0.320117	 -0.371437	 0.000000	 0.004210	 0.004210	 90.000000	 0.320111	 -0.002075	 0.320117	 -0.371398	 156771.638359	
4759.084337	 1.000000	 0.000000	 -0.000000	 0.000000	 -90.000000	 0.320110	 -0.002077	 0.320117	 -0.371718	 0.000000	 0.004132	 0.004132	 90.000000	 0.320110	 -0.002077	 0.320117	 -0.371718	 156773.104839	
4739.008032	 1.000000	 0.000000	 -0.000000	 0.000000	 -90.000000	 0.320118	 -0.002079	 0.320125	 -0.372077	 0.000000	 0.004057	 0.004057	 90.000000	 0.320118	 -0.002079	 0.320125	 -0.372077	 156774.548868	
4718.931727	 1.000000	 0.000000	 -0.000000	 0.000000	 -90.000000	 0.320126	 -0.002076	 0.320133	 -0.371612	 0.000000	 0.003970	 0.003970	 90.000000	 0.320126	 -0.002076	 0.320133	 -0.371610	 156775.965322	
4698.855422	 1.000000	 0.000000	 -0.000000	 0.000000	 -90.000000	 0.320138	 -0.002073	 0.320145	 -0.370971	 0.000000	 0.003913	 0.003913	 90.000000	 0.320138	 -0.002073	 0.320145	 -0.370971	 156777.390289	
4678.779116	 1.000000	 0.000000	 -0.000000	 0.000000	 -90.000000	 0.320136	 -0.002072	 0.320143	 -0.370911	 0.000000	 0.003851	 0.003851	 90.000000	 0.320136	 -0.002072	 0.320143	 -0.370911	 156778.843951	
4658.702811	 1.000000	 0.000000	 -0.000000	 0.000000	 -90.000000	 0.320140	 -0.002069	 0.320147	 -0.370254	 0.000000	 0.003751	 0.003751	 90.000000	 0.320140	 -0.002069	 0.320147	 -0.370254	 156780.287441	
4638.626506	 1.000000	 0.000000	 -0.000000	 0.000000	 -90.000000	 0.320152	 -0.002073	 0.320159	 -0.370923	 0.000000	 0.003761	 0.003761	 90.000000	 0.320152	 -0.002073	 0.320159	 -0.370923	 156781.724155	
4618.550201	 1.000000	 0.000000	 -0.000000	 0.000000	 -90.000000	 0.320137	 -0.002070	 0.320144	 -0.370430	 0.000000	 0.003694	 0.003694	 90.000000	 0.320137	 -0.002070	 0.320144	 -0.370430	 156783.204930	
4598.473896	 1.000000	 0.000000	 -0.000000	 0.000000	 -90.000000	 0.320145	 -0.002068	 0.320152	 -0.370112	 0.000000	 0.003652	 0.003652	 90.000000	 0.320145	 -0.002068	 0.320152	 -0.370105	 156784.610482	
4578.397590	 1.000000	 0.000000	 -0.000000	 0.000000	 -90.000000	 0.320153	 -0.002069	 0.320160	 -0.370303	 0.000000	 0.003658	 0.003658	 90.000000	 0.320153	 -0.002069	 0.320160	 -0.370303	 156786.066587	
4558.321285	 1.000000	 0.000000	 -0.000000	 0.000000	 -90.000000	 0.320156	 -0.002069	 0.320162	 -0.370205	 0.000000	 0.003565	 0.003565	 90.000000	 0.320156	 -0.002069	 0.320162	 -0.370205	 156787.475922	
4538.244980	 1.000000	 0.000000	 -0.000000	 0.000000	 -90.000000	 0.320157	 -0.002068	 0.320164	 -0.370020	 0.000000	 0.003478	 0.003478	 90.000000	 0.320157	 -0.002068	 0.320164	 -0.370020	 156788.889795	
4518.168675	 1.000000	 0.000000	 -0.000000	 0.000000	 -90.000000	 0.320164	 -0.002066	 0.320170	 -0.369768	 0.000000	 0.003435	 0.003435	 90.000000	 0.320164	 -0.002066	 0.320170	 -0.369768	 156790.334325	
4498.092369	 1.000000	 0.000000	 -0.000000	 0.000000	 -90.000000	 0.320168	 -0.002066	 0.320174	 -0.369655	 0.000000	 0.003416	 0.003416	 90.000000	 0.320168	 -0.002066	 0.320174	 -0.369655	 156791.836370	
4478.016064	 1.000000	 0.000000	 -0.000000	 0.000000	 -90.000000	 0.320179	 -0.002067	 0.320185	 -0.369947	 0.000000	 0.003370	 0.003370	 90.000000	 0.320179	 -0.002067	 0.320185	 -0.369947	 156793.250792	
4457.939759	 1.000000	 0.000000	 -0.000000	 0.000000	 -90.000000	 0.320196	 -0.002066	 0.320202	 -0.369764	 0.000000	 0.003355	 0.003355	 90.000000	 0.320196	 -0.002066	 0.320202	 -0.369764	 156794.703202	
4437.863454	 1.000000	 0.000000	 -0.000000	 0.000000	 -90.000000	 0.320183	 -0.002063	 0.320190	 -0.369099	 0.000000	 0.003338	 0.003338	 90.000000	 0.320183	 -0.002063	 0.320190	 -0.369099	 156796.132857	
4417.787149	 1.000000	 0.000000	 -0.000000	 0.000000	 -90.000000	 0.320192	 -0.002066	 0.320199	 -0.369709	 0.000000	 0.003253	 0.003253	 90.000000	 0.320192	 -0.002066	 0.320199	 -0.369709	 156797.550026	
4397.710843	 1.000000	 0.000000	 -0.000000	 0.000000	 -90.000000	 0.320204	 -0.002064	 0.320210	 -0.369265	 0.000000	 0.003254	 0.003254	 90.000000	 0.320204	 -0.002064	 0.320210	 -0.369265	 156799.005315	
4377.634538	 1.000000	 0.000000	 -0.000000	 0.000000	 -90.000000	 0.320205	 -0.002059	 0.320211	 -0.368462	 0.000000	 0.003234	 0.003234	 90.000000	 0.320205	 -0.002059	 0.320211	 -0.368462	 156800.439613	
4357.558233	 1.000000	 0.000000	 -0.000000	 0.000000	 -90.000000	 0.320206	 -0.002061	 0.320212	 -0.368792	 0.000000	 0.003232	 0.003232	 90.000000	 0.320206	 -0.002061	 0.320212	 -0.368792	 156801.892786	
4337.481928	 1.000000	 0.000000	 -0.000000	 0.000000	 -90.000000	 0.320206	 -0.002062	 0.320213	 -0.368978	 0.000000	 0.003164	 0.003164	 90.000000	 0.320206	 -0.002062	 0.320213	 -0.368978	 156803.336156	
4317.405622	 1.000000	 0.000000	 -0.000000	 0.000000	 -90.000000	 0.320214	 -0.002060	 0.320221	 -0.368594	 0.000000	 0.003153	 0.003153	 90.000000	 0.320214	 -0.002060	 0.320221	 -0.368594	 156804.772405	
4297.329317	 1.000000	 0.000000	 -0.000000	 0.000000	 -90.000000	 0.320222	 -0.002059	 0.320228	 -0.368438	 0.000000	 0.003140	 0.003140	 90.000000	 0.320222	 -0.002059	 0.320228	 -0.368438	 156806.228937	
4277.253012	 1.000000	 0.000000	 -0.000000	 0.000000	 -90.000000	 0.320238	 -0.002059	 0.320244	 -0.368449	 0.000000	 0.003131	 0.003131	 90.000000	 0.320238	 -0.002059	 0.320244	 -0.368449	 156807.687946	
4257.176707	 1.000000	 0.000000	 -0.000000	 0.000000	 -90.000000	 0.320246	 -0.002062	 0.320253	 -0.368878	 0.000000	 0.003069	 0.003069	 90.000000	 0.320246	 -0.002062	 0.320253	 -0.368878	 156809.132059	
4237.100402	 1.000000	 0.000000	 -0.000000	 0.000000	 -90.000000	 0.320233	 -0.002054	 0.320240	 -0.367574	 0.000000	 0.003098	 0.003098	 90.000000	 0.320233	 -0.002054	 0.320239	 -0.367517	 156810.600904	
4217.024096	 1.000000	 0.000000	 -0.000000	 0.000000	 -90.000000	 0.320245	 -0.002057	 0.320251	 -0.368041	 0.000000	 0.003058	 0.003058	 90.000000	 0.320245	 -0.002057	 0.320251	 -0.368041	 156812.042622	
4196.947791	 1.000000	 0.000000	 -0.000000	 0.000000	 -90.000000	 0.320265	 -0.002056	 0.320272	 -0.367807	 0.000000	 0.003037	 0.003037	 90.000000	 0.320265	 -0.002056	 0.320272	 -0.367807	 156813.456243	
4176.871486	 1.000000	 0.000000	 -0.000000	 0.000000	 -90.000000	 0.320245	 -0.002057	 0.320252	 -0.367978	 0.000000	 0.003035	 0.003035	 90.000000	 0.320245	 -0.002057	 0.320252	 -0.367988	 156814.909547	
4156.795181	 1.000000	 0.000000	 -0.000000	 0.000000	 -90.000000	 0.320277	 -0.002054	 0.320283	 -0.367454	 0.000000	 0.002983	 0.002983	 90.000000	 0.320277	 -0.002054	 0.320283	 -0.367376	 156816.361878	
4136.718876	 1.000000	 0.000000	 -0.000000	 0.000000	 -90.000000	 0.320270	 -0.002051	 0.320276	 -0.366841	 0.000000	 0.002975	 0.002975	 90.000000	 0.320270	 -0.002051	 0.320276	 -0.366841	 156817.786102	
4116.642570	 1.000000	 0.000000	 -0.000000	 0.000000	 -90.000000	 0.320267	 -0.002053	 0.320274	 -0.367224	 0.000000	 0.002986	 0.002986	 90.000000	 0.320267	 -0.002053	 0.320274	 -0.367224	 156819.241046	
4096.566265	 1.000000	 0.000000	 -0.000000	 0.000000	 -90.000000	 0.320275	 -0.002049	 0.320281	 -0.366557	 0.000000	 0.002970	 0.002970	 90.000000	 0.320275	 -0.002049	 0.320281	 -0.366557	 156820.682134	
4076.489960	 1.000000	 0.000000	 -0.000000	 0.000000	 -90.000000	 0.320280	 -0.002052	 0.320287	 -0.367057	 0.000000	 0.002949	 0.002949	 90.000000	 0.320281	 -0.002052	 0.320287	 -0.367100	 156822.100237	
4056.413655	 1.000000	 0.000000	 -0.000000	 0.000000	 -90.000000	 0.320294	 -0.002051	 0.320300	 -0.366878	 0.000000	 0.002892	 0.002892	 90.000000	 0.320294	 -0.002051	 0.320300	 -0.366862	 156823.548830	
4036.337349	 1.000000	 0.000000	 -0.000000	 0.000000	 -90.000000	 0.320298	 -0.002050	 0.320305	 -0.366770	 0.000000	 0.002857	 0.002857	 90.000000	 0.320298	 -0.002050	 0.320305	 -0.366770	 156824.999959	
4016.261044	 1.000000	 0.000000	 -0.000000	 0.000000	 -90.000000	 0.320293	 -0.002052	 0.320300	 -0.367106	 0.000000	 0.002870	 0.002870	 90.000000	 0.320293	 -0.002052	 0.320300	 -0.367106	 156826.448139	
3996.184739	 1.000000	 0.000000	 -0.000000	 0.000000	 -90.000000	 0.320316	 -0.002047	 0.320322	 -0.366140	 0.000000	 0.002840	 0.002840	 90.000000	 0.320316	 -0.002047	 0.320322	 -0.366140	 156827.897133	
3976.108434	 1.000000	 0.000000	 -0.000000	 0.000000	 -90.000000	 0.320306	 -0.002048	 0.320312	 -0.366261	 0.000000	 0.002821	 0.002821	 90.000000	 0.320306	 -0.002048	 0.320312	 -0.366261	 156829.371017	
3956.032129	 1.000000	 0.000000	 -0.000000	 0.000000	 -90.000000	 0.320321	 -0.002049	 0.320328	 -0.366439	 0.000000	 0.002846	 0.002846	 90.000000	 0.320321	 -0.002049	 0.320328	 -0.366437	 156830.807810	
3935.955823	 1.000000	 0.000000	 -0.000000	 0.000000	 -90.000000	 0.320302	 -0.002050	 0.320308	 -0.366645	 0.000000	 0.002774	 0.002774	 90.000000	 0.320301	 -0.002049	 0.320308	 -0.366592	 156832.264432	
3915.879518	 1.000000	 0.000000	 -0.000000	 0.000000	 -90.000000	 0.320326	 -0.002042	 0.320333	 -0.365185	 0.000000	 0.002787	 0.002787	 90.000000	 0.320326	 -0.002042	 0.320333	 -0.365185	 156833.692615	
3895.803213	 1.000000	 0.000000	 -0.000000	 0.000000	 -90.000000	 0.320333	 -0.002046	 0.320339	 -0.366036	 0.000000	 0.002768	 0.002768	 90.000000	 0.320333	 -0.002046	 0.320339	 -0.366036	 156835.147957	
3875.726908	 1.000000	 0.000000	 -0.000000	 0.000000	 -90.000000	 0.320337	 -0.002044	 0.320344	 -0.365626	 0.000000	 0.002765	 0.002765	 90.000000	 0.320337	 -0.002044	 0.320344	 -0.365626	 156836.601196	
3855.650602	 1.000000	 0.000000	 -0.000000	 0.000000	 -90.000000	 0.320363	 -0.002042	 0.320369	 -0.365257	 0.000000	 0.002743	 0.002743	 90.000000	 0.320363	 -0.002042	 0.320369	 -0.365257	 156838.072393	
3835.574297	 1.000000	 0.000000	 -0.000000	 0.000000	 -90.000000	 0.320351	 -0.002046	 0.320357	 -0.365975	 0.000000	 0.002743	 0.002743	 90.000000	 0.320351	 -0.002046	 0.320357	 -0.365975	 156839.539940	
3815.497992	 1.000000	 0.000000	 -0.000000	 0.000000	 -90.000000	 0.320350	 -0.002045	 0.320356	 -0.365761	 0.000000	 0.002675	 0.002675	 90.000000	 0.320350	 -0.002045	 0.320356	 -0.365761	 156840.980656	
3795.421687	 1.000000	 0.000000	 -0.000000	 0.000000	 -90.000000	 0.320376	 -0.002041	 0.320383	 -0.364957	 0.000000	 0.002684	 0.002684	 90.000000	 0.320376	 -0.002041	 0.320383	 -0.364957	 156842.431792	
3775.345382	 1.000000	 0.000000	 -0.000000	 0.000000	 -90.000000	 0.320374	 -0.002046	 0.320381	 -0.365888	 0.000000	 0.002645	 0.002645	 90.000000	 0.320374	 -0.002046	 0.320381	 -0.365888	 156843.884160	
3755.269076	 1.000000	 0.000000	 -0.000000	 0.000000	 -90.000000	 0.320388	 -0.002043	 0.320394	 -0.365343	 0.000000	 0.002614	 0.002614	 90.000000	 0.320388	 -0.002043	 0.320394	 -0.365343	 156845.361080	
3735.192771	 1.000000	 0.000000	 -0.000000	 0.000000	 -90.000000	 0.320388	 -0.002039	 0.320395	 -0.364616	 0.000000	 0.002623	 0.002623	 90.000000	 0.320388	 -0.002039	 0.320395	 -0.364616	 156846.798095	
3715.116466	 1.000000	 0.000000	 -0.000000	 0.000000	 -90.000000	 0.320377	 -0.002042	 0.320383	 -0.365231	 0.000000	 0.002620	 0.002620	 90.000000	 0.320377	 -0.002042	 0.320383	 -0.365231	 156848.229905	
3695.040161	 1.000000	 0.000000	 -0.000000	 0.000000	 -90.000000	 0.320397	 -0.002038	 0.320404	 -0.364404	 0.000000	 0.002614	 0.002614	 90.000000	 0.320397	 -0.002038	 0.320404	 -0.364404	 156849.639958	
3674.963855	 1.000000	 0.000000	 -0.000000	 0.000000	 -90.000000	 0.320407	 -0.002032	 0.320414	 -0.363377	 0.000000	 0.002582	 0.002582	 90.000000	 0.320406	 -0.002033	 0.320413	 -0.363555	 156851.092863	
3654.887550	 1.000000	 0.000000	 -0.000000	 0.000000	 -90.000000	 0.320399	 -0.002040	 0.320406	 -0.364864	 0.000000	 0.002617	 0.002617	 90.000000	 0.320399	 -0.002041	 0.320406	 -0.364892	 156852.530069	
3634.811245	 1.000000	 0.000000	 -0.000000	 0.000000	 -90.000000	 0.320407	 -0.002039	 0.320414	 -0.364661	 0.000000	 0.002638	 0.002638	 90.000000	 0.320407	 -0.002039	 0.320414	 -0.364661	 156853.974668	
3614.734940	 1.000000	 0.000000	 -0.000000	 0.000000	 -90.000000	 0.320409	 -0.002041	 0.320416	 -0.365000	 0.000000	 0.002569	 0.002569	 90.000000	 0.320409	 -0.002041	 0.320416	 -0.364941	 156855.410944	
3594.658635	 1.000000	 0.000000	 -0.000000	 0.000000	 -90.000000	 0.320424	 -0.002044	 0.320431	 -0.365500	 0.000000	 0.002635	 0.002635	 90.000000	 0.320424	 -0.002044	 0.320431	 -0.365500	 156856.842368	
3574.582329	 1.000000	 0.000000	 -0.000000	 0.000000	 -90.000000	 0.320410	 -0.002046	 0.320417	 -0.365903	 0.000000	 0.002578	 0.002578	 90.000000	 0.320410	 -0.002046	 0.320417	 -0.365903	 156858.290478	
3554.506024	 1.000000	 0.000000	 -0.000000	 0.000000	 -90.000000	 0.320434	 -0.002023	 0.320440	 -0.361754	 0.000000	 0.002597	 0.002597	 90.000000	 0.320434	 -0.002023	 0.320440	 -0.361754	 156859.726505	
3534.429719	 1.000000	 0.000000	 -0.000000	 0.000000	 -90.000000	 0.320442	 -0.002038	 0.320448	 -0.364428	 0.000000	 0.002561	 0.002561	 90.000000	 0.320442	 -0.002038	 0.320448	 -0.364428	 156861.159410	
3514.353414	 1.000000	 0.000000	 -0.000000	 0.000000	 -90.000000	 0.320446	 -0.002037	 0.320452	 -0.364122	 0.000000	 0.002538	 0.002538	 90.000000	 0.320446	 -0.002037	 0.320452	 -0.364122	 156862.611145	
3494.277108	 1.000000	 0.000000	 -0.000000	 0.000000	 -90.000000	 0.320461	 -0.002034	 0.320467	 -0.363645	 0.000000	 0.002523	 0.002523	 90.000000	 0.320461	 -0.002034	 0.320467	 -0.363644	 156864.105121	
3474.200803	 1.000000	 0.000000	 -0.000000	 0.000000	 -90.000000	 0.320457	 -0.002037	 0.320463	 -0.364196	 0.000000	 0.002547	 0.002547	 90.000000	 0.320457	 -0.002037	 0.320463	 -0.364196	 156865.546932	
3454.124498	 1.000000	 0.000000	 -0.000000	 0.000000	 -90.000000	 0.320449	 -0.002030	 0.320455	 -0.363014	 0.000000	 0.002535	 0.002535	 90.000000	 0.320448	 -0.002032	 0.320454	 -0.363296	 156867.000930	
3434.048193	 1.000000	 0.000000	 -0.000000	 0.000000	 -90.000000	 0.320482	 -0.002036	 0.320489	 -0.363911	 0.000000	 0.002505	 0.002505	 90.000000	 0.320482	 -0.002036	 0.320489	 -0.363911	 156868.435064	
3413.971888	 1.000000	 0.000000	 -0.000000	 0.000000	 -90.000000	 0.320485	 -0.002032	 0.320491	 -0.363254	 0.000000	 0.002500	 0.002500	 90.000000	 0.320485	 -0.002032	 0.320491	 -0.363254	 156869.882656	
3393.895582	 1.000000	 0.000000	 -0.000000	 0.000000	 -90.000000	 0.320487	 -0.002034	 0.320494	 -0.363657	 0.000000	 0.002461	 0.002461	 90.000000	 0.320487	 -0.002034	 0.320494	 -0.363657	 156871.339495	
3373.819277	 1.000000	 0.000000	 -0.000000	 0.000000	 -90.000000	 0.320506	 -0.002038	 0.320513	 -0.364379	 0.000000	 0.002448	 0.002448	 90.000000	 0.320506	 -0.002038	 0.320513	 -0.364379	 156872.771764	
3353.742972	 1.000000	 0.000000	 -0.000000	 0.000000	 -90.000000	 0.320517	 -0.002032	 0.320524	 -0.363288	 0.000000	 0.002405	 0.002405	 90.000000	 0.320518	 -0.002032	 0.320524	 -0.363272	 156874.182188	
3333.666667	 1.000000	 0.000000	 -0.000000	 0.000000	 -90.000000	 0.320509	 -0.002030	 0.320515	 -0.362913	 0.000000	 0.002486	 0.002486	 90.000000	 0.320509	 -0.002030	 0.320515	 -0.362913	 156875.613792	
3313.590361	 1.000000	 0.000000	 -0.000000	 0.000000	 -90.000000	 0.320522	 -0.002031	 0.320528	 -0.363101	 0.000000	 0.002430	 0.002430	 90.000000	 0.320522	 -0.002031	 0.320528	 -0.363102	 156877.082354	
3293.514056	 1.000000	 0.000000	 -0.000000	 0.000000	 -90.000000	 0.320540	 -0.002029	 0.320547	 -0.362684	 0.000000	 0.002508	 0.002508	 90.000000	 0.320540	 -0.002029	 0.320547	 -0.362620	 156878.517637	
3273.437751	 1.000000	 0.000000	 -0.000000	 0.000000	 -90.000000	 0.320533	 -0.002029	 0.320540	 -0.362764	 0.000000	 0.002485	 0.002485	 90.000000	 0.320533	 -0.002029	 0.320540	 -0.362764	 156879.956948	
3253.361446	 1.000000	 0.000000	 -0.000000	 0.000000	 -90.000000	 0.320538	 -0.002024	 0.320545	 -0.361707	 0.000000	 0.002451	 0.002451	 90.000000	 0.320538	 -0.002024	 0.320545	 -0.361707	 156881.395854	
3233.285141	 1.000000	 0.000000	 -0.000000	 0.000000	 -90.000000	 0.320550	 -0.002031	 0.320556	 -0.363110	 0.000000	 0.002407	 0.002407	 90.000000	 0.320550	 -0.002031	 0.320556	 -0.363110	 156882.878932	
3213.208835	 1.000000	 0.000000	 -0.000000	 0.000000	 -90.000000	 0.320547	 -0.002029	 0.320553	 -0.362735	 0.000000	 0.002389	 0.002389	 90.000000	 0.320547	 -0.002029	 0.320553	 -0.362735	 156884.331044	
3193.132530	 1.000000	 0.000000	 -0.000000	 0.000000	 -90.000000	 0.320563	 -0.002030	 0.320570	 -0.362862	 0.000000	 0.002418	 0.002418	 90.000000	 0.320563	 -0.002030	 0.320569	 -0.362844	 156885.772877	
3173.056225	 1.000000	 0.000000	 -0.000000	 0.000000	 -90.000000	 0.320576	 -0.002027	 0.320582	 -0.362289	 0.000000	 0.002400	 0.002400	 90.000000	 0.320576	 -0.002027	 0.320583	 -0.362298	 156887.203641	
3152.979920	 1.000000	 0.000000	 -0.000000	 0.000000	 -90.000000	 0.320568	 -0.002027	 0.320575	 -0.362242	 0.000000	 0.002407	 0.002407	 90.000000	 0.320568	 -0.002027	 0.320575	 -0.362242	 156888.673853	
3132.903614	 1.000000	 0.000000	 -0.000000	 0.000000	 -90.000000	 0.320596	 -0.002029	 0.320603	 -0.362635	 0.000000	 0.002323	 0.002323	 90.000000	 0.320596	 -0.002029	 0.320603	 -0.362635	 156890.086450	
3112.827309	 1.000000	 0.000000	 -0.000000	 0.000000	 -90.000000	 0.320596	 -0.002027	 0.320602	 -0.362264	 0.000000	 0.002292	 0.002292	 90.000000	 0.320596	 -0.002027	 0.320602	 -0.362264	 156891.525728	
3092.751004	 1.000000	 0.000000	 -0.000000	 0.000000	 -90.000000	 0.320605	 -0.002029	 0.320611	 -0.362526	 0.000000	 0.002302	 0.002302	 90.000000	 0.320605	 -0.002029	 0.320611	 -0.362526	 156892.953067	
3072.674699	 1.000000	 0.000000	 -0.000000	 0.000000	 -90.000000	 0.320613	 -0.002025	 0.320620	 -0.361887	 0.000000	 0.002339	 0.002339	 90.000000	 0.320613	 -0.002025	 0.320620	 -0.361893	 156894.402658	
3052.598394	 1.000000	 0.000000	 -0.000000	 0.000000	 -90.000000	 0.320616	 -0.002006	 0.320622	 -0.358529	 0.000000	 0.002339	 0.002339	 90.000000	 0.320616	 -0.002006	 0.320622	 -0.358529	 156895.828886	
3032.522088	 1.000000	 0.000000	 -0.000000	 0.000000	 -90.000000	 0.320642	 -0.002027	 0.320648	 -0.362263	 0.000000	 0.002304	 0.002304	 90.000000	 0.320642	 -0.002027	 0.320648	 -0.362263	 156897.229843	
3012.445783	 1.000000	 0.000000	 -0.000000	 0.000000	 -90.000000	 0.320641	 -0.002026	 0.320648	 -0.362049	 0.000000	 0.002272	 0.002272	 90.000000	 0.320641	 -0.002026	 0.320648	 -0.362049	 156898.675997	
2992.369478	 1.000000	 0.000000	 -0.000000	 0.000000	 -90.000000	 0.320652	 -0.002027	 0.320658	 -0.362186	 0.000000	 0.002323	 0.002323	 90.000000	 0.320651	 -0.002027	 0.320658	 -0.362204	 156900.116082	
2972.293173	 1.000000	 0.000000	 -0.000000	 0.000000	 -90.000000	 0.320662	 -0.002027	 0.320668	 -0.362108	 0.000000	 0.002308	 0.002308	 90.000000	 0.320662	 -0.002027	 0.320668	 -0.362108	 156901.573527	
2952.216867	 1.000000	 0.000000	 -0.000000	 0.000000	 -90.000000	 0.320668	 -0.002028	 0.320674	 -0.362279	 0.000000	 0.002280	 0.002280	 90.000000	 0.320668	 -0.002028	 0.320674	 -0.362279	 156903.027626	
2932.140562	 1.000000	 0.000000	 -0.000000	 0.000000	 -90.000000	 0.320676	 -0.002026	 0.320683	 -0.361977	 0.000000	 0.002278	 0.002278	 90.000000	 0.320676	 -0.002026	 0.320683	 -0.361977	 156904.455459	
2912.064257	 1.000000	 0.000000	 -0.000000	 0.000000	 -90.000000	 0.320699	 -0.002026	 0.320706	 -0.361906	 0.000000	 0.002296	 0.002296	 90.000000	 0.320699	 -0.002026	 0.320706	 -0.361906	 156905.908390	
2891.987952	 1.000000	 0.000000	 -0.000000	 0.000000	 -90.000000	 0.320690	 -0.002026	 0.320696	 -0.361886	 0.000000	 0.002275	 0.002275	 90.000000	 0.320690	 -0.002026	 0.320696	 -0.361886	 156907.325679	
2871.911647	 1.000000	 0.000000	 -0.000000	 0.000000	 -90.000000	 0.320703	 -0.002024	 0.320709	 -0.361556	 0.000000	 0.002288	 0.002288	 90.000000	 0.320703	 -0.002024	 0.320709	 -0.361556	 156908.758835	
2851.835341	 1.000000	 0.000000	 -0.000000	 0.000000	 -90.000000	 0.320710	 -0.002033	 0.320717	 -0.363187	 0.000000	 0.002333	 0.002333	 90.000000	 0.320710	 -0.002033	 0.320717	 -0.363187	 156910.197877	
2831.759036	 1.000000	 0.000000	 -0.000000	 0.000000	 -90.000000	 0.320735	 -0.002028	 0.320742	 -0.362308	 0.000000	 0.002285	 0.002285	 90.000000	 0.320735	 -0.002028	 0.320742	 -0.362308	 156911.654540	
2811.682731	 1.000000	 0.000000	 -0.000000	 0.000000	 -90.000000	 0.320726	 -0.002025	 0.320732	 -0.361829	 0.000000	 0.002292	 0.002292	 90.000000	 0.320726	 -0.002025	 0.320732	 -0.361829	 156913.089237	
2791.606426	 1.000000	 0.000000	 -0.000000	 0.000000	 -90.000000	 0.320752	 -0.002026	 0.320758	 -0.361820	 0.000000	 0.002296	 0.002296	 90.000000	 0.320752	 -0.002026	 0.320758	 -0.361820	 156914.544024	
2771.530120	 1.000000	 0.000000	 -0.000000	 0.000000	 -90.000000	 0.320741	 -0.002026	 0.320748	 -0.361858	 0.000000	 0.002279	 0.002279	 90.000000	 0.320741	 -0.002026	 0.320747	 -0.361846	 156915.981490	
2751.453815	 1.000000	 0.000000	 -0.000000	 0.000000	 -90.000000	 0.320766	 -0.002025	 0.320772	 -0.361638	 0.000000	 0.002284	 0.002284	 90.000000	 0.320766	 -0.002025	 0.320772	 -0.361631	 156917.420250	
2731.377510	 1.000000	 0.000000	 -0.000000	 0.000000	 -90.000000	 0.320758	 -0.002028	 0.320764	 -0.362260	 0.000000	 0.002269	 0.002269	 90.000000	 0.320758	 -0.002028	 0.320764	 -0.362274	 156918.835830	
2711.301205	 1.000000	 0.000000	 -0.000000	 0.000000	 -90.000000	 0.320770	 -0.002028	 0.320776	 -0.362209	 0.000000	 0.002286	 0.002286	 90.000000	 0.320770	 -0.002028	 0.320776	 -0.362209	 156920.280051	
2691.224900	 1.000000	 0.000000	 -0.000000	 0.000000	 -90.000000	 0.320788	 -0.002022	 0.320794	 -0.361151	 0.000000	 0.002205	 0.002205	 90.000000	 0.320788	 -0.002022	 0.320794	 -0.361151	 156921.717059	
2671.148594	 1.000000	 0.000000	 -0.000000	 0.000000	 -90.000000	 0.320794	 -0.002037	 0.320801	 -0.363830	 0.000000	 0.002224	 0.002224	 90.000000	 0.320794	 -0.002037	 0.320800	 -0.363883	 156923.154319	
2651.072289	 1.000000	 0.000000	 -0.000000	 0.000000	 -90.000000	 0.320832	 -0.002029	 0.320839	 -0.362362	 0.000000	 0.002209	 0.002209	 90.000000	 0.320832	 -0.002029	 0.320839	 -0.362362	 156924.588530	
2630.995984	 1.000000	 0.000000	 -0.000000	 0.000000	 -90.000000	 0.320824	 -0.002030	 0.320830	 -0.362450	 0.000000	 0.002231	 0.002231	 90.000000	 0.320824	 -0.002030	 0.320830	 -0.362450	 156926.038936	
2610.919679	 1.000000	 0.000000	 -0.000000	 0.000000	 -90.000000	 0.320837	 -0.002021	 0.320843	 -0.360937	 0.000000	 0.002134	 0.002134	 90.000000	 0.320837	 -0.002021	 0.320843	 -0.360937	 156927.463222	
2590.843373	 1.000000	 0.000000	 -0.000000	 0.000000	 -90.000000	 0.320849	 -0.002024	 0.320855	 -0.361508	 0.000000	 0.002407	 0.002407	 90.000000	 0.320849	 -0.002024	 0.320855	 -0.361508	 156928.887181	
2570.767068	 1.000000	 0.000000	 -0.000000	 0.000000	 -90.000000	 0.320851	 -0.002029	 0.320857	 -0.362263	 0.000000	 0.001061	 0.001061	 90.000000	 0.320851	 -0.002029	 0.320857	 -0.362263	 156930.309839	
2550.690763	 1.000000	 0.000000	 -0.000000	 0.000000	 -90.000000	 0.320854	 -0.002028	 0.320860	 -0.362104	 0.000000	 0.006667	 0.006667	 90.000000	 0.320854	 -0.002028	 0.320860	 -0.362104	 156931.737445	
2530.614458	 1.000000	 0.000000	 -0.000000	 0.000000	 -90.000000	 0.320869	 -0.002031	 0.320876	 -0.362635	 0.000000	 0.008212	 0.008212	 90.000000	 0.320869	 -0.002031	 0.320876	 -0.362635	 156933.169738	
2510.538153	 1.000000	 0.000000	 -0.000000	 0.000000	 -90.000000	 0.320871	 -0.002028	 0.320878	 -0.362162	 0.000000	 0.000723	 0.000723	 90.000000	 0.320871	 -0.002028	 0.320878	 -0.362162	 156934.582645	
2490.461847	 1.000000	 0.000000	 -0.000000	 0.000000	 -90.000000	 0.320882	 -0.002029	 0.320888	 -0.362327	 0.000000	 0.000663	 0.000663	 90.000000	 0.320882	 -0.002029	 0.320888	 -0.362327	 156936.040679	
2470.385542	 1.000000	 0.000000	 -0.000000	 0.000000	 -90.000000	 0.320896	 -0.002024	 0.320903	 -0.361294	 0.000000	 0.008716	 0.008716	 90.000000	 0.320896	 -0.002024	 0.320903	 -0.361294	 156937.483215	
2450.309237	 1.000000	 0.000000	 -0.000000	 0.000000	 -90.000000	 0.320895	 -0.002039	 0.320901	 -0.364108	 0.000000	 0.001375	 0.001375	 90.000000	 0.320895	 -0.002039	 0.320901	 -0.364108	 156938.950688	
2430.232932	 1.000000	 0.000000	 -0.000000	 0.000000	 -90.000000	 0.320919	 -0.002028	 0.320925	 -0.362053	 0.000000	 0.004264	 0.004264	 90.000000	 0.320919	 -0.002028	 0.320925	 -0.362053	 156940.379703	
2410.156627	 1.000000	 0.000000	 -0.000000	 0.000000	 -90.000000	 0.320941	 -0.002023	 0.320948	 -0.361204	 0.000000	 0.003979	 0.003979	 90.000000	 0.320941	 -0.002023	 0.320948	 -0.361182	 156941.829769	
2390.080321	 1.000000	 0.000000	 -0.000000	 0.000000	 -90.000000	 0.320948	 -0.002025	 0.320954	 -0.361530	 0.000000	 0.000805	 0.000805	 90.000000	 0.320948	 -0.002025	 0.320954	 -0.361530	 156943.267710	
2370.004016	 1.000000	 0.000000	 -0.000000	 0.000000	 -90.000000	 0.320960	 -0.002028	 0.320966	 -0.361986	 0.000000	 0.002868	 0.002868	 90.000000	 0.320960	 -0.002028	 0.320966	 -0.361986	 156944.705848	
2349.927711	 1.000000	 0.000000	 -0.000000	 0.000000	 -90.000000	 0.321001	 -0.002018	 0.321008	 -0.360256	 0.000000	 0.002219	 0.002219	 90.000000	 0.321001	 -0.002018	 0.321008	 -0.360256	 156946.131179	
2329.851406	 1.000000	 0.000000	 -0.000000	 0.000000	 -90.000000	 0.321000	 -0.002031	 0.321006	 -0.362492	 0.000000	 0.002121	 0.002121	 90.000000	 0.321000	 -0.002031	 0.321006	 -0.362492	 156947.556445	
2309.775100	 1.000000	 0.000000	 -0.000000	 0.000000	 -90.000000	 0.320991	 -0.002029	 0.320998	 -0.362118	 0.000000	 0.002111	 0.002111	 90.000000	 0.320991	 -0.002029	 0.320998	 -0.362118	 156948.987418	
2289.698795	 1.000000	 0.000000	 -0.000000	 0.000000	 -90.000000	 0.321009	 -0.002027	 0.321015	 -0.361791	 0.000000	 0.001789	 0.001789	 90.000000	 0.321009	 -0.002027	 0.321015	 -0.361791	 156950.437556	
2269.622490	 1.000000	 0.000000	 -0.000000	 0.000000	 -90.000000	 0.321016	 -0.002030	 0.321023	 -0.362356	 0.000000	 0.002685	 0.002685	 90.000000	 0.321016	 -0.002030	 0.321023	 -0.362356	 156951.867193	
2249.546185	 1.000000	 0.000000	 -0.000000	 0.000000	 -90.000000	 0.321069	 -0.002024	 0.321075	 -0.361245	 0.000000	 0.002384	 0.002384	 90.000000	 0.321068	 -0.002025	 0.321075	 -0.361407	 156953.298478	
2229.469880	 1.000000	 0.000000	 -0.000000	 0.000000	 -90.000000	 0.321054	 -0.002026	 0.321061	 -0.361481	 0.000000	 0.001996	 0.001996	 90.000000	 0.321054	 -0.002026	 0.321061	 -0.361481	 156954.767850	
2209.393574	 1.000000	 0.000000	 -0.000000	 0.000000	 -90.000000	 0.321076	 -0.002029	 0.321083	 -0.362035	 0.000000	 0.002155	 0.002155	 90.000000	 0.321076	 -0.002029	 0.321083	 -0.362035	 156956.227088	
2189.317269	 1.000000	 0.000000	 -0.000000	 0.000000	 -90.000000	 0.321083	 -0.002023	 0.321090	 -0.360981	 0.000000	 0.002116	 0.002116	 90.000000	 0.321083	 -0.002023	 0.321090	 -0.360981	 156957.648023	
2169.240964	 1.000000	 0.000000	 -0.000000	 0.000000	 -90.000000	 0.321094	 -0.002026	 0.321101	 -0.361599	 0.000000	 0.002083	 0.002083	 90.000000	 0.321095	 -0.002026	 0.321101	 -0.361584	 156959.075481	
2149.164659	 1.000000	 0.000000	 -0.000000	 0.000000	 -90.000000	 0.321101	 -0.002030	 0.321108	 -0.362235	 0.000000	 0.002110	 0.002110	 90.000000	 0.321102	 -0.002029	 0.321108	 -0.362120	 156960.502089	
2129.088353	 1.000000	 0.000000	 -0.000000	 0.000000	 -90.000000	 0.321121	 -0.002031	 0.321128	 -0.362335	 0.000000	 0.002083	 0.002083	 90.000000	 0.321121	 -0.002031	 0.321128	 -0.362335	 156961.951101	
2109.012048	 1.000000	 0.000000	 -0.000000	 0.000000	 -90.000000	 0.321136	 -0.002031	 0.321143	 -0.362314	 0.000000	 0.001803	 0.001803	 90.000000	 0.321136	 -0.002031	 0.321143	 -0.362314	 156963.377821	
2088.935743	 1.000000	 0.000000	 -0.000000	 0.000000	 -90.000000	 0.321151	 -0.002037	 0.321158	 -0.363388	 0.000000	 0.001832	 0.001832	 90.000000	 0.321151	 -0.002037	 0.321158	 -0.363388	 156964.821060	
2068.859438	 1.000000	 0.000000	 -0.000000	 0.000000	 -90.000000	 0.321172	 -0.002033	 0.321179	 -0.362672	 0.000000	 0.004340	 0.004340	 90.000000	 0.321172	 -0.002033	 0.321178	 -0.362606	 156966.241081	
2048.783133	 1.000000	 0.000000	 -0.000000	 0.000000	 -90.000000	 0.321156	 -0.002027	 0.321163	 -0.361560	 0.000000	 0.002542	 0.002542	 90.000000	 0.321156	 -0.002027	 0.321163	 -0.361560	 156967.707141	
2028.706827	 1.000000	 0.000000	 -0.000000	 0.000000	 -90.000000	 0.321203	 -0.002033	 0.321210	 -0.362571	 0.000000	 0.002082	 0.002082	 90.000000	 0.321203	 -0.002033	 0.321210	 -0.362595	 156969.138847	
2008.630522	 1.000000	 0.000000	 -0.000000	 0.000000	 -90.000000	 0.321215	 -0.002032	 0.321221	 -0.362500	 0.000000	 0.002014	 0.002014	 90.000000	 0.321215	 -0.002032	 0.321221	 -0.362500	 156970.568322	
1988.554217	 1.000000	 0.000000	 -0.000000	 0.000000	 -90.000000	 0.321224	 -0.002033	 0.321230	 -0.362555	 0.000000	 -0.003621	 0.003621	 -90.000000	 0.321224	 -0.002033	 0.321230	 -0.362555	 156971.998229	
1968.477912	 1.000000	 0.000000	 -0.000000	 0.000000	 -90.000000	 0.321207	 -0.002028	 0.321213	 -0.361686	 0.000000	 0.008220	 0.008220	 90.000000	 0.321207	 -0.002028	 0.321213	 -0.361686	 156973.423449	
1948.401606	 1.000000	 0.000000	 -0.000000	 0.000000	 -90.000000	 0.321217	 -0.002008	 0.321223	 -0.358119	 0.000000	 0.002957	 0.002957	 90.000000	 0.321217	 -0.002008	 0.321223	 -0.358119	 156974.877359	
1928.325301	 1.000000	 0.000000	 -0.000000	 0.000000	 -90.000000	 0.321261	 -0.002033	 0.321267	 -0.362557	 0.000000	 0.002172	 0.002172	 90.000000	 0.321261	 -0.002033	 0.321267	 -0.362557	 156976.312273	
1908.248996	 1.000000	 0.000000	 -0.000000	 0.000000	 -90.000000	 0.321291	 -0.002024	 0.321298	 -0.360854	 0.000000	 0.002082	 0.002082	 90.000000	 0.321292	 -0.002024	 0.321298	 -0.360907	 156977.755911	
1888.172691	 1.000000	 0.000000	 -0.000000	 0.000000	 -90.000000	 0.321306	 -0.002041	 0.321313	 -0.363945	 0.000000	 0.002047	 0.002047	 90.000000	 0.321306	 -0.002041	 0.321313	 -0.363945	 156979.222240	
1868.096386	 1.000000	 0.000000	 -0.000000	 0.000000	 -90.000000	 0.321305	 -0.002018	 0.321312	 -0.359892	 0.000000	 0.001715	 0.001715	 90.000000	 0.321305	 -0.002018	 0.321311	 -0.359841	 156980.642056	
1848.020080	 1.000000	 0.000000	 -0.000000	 0.000000	 -90.000000	 0.321307	 -0.002033	 0.321314	 -0.362487	 0.000000	 -0.010658	 0.010658	 -90.000000	 0.321307	 -0.002033	 0.321314	 -0.362487	 156982.088804	
1827.943775	 1.000000	 0.000000	 -0.000000	 0.000000	 -90.000000	 0.321361	 -0.002047	 0.321367	 -0.364947	 0.000000	 0.010916	 0.010916	 90.000000	 0.321362	 -0.002045	 0.321369	 -0.364642	 156983.537185	
1807.867470	 1.000000	 0.000000	 -0.000000	 0.000000	 -90.000000	 0.321356	 -0.002026	 0.321363	 -0.361214	 0.000000	 0.002283	 0.002283	 90.000000	 0.321356	 -0.002026	 0.321363	 -0.361214	 156984.982050	
1787.791165	 1.000000	 0.000000	 -0.000000	 0.000000	 -90.000000	 0.321390	 -0.002023	 0.321397	 -0.360714	 0.000000	 0.002027	 0.002027	 90.000000	 0.321390	 -0.002023	 0.321397	 -0.360714	 156986.487108	
1767.714859	 1.000000	 0.000000	 -0.000000	 0.000000	 -90.000000	 0.321407	 -0.002030	 0.321414	 -0.361911	 0.000000	 0.001183	 0.001183	 90.000000	 0.321407	 -0.002030	 0.321414	 -0.361912	 156987.922740	
1747.638554	 1.000000	 0.000000	 -0.000000	 0.000000	 -90.000000	 0.321437	 -0.002029	 0.321443	 -0.361629	 0.000000	 0.002234	 0.002234	 90.000000	 0.321435	 -0.002031	 0.321442	 -0.361981	 156989.335844	
1727.562249	 1.000000	 0.000000	 -0.000000	 0.000000	 -90.000000	 0.321425	 -0.002058	 0.321431	 -0.366824	 0.000000	 0.004107	 0.004107	 90.000000	 0.321425	 -0.002058	 0.321431	 -0.366824	 156990.787618	
1707.485944	 1.000000	 0.000000	 -0.000000	 0.000000	 -90.000000	 0.321466	 -0.002030	 0.321473	 -0.361746	 0.000000	 0.002358	 0.002358	 90.000000	 0.321466	 -0.002030	 0.321473	 -0.361746	 156992.203780	
1687.409639	 1.000000	 0.000000	 -0.000000	 0.000000	 -90.000000	 0.321487	 -0.002017	 0.321493	 -0.359508	 0.000000	 0.002036	 0.002036	 90.000000	 0.321487	 -0.002017	 0.321493	 -0.359508	 156993.658669	
1667.333333	 1.000000	 0.000000	 -0.000000	 0.000000	 -90.000000	 0.321534	 -0.001985	 0.321540	 -0.353773	 0.000000	 0.002046	 0.002046	 90.000000	 0.321534	 -0.001985	 0.321540	 -0.353772	 156995.100393	
1647.257028	 1.000000	 0.000000	 -0.000000	 0.000000	 -90.000000	 0.321471	 -0.002083	 0.321478	 -0.371256	 0.000000	 0.001957	 0.001957	 90.000000	 0.321463	 -0.002079	 0.321470	 -0.370460	 156996.545810	
1627.180723	 1.000000	 0.000000	 -0.000000	 0.000000	 -90.000000	 0.321593	 -0.002020	 0.321599	 -0.359843	 0.000000	 -0.000681	 0.000681	 -90.000000	 0.321593	 -0.002020	 0.321599	 -0.359843	 156997.979746	
1607.104418	 1.000000	 0.000000	 -0.000000	 0.000000	 -90.000000	 0.321540	 -0.002042	 0.321547	 -0.363870	 0.000000	 0.001502	 0.001502	 90.000000	 0.321540	 -0.002042	 0.321547	 -0.363870	 156999.485022	
1587.028112	 1.000000	 0.000000	 -0.000000	 0.000000	 -90.000000	 0.321519	 -0.002027	 0.321526	 -0.361276	 0.000000	 0.005203	 0.005203	 90.000000	 0.321519	 -0.002027	 0.321526	 -0.361276	 157000.950186	
1566.951807	 1.000000	 0.000000	 -0.000000	 0.000000	 -90.000000	 0.321621	 -0.002026	 0.321627	 -0.360940	 0.000000	 0.002138	 0.002138	 90.000000	 0.321621	 -0.002026	 0.321627	 -0.360940	 157002.428186	
1546.875502	 1.000000	 0.000000	 -0.000000	 0.000000	 -90.000000	 0.321562	 -0.001923	 0.321567	 -0.342622	 0.000000	 0.002101	 0.002101	 90.000000	 0.321562	 -0.001923	 0.321567	 -0.342622	 157003.852911	
1526.799197	 1.000000	 0.000000	 -0.000000	 0.000000	 -90.000000	 0.321627	 -0.001992	 0.321633	 -0.354937	 0.000000	 0.001691	 0.001691	 90.000000	 0.321627	 -0.001992	 0.321633	 -0.354937	 157005.306884	
1506.722892	 1.000000	 0.000000	 -0.000000	 0.000000	 -90.000000	 0.321684	 -0.001989	 0.321690	 -0.354282	 0.000000	 -0.002573	 0.002573	 -90.000000	 0.321684	 -0.001989	 0.321690	 -0.354282	 157006.748234	
1486.646586	 1.000000	 0.000000	 -0.000000	 0.000000	 -90.000000	 0.321687	 -0.001981	 0.321693	 -0.352879	 0.000000	 0.007302	 0.007302	 90.000000	 0.321687	 -0.001981	 0.321693	 -0.352879	 157008.174330	
1466.570281	 1.000000	 0.000000	 -0.000000	 0.000000	 -90.000000	 0.321756	 -0.002005	 0.321762	 -0.356970	 0.000000	 0.002544	 0.002544	 90.000000	 0.321756	 -0.002005	 0.321762	 -0.356970	 157009.617969	
1446.493976	 1.000000	 0.000000	 -0.000000	 0.000000	 -90.000000	 0.321822	 -0.002031	 0.321828	 -0.361626	 0.000000	 0.002068	 0.002068	 90.000000	 0.321822	 -0.002031	 0.321828	 -0.361626	 157011.088911	
1426.417671	 1.000000	 0.000000	 -0.000000	 0.000000	 -90.000000	 0.321865	 -0.001999	 0.321871	 -0.355929	 0.000000	 0.001938	 0.001938	 90.000000	 0.321865	 -0.001999	 0.321871	 -0.355929	 157012.532557	
1406.341365	 1.000000	 0.000000	 -0.000000	 0.000000	 -90.000000	 0.321833	 -0.001990	 0.321839	 -0.354350	 0.000000	 0.001987	 0.001987	 90.000000	 0.321833	 -0.001990	 0.321839	 -0.354350	 157013.995034	
1386.265060	 1.000000	 0.000000	 -0.000000	 0.000000	 -90.000000	 0.321842	 -0.002025	 0.321848	 -0.360554	 0.000000	 0.001936	 0.001936	 90.000000	 0.321842	 -0.002025	 0.321848	 -0.360554	 157015.449088	
1366.188755	 1.000000	 0.000000	 -0.000000	 0.000000	 -90.000000	 0.321900	 -0.001996	 0.321906	 -0.355339	 0.000000	 0.000283	 0.000283	 90.000000	 0.321900	 -0.001996	 0.321906	 -0.355340	 157016.894499	
1346.112450	 1.000000	 0.000000	 -0.000000	 0.000000	 -90.000000	 0.321908	 -0.002017	 0.321914	 -0.359032	 0.000000	 0.003299	 0.003299	 90.000000	 0.321908	 -0.002017	 0.321914	 -0.359032	 157018.343435	
1326.036145	 1.000000	 0.000000	 -0.000000	 0.000000	 -90.000000	 0.321939	 -0.001977	 0.321945	 -0.351814	 0.000000	 0.005252	 0.005252	 90.000000	 0.321939	 -0.001977	 0.321945	 -0.351814	 157019.756541	
1305.959839	 1.000000	 0.000000	 -0.000000	 0.000000	 -90.000000	 0.321994	 -0.002020	 0.322001	 -0.359415	 0.000000	 0.002156	 0.002156	 90.000000	 0.321994	 -0.002020	 0.322001	 -0.359415	 157021.212037	
1285.883534	 1.000000	 0.000000	 -0.000000	 0.000000	 -90.000000	 0.322032	 -0.001998	 0.322038	 -0.355477	 0.000000	 0.001770	 0.001770	 90.000000	 0.322032	 -0.001998	 0.322038	 -0.355477	 157022.640174	
1265.807229	 1.000000	 0.000000	 -0.000000	 0.000000	 -90.000000	 0.322041	 -0.001991	 0.322047	 -0.354246	 0.000000	 -0.006745	 0.006745	 -90.000000	 0.322041	 -0.001991	 0.322047	 -0.354246	 157024.082873	
1245.730924	 1.000000	 0.000000	 -0.000000	 0.000000	 -90.000000	 0.322108	 -0.001978	 0.322114	 -0.351860	 0.000000	 0.004420	 0.004420	 90.000000	 0.322108	 -0.001978	 0.322114	 -0.351860	 157025.538773	
1225.654618	 1.000000	 0.000000	 -0.000000	 0.000000	 -90.000000	 0.322071	 -0.001968	 0.322077	 -0.350143	 0.000000	 0.003488	 0.003488	 90.000000	 0.322071	 -0.001968	 0.322077	 -0.350143	 157026.973128	
1205.578313	 1.000000	 0.000000	 -0.000000	 0.000000	 -90.000000	 0.322147	 -0.001924	 0.322152	 -0.342235	 0.000000	 0.002197	 0.002197	 90.000000	 0.322147	 -0.001924	 0.322152	 -0.342235	 157028.412172	
1185.502008	 1.000000	 0.000000	 -0.000000	 0.000000	 -90.000000	 0.322190	 -0.001964	 0.322196	 -0.349327	 0.000000	 0.002054	 0.002054	 90.000000	 0.322190	 -0.001964	 0.322196	 -0.349327	 157029.849175	
1165.425703	 1.000000	 0.000000	 -0.000000	 0.000000	 -90.000000	 0.322229	 -0.001960	 0.322235	 -0.348582	 0.000000	 0.002006	 0.002006	 90.000000	 0.322229	 -0.001960	 0.322235	 -0.348583	 157031.296910	
1145.349398	 1.000000	 0.000000	 -0.000000	 0.000000	 -90.000000	 0.322326	 -0.001969	 0.322332	 -0.349989	 0.000000	 0.001770	 0.001770	 90.000000	 0.322326	 -0.001969	 0.322332	 -0.349989	 157032.727143	
1125.273092	 1.000000	 0.000000	 -0.000000	 0.000000	 -90.000000	 0.322308	 -0.001937	 0.322314	 -0.344401	 0.000000	 -0.002623	 0.002623	 -90.000000	 0.322308	 -0.001937	 0.322314	 -0.344401	 157034.168200	
1105.196787	 1.000000	 0.000000	 -0.000000	 0.000000	 -90.000000	 0.322344	 -0.001903	 0.322350	 -0.338323	 0.000000	 0.011721	 0.011721	 90.000000	 0.322344	 -0.001903	 0.322350	 -0.338323	 157035.606893	
1085.120482	 1.000000	 0.000000	 -0.000000	 0.000000	 -90.000000	 0.322404	 -0.001930	 0.322409	 -0.343053	 0.000000	 0.002926	 0.002926	 90.000000	 0.322404	 -0.001930	 0.322409	 -0.343053	 157037.078527	
1065.044177	 1.000000	 0.000000	 -0.000000	 0.000000	 -90.000000	 0.322418	 -0.001906	 0.322423	 -0.338707	 0.000000	 0.002061	 0.002061	 90.000000	 0.322418	 -0.001906	 0.322423	 -0.338707	 157038.520690	
1044.967871	 1.000000	 0.000000	 -0.000000	 0.000000	 -90.000000	 0.322471	 -0.001852	 0.322477	 -0.328972	 0.000000	 0.001497	 0.001497	 90.000000	 0.322471	 -0.001852	 0.322477	 -0.328972	 157039.988349	
1024.891566	 1.000000	 0.000000	 -0.000000	 0.000000	 -90.000000	 0.322527	 -0.001888	 0.322532	 -0.335370	 0.000000	 -0.001712	 0.001712	 -90.000000	 0.322527	 -0.001889	 0.322533	 -0.335535	 157041.414999	
1004.815261	 1.000000	 0.000000	 -0.000000	 0.000000	 -90.000000	 0.322576	 -0.001916	 0.322582	 -0.340336	 0.000000	 0.005410	 0.005410	 90.000000	 0.322576	 -0.001916	 0.322582	 -0.340336	 157042.863131	
984.738956	 1.000000	 0.000000	 -0.000000	 0.000000	 -90.000000	 0.322633	 -0.001865	 0.322638	 -0.331246	 0.000000	 0.002729	 0.002729	 90.000000	 0.322633	 -0.001866	 0.322639	 -0.331443	 157044.306345	
964.662651	 1.000000	 0.000000	 -0.000000	 0.000000	 -90.000000	 0.322668	 -0.001848	 0.322674	 -0.328183	 0.000000	 0.002073	 0.002073	 90.000000	 0.322668	 -0.001848	 0.322674	 -0.328183	 157045.749622	
944.586345	 1.000000	 0.000000	 -0.000000	 0.000000	 -90.000000	 0.322741	 -0.001823	 0.322746	 -0.323669	 0.000000	 0.002015	 0.002015	 90.000000	 0.322741	 -0.001823	 0.322746	 -0.323669	 157047.162350	
924.510040	 1.000000	 0.000000	 -0.000000	 0.000000	 -90.000000	 0.322772	 -0.001801	 0.322777	 -0.319757	 0.000000	 0.002012	 0.002012	 90.000000	 0.322772	 -0.001801	 0.322777	 -0.319757	 157048.585300	
904.433735	 1.000000	 0.000000	 -0.000000	 0.000000	 -90.000000	 0.322866	 -0.001849	 0.322871	 -0.328173	 0.000000	 0.001364	 0.001364	 90.000000	 0.322866	 -0.001849	 0.322871	 -0.328173	 157050.050123	
884.357430	 1.000000	 0.000000	 -0.000000	 0.000000	 -90.000000	 0.322859	 -0.001769	 0.322864	 -0.313849	 0.000000	 -0.008477	 0.008477	 -90.000000	 0.322859	 -0.001770	 0.322864	 -0.314035	 157051.486698	
864.281124	 1.000000	 0.000000	 -0.000000	 0.000000	 -90.000000	 0.322933	 -0.001732	 0.322938	 -0.307341	 0.000000	 0.015941	 0.015941	 90.000000	 0.322933	 -0.001732	 0.322938	 -0.307341	 157052.932148	
844.204819	 1.000000	 0.000000	 -0.000000	 0.000000	 -90.000000	 0.323054	 -0.001751	 0.323059	 -0.310506	 0.000000	 0.002564	 0.002564	 90.000000	 0.323054	 -0.001751	 0.323059	 -0.310506	 157054.371095	
824.128514	 1.000000	 0.000000	 -0.000000	 0.000000	 -90.000000	 0.323076	 -0.001684	 0.323080	 -0.298657	 0.000000	 0.001968	 0.001968	 90.000000	 0.323076	 -0.001684	 0.323080	 -0.298657	 157055.857372	
804.052209	 1.000000	 0.000000	 -0.000000	 0.000000	 -90.000000	 0.323122	 -0.001611	 0.323126	 -0.285659	 0.000000	 0.000802	 0.000802	 90.000000	 0.323122	 -0.001611	 0.323126	 -0.285659	 157057.311185	
783.975904	 1.000000	 0.000000	 -0.000000	 0.000000	 -90.000000	 0.323206	 -0.001619	 0.323210	 -0.286938	 0.000000	 -0.001393	 0.001393	 -90.000000	 0.323205	 -0.001618	 0.323209	 -0.286846	 157058.737627	
763.899598	 1.000000	 0.000000	 -0.000000	 0.000000	 -90.000000	 0.323287	 -0.001599	 0.323291	 -0.283304	 0.000000	 0.008360	 0.008360	 90.000000	 0.323287	 -0.001599	 0.323291	 -0.283304	 157060.178975	
743.823293	 1.000000	 0.000000	 -0.000000	 0.000000	 -90.000000	 0.323257	 -0.001501	 0.323260	 -0.266058	 0.000000	 0.002804	 0.002804	 90.000000	 0.323257	 -0.001501	 0.323260	 -0.266058	 157061.629209	
723.746988	 1.000000	 0.000000	 -0.000000	 0.000000	 -90.000000	 0.323434	 -0.001494	 0.323438	 -0.264575	 0.000000	 0.002034	 0.002034	 90.000000	 0.323434	 -0.001494	 0.323438	 -0.264575	 157063.066094	
703.670683	 1.000000	 0.000000	 -0.000000	 0.000000	 -90.000000	 0.323481	 -0.001487	 0.323484	 -0.263436	 0.000000	 0.001938	 0.001938	 90.000000	 0.323481	 -0.001487	 0.323484	 -0.263436	 157064.516385	
683.594378	 1.000000	 0.000000	 -0.000000	 0.000000	 -90.000000	 0.323582	 -0.001399	 0.323585	 -0.247792	 0.000000	 0.001900	 0.001900	 90.000000	 0.323582	 -0.001399	 0.323585	 -0.247714	 157065.932320	
663.518072	 1.000000	 0.000000	 -0.000000	 0.000000	 -90.000000	 0.323656	 -0.001326	 0.323659	 -0.234769	 0.000000	 0.001334	 0.001334	 90.000000	 0.323656	 -0.001326	 0.323659	 -0.234769	 157067.379411	
643.441767	 1.000000	 0.000000	 -0.000000	 0.000000	 -90.000000	 0.323819	 -0.001321	 0.323822	 -0.233671	 0.000000	 -0.001195	 0.001195	 -90.000000	 0.323819	 -0.001321	 0.323822	 -0.233671	 157068.835467	
623.365462	 1.000000	 0.000000	 -0.000000	 0.000000	 -90.000000	 0.323854	 -0.001191	 0.323856	 -0.210764	 0.000000	 0.005550	 0.005550	 90.000000	 0.323854	 -0.001191	 0.323856	 -0.210764	 157070.257992	
603.289157	 1.000000	 0.000000	 -0.000000	 0.000000	 -90.000000	 0.324021	 -0.001151	 0.324023	 -0.203489	 0.000000	 0.002229	 0.002229	 90.000000	 0.324023	 -0.001147	 0.324025	 -0.202803	 157071.703588	
583.212851	 1.000000	 0.000000	 -0.000000	 0.000000	 -90.000000	 0.324023	 -0.001029	 0.324025	 -0.181909	 0.000000	 0.001929	 0.001929	 90.000000	 0.324023	 -0.001029	 0.324025	 -0.181909	 157073.113945	
563.136546	 1.000000	 0.000000	 -0.000000	 0.000000	 -90.000000	 0.324118	 -0.000957	 0.324120	 -0.169255	 0.000000	 -0.002086	 0.002086	 -90.000000	 0.324116	 -0.000958	 0.324117	 -0.169350	 157074.597011	
543.060241	 1.000000	 0.000000	 -0.000000	 0.000000	 -90.000000	 0.324183	 -0.000887	 0.324184	 -0.156784	 0.000000	 -0.000386	 0.000386	 -90.000000	 0.324178	 -0.000885	 0.324179	 -0.156464	 157076.044825	
522.983936	 1.000000	 0.000000	 -0.000000	 0.000000	 -90.000000	 0.324296	 -0.000736	 0.324297	 -0.130096	 0.000000	 0.004818	 0.004818	 90.000000	 0.324296	 -0.000736	 0.324297	 -0.130096	 157077.497946	
502.907631	 1.000000	 0.000000	 -0.000000	 0.000000	 -90.000000	 0.324340	 -0.000646	 0.324340	 -0.114090	 0.000000	 0.002260	 0.002260	 90.000000	 0.324341	 -0.000653	 0.324341	 -0.115359	 157078.949068	
482.831325	 1.000000	 0.000000	 -0.000000	 0.000000	 -90.000000	 0.324498	 -0.000510	 0.324499	 -0.090017	 0.000000	 0.001952	 0.001952	 90.000000	 0.324498	 -0.000510	 0.324499	 -0.090017	 157080.406486	
462.755020	 1.000000	 0.000000	 -0.000000	 0.000000	 -90.000000	 0.324671	 -0.000353	 0.324672	 -0.062383	 0.000000	 0.001899	 0.001899	 90.000000	 0.324671	 -0.000353	 0.324672	 -0.062383	 157081.843835	
442.678715	 1.000000	 0.000000	 -0.000000	 0.000000	 -90.000000	 0.324874	 -0.000030	 0.324874	 -0.005307	 0.000000	 0.001909	 0.001909	 90.000000	 0.324950	 -0.000055	 0.324950	 -0.009742	 157083.293228	
422.602410	 1.000000	 0.000000	 -0.000000	 0.000000	 -90.000000	 0.324872	 0.000001	 0.324872	 0.000143	 0.000000	 0.001177	 0.001177	 90.000000	 0.324872	 0.000001	 0.324872	 0.000143	 157084.789360	
402.526104	 1.000000	 0.000000	 -0.000000	 0.000000	 -90.000000	 0.325002	 0.000197	 0.325002	 0.034642	 0.000000	 -0.009371	 0.009371	 -90.000000	 0.325002	 0.000197	 0.325002	 0.034642	 157086.197963	
382.449799	 1.000000	 0.000000	 -0.000000	 0.000000	 -90.000000	 0.325080	 0.000432	 0.325081	 0.076091	 0.000000	 0.011693	 0.011693	 90.000000	 0.325080	 0.000432	 0.325081	 0.076091	 157087.648428	
362.373494	 1.000000	 0.000000	 -0.000000	 0.000000	 -90.000000	 0.325207	 0.000611	 0.325208	 0.107596	 0.000000	 0.002274	 0.002274	 90.000000	 0.325213	 0.000598	 0.325213	 0.105437	 157089.085948	
342.297189	 1.000000	 0.000000	 -0.000000	 0.000000	 -90.000000	 0.325033	 0.000942	 0.325035	 0.166109	 0.000000	 0.001709	 0.001709	 90.000000	 0.325033	 0.000942	 0.325035	 0.166109	 157090.535422	
322.220884	 1.000000	 0.000000	 -0.000000	 0.000000	 -90.000000	 0.325457	 0.001262	 0.325459	 0.222156	 0.000000	 -0.013918	 0.013918	 -90.000000	 0.325456	 0.001262	 0.325459	 0.222174	 157091.979725	
302.144578	 1.000000	 0.000000	 -0.000000	 0.000000	 -90.000000	 0.325494	 0.001474	 0.325497	 0.259500	 0.000000	 0.001100	 0.001100	 90.000000	 0.325501	 0.001467	 0.325504	 0.258299	 157093.443663	
282.068273	 1.000000	 0.000000	 -0.000000	 0.000000	 -90.000000	 0.325704	 0.001980	 0.325710	 0.348317	 0.000000	 0.006215	 0.006215	 90.000000	 0.325704	 0.001980	 0.325710	 0.348317	 157094.870831	
261.991968	 1.000000	 0.000000	 -0.000000	 0.000000	 -90.000000	 0.325828	 0.002446	 0.325837	 0.430160	 0.000000	 0.004640	 0.004640	 90.000000	 0.325828	 0.002446	 0.325837	 0.430160	 157096.324331	
241.915663	 1.000000	 0.000000	 -0.000000	 0.000000	 -90.000000	 0.325789	 0.002704	 0.325800	 0.475564	 0.000000	 0.002665	 0.002665	 90.000000	 0.325723	 0.002705	 0.325735	 0.475732	 157097.759217	
221.839357	 1.000000	 0.000000	 -0.000000	 0.000000	 -90.000000	 0.326044	 0.003516	 0.326063	 0.617862	 0.000000	 0.002781	 0.002781	 90.000000	 0.326044	 0.003516	 0.326063	 0.617862	 157099.226440	
201.763052	 1.000000	 0.000000	 -0.000000	 0.000000	 -90.000000	 0.326124	 0.003943	 0.326148	 0.692680	 0.000000	 0.003586	 0.003586	 90.000000	 0.326124	 0.003943	 0.326148	 0.692680	 157100.691242	
181.686747	 1.000000	 0.000000	 -0.000000	 0.000000	 -90.000000	 0.326165	 0.005057	 0.326204	 0.888233	 0.000000	 0.002106	 0.002106	 90.000000	 0.326165	 0.005057	 0.326204	 0.888233	 157102.116388	
161.610442	 1.000000	 0.000000	 -0.000000	 0.000000	 -90.000000	 0.326252	 0.006029	 0.326308	 1.058754	 0.000000	 0.001850	 0.001850	 90.000000	 0.326252	 0.006029	 0.326308	 1.058754	 157103.544077	
141.534137	 1.000000	 0.000000	 -0.000000	 0.000000	 -90.000000	 0.326120	 0.007332	 0.326203	 1.287881	 0.000000	 0.001900	 0.001900	 90.000000	 0.326120	 0.007332	 0.326203	 1.287881	 157104.964476	
121.457831	 1.000000	 0.000000	 -0.000000	 0.000000	 -90.000000	 0.326401	 0.008959	 0.326524	 1.572214	 0.000000	 0.001909	 0.001909	 90.000000	 0.326401	 0.008959	 0.326524	 1.572214	 157106.412178	
101.381526	 1.000000	 0.000000	 -0.000000	 0.000000	 -90.000000	 0.326541	 0.011520	 0.326744	 2.020570	 0.000000	 0.001872	 0.001872	 90.000000	 0.326541	 0.011520	 0.326744	 2.020570	 157107.848103	
81.305221	 1.000000	 0.000000	 -0.000000	 0.000000	 -90.000000	 0.325595	 0.014665	 0.325925	 2.578885	 0.000000	 0.001870	 0.001870	 90.000000	 0.325595	 0.014665	 0.325925	 2.578885	 157109.275790	
61.228916	 1.000000	 0.000000	 -0.000000	 0.000000	 -90.000000	 0.324704	 0.022557	 0.325486	 3.973878	 0.000000	 0.001897	 0.001897	 90.000000	 0.324704	 0.022557	 0.325486	 3.973878	 157110.699532	
41.152610	 1.000000	 0.000000	 -0.000000	 0.000000	 -90.000000	 0.327761	 0.030183	 0.329148	 5.261498	 0.000000	 0.001917	 0.001917	 90.000000	 0.327761	 0.030183	 0.329148	 5.261498	 157112.152615	
21.076305	 1.000000	 0.000000	 -0.000000	 0.000000	 -90.000000	 0.312053	 0.053928	 0.316678	 9.804792	 0.000000	 0.002003	 0.002003	 90.000000	 0.312055	 0.053936	 0.316682	 9.806165	 157113.589127	
1.000000	 1.000000	 0.000000	 -0.000000	 0.000000	 -90.000000	 0.038865	 0.161838	 0.166439	 76.496181	 0.000000	 0.171966	 0.171966	 90.000000	 0.038865	 0.161838	 0.166439	 76.496181	 157115.031464	
