# Oscilator_frequency (Hz)	DemodAll_A (-)	Demod_1_X_A (A)	Demod_1_Y_A (A)	Demod_1__R_A (A)	Demod_1__Theta_A (deg)	Demod_2_X_A (A)	Demod_2_Y_A (A)	Demod_2__R_A (A)	Demod_2__Theta_A (deg)	Demod_3_X_A (V)	Demod_3_Y_A (V)	Demod_3__R_A (V)	Demod_3__Theta_A (deg)	Demod_4_X_A (V)	Demod_4_Y_A (V)	Demod_4__R_A (V)	Demod_4__Theta_A (deg)	Timer_GET (s)
1.0	1.0	0.0	0.0	0.0	-90.0	0.213838	0.261818	0.338046	50.760086	0.0	0.35168	0.35168	90.0	0.213838	0.261818	0.338046	50.760086	328516.553131
2.0	1.0	0.0	0.0	0.0	-90.0	0.105177	0.171523	0.201203	58.483607	0.0	-0.161262	0.161262	-90.0	0.105177	0.171523	0.201203	58.483607	328515.130969
3.0	1.0	0.0	0.0	0.0	-90.0	0.28339	0.029858	0.284959	6.014579	0.0	0.300593	0.300593	90.0	0.28339	0.029858	0.284959	6.014579	328513.673905
4.0	1.0	0.0	0.0	0.0	-90.0	0.316676	0.072525	0.324875	12.899358	0.0	-0.308777	0.308777	-90.0	0.316676	0.072525	0.324875	12.899358	328512.213317
5.0	1.0	0.0	0.0	0.0	-90.0	0.312095	0.070665	0.319995	12.757831	0.0	-0.217652	0.217652	-90.0	0.312095	0.070665	0.319995	12.757831	328510.778748
6.0	1.0	0.0	0.0	0.0	-90.0	0.320029	0.06369	0.326305	11.255482	0.0	0.157111	0.157111	90.0	0.320029	0.06369	0.326305	11.255482	328509.309482
7.0	1.0	0.0	0.0	0.0	-90.0	0.319014	0.054176	0.323581	9.638235	0.0	0.116056	0.116056	90.0	0.319014	0.054176	0.323581	9.638235	328507.878023
8.0	1.0	0.0	0.0	0.0	-90.0	0.324512	0.047941	0.328034	8.403645	0.0	0.059346	0.059346	90.0	0.324473	0.047657	0.327954	8.355544	328506.437697
9.0	1.0	0.0	0.0	0.0	-90.0	0.326123	0.04151	0.328754	7.253859	0.0	0.053476	0.053476	90.0	0.326123	0.04151	0.328754	7.253859	328504.983415
10.0	1.0	0.0	0.0	0.0	-90.0	0.327644	0.036419	0.329661	6.342599	0.0	0.019054	0.019054	90.0	0.327644	0.036419	0.329661	6.342599	328503.541292
11.0	1.0	0.0	0.0	0.0	-90.0	0.328351	0.032027	0.329909	5.571028	0.0	0.022239	0.022239	90.0	0.328351	0.032027	0.329909	5.571028	328502.102404
12.0	1.0	0.0	0.0	0.0	-90.0	0.328754	0.028409	0.329979	4.938934	0.0	0.00273	0.00273	90.0	0.328754	0.028409	0.329979	4.938934	328500.647812
13.0	1.0	0.0	0.0	0.0	-90.0	0.329067	0.025273	0.330036	4.391872	0.0	-0.000871	0.000871	-90.0	0.329067	0.025273	0.330036	4.391872	328499.178846
14.0	1.0	0.0	0.0	0.0	-90.0	0.329149	0.022624	0.329925	3.932059	0.0	0.00239	0.00239	90.0	0.329149	0.022624	0.329925	3.932059	328497.777337
15.0	1.0	0.0	0.0	0.0	-90.0	0.329252	0.020331	0.329879	3.533542	0.0	0.002242	0.002242	90.0	0.329252	0.020331	0.329879	3.533542	328496.27525
16.0	1.0	0.0	0.0	0.0	-90.0	0.329098	0.018147	0.329598	3.156249	0.0	0.002625	0.002625	90.0	0.329099	0.018148	0.329599	3.156306	328494.842139
17.0	1.0	0.0	0.0	0.0	-90.0	0.328948	0.016365	0.329355	2.848133	0.0	0.002147	0.002147	90.0	0.328948	0.016365	0.329355	2.848133	328493.41029
18.0	1.0	0.0	0.0	0.0	-90.0	0.328923	0.014692	0.329251	2.55753	0.0	0.002268	0.002268	90.0	0.328923	0.014692	0.329251	2.55753	328491.969013
19.0	1.0	0.0	0.0	0.0	-90.0	0.328735	0.013298	0.329004	2.316542	0.0	0.002087	0.002087	90.0	0.328735	0.013298	0.329004	2.316542	328490.508232
20.0	1.0	0.0	0.0	0.0	-90.0	0.32859	0.011918	0.328806	2.077234	0.0	0.002135	0.002135	90.0	0.32859	0.011918	0.328806	2.077234	328489.079992
21.0	1.0	0.0	0.0	0.0	-90.0	0.32833	0.010748	0.328506	1.874975	0.0	0.002563	0.002563	90.0	0.32833	0.010748	0.328506	1.874975	328487.626349
22.0	1.0	0.0	0.0	0.0	-90.0	0.328085	0.009688	0.328228	1.691421	0.0	0.00215	0.00215	90.0	0.328085	0.009688	0.328228	1.691421	328486.206638
23.0	1.0	0.0	0.0	0.0	-90.0	0.327868	0.00872	0.327984	1.523467	0.0	0.002305	0.002305	90.0	0.327868	0.00872	0.327984	1.523467	328484.754637
24.0	1.0	0.0	0.0	0.0	-90.0	0.327673	0.007855	0.327768	1.373273	0.0	0.001908	0.001908	90.0	0.327678	0.007857	0.327772	1.373638	328483.33938
25.0	1.0	0.0	0.0	0.0	-90.0	0.327405	0.00695	0.327479	1.21599	0.0	0.002524	0.002524	90.0	0.327402	0.006954	0.327476	1.216715	328481.906945
26.0	1.0	0.0	0.0	0.0	-90.0	0.327272	0.006219	0.327331	1.088631	0.0	0.002149	0.002149	90.0	0.327272	0.006219	0.327331	1.088631	328480.436033
27.0	1.0	0.0	0.0	0.0	-90.0	0.326993	0.005581	0.32704	0.977848	0.0	0.002569	0.002569	90.0	0.326993	0.005581	0.32704	0.977848	328478.998949
28.0	1.0	0.0	0.0	0.0	-90.0	0.326868	0.004933	0.326905	0.864646	0.0	0.002329	0.002329	90.0	0.326868	0.004933	0.326905	0.864646	328477.559298
29.0	1.0	0.0	0.0	0.0	-90.0	0.326666	0.004318	0.326695	0.757237	0.0	0.002433	0.002433	90.0	0.326666	0.004318	0.326695	0.757237	328476.117431
30.0	1.0	0.0	0.0	0.0	-90.0	0.326381	0.00381	0.326403	0.668734	0.0	0.00154	0.00154	90.0	0.326381	0.00381	0.326403	0.668734	328474.670882
31.0	1.0	0.0	0.0	0.0	-90.0	0.326221	0.00314	0.326236	0.551557	0.0	0.00247	0.00247	90.0	0.326221	0.00314	0.326236	0.551557	328473.229552
32.0	1.0	0.0	0.0	0.0	-90.0	0.326084	0.002609	0.326094	0.45841	0.0	0.002393	0.002393	90.0	0.326084	0.002609	0.326094	0.45841	328471.746788
33.0	1.0	0.0	0.0	0.0	-90.0	0.325717	0.002233	0.325725	0.392723	0.0	0.002398	0.002398	90.0	0.325717	0.002233	0.325725	0.392724	328470.290456
34.0	1.0	0.0	0.0	0.0	-90.0	0.325733	0.001784	0.325738	0.31373	0.0	0.002439	0.002439	90.0	0.325733	0.001784	0.325738	0.31373	328468.829449
35.0	1.0	0.0	0.0	0.0	-90.0	0.325514	0.001282	0.325516	0.225596	0.0	0.002398	0.002398	90.0	0.325514	0.001282	0.325516	0.225596	328467.398718
36.0	1.0	0.0	0.0	0.0	-90.0	0.325162	0.001019	0.325164	0.179486	0.0	0.002424	0.002424	90.0	0.325162	0.001019	0.325164	0.179486	328465.951441
37.0	1.0	0.0	0.0	0.0	-90.0	0.325364	0.000263	0.325364	0.046319	0.0	0.002363	0.002363	90.0	0.325364	0.000263	0.325364	0.046319	328464.524923
38.0	1.0	0.0	0.0	0.0	-90.0	0.325206	0.001224	0.325208	0.215615	0.0	0.002367	0.002367	90.0	0.325206	0.001224	0.325208	0.215615	328463.071969
39.0	1.0	0.0	0.0	0.0	-90.0	0.323464	0.000267	0.323464	0.047226	0.0	0.002358	0.002358	90.0	0.323131	0.000904	0.323133	0.160309	328461.643172
40.0	1.0	0.0	0.0	0.0	-90.0	0.325633	-0.001969	0.325639	-0.346404	0.0	0.002426	0.002426	90.0	0.325367	-0.002858	0.32538	-0.503227	328460.204809
41.0	1.0	0.0	0.0	0.0	-90.0	0.319633	-0.000119	0.319633	-0.021258	0.0	0.002389	0.002389	90.0	0.319633	-0.000119	0.319633	-0.021258	328458.73796
42.0	1.0	0.0	0.0	0.0	-90.0	0.326162	-0.008506	0.326273	-1.493895	0.0	0.002417	0.002417	90.0	0.326162	-0.008506	0.326273	-1.493895	328457.311146
43.0	1.0	0.0	0.0	0.0	-90.0	0.311619	-0.006484	0.311686	-1.191958	0.0	0.002356	0.002356	90.0	0.311619	-0.006484	0.311686	-1.191958	328455.881913
44.0	1.0	0.0	0.0	0.0	-90.0	0.310911	-0.017804	0.311421	-3.277485	0.0	0.002427	0.002427	90.0	0.310911	-0.017804	0.311421	-3.277485	328454.412984
45.0	1.0	0.0	0.0	0.0	-90.0	0.325353	0.026314	0.326415	4.623994	0.0	0.002427	0.002427	90.0	0.325353	0.026314	0.326415	4.623994	328452.973833
46.0	1.0	0.0	0.0	0.0	-90.0	0.311555	0.03723	0.313772	6.814386	0.0	0.002412	0.002412	90.0	0.311555	0.03723	0.313772	6.814387	328451.523003
47.0	1.0	0.0	0.0	0.0	-90.0	0.355335	-0.048154	0.358583	-7.717513	0.0	0.002481	0.002481	90.0	0.355335	-0.048154	0.358583	-7.717513	328450.088189
48.0	1.0	0.0	0.0	0.0	-90.0	0.360764	-0.057542	0.365324	-9.062342	0.0	0.00244	0.00244	90.0	0.358082	-0.059855	0.36305	-9.489543	328448.652546
49.0	1.0	0.0	0.0	0.0	-90.0	0.327122	0.073584	0.335296	12.677368	0.0	0.002473	0.002473	90.0	0.327122	0.073584	0.335296	12.677368	328447.202923
50.0	1.0	0.0	0.0	0.0	-90.0	0.389524	0.04048	0.391622	5.933009	0.0	0.002415	0.002415	90.0	0.389524	0.04048	0.391622	5.933009	328445.753914
51.0	1.0	0.0	0.0	0.0	-90.0	0.256868	0.034165	0.25913	7.576279	0.0	0.002548	0.002548	90.0	0.256868	0.034165	0.25913	7.576279	328444.295086
52.0	1.0	0.0	0.0	0.0	-90.0	0.341683	0.060718	0.347036	10.076442	0.0	0.002505	0.002505	90.0	0.341683	0.060718	0.347036	10.076442	328442.792528
53.0	1.0	0.0	0.0	0.0	-90.0	0.284206	0.0292	0.285702	5.866076	0.0	0.003208	0.003208	90.0	0.284206	0.0292	0.285702	5.866076	328441.3657
54.0	1.0	0.0	0.0	0.0	-90.0	0.35746	0.015563	0.357799	2.492987	0.0	0.009057	0.009057	90.0	0.352769	0.026721	0.353779	4.331681	328439.881501
55.0	1.0	0.0	0.0	0.0	-90.0	0.340985	0.021896	0.341687	3.674108	0.0	0.002859	0.002859	90.0	0.340985	0.021896	0.341687	3.674109	328438.437342
56.0	1.0	0.0	0.0	0.0	-90.0	0.302842	-0.003161	0.302859	-0.59803	0.0	0.002261	0.002261	90.0	0.303595	-0.018968	0.304187	-3.575098	328436.997943
57.0	1.0	0.0	0.0	0.0	-90.0	0.324634	0.007565	0.324722	1.334913	0.0	0.007901	0.007901	90.0	0.324634	0.007565	0.324722	1.334913	328435.586456
58.0	1.0	0.0	0.0	0.0	-90.0	0.317413	-0.009399	0.317552	-1.696083	0.0	-0.000255	0.000255	-90.0	0.317413	-0.009399	0.317552	-1.696083	328434.126323
59.0	1.0	0.0	0.0	0.0	-90.0	0.319971	0.000538	0.319971	0.09639	0.0	0.001811	0.001811	90.0	0.319971	0.000538	0.319971	0.09639	328432.70082
60.0	1.0	0.0	0.0	0.0	-90.0	0.318145	-0.004436	0.318176	-0.798803	0.0	0.002284	0.002284	90.0	0.318145	-0.004436	0.318176	-0.798803	328431.259197
61.0	1.0	0.0	0.0	0.0	-90.0	0.322744	-0.004555	0.322776	-0.808499	0.0	0.002498	0.002498	90.0	0.322744	-0.004555	0.322776	-0.808499	328429.836267
62.0	1.0	0.0	0.0	0.0	-90.0	0.321248	-0.004862	0.321285	-0.867061	0.0	0.002399	0.002399	90.0	0.321545	-0.005202	0.321587	-0.926828	328428.410631
63.0	1.0	0.0	0.0	0.0	-90.0	0.321851	-0.005632	0.3219	-1.002559	0.0	0.002379	0.002379	90.0	0.321851	-0.005632	0.3219	-1.002559	328426.958158
64.0	1.0	0.0	0.0	0.0	-90.0	0.321026	-0.004792	0.321062	-0.855206	0.0	0.002438	0.002438	90.0	0.321026	-0.004792	0.321062	-0.855206	328425.528058
65.0	1.0	0.0	0.0	0.0	-90.0	0.321123	-0.004725	0.321158	-0.84297	0.0	0.00231	0.00231	90.0	0.321123	-0.004725	0.321158	-0.84297	328424.06349
66.0	1.0	0.0	0.0	0.0	-90.0	0.320964	-0.004766	0.320999	-0.850691	0.0	0.006404	0.006404	90.0	0.321018	-0.004844	0.321054	-0.864418	328422.636977
67.0	1.0	0.0	0.0	0.0	-90.0	0.320699	-0.005065	0.320739	-0.90492	0.0	0.000117	0.000117	90.0	0.320708	-0.005041	0.320748	-0.900575	328421.166086
68.0	1.0	0.0	0.0	0.0	-90.0	0.32083	-0.005228	0.320872	-0.933486	0.0	0.008278	0.008278	90.0	0.32083	-0.005228	0.320872	-0.933486	328419.735891
69.0	1.0	0.0	0.0	0.0	-90.0	0.320559	-0.005229	0.320602	-0.934511	0.0	-0.000101	0.000101	-90.0	0.320559	-0.005229	0.320602	-0.934511	328418.266944
70.0	1.0	0.0	0.0	0.0	-90.0	0.320442	-0.005423	0.320487	-0.969493	0.0	0.002469	0.002469	90.0	0.320442	-0.005423	0.320487	-0.969493	328416.816448
71.0	1.0	0.0	0.0	0.0	-90.0	0.320219	-0.005369	0.320264	-0.960597	0.0	0.002291	0.002291	90.0	0.320219	-0.005369	0.320264	-0.960597	328415.380644
72.0	1.0	0.0	0.0	0.0	-90.0	0.320288	-0.005389	0.320333	-0.963886	0.0	0.002472	0.002472	90.0	0.320288	-0.005389	0.320333	-0.963886	328413.920132
73.0	1.0	0.0	0.0	0.0	-90.0	0.320258	-0.005626	0.320308	-1.006494	0.0	0.002499	0.002499	90.0	0.320257	-0.005605	0.320306	-1.002614	328412.47497
74.0	1.0	0.0	0.0	0.0	-90.0	0.320077	-0.005699	0.320128	-1.020037	0.0	0.002467	0.002467	90.0	0.320077	-0.005699	0.320128	-1.020037	328411.031567
75.0	1.0	0.0	0.0	0.0	-90.0	0.320094	-0.005837	0.320147	-1.044707	0.0	0.0025	0.0025	90.0	0.320094	-0.005837	0.320147	-1.044707	328409.59217
76.0	1.0	0.0	0.0	0.0	-90.0	0.319905	-0.005814	0.319958	-1.04114	0.0	0.002479	0.002479	90.0	0.319905	-0.005814	0.319958	-1.04114	328408.13003
77.0	1.0	0.0	0.0	0.0	-90.0	0.319781	-0.005907	0.319836	-1.05818	0.0	0.002508	0.002508	90.0	0.31977	-0.005884	0.319824	-1.05419	328406.695924
78.0	1.0	0.0	0.0	0.0	-90.0	0.319845	-0.005964	0.319901	-1.068272	0.0	0.002527	0.002527	90.0	0.319845	-0.005964	0.319901	-1.068272	328405.250236
79.0	1.0	0.0	0.0	0.0	-90.0	0.319685	-0.006062	0.319743	-1.086282	0.0	0.00255	0.00255	90.0	0.319685	-0.006062	0.319743	-1.086282	328403.774343
80.0	1.0	0.0	0.0	0.0	-90.0	0.319546	-0.006162	0.319606	-1.10466	0.0	0.002532	0.002532	90.0	0.319546	-0.006162	0.319606	-1.10466	328402.328915
81.0	1.0	0.0	0.0	0.0	-90.0	0.319407	-0.006159	0.319467	-1.10473	0.0	0.002551	0.002551	90.0	0.319407	-0.006159	0.319467	-1.10473	328400.891347
82.0	1.0	0.0	0.0	0.0	-90.0	0.31938	-0.006275	0.319442	-1.125653	0.0	0.002597	0.002597	90.0	0.31938	-0.006275	0.319442	-1.125653	328399.478292
83.0	1.0	0.0	0.0	0.0	-90.0	0.319247	-0.00635	0.31931	-1.139562	0.0	0.002537	0.002537	90.0	0.319247	-0.00635	0.31931	-1.139562	328398.059601
84.0	1.0	0.0	0.0	0.0	-90.0	0.31916	-0.006406	0.319224	-1.149782	0.0	0.0025	0.0025	90.0	0.31916	-0.006406	0.319224	-1.149782	328396.600751
85.0	1.0	0.0	0.0	0.0	-90.0	0.319118	-0.006432	0.319183	-1.154584	0.0	0.002496	0.002496	90.0	0.319118	-0.006432	0.319183	-1.154584	328395.167884
86.0	1.0	0.0	0.0	0.0	-90.0	0.31903	-0.006507	0.319097	-1.168379	0.0	0.002534	0.002534	90.0	0.319028	-0.00651	0.319095	-1.169028	328393.702395
87.0	1.0	0.0	0.0	0.0	-90.0	0.318917	-0.006549	0.318984	-1.176433	0.0	0.002558	0.002558	90.0	0.318917	-0.006549	0.318984	-1.176433	328392.244223
88.0	1.0	0.0	0.0	0.0	-90.0	0.31883	-0.006697	0.3189	-1.203297	0.0	0.002549	0.002549	90.0	0.31883	-0.006697	0.3189	-1.203297	328390.830024
89.0	1.0	0.0	0.0	0.0	-90.0	0.318762	-0.006736	0.318834	-1.210639	0.0	0.002614	0.002614	90.0	0.318762	-0.006736	0.318833	-1.210659	328389.358348
90.0	1.0	0.0	0.0	0.0	-90.0	0.318704	-0.006808	0.318776	-1.223801	0.0	0.002522	0.002522	90.0	0.318701	-0.00681	0.318774	-1.224124	328387.896481
91.0	1.0	0.0	0.0	0.0	-90.0	0.318546	-0.006801	0.318619	-1.223076	0.0	0.002469	0.002469	90.0	0.318546	-0.006801	0.318619	-1.223076	328386.464536
92.0	1.0	0.0	0.0	0.0	-90.0	0.318589	-0.006834	0.318662	-1.228804	0.0	0.002586	0.002586	90.0	0.318586	-0.006836	0.318659	-1.229241	328385.021317
93.0	1.0	0.0	0.0	0.0	-90.0	0.318425	-0.006881	0.318499	-1.237946	0.0	0.002573	0.002573	90.0	0.318425	-0.006881	0.318499	-1.237946	328383.575221
94.0	1.0	0.0	0.0	0.0	-90.0	0.318368	-0.006981	0.318445	-1.256191	0.0	0.002585	0.002585	90.0	0.318368	-0.006981	0.318445	-1.256191	328382.138227
95.0	1.0	0.0	0.0	0.0	-90.0	0.318257	-0.006961	0.318333	-1.253014	0.0	0.002518	0.002518	90.0	0.31826	-0.006944	0.318336	-1.250002	328380.720835
96.0	1.0	0.0	0.0	0.0	-90.0	0.318123	-0.007069	0.318201	-1.272894	0.0	0.002477	0.002477	90.0	0.318123	-0.007069	0.318201	-1.272894	328379.287042
97.0	1.0	0.0	0.0	0.0	-90.0	0.318332	-0.007153	0.318412	-1.287235	0.0	0.002731	0.002731	90.0	0.318333	-0.007168	0.318414	-1.290001	328377.830082
98.0	1.0	0.0	0.0	0.0	-90.0	0.318236	-0.007314	0.31832	-1.316677	0.0	0.002807	0.002807	90.0	0.318236	-0.007314	0.31832	-1.316677	328376.358333
99.0	1.0	0.0	0.0	0.0	-90.0	0.318046	-0.006963	0.318122	-1.254105	0.0	0.002414	0.002414	90.0	0.318046	-0.006963	0.318122	-1.254105	328374.867352
100.0	1.0	0.0	0.0	0.0	-90.0	0.318176	-0.007113	0.318256	-1.280628	0.0	0.002546	0.002546	90.0	0.318176	-0.007113	0.318256	-1.280628	328373.433145
101.0	1.0	0.0	0.0	0.0	-90.0	0.317693	-0.0072	0.317774	-1.298332	0.0	0.002539	0.002539	90.0	0.317693	-0.0072	0.317774	-1.298332	328371.981522
102.0	1.0	0.0	0.0	0.0	-90.0	0.317898	-0.00714	0.317979	-1.286632	0.0	0.002455	0.002455	90.0	0.317898	-0.00714	0.317979	-1.286632	328370.525013
103.0	1.0	0.0	0.0	0.0	-90.0	0.317626	-0.00729	0.31771	-1.31484	0.0	0.002611	0.002611	90.0	0.317602	-0.007317	0.317686	-1.319679	328369.080477
104.0	1.0	0.0	0.0	0.0	-90.0	0.317796	-0.007447	0.317883	-1.342416	0.0	0.002676	0.002676	90.0	0.317796	-0.007447	0.317883	-1.342416	328367.658473
105.0	1.0	0.0	0.0	0.0	-90.0	0.317707	-0.007438	0.317794	-1.341147	0.0	0.002611	0.002611	90.0	0.317705	-0.007431	0.317792	-1.339897	328366.217054
106.0	1.0	0.0	0.0	0.0	-90.0	0.317515	-0.007535	0.317605	-1.359352	0.0	0.002729	0.002729	90.0	0.317515	-0.007535	0.317605	-1.359352	328364.778091
107.0	1.0	0.0	0.0	0.0	-90.0	0.317446	-0.007496	0.317535	-1.352779	0.0	0.002673	0.002673	90.0	0.317438	-0.007495	0.317526	-1.352604	328363.357978
108.0	1.0	0.0	0.0	0.0	-90.0	0.317418	-0.00759	0.317509	-1.369713	0.0	0.003866	0.003866	90.0	0.317418	-0.00759	0.317509	-1.369713	328361.917568
109.0	1.0	0.0	0.0	0.0	-90.0	0.31733	-0.007615	0.317421	-1.374751	0.0	0.003593	0.003593	90.0	0.31733	-0.007615	0.317421	-1.374751	328360.444734
110.0	1.0	0.0	0.0	0.0	-90.0	0.317259	-0.007664	0.317352	-1.383787	0.0	0.002636	0.002636	90.0	0.317262	-0.007662	0.317354	-1.383515	328359.019786
111.0	1.0	0.0	0.0	0.0	-90.0	0.31721	-0.007684	0.317303	-1.387626	0.0	0.002691	0.002691	90.0	0.31721	-0.007684	0.317303	-1.387626	328357.614049
112.0	1.0	0.0	0.0	0.0	-90.0	0.317158	-0.00775	0.317252	-1.399763	0.0	0.002725	0.002725	90.0	0.317158	-0.00775	0.317252	-1.399763	328356.178863
113.0	1.0	0.0	0.0	0.0	-90.0	0.317101	-0.00774	0.317195	-1.398192	0.0	0.002706	0.002706	90.0	0.317101	-0.00774	0.317195	-1.398192	328354.719559
114.0	1.0	0.0	0.0	0.0	-90.0	0.317022	-0.007807	0.317118	-1.410619	0.0	0.002752	0.002752	90.0	0.317022	-0.007807	0.317118	-1.410619	328353.263175
115.0	1.0	0.0	0.0	0.0	-90.0	0.316959	-0.00785	0.317056	-1.418814	0.0	0.002764	0.002764	90.0	0.316959	-0.007852	0.317056	-1.419131	328351.813277
116.0	1.0	0.0	0.0	0.0	-90.0	0.316886	-0.00784	0.316983	-1.417177	0.0	0.002726	0.002726	90.0	0.316886	-0.00784	0.316983	-1.417177	328350.377273
117.0	1.0	0.0	0.0	0.0	-90.0	0.316856	-0.007886	0.316955	-1.425636	0.0	0.002773	0.002773	90.0	0.316856	-0.007886	0.316955	-1.425636	328348.926431
118.0	1.0	0.0	0.0	0.0	-90.0	0.316771	-0.00794	0.31687	-1.435839	0.0	0.002775	0.002775	90.0	0.316771	-0.00794	0.31687	-1.435839	328347.488143
119.0	1.0	0.0	0.0	0.0	-90.0	0.316733	-0.007958	0.316833	-1.43919	0.0	0.002805	0.002805	90.0	0.316733	-0.007958	0.316833	-1.43919	328346.041905
120.0	1.0	0.0	0.0	0.0	-90.0	0.316662	-0.007999	0.316763	-1.44708	0.0	0.002829	0.002829	90.0	0.316664	-0.007998	0.316765	-1.446731	328344.590488
121.0	1.0	0.0	0.0	0.0	-90.0	0.316602	-0.007995	0.316703	-1.446565	0.0	0.002833	0.002833	90.0	0.316603	-0.007994	0.316704	-1.446312	328343.131539
122.0	1.0	0.0	0.0	0.0	-90.0	0.316554	-0.008066	0.316656	-1.459542	0.0	0.002813	0.002813	90.0	0.316555	-0.008066	0.316658	-1.459576	328341.697269
123.0	1.0	0.0	0.0	0.0	-90.0	0.316466	-0.008063	0.316568	-1.459437	0.0	0.002743	0.002743	90.0	0.316466	-0.008063	0.316568	-1.459437	328340.261864
124.0	1.0	0.0	0.0	0.0	-90.0	0.316408	-0.008083	0.316511	-1.463411	0.0	0.002821	0.002821	90.0	0.316408	-0.008083	0.316511	-1.46341	328338.843844
125.0	1.0	0.0	0.0	0.0	-90.0	0.316373	-0.00815	0.316478	-1.475612	0.0	0.002864	0.002864	90.0	0.316373	-0.00815	0.316478	-1.475611	328337.420913
126.0	1.0	0.0	0.0	0.0	-90.0	0.316309	-0.008135	0.316414	-1.473193	0.0	0.002841	0.002841	90.0	0.316309	-0.008135	0.316413	-1.473247	328335.95349
127.0	1.0	0.0	0.0	0.0	-90.0	0.316273	-0.008211	0.31638	-1.48722	0.0	0.002904	0.002904	90.0	0.316273	-0.008211	0.31638	-1.48722	328334.502029
128.0	1.0	0.0	0.0	0.0	-90.0	0.316191	-0.008201	0.316297	-1.485758	0.0	0.002861	0.002861	90.0	0.316191	-0.008201	0.316297	-1.485759	328333.039164
129.0	1.0	0.0	0.0	0.0	-90.0	0.316112	-0.00822	0.316219	-1.489623	0.0	0.00289	0.00289	90.0	0.316112	-0.00822	0.316219	-1.489623	328331.62232
130.0	1.0	0.0	0.0	0.0	-90.0	0.316038	-0.008243	0.316145	-1.494147	0.0	0.002896	0.002896	90.0	0.316038	-0.008243	0.316145	-1.493983	328330.147371
131.0	1.0	0.0	0.0	0.0	-90.0	0.316002	-0.008295	0.316111	-1.503635	0.0	0.002906	0.002906	90.0	0.316002	-0.008295	0.316111	-1.503635	328328.730931
132.0	1.0	0.0	0.0	0.0	-90.0	0.315962	-0.008317	0.316072	-1.507891	0.0	0.002922	0.002922	90.0	0.315962	-0.008317	0.316072	-1.507891	328327.276371
133.0	1.0	0.0	0.0	0.0	-90.0	0.315893	-0.00832	0.316003	-1.508769	0.0	0.002926	0.002926	90.0	0.315893	-0.00832	0.316003	-1.508769	328325.828732
134.0	1.0	0.0	0.0	0.0	-90.0	0.315856	-0.008368	0.315967	-1.517656	0.0	0.002926	0.002926	90.0	0.315856	-0.008368	0.315967	-1.517656	328324.382908
135.0	1.0	0.0	0.0	0.0	-90.0	0.315769	-0.008399	0.315881	-1.523598	0.0	0.002893	0.002893	90.0	0.315769	-0.008399	0.315881	-1.523598	328322.915062
136.0	1.0	0.0	0.0	0.0	-90.0	0.315772	-0.008424	0.315884	-1.528207	0.0	0.002935	0.002935	90.0	0.315772	-0.008424	0.315884	-1.528207	328321.479193
137.0	1.0	0.0	0.0	0.0	-90.0	0.315717	-0.008449	0.31583	-1.532922	0.0	0.002903	0.002903	90.0	0.315717	-0.008449	0.31583	-1.532922	328320.054046
138.0	1.0	0.0	0.0	0.0	-90.0	0.315656	-0.008422	0.315768	-1.528272	0.0	0.00291	0.00291	90.0	0.315656	-0.008422	0.315768	-1.528272	328318.606794
139.0	1.0	0.0	0.0	0.0	-90.0	0.315592	-0.008488	0.315706	-1.540685	0.0	0.002996	0.002996	90.0	0.315592	-0.008488	0.315706	-1.540685	328317.187433
140.0	1.0	0.0	0.0	0.0	-90.0	0.315594	-0.008506	0.315709	-1.543913	0.0	0.002995	0.002995	90.0	0.315598	-0.008524	0.315713	-1.547179	328315.718878
141.0	1.0	0.0	0.0	0.0	-90.0	0.315424	-0.00859	0.315541	-1.560036	0.0	0.003103	0.003103	90.0	0.315424	-0.00859	0.315541	-1.560036	328314.269219
142.0	1.0	0.0	0.0	0.0	-90.0	0.315581	-0.008469	0.315695	-1.537248	0.0	0.003703	0.003703	90.0	0.315581	-0.008469	0.315695	-1.537248	328312.831285
143.0	1.0	0.0	0.0	0.0	-90.0	0.31524	-0.008634	0.315358	-1.568936	0.0	-0.000578	0.000578	-90.0	0.31524	-0.008634	0.315358	-1.568936	328311.37126
144.0	1.0	0.0	0.0	0.0	-90.0	0.315198	-0.008744	0.315319	-1.589035	0.0	0.003444	0.003444	90.0	0.315198	-0.008744	0.315319	-1.589035	328309.930261
145.0	1.0	0.0	0.0	0.0	-90.0	0.315479	-0.008112	0.315583	-1.472897	0.0	0.000973	0.000973	90.0	0.315479	-0.008112	0.315583	-1.472897	328308.447254
146.0	1.0	0.0	0.0	0.0	-90.0	0.315657	-0.008044	0.31576	-1.459747	0.0	0.000676	0.000676	90.0	0.315755	-0.008104	0.315859	-1.470138	328306.978404
147.0	1.0	0.0	0.0	0.0	-90.0	0.314352	-0.008919	0.314479	-1.625169	0.0	-0.007099	0.007099	-90.0	0.314352	-0.008919	0.314479	-1.625169	328305.520505
148.0	1.0	0.0	0.0	0.0	-90.0	0.314061	-0.008724	0.314182	-1.591105	0.0	-0.001167	0.001167	-90.0	0.314045	-0.008629	0.314163	-1.573906	328304.08943
149.0	1.0	0.0	0.0	0.0	-90.0	0.316096	-0.00947	0.316238	-1.71603	0.0	0.002806	0.002806	90.0	0.316068	-0.009514	0.316211	-1.724138	328302.643846
150.0	1.0	0.0	0.0	0.0	-90.0	0.315018	-0.010055	0.315179	-1.828263	0.0	0.002928	0.002928	90.0	0.315018	-0.010055	0.315179	-1.828263	328301.207345
151.0	1.0	0.0	0.0	0.0	-90.0	0.316268	-0.008715	0.316388	-1.578415	0.0	0.00312	0.00312	90.0	0.316268	-0.008715	0.316388	-1.578415	328299.767161
152.0	1.0	0.0	0.0	0.0	-90.0	0.314809	-0.009805	0.314962	-1.783944	0.0	0.003182	0.003182	90.0	0.31487	-0.009823	0.315023	-1.786951	328298.326584
153.0	1.0	0.0	0.0	0.0	-90.0	0.315778	-0.008905	0.315904	-1.615249	0.0	0.003215	0.003215	90.0	0.315778	-0.008905	0.315904	-1.615249	328296.87228
154.0	1.0	0.0	0.0	0.0	-90.0	0.314288	-0.009107	0.31442	-1.659812	0.0	0.003202	0.003202	90.0	0.314288	-0.009107	0.31442	-1.659812	328295.42105
155.0	1.0	0.0	0.0	0.0	-90.0	0.314321	-0.009013	0.31445	-1.642389	0.0	0.003162	0.003162	90.0	0.314321	-0.009013	0.31445	-1.642389	328293.990976
156.0	1.0	0.0	0.0	0.0	-90.0	0.315087	-0.008719	0.315208	-1.585143	0.0	0.003192	0.003192	90.0	0.315087	-0.008719	0.315208	-1.585143	328292.541217
157.0	1.0	0.0	0.0	0.0	-90.0	0.314932	-0.008897	0.315058	-1.618243	0.0	0.003229	0.003229	90.0	0.314932	-0.008897	0.315058	-1.618243	328291.109425
158.0	1.0	0.0	0.0	0.0	-90.0	0.314566	-0.008813	0.31469	-1.604771	0.0	0.003229	0.003229	90.0	0.314566	-0.008813	0.31469	-1.604771	328289.64171
159.0	1.0	0.0	0.0	0.0	-90.0	0.314692	-0.008864	0.314816	-1.613502	0.0	0.003264	0.003264	90.0	0.314691	-0.008857	0.314816	-1.612141	328288.205914
160.0	1.0	0.0	0.0	0.0	-90.0	0.314583	-0.008873	0.314708	-1.615718	0.0	0.003291	0.003291	90.0	0.314566	-0.008878	0.314692	-1.616625	328286.753066
161.0	1.0	0.0	0.0	0.0	-90.0	0.314593	-0.008941	0.31472	-1.627915	0.0	0.003333	0.003333	90.0	0.314593	-0.008941	0.31472	-1.627915	328285.312384
162.0	1.0	0.0	0.0	0.0	-90.0	0.314546	-0.008921	0.314673	-1.624488	0.0	0.003347	0.003347	90.0	0.314546	-0.008921	0.314673	-1.624488	328283.883577
163.0	1.0	0.0	0.0	0.0	-90.0	0.314437	-0.008984	0.314565	-1.63659	0.0	0.003355	0.003355	90.0	0.314437	-0.008984	0.314565	-1.63659	328282.433148
164.0	1.0	0.0	0.0	0.0	-90.0	0.314441	-0.008993	0.314569	-1.638128	0.0	0.003395	0.003395	90.0	0.314441	-0.008993	0.314569	-1.638128	328281.01194
165.0	1.0	0.0	0.0	0.0	-90.0	0.314359	-0.009024	0.314489	-1.644357	0.0	0.003309	0.003309	90.0	0.314359	-0.009025	0.314489	-1.644412	328279.561699
166.0	1.0	0.0	0.0	0.0	-90.0	0.314302	-0.009048	0.314433	-1.648874	0.0	0.003233	0.003233	90.0	0.314302	-0.009048	0.314433	-1.648874	328278.10051
167.0	1.0	0.0	0.0	0.0	-90.0	0.314267	-0.009023	0.314397	-1.644512	0.0	0.0033	0.0033	90.0	0.314267	-0.009023	0.314397	-1.644512	328276.669653
168.0	1.0	0.0	0.0	0.0	-90.0	0.314218	-0.009021	0.314347	-1.644505	0.0	0.003391	0.003391	90.0	0.314218	-0.009021	0.314347	-1.644505	328275.256706
169.0	1.0	0.0	0.0	0.0	-90.0	0.314167	-0.009083	0.314299	-1.65605	0.0	0.003458	0.003458	90.0	0.314167	-0.009083	0.314299	-1.65605	328273.809808
170.0	1.0	0.0	0.0	0.0	-90.0	0.314137	-0.009049	0.314267	-1.650086	0.0	0.003482	0.003482	90.0	0.314137	-0.009049	0.314267	-1.650086	328272.364376
171.0	1.0	0.0	0.0	0.0	-90.0	0.314071	-0.009123	0.314204	-1.663922	0.0	0.003464	0.003464	90.0	0.314071	-0.009123	0.314204	-1.663922	328270.908274
172.0	1.0	0.0	0.0	0.0	-90.0	0.314084	-0.009073	0.314215	-1.654644	0.0	0.003543	0.003543	90.0	0.314083	-0.009075	0.314214	-1.65495	328269.437863
173.0	1.0	0.0	0.0	0.0	-90.0	0.314002	-0.009139	0.314135	-1.667099	0.0	0.003603	0.003603	90.0	0.314002	-0.009139	0.314135	-1.667099	328267.982899
174.0	1.0	0.0	0.0	0.0	-90.0	0.314013	-0.009112	0.314145	-1.662085	0.0	0.003591	0.003591	90.0	0.314013	-0.009112	0.314145	-1.662085	328266.548807
175.0	1.0	0.0	0.0	0.0	-90.0	0.313964	-0.009155	0.314097	-1.670278	0.0	0.00362	0.00362	90.0	0.313964	-0.009155	0.314097	-1.670278	328265.122419
176.0	1.0	0.0	0.0	0.0	-90.0	0.313943	-0.009146	0.314077	-1.668675	0.0	0.003676	0.003676	90.0	0.313943	-0.009146	0.314077	-1.668675	328263.684664
177.0	1.0	0.0	0.0	0.0	-90.0	0.313859	-0.009131	0.313991	-1.666459	0.0	0.003702	0.003702	90.0	0.313859	-0.009131	0.313991	-1.666459	328262.261274
178.0	1.0	0.0	0.0	0.0	-90.0	0.313813	-0.009197	0.313947	-1.678637	0.0	0.003634	0.003634	90.0	0.313812	-0.009198	0.313947	-1.678847	328260.811
179.0	1.0	0.0	0.0	0.0	-90.0	0.313771	-0.009205	0.313906	-1.680436	0.0	0.003683	0.003683	90.0	0.313771	-0.009205	0.313906	-1.680436	328259.364992
180.0	1.0	0.0	0.0	0.0	-90.0	0.313737	-0.009218	0.313872	-1.682908	0.0	0.003731	0.003731	90.0	0.313737	-0.009218	0.313872	-1.682908	328257.95934
181.0	1.0	0.0	0.0	0.0	-90.0	0.313703	-0.009192	0.313837	-1.678323	0.0	0.00385	0.00385	90.0	0.313703	-0.009192	0.313837	-1.678323	328256.54219
182.0	1.0	0.0	0.0	0.0	-90.0	0.313633	-0.009244	0.313769	-1.688235	0.0	0.003864	0.003864	90.0	0.313633	-0.009244	0.313769	-1.688235	328255.085757
183.0	1.0	0.0	0.0	0.0	-90.0	0.313648	-0.009223	0.313783	-1.684252	0.0	0.003896	0.003896	90.0	0.313648	-0.009223	0.313783	-1.684252	328253.636526
184.0	1.0	0.0	0.0	0.0	-90.0	0.313615	-0.00926	0.313752	-1.691301	0.0	0.003969	0.003969	90.0	0.313615	-0.00926	0.313752	-1.691301	328252.208052
185.0	1.0	0.0	0.0	0.0	-90.0	0.313539	-0.009248	0.313676	-1.689433	0.0	0.00391	0.00391	90.0	0.313538	-0.009247	0.313675	-1.689326	328250.754716
186.0	1.0	0.0	0.0	0.0	-90.0	0.313512	-0.009257	0.313649	-1.691201	0.0	0.004008	0.004008	90.0	0.313512	-0.009257	0.313649	-1.691201	328249.302886
187.0	1.0	0.0	0.0	0.0	-90.0	0.313485	-0.009276	0.313622	-1.69487	0.0	0.004041	0.004041	90.0	0.313485	-0.009276	0.313622	-1.69487	328247.899264
188.0	1.0	0.0	0.0	0.0	-90.0	0.313454	-0.0093	0.313592	-1.69937	0.0	0.004101	0.004101	90.0	0.313454	-0.0093	0.313592	-1.69937	328246.463302
189.0	1.0	0.0	0.0	0.0	-90.0	0.313408	-0.009295	0.313546	-1.698776	0.0	0.004141	0.004141	90.0	0.313408	-0.009295	0.313546	-1.698776	328245.06228
190.0	1.0	0.0	0.0	0.0	-90.0	0.313349	-0.009305	0.313487	-1.700877	0.0	0.004177	0.004177	90.0	0.313349	-0.009305	0.313487	-1.700877	328243.629581
191.0	1.0	0.0	0.0	0.0	-90.0	0.313326	-0.009315	0.313464	-1.702843	0.0	0.00426	0.00426	90.0	0.313326	-0.009315	0.313464	-1.702843	328242.205453
192.0	1.0	0.0	0.0	0.0	-90.0	0.313288	-0.009328	0.313427	-1.70538	0.0	0.004302	0.004302	90.0	0.313288	-0.009328	0.313427	-1.70538	328240.774374
193.0	1.0	0.0	0.0	0.0	-90.0	0.313234	-0.009333	0.313373	-1.70666	0.0	0.004395	0.004395	90.0	0.313234	-0.009333	0.313373	-1.70666	328239.371033
194.0	1.0	0.0	0.0	0.0	-90.0	0.313201	-0.009353	0.31334	-1.7105	0.0	0.004469	0.004469	90.0	0.313201	-0.009353	0.31334	-1.7105	328237.945067
195.0	1.0	0.0	0.0	0.0	-90.0	0.313173	-0.009283	0.31331	-1.697879	0.0	0.004601	0.004601	90.0	0.313189	-0.009286	0.313327	-1.698357	328236.467907
196.0	1.0	0.0	0.0	0.0	-90.0	0.313191	-0.009316	0.31333	-1.703761	0.0	0.004709	0.004709	90.0	0.313191	-0.009316	0.31333	-1.703761	328235.021335
197.0	1.0	0.0	0.0	0.0	-90.0	0.312989	-0.009325	0.313128	-1.706488	0.0	0.004775	0.004775	90.0	0.312989	-0.009325	0.313128	-1.706488	328233.589336
198.0	1.0	0.0	0.0	0.0	-90.0	0.313059	-0.009208	0.313195	-1.684719	0.0	0.004829	0.004829	90.0	0.313059	-0.009208	0.313195	-1.684719	328232.106689
199.0	1.0	0.0	0.0	0.0	-90.0	0.312857	-0.009292	0.312995	-1.701202	0.0	0.005861	0.005861	90.0	0.312857	-0.009292	0.312995	-1.701202	328230.65382
200.0	1.0	0.0	0.0	0.0	-90.0	0.3123285	-0.009826	0.3124835	-1.8022335	0.0	0.0031385	0.0031385	90.0	0.3123285	-0.009826	0.3124835	-1.8022335	298463.10545050004
250.0	1.0	0.0	0.0	0.0	-90.0	0.309843	-0.012158	0.310081	-2.24712	0.0	0.002393	0.002393	90.0	0.309843	-0.012158	0.310081	-2.24712	268695.532645
300.0	1.0	0.0	0.0	0.0	-90.0	0.308321	-0.01106	0.30852	-2.054472	0.0	0.002384	0.002384	90.0	0.308322	-0.011061	0.30852	-2.054525	268694.098497
350.0	1.0	0.0	0.0	0.0	-90.0	0.307068	-0.01038	0.307243	-1.936126	0.0	0.002421	0.002421	90.0	0.307068	-0.01038	0.307243	-1.936126	268692.651358
400.0	1.0	0.0	0.0	0.0	-90.0	0.306109	-0.01136	0.30632	-2.125285	0.0	0.002478	0.002478	90.0	0.306109	-0.01136	0.30632	-2.125285	268691.178123
450.0	1.0	0.0	0.0	0.0	-90.0	0.305202	-0.010995	0.3054	-2.063264	0.0	0.002513	0.002513	90.0	0.305193	-0.010995	0.305391	-2.063346	268689.737464
500.0	1.0	0.0	0.0	0.0	-90.0	0.304355	-0.011534	0.304573	-2.170226	0.0	0.002557	0.002557	90.0	0.304355	-0.011534	0.304573	-2.170226	268688.309776
550.0	1.0	0.0	0.0	0.0	-90.0	0.303502	-0.011601	0.303724	-2.188909	0.0	0.002512	0.002512	90.0	0.303502	-0.011601	0.303724	-2.188909	268686.842166
600.0	1.0	0.0	0.0	0.0	-90.0	0.302917	-0.011515	0.303135	-2.176989	0.0	0.002535	0.002535	90.0	0.302917	-0.011515	0.303135	-2.176989	268685.4073
650.0	1.0	0.0	0.0	0.0	-90.0	0.302149	-0.011387	0.302364	-2.158227	0.0	0.002544	0.002544	90.0	0.302149	-0.011387	0.302364	-2.158227	268683.987103
700.0	1.0	0.0	0.0	0.0	-90.0	0.301597	-0.011522	0.301817	-2.187792	0.0	0.002632	0.002632	90.0	0.301597	-0.011522	0.301817	-2.1879	268682.578227
750.0	1.0	0.0	0.0	0.0	-90.0	0.301046	-0.011679	0.301273	-2.221693	0.0	0.002608	0.002608	90.0	0.301046	-0.011679	0.301273	-2.221693	268681.14629
800.0	1.0	0.0	0.0	0.0	-90.0	0.300635	-0.011489	0.300854	-2.18851	0.0	0.002623	0.002623	90.0	0.300635	-0.011489	0.300854	-2.18851	268679.713465
850.0	1.0	0.0	0.0	0.0	-90.0	0.300036	-0.011466	0.300255	-2.188493	0.0	0.0026	0.0026	90.0	0.300036	-0.011467	0.300255	-2.18877	268678.275324
900.0	1.0	0.0	0.0	0.0	-90.0	0.299696	-0.011476	0.299915	-2.192967	0.0	0.00265	0.00265	90.0	0.299696	-0.011476	0.299915	-2.192967	268676.825571
950.0	1.0	0.0	0.0	0.0	-90.0	0.29926	-0.011416	0.299478	-2.184667	0.0	0.002598	0.002598	90.0	0.29926	-0.011416	0.299478	-2.184667	268675.368548
1000.0	1.0	0.0	0.0	0.0	-90.0	0.298885	-0.01135	0.2991	-2.174724	0.0	0.002627	0.002627	90.0	0.298885	-0.01135	0.2991	-2.174724	268673.884294
1050.0	1.0	0.0	0.0	0.0	-90.0	0.298506	-0.011382	0.298723	-2.183538	0.0	0.002647	0.002647	90.0	0.298506	-0.011382	0.298723	-2.183538	268672.423663
1100.0	1.0	0.0	0.0	0.0	-90.0	0.298174	-0.011329	0.29839	-2.175934	0.0	0.002584	0.002584	90.0	0.298174	-0.011329	0.29839	-2.175934	268670.999814
1150.0	1.0	0.0	0.0	0.0	-90.0	0.297853	-0.011349	0.298069	-2.182123	0.0	0.002602	0.002602	90.0	0.297854	-0.01135	0.29807	-2.182298	268669.53903
1200.0	1.0	0.0	0.0	0.0	-90.0	0.297555	-0.011283	0.297769	-2.171585	0.0	0.002633	0.002633	90.0	0.297555	-0.011283	0.297769	-2.171585	268668.093886
1250.0	1.0	0.0	0.0	0.0	-90.0	0.297277	-0.011225	0.297489	-2.162498	0.0	0.002639	0.002639	90.0	0.297277	-0.011225	0.297489	-2.162498	268666.629179
1300.0	1.0	0.0	0.0	0.0	-90.0	0.296975	-0.011223	0.297187	-2.164294	0.0	0.002672	0.002672	90.0	0.296974	-0.011224	0.297186	-2.164344	268665.192995
1350.0	1.0	0.0	0.0	0.0	-90.0	0.296751	-0.011249	0.296964	-2.170836	0.0	0.00269	0.00269	90.0	0.296751	-0.011249	0.296964	-2.170836	268663.752577
1400.0	1.0	0.0	0.0	0.0	-90.0	0.296503	-0.011215	0.296715	-2.16605	0.0	0.002669	0.002669	90.0	0.296503	-0.011215	0.296715	-2.16605	268662.305385
1450.0	1.0	0.0	0.0	0.0	-90.0	0.29631	-0.011159	0.29652	-2.156687	0.0	0.002692	0.002692	90.0	0.29631	-0.011159	0.29652	-2.156687	268660.872961
1500.0	1.0	0.0	0.0	0.0	-90.0	0.296021	-0.011163	0.296231	-2.15957	0.0	0.002733	0.002733	90.0	0.296019	-0.011163	0.296229	-2.159541	268659.422491
1550.0	1.0	0.0	0.0	0.0	-90.0	0.295814	-0.011113	0.296023	-2.151412	0.0	0.002751	0.002751	90.0	0.295814	-0.011113	0.296023	-2.151412	268657.998623
1600.0	1.0	0.0	0.0	0.0	-90.0	0.295624	-0.011137	0.295833	-2.157431	0.0	0.002708	0.002708	90.0	0.295624	-0.011137	0.295833	-2.157431	268656.565422
1650.0	1.0	0.0	0.0	0.0	-90.0	0.295396	-0.011122	0.295606	-2.156183	0.0	0.002754	0.002754	90.0	0.295396	-0.011122	0.295606	-2.156183	268655.129952
1700.0	1.0	0.0	0.0	0.0	-90.0	0.295225	-0.011136	0.295435	-2.160268	0.0	0.002782	0.002782	90.0	0.295225	-0.011136	0.295435	-2.160268	268653.684186
1750.0	1.0	0.0	0.0	0.0	-90.0	0.295018	-0.011111	0.295227	-2.156952	0.0	0.002804	0.002804	90.0	0.295018	-0.011111	0.295227	-2.156952	268652.221255
1800.0	1.0	0.0	0.0	0.0	-90.0	0.294847	-0.011104	0.295056	-2.156833	0.0	0.002771	0.002771	90.0	0.294847	-0.011104	0.295056	-2.156833	268650.757809
1850.0	1.0	0.0	0.0	0.0	-90.0	0.294643	-0.011111	0.294853	-2.159504	0.0	0.002786	0.002786	90.0	0.294643	-0.011111	0.294853	-2.159504	268649.311475
1900.0	1.0	0.0	0.0	0.0	-90.0	0.294484	-0.011094	0.294693	-2.157477	0.0	0.002803	0.002803	90.0	0.294484	-0.011094	0.294693	-2.157523	268647.877993
1950.0	1.0	0.0	0.0	0.0	-90.0	0.294305	-0.011076	0.294513	-2.155282	0.0	0.002774	0.002774	90.0	0.294305	-0.011076	0.294513	-2.155282	268646.448603
2000.0	1.0	0.0	0.0	0.0	-90.0	0.294148	-0.011086	0.294357	-2.158349	0.0	0.002816	0.002816	90.0	0.294148	-0.011086	0.294357	-2.158349	268645.012996
2050.0	1.0	0.0	0.0	0.0	-90.0	0.29399	-0.011076	0.294198	-2.157642	0.0	0.002784	0.002784	90.0	0.29399	-0.011076	0.294198	-2.157642	268643.547454
2100.0	1.0	0.0	0.0	0.0	-90.0	0.293828	-0.011083	0.294037	-2.160229	0.0	0.002845	0.002845	90.0	0.293828	-0.011083	0.294037	-2.160229	268642.097554
2150.0	1.0	0.0	0.0	0.0	-90.0	0.293666	-0.011085	0.293875	-2.16179	0.0	0.002838	0.002838	90.0	0.293666	-0.011085	0.293875	-2.16179	268640.644397
2200.0	1.0	0.0	0.0	0.0	-90.0	0.29354	-0.011083	0.29375	-2.162245	0.0	0.002855	0.002855	90.0	0.29354	-0.011083	0.29375	-2.162245	268639.210745
2250.0	1.0	0.0	0.0	0.0	-90.0	0.293401	-0.011075	0.29361	-2.161714	0.0	0.002907	0.002907	90.0	0.293401	-0.011075	0.29361	-2.161714	268637.759741
2300.0	1.0	0.0	0.0	0.0	-90.0	0.293253	-0.011083	0.293463	-2.164318	0.0	0.002911	0.002911	90.0	0.293253	-0.011083	0.293463	-2.164318	268636.308696
2350.0	1.0	0.0	0.0	0.0	-90.0	0.293103	-0.011069	0.293312	-2.162756	0.0	0.002906	0.002906	90.0	0.293103	-0.011069	0.293312	-2.162739	268634.859663
2400.0	1.0	0.0	0.0	0.0	-90.0	0.292964	-0.011094	0.293174	-2.168705	0.0	0.002898	0.002898	90.0	0.292964	-0.011094	0.293174	-2.168705	268633.411696
2450.0	1.0	0.0	0.0	0.0	-90.0	0.29284	-0.011093	0.293051	-2.169386	0.0	0.002966	0.002966	90.0	0.29284	-0.011093	0.293051	-2.169386	268632.001742
2500.0	1.0	0.0	0.0	0.0	-90.0	0.29269	-0.011093	0.2929	-2.170472	0.0	0.003006	0.003006	90.0	0.29269	-0.011093	0.2929	-2.170472	268630.556603
2550.0	1.0	0.0	0.0	0.0	-90.0	0.292573	-0.011098	0.292784	-2.172336	0.0	0.002957	0.002957	90.0	0.292573	-0.011098	0.292784	-2.172336	268629.13076
2600.0	1.0	0.0	0.0	0.0	-90.0	0.292429	-0.011104	0.29264	-2.174545	0.0	0.002935	0.002935	90.0	0.292429	-0.011104	0.29264	-2.174545	268627.653142
2650.0	1.0	0.0	0.0	0.0	-90.0	0.292324	-0.011104	0.292535	-2.175249	0.0	0.002982	0.002982	90.0	0.292325	-0.011103	0.292536	-2.175206	268626.178347
2700.0	1.0	0.0	0.0	0.0	-90.0	0.292193	-0.011112	0.292404	-2.17796	0.0	0.00299	0.00299	90.0	0.292193	-0.011112	0.292404	-2.17796	268624.722652
2750.0	1.0	0.0	0.0	0.0	-90.0	0.292107	-0.011115	0.292319	-2.179189	0.0	0.002968	0.002968	90.0	0.292107	-0.011115	0.292319	-2.179189	268623.314823
2800.0	1.0	0.0	0.0	0.0	-90.0	0.291975	-0.011128	0.292187	-2.182733	0.0	0.002942	0.002942	90.0	0.291975	-0.011128	0.292187	-2.182734	268621.827832
2850.0	1.0	0.0	0.0	0.0	-90.0	0.291876	-0.011127	0.292088	-2.183199	0.0	0.002994	0.002994	90.0	0.291876	-0.011127	0.292088	-2.183199	268620.350582
2900.0	1.0	0.0	0.0	0.0	-90.0	0.29176	-0.011138	0.291972	-2.186291	0.0	0.003043	0.003043	90.0	0.29176	-0.011138	0.291972	-2.186291	268618.912079
2950.0	1.0	0.0	0.0	0.0	-90.0	0.291667	-0.011145	0.29188	-2.188229	0.0	0.003031	0.003031	90.0	0.291667	-0.011145	0.29188	-2.188229	268617.453583
3000.0	1.0	0.0	0.0	0.0	-90.0	0.291565	-0.011156	0.291779	-2.191247	0.0	0.003051	0.003051	90.0	0.291565	-0.011156	0.291779	-2.191247	268616.001467
3050.0	1.0	0.0	0.0	0.0	-90.0	0.29146	-0.011168	0.291674	-2.194452	0.0	0.003113	0.003113	90.0	0.29146	-0.011168	0.291674	-2.194452	268614.547599
3100.0	1.0	0.0	0.0	0.0	-90.0	0.291361	-0.011172	0.291575	-2.195801	0.0	0.003114	0.003114	90.0	0.291361	-0.011172	0.291575	-2.195801	268613.072012
3150.0	1.0	0.0	0.0	0.0	-90.0	0.291255	-0.011173	0.291469	-2.196955	0.0	0.003183	0.003183	90.0	0.291255	-0.011173	0.291469	-2.196955	268611.603115
3200.0	1.0	0.0	0.0	0.0	-90.0	0.291165	-0.01119	0.29138	-2.200838	0.0	0.003139	0.003139	90.0	0.291165	-0.01119	0.29138	-2.200838	268610.139542
3250.0	1.0	0.0	0.0	0.0	-90.0	0.291064	-0.011198	0.291279	-2.203199	0.0	0.003193	0.003193	90.0	0.291064	-0.011198	0.291279	-2.203199	268608.659279
3300.0	1.0	0.0	0.0	0.0	-90.0	0.290974	-0.011208	0.29119	-2.205836	0.0	0.00325	0.00325	90.0	0.290974	-0.011208	0.29119	-2.205836	268607.212822
3350.0	1.0	0.0	0.0	0.0	-90.0	0.290872	-0.011218	0.291088	-2.208558	0.0	0.003253	0.003253	90.0	0.290872	-0.011218	0.291088	-2.208558	268605.771557
3400.0	1.0	0.0	0.0	0.0	-90.0	0.290787	-0.011226	0.291004	-2.210825	0.0	0.003277	0.003277	90.0	0.290787	-0.011226	0.291004	-2.210825	268604.307589
3450.0	1.0	0.0	0.0	0.0	-90.0	0.290683	-0.011238	0.290901	-2.214008	0.0	0.003333	0.003333	90.0	0.290683	-0.011238	0.290901	-2.214008	268602.8666
3500.0	1.0	0.0	0.0	0.0	-90.0	0.290611	-0.011247	0.290829	-2.216248	0.0	0.00328	0.00328	90.0	0.290611	-0.011247	0.290829	-2.216248	268601.431518
3550.0	1.0	0.0	0.0	0.0	-90.0	0.290512	-0.011266	0.290731	-2.220802	0.0	0.003331	0.003331	90.0	0.290512	-0.011266	0.290731	-2.220802	268599.995753
3600.0	1.0	0.0	0.0	0.0	-90.0	0.290427	-0.011267	0.290645	-2.221699	0.0	0.00333	0.00333	90.0	0.290427	-0.011267	0.290645	-2.221699	268598.548982
3650.0	1.0	0.0	0.0	0.0	-90.0	0.29033	-0.011277	0.290549	-2.224352	0.0	0.003408	0.003408	90.0	0.29033	-0.011277	0.290549	-2.224352	268597.134658
3700.0	1.0	0.0	0.0	0.0	-90.0	0.29025	-0.011285	0.29047	-2.226566	0.0	0.003402	0.003402	90.0	0.29025	-0.011285	0.29047	-2.226566	268595.633622
3750.0	1.0	0.0	0.0	0.0	-90.0	0.290173	-0.0113	0.290393	-2.230029	0.0	0.003451	0.003451	90.0	0.290173	-0.0113	0.290393	-2.230029	268594.194453
3800.0	1.0	0.0	0.0	0.0	-90.0	0.290096	-0.011312	0.290317	-2.233074	0.0	0.003504	0.003504	90.0	0.290096	-0.011312	0.290317	-2.233074	268592.716687
3850.0	1.0	0.0	0.0	0.0	-90.0	0.290008	-0.011319	0.290229	-2.235024	0.0	0.003509	0.003509	90.0	0.290008	-0.011319	0.290229	-2.235024	268591.243946
3900.0	1.0	0.0	0.0	0.0	-90.0	0.289917	-0.011331	0.290138	-2.238183	0.0	0.003529	0.003529	90.0	0.289917	-0.011331	0.290138	-2.238183	268589.832834
3950.0	1.0	0.0	0.0	0.0	-90.0	0.289819	-0.011338	0.290041	-2.240363	0.0	0.003558	0.003558	90.0	0.289819	-0.011338	0.290041	-2.240363	268588.401851
4000.0	1.0	0.0	0.0	0.0	-90.0	0.289739	-0.01135	0.289961	-2.24323	0.0	0.003598	0.003598	90.0	0.289739	-0.01135	0.289961	-2.24323	268586.973267
4050.0	1.0	0.0	0.0	0.0	-90.0	0.289681	-0.011365	0.289904	-2.246692	0.0	0.003551	0.003551	90.0	0.289681	-0.011365	0.289904	-2.246692	268585.531384
4100.0	1.0	0.0	0.0	0.0	-90.0	0.289639	-0.01138	0.289863	-2.249924	0.0	0.003632	0.003632	90.0	0.289639	-0.01138	0.289863	-2.249924	268584.084263
4150.0	1.0	0.0	0.0	0.0	-90.0	0.289559	-0.011388	0.289783	-2.252286	0.0	0.003651	0.003651	90.0	0.289559	-0.011388	0.289783	-2.252286	268582.602819
4200.0	1.0	0.0	0.0	0.0	-90.0	0.289496	-0.0114	0.28972	-2.255068	0.0	0.00368	0.00368	90.0	0.289496	-0.0114	0.28972	-2.255068	268581.15394
4250.0	1.0	0.0	0.0	0.0	-90.0	0.289406	-0.011417	0.289631	-2.259193	0.0	0.003747	0.003747	90.0	0.289406	-0.011417	0.289631	-2.259192	268579.712731
4300.0	1.0	0.0	0.0	0.0	-90.0	0.289331	-0.011426	0.289557	-2.261406	0.0	0.003791	0.003791	90.0	0.289331	-0.011426	0.289557	-2.261406	268578.27362
4350.0	1.0	0.0	0.0	0.0	-90.0	0.289246	-0.011438	0.289472	-2.264516	0.0	0.003778	0.003778	90.0	0.289246	-0.011438	0.289472	-2.264516	268576.847223
4400.0	1.0	0.0	0.0	0.0	-90.0	0.289204	-0.01145	0.289431	-2.267178	0.0	0.003854	0.003854	90.0	0.289205	-0.01145	0.289431	-2.26716	268575.407193
4450.0	1.0	0.0	0.0	0.0	-90.0	0.28913	-0.011466	0.289357	-2.270884	0.0	0.00387	0.00387	90.0	0.28913	-0.011466	0.289357	-2.270884	268573.975746
4500.0	1.0	0.0	0.0	0.0	-90.0	0.289039	-0.011473	0.289267	-2.273139	0.0	0.003933	0.003933	90.0	0.289039	-0.011473	0.289267	-2.273139	268572.5186
4550.0	1.0	0.0	0.0	0.0	-90.0	0.288976	-0.011486	0.289204	-2.276188	0.0	0.003973	0.003973	90.0	0.288976	-0.011486	0.289204	-2.276188	268571.067453
4600.0	1.0	0.0	0.0	0.0	-90.0	0.288921	-0.011498	0.289149	-2.278952	0.0	0.004046	0.004046	90.0	0.288921	-0.011498	0.289149	-2.278952	268569.621055
4650.0	1.0	0.0	0.0	0.0	-90.0	0.288851	-0.011511	0.28908	-2.282089	0.0	0.004137	0.004137	90.0	0.288851	-0.011511	0.28908	-2.28209	268568.152626
4700.0	1.0	0.0	0.0	0.0	-90.0	0.288785	-0.011523	0.289015	-2.284914	0.0	0.004213	0.004213	90.0	0.288785	-0.011523	0.289015	-2.284914	268566.707583
4750.0	1.0	0.0	0.0	0.0	-90.0	0.288709	-0.011535	0.288939	-2.287903	0.0	0.004325	0.004325	90.0	0.288709	-0.011535	0.288939	-2.287904	268565.278736
4800.0	1.0	0.0	0.0	0.0	-90.0	0.288661	-0.011546	0.288892	-2.290544	0.0	0.004483	0.004483	90.0	0.288661	-0.011546	0.288892	-2.290547	268563.807044
4850.0	1.0	0.0	0.0	0.0	-90.0	0.288602	-0.011558	0.288833	-2.293415	0.0	0.004721	0.004721	90.0	0.288602	-0.011558	0.288833	-2.293415	268562.376586
4900.0	1.0	0.0	0.0	0.0	-90.0	0.288524	-0.011568	0.288756	-2.295973	0.0	0.010252	0.010252	90.0	0.288524	-0.011568	0.288756	-2.295973	268560.901185
4950.0	1.0	0.0	0.0	0.0	-90.0	0.288451	-0.011577	0.288683	-2.298367	0.0	0.011834	0.011834	90.0	0.288451	-0.011577	0.288683	-2.298367	268559.451511
5000.0	1.0	0.0	0.0	0.0	-90.0	0.2887495	-0.0115905	0.288982	-2.2986465000000003	0.0	-0.008931	0.008931	-90.0	0.2887495	-0.0115905	0.288982	-2.298647	266983.4479455
10000.0	1.0	0.0	0.0	0.0	-90.0	0.284632	-0.013064	0.284932	-2.627893	0.0	0.0048	0.0048	90.0	0.284632	-0.013064	0.284932	-2.627893	265407.411597
15000.0	1.0	0.0	0.0	0.0	-90.0	0.281843	-0.014499	0.282215	-2.944884	0.0	0.002036	0.002036	90.0	0.281843	-0.014499	0.282215	-2.944884	265405.938903
20000.0	1.0	0.0	0.0	0.0	-90.0	0.279767	-0.015876	0.280217	-3.24798	0.0	0.001969	0.001969	90.0	0.279767	-0.015876	0.280217	-3.24798	265404.483457
25000.0	1.0	0.0	0.0	0.0	-90.0	0.278066	-0.017184	0.278597	-3.536229	0.0	0.001947	0.001947	90.0	0.278066	-0.017184	0.278597	-3.536229	265403.041884
30000.0	1.0	0.0	0.0	0.0	-90.0	0.276613	-0.018451	0.277228	-3.816079	0.0	0.00192	0.00192	90.0	0.276613	-0.018451	0.277228	-3.816079	265401.59602
35000.0	1.0	0.0	0.0	0.0	-90.0	0.275348	-0.019684	0.276051	-4.089062	0.0	0.001974	0.001974	90.0	0.275349	-0.019684	0.276051	-4.089053	265400.131985
40000.0	1.0	0.0	0.0	0.0	-90.0	0.274216	-0.020887	0.275011	-4.355861	0.0	0.001917	0.001917	90.0	0.274216	-0.020887	0.27501	-4.35588	265398.704025
45000.0	1.0	0.0	0.0	0.0	-90.0	0.273156	-0.022065	0.274045	-4.618292	0.0	0.001936	0.001936	90.0	0.273156	-0.022065	0.274045	-4.618295	265397.261568
50000.0	1.0	0.0	0.0	0.0	-90.0	0.272204	-0.023226	0.273193	-4.877025	0.0	0.002028	0.002028	90.0	0.272204	-0.023226	0.273193	-4.877025	265395.810007
55000.0	1.0	0.0	0.0	0.0	-90.0	0.271304	-0.024369	0.272397	-5.13255	0.0	0.002033	0.002033	90.0	0.271304	-0.024369	0.272396	-5.132542	265394.363897
60000.0	1.0	0.0	0.0	0.0	-90.0	0.270467	-0.025496	0.271666	-5.385122	0.0	0.002023	0.002023	90.0	0.270467	-0.025496	0.271666	-5.385122	265392.924456
65000.0	1.0	0.0	0.0	0.0	-90.0	0.269685	-0.026611	0.270994	-5.635392	0.0	0.002011	0.002011	90.0	0.269685	-0.026611	0.270994	-5.635392	265391.476166
70000.0	1.0	0.0	0.0	0.0	-90.0	0.268927	-0.027713	0.270351	-5.883478	0.0	0.002042	0.002042	90.0	0.268927	-0.027713	0.270351	-5.883478	265390.045067
75000.0	1.0	0.0	0.0	0.0	-90.0	0.268205	-0.028803	0.269747	-6.1295	0.0	0.002022	0.002022	90.0	0.268205	-0.028803	0.269747	-6.1295	265388.606012
80000.0	1.0	0.0	0.0	0.0	-90.0	0.267514	-0.029884	0.269178	-6.37405	0.0	0.002026	0.002026	90.0	0.267514	-0.029884	0.269178	-6.37405	265387.157697
85000.0	1.0	0.0	0.0	0.0	-90.0	0.266839	-0.030953	0.268629	-6.616713	0.0	0.002063	0.002063	90.0	0.266839	-0.030953	0.268629	-6.616713	265385.728707
90000.0	1.0	0.0	0.0	0.0	-90.0	0.266173	-0.032013	0.268091	-6.858028	0.0	0.002056	0.002056	90.0	0.266173	-0.032013	0.268091	-6.858028	265384.262821
95000.0	1.0	0.0	0.0	0.0	-90.0	0.265544	-0.033065	0.267594	-7.097924	0.0	0.002105	0.002105	90.0	0.265544	-0.033065	0.267594	-7.097924	265382.776185
100000.0	1.0	0.0	0.0	0.0	-90.0	0.264937	-0.034112	0.267124	-7.336684	0.0	0.002055	0.002055	90.0	0.264937	-0.034112	0.267124	-7.336684	265381.325387
105000.0	1.0	0.0	0.0	0.0	-90.0	0.264318	-0.035146	0.266644	-7.574202	0.0	0.002134	0.002134	90.0	0.264318	-0.035146	0.266644	-7.574205	265379.859208
110000.0	1.0	0.0	0.0	0.0	-90.0	0.263727	-0.036177	0.266196	-7.810831	0.0	0.002104	0.002104	90.0	0.263727	-0.036177	0.266196	-7.810831	265378.42451
115000.0	1.0	0.0	0.0	0.0	-90.0	0.263136	-0.037197	0.265752	-8.046105	0.0	0.002114	0.002114	90.0	0.263136	-0.037197	0.265752	-8.046105	265376.984973
120000.0	1.0	0.0	0.0	0.0	-90.0	0.262563	-0.038214	0.26533	-8.280699	0.0	0.002087	0.002087	90.0	0.262563	-0.038214	0.26533	-8.280699	265375.54624
125000.0	1.0	0.0	0.0	0.0	-90.0	0.262015	-0.039225	0.264935	-8.514329	0.0	0.002079	0.002079	90.0	0.262015	-0.039225	0.264935	-8.514329	265374.100474
130000.0	1.0	0.0	0.0	0.0	-90.0	0.261454	-0.040229	0.264531	-8.747208	0.0	0.002108	0.002108	90.0	0.261454	-0.040229	0.264531	-8.747208	265372.66531
135000.0	1.0	0.0	0.0	0.0	-90.0	0.260905	-0.041227	0.264142	-8.979323	0.0	0.002106	0.002106	90.0	0.260905	-0.041227	0.264142	-8.979323	265371.174126
140000.0	1.0	0.0	0.0	0.0	-90.0	0.260344	-0.042216	0.263745	-9.210609	0.0	0.002065	0.002065	90.0	0.260344	-0.042216	0.263745	-9.210608	265369.726732
145000.0	1.0	0.0	0.0	0.0	-90.0	0.259807	-0.043203	0.263375	-9.441292	0.0	0.002149	0.002149	90.0	0.259807	-0.043203	0.263375	-9.441292	265368.223469
150000.0	1.0	0.0	0.0	0.0	-90.0	0.259282	-0.044185	0.26302	-9.671079	0.0	0.002104	0.002104	90.0	0.259282	-0.044185	0.26302	-9.671079	265366.786083
155000.0	1.0	0.0	0.0	0.0	-90.0	0.258771	-0.045165	0.262683	-9.900566	0.0	0.002126	0.002126	90.0	0.258771	-0.045165	0.262683	-9.900566	265365.338946
160000.0	1.0	0.0	0.0	0.0	-90.0	0.258258	-0.046139	0.262347	-10.129319	0.0	0.002175	0.002175	90.0	0.258258	-0.046139	0.262347	-10.129319	265363.929044
165000.0	1.0	0.0	0.0	0.0	-90.0	0.257733	-0.047106	0.262002	-10.35761	0.0	0.002137	0.002137	90.0	0.257733	-0.047106	0.262002	-10.35761	265362.485518
170000.0	1.0	0.0	0.0	0.0	-90.0	0.257228	-0.04807	0.261681	-10.58515	0.0	0.002146	0.002146	90.0	0.257228	-0.04807	0.261681	-10.58515	265361.055078
175000.0	1.0	0.0	0.0	0.0	-90.0	0.256717	-0.049029	0.261357	-10.81238	0.0	0.002181	0.002181	90.0	0.256717	-0.049029	0.261357	-10.81238	265359.6093
180000.0	1.0	0.0	0.0	0.0	-90.0	0.256216	-0.049984	0.261046	-11.038996	0.0	0.002132	0.002132	90.0	0.256216	-0.049984	0.261046	-11.038997	265358.178657
185000.0	1.0	0.0	0.0	0.0	-90.0	0.255719	-0.050936	0.260743	-11.265197	0.0	0.002172	0.002172	90.0	0.255719	-0.050936	0.260743	-11.265197	265356.720969
190000.0	1.0	0.0	0.0	0.0	-90.0	0.255205	-0.051881	0.260425	-11.491124	0.0	0.002194	0.002194	90.0	0.255205	-0.051881	0.260425	-11.491124	265355.290993
195000.0	1.0	0.0	0.0	0.0	-90.0	0.254707	-0.052825	0.260127	-11.716725	0.0	0.002242	0.002242	90.0	0.254707	-0.052825	0.260127	-11.716725	265353.845126
200000.0	1.0	0.0	0.0	0.0	-90.0	0.254189	-0.05376	0.259812	-11.941891	0.0	0.002186	0.002186	90.0	0.254189	-0.05376	0.259812	-11.941893	265352.36204
205000.0	1.0	0.0	0.0	0.0	-90.0	0.253685	-0.054693	0.259514	-12.166471	0.0	0.002166	0.002166	90.0	0.253685	-0.054693	0.259514	-12.166471	265350.934747
210000.0	1.0	0.0	0.0	0.0	-90.0	0.253183	-0.055623	0.259221	-12.39067	0.0	0.002247	0.002247	90.0	0.253183	-0.055623	0.259221	-12.390671	265349.513148
215000.0	1.0	0.0	0.0	0.0	-90.0	0.252683	-0.056549	0.258933	-12.614611	0.0	0.002168	0.002168	90.0	0.252683	-0.056549	0.258933	-12.614611	265348.061472
220000.0	1.0	0.0	0.0	0.0	-90.0	0.252197	-0.057475	0.258664	-12.838163	0.0	0.002154	0.002154	90.0	0.252197	-0.057475	0.258664	-12.838164	265346.622254
225000.0	1.0	0.0	0.0	0.0	-90.0	0.2517	-0.058395	0.258385	-13.061572	0.0	0.002219	0.002219	90.0	0.2517	-0.058395	0.258385	-13.061572	265345.194666
230000.0	1.0	0.0	0.0	0.0	-90.0	0.251203	-0.05931	0.25811	-13.284523	0.0	0.002184	0.002184	90.0	0.251203	-0.05931	0.25811	-13.284523	265343.759232
235000.0	1.0	0.0	0.0	0.0	-90.0	0.250681	-0.060217	0.257812	-13.50736	0.0	0.002209	0.002209	90.0	0.250681	-0.060217	0.257812	-13.507359	265342.311988
240000.0	1.0	0.0	0.0	0.0	-90.0	0.250183	-0.061127	0.257542	-13.72997	0.0	0.002221	0.002221	90.0	0.250183	-0.061127	0.257542	-13.72997	265340.890028
245000.0	1.0	0.0	0.0	0.0	-90.0	0.249678	-0.06203	0.257267	-13.952048	0.0	0.00221	0.00221	90.0	0.249678	-0.06203	0.257267	-13.952048	265339.435245
250000.0	1.0	0.0	0.0	0.0	-90.0	0.249195	-0.062935	0.25702	-14.173848	0.0	0.002188	0.002188	90.0	0.249195	-0.062935	0.25702	-14.173845	265337.977942
255000.0	1.0	0.0	0.0	0.0	-90.0	0.248681	-0.063831	0.256743	-14.395704	0.0	0.002236	0.002236	90.0	0.248682	-0.063831	0.256743	-14.395706	265336.570389
260000.0	1.0	0.0	0.0	0.0	-90.0	0.248214	-0.064732	0.256516	-14.616737	0.0	0.002264	0.002264	90.0	0.248214	-0.064732	0.256516	-14.616737	265335.105748
265000.0	1.0	0.0	0.0	0.0	-90.0	0.247731	-0.065628	0.256277	-14.837794	0.0	0.002289	0.002289	90.0	0.247731	-0.065628	0.256277	-14.837794	265333.672878
270000.0	1.0	0.0	0.0	0.0	-90.0	0.247237	-0.066518	0.256028	-15.058581	0.0	0.002286	0.002286	90.0	0.247237	-0.066518	0.256028	-15.058581	265332.227343
275000.0	1.0	0.0	0.0	0.0	-90.0	0.24673	-0.067402	0.255771	-15.27937	0.0	0.002318	0.002318	90.0	0.24673	-0.067402	0.255771	-15.279374	265330.7798
280000.0	1.0	0.0	0.0	0.0	-90.0	0.246232	-0.068286	0.255525	-15.500017	0.0	0.002235	0.002235	90.0	0.246232	-0.068286	0.255525	-15.500017	265329.331634
285000.0	1.0	0.0	0.0	0.0	-90.0	0.245717	-0.069163	0.255265	-15.72045	0.0	0.002275	0.002275	90.0	0.245717	-0.069163	0.255265	-15.72045	265327.868514
290000.0	1.0	0.0	0.0	0.0	-90.0	0.245216	-0.07004	0.255023	-15.940642	0.0	0.002317	0.002317	90.0	0.245216	-0.07004	0.255023	-15.940642	265326.428291
295000.0	1.0	0.0	0.0	0.0	-90.0	0.244722	-0.070915	0.25479	-16.160463	0.0	0.002259	0.002259	90.0	0.244722	-0.070915	0.25479	-16.160463	265324.984776
300000.0	1.0	0.0	0.0	0.0	-90.0	0.244226	-0.071787	0.254558	-16.379967	0.0	0.002324	0.002324	90.0	0.244226	-0.071787	0.254558	-16.379967	265323.53507
305000.0	1.0	0.0	0.0	0.0	-90.0	0.243709	-0.072652	0.254308	-16.599846	0.0	0.002375	0.002375	90.0	0.243709	-0.072652	0.254308	-16.599846	265322.099317
310000.0	1.0	0.0	0.0	0.0	-90.0	0.243201	-0.073516	0.25407	-16.81936	0.0	0.002324	0.002324	90.0	0.243201	-0.073516	0.25407	-16.81936	265320.6697
315000.0	1.0	0.0	0.0	0.0	-90.0	0.24271	-0.074382	0.253852	-17.038557	0.0	0.00241	0.00241	90.0	0.24271	-0.074382	0.253852	-17.038557	265319.221477
320000.0	1.0	0.0	0.0	0.0	-90.0	0.242211	-0.075242	0.253628	-17.257354	0.0	0.002353	0.002353	90.0	0.242211	-0.075242	0.253628	-17.257354	265317.774565
325000.0	1.0	0.0	0.0	0.0	-90.0	0.241712	-0.076101	0.253409	-17.476246	0.0	0.002438	0.002438	90.0	0.241712	-0.076101	0.253409	-17.476246	265316.347941
330000.0	1.0	0.0	0.0	0.0	-90.0	0.241185	-0.07695	0.253163	-17.695261	0.0	0.00242	0.00242	90.0	0.241185	-0.07695	0.253163	-17.695261	265314.879978
335000.0	1.0	0.0	0.0	0.0	-90.0	0.240672	-0.0778	0.252934	-17.914061	0.0	0.002457	0.002457	90.0	0.240672	-0.0778	0.252934	-17.914061	265313.439953
340000.0	1.0	0.0	0.0	0.0	-90.0	0.240156	-0.078647	0.252706	-18.132674	0.0	0.002466	0.002466	90.0	0.240156	-0.078647	0.252706	-18.132674	265311.990484
345000.0	1.0	0.0	0.0	0.0	-90.0	0.239629	-0.079487	0.252468	-18.351069	0.0	0.002432	0.002432	90.0	0.239629	-0.079487	0.252468	-18.351069	265310.544075
350000.0	1.0	0.0	0.0	0.0	-90.0	0.239103	-0.080325	0.252235	-18.569468	0.0	0.002445	0.002445	90.0	0.239103	-0.080325	0.252235	-18.569468	265309.080491
355000.0	1.0	0.0	0.0	0.0	-90.0	0.238583	-0.081164	0.252011	-18.787902	0.0	0.002463	0.002463	90.0	0.238583	-0.081164	0.252011	-18.787902	265307.60862
360000.0	1.0	0.0	0.0	0.0	-90.0	0.238059	-0.081999	0.251785	-19.006287	0.0	0.002527	0.002527	90.0	0.238059	-0.081999	0.251785	-19.006287	265306.185856
365000.0	1.0	0.0	0.0	0.0	-90.0	0.237528	-0.08283	0.251556	-19.224458	0.0	0.002512	0.002512	90.0	0.237528	-0.08283	0.251556	-19.224458	265304.745583
370000.0	1.0	0.0	0.0	0.0	-90.0	0.237006	-0.08366	0.251338	-19.442341	0.0	0.002504	0.002504	90.0	0.237006	-0.08366	0.251338	-19.442341	265303.274325
375000.0	1.0	0.0	0.0	0.0	-90.0	0.23649	-0.08449	0.251129	-19.66019	0.0	0.002521	0.002521	90.0	0.23649	-0.08449	0.251129	-19.66019	265301.84266
380000.0	1.0	0.0	0.0	0.0	-90.0	0.235968	-0.085316	0.250917	-19.877762	0.0	0.002589	0.002589	90.0	0.235968	-0.085316	0.250917	-19.877762	265300.396532
385000.0	1.0	0.0	0.0	0.0	-90.0	0.235437	-0.086135	0.250699	-20.095049	0.0	0.002607	0.002607	90.0	0.235437	-0.086135	0.250699	-20.095048	265298.942835
390000.0	1.0	0.0	0.0	0.0	-90.0	0.234909	-0.086953	0.250486	-20.312451	0.0	0.002625	0.002625	90.0	0.234909	-0.086953	0.250486	-20.312451	265297.502011
395000.0	1.0	0.0	0.0	0.0	-90.0	0.234369	-0.087766	0.250263	-20.529768	0.0	0.002579	0.002579	90.0	0.234369	-0.087766	0.250264	-20.529767	265296.014679
400000.0	1.0	0.0	0.0	0.0	-90.0	0.233838	-0.08858	0.250054	-20.747063	0.0	0.00264	0.00264	90.0	0.233838	-0.08858	0.250054	-20.747063	265294.561462
405000.0	1.0	0.0	0.0	0.0	-90.0	0.233295	-0.089387	0.249833	-20.964268	0.0	0.002659	0.002659	90.0	0.233295	-0.089387	0.249833	-20.964268	265293.1354
410000.0	1.0	0.0	0.0	0.0	-90.0	0.23275	-0.090192	0.249614	-21.181601	0.0	0.002685	0.002685	90.0	0.23275	-0.090192	0.249614	-21.181601	265291.717412
415000.0	1.0	0.0	0.0	0.0	-90.0	0.232207	-0.090996	0.2494	-21.398846	0.0	0.002768	0.002768	90.0	0.232207	-0.090996	0.2494	-21.398846	265290.279437
420000.0	1.0	0.0	0.0	0.0	-90.0	0.231654	-0.091793	0.249178	-21.616051	0.0	0.002762	0.002762	90.0	0.231654	-0.091793	0.249178	-21.616051	265288.828366
425000.0	1.0	0.0	0.0	0.0	-90.0	0.231112	-0.092593	0.248971	-21.83307	0.0	0.002791	0.002791	90.0	0.231112	-0.092593	0.248971	-21.83307	265287.42538
430000.0	1.0	0.0	0.0	0.0	-90.0	0.230558	-0.093385	0.248752	-22.049949	0.0	0.002826	0.002826	90.0	0.230558	-0.093385	0.248752	-22.049949	265285.988178
435000.0	1.0	0.0	0.0	0.0	-90.0	0.229994	-0.094172	0.248527	-22.266852	0.0	0.00284	0.00284	90.0	0.229994	-0.094172	0.248527	-22.266855	265284.552775
440000.0	1.0	0.0	0.0	0.0	-90.0	0.229435	-0.094959	0.248309	-22.483772	0.0	0.002926	0.002926	90.0	0.229435	-0.094959	0.248309	-22.483772	265283.095425
445000.0	1.0	0.0	0.0	0.0	-90.0	0.228871	-0.095743	0.24809	-22.700831	0.0	0.002934	0.002934	90.0	0.228871	-0.095743	0.24809	-22.700831	265281.657745
450000.0	1.0	0.0	0.0	0.0	-90.0	0.228311	-0.096524	0.247876	-22.917338	0.0	0.002993	0.002993	90.0	0.228311	-0.096524	0.247876	-22.917338	265280.209658
455000.0	1.0	0.0	0.0	0.0	-90.0	0.227743	-0.097301	0.247658	-23.134065	0.0	0.003046	0.003046	90.0	0.227743	-0.097301	0.247658	-23.134065	265278.767628
460000.0	1.0	0.0	0.0	0.0	-90.0	0.227192	-0.098081	0.24746	-23.350402	0.0	0.003059	0.003059	90.0	0.227192	-0.098081	0.24746	-23.350402	265277.324717
465000.0	1.0	0.0	0.0	0.0	-90.0	0.226644	-0.09886	0.247266	-23.566355	0.0	0.003123	0.003123	90.0	0.226644	-0.09886	0.247266	-23.566356	265275.849751
470000.0	1.0	0.0	0.0	0.0	-90.0	0.226085	-0.09963	0.247064	-23.78197	0.0	0.003242	0.003242	90.0	0.226085	-0.09963	0.247064	-23.78197	265274.411571
475000.0	1.0	0.0	0.0	0.0	-90.0	0.225531	-0.100403	0.246871	-23.997996	0.0	0.003386	0.003386	90.0	0.225531	-0.100403	0.246871	-23.997996	265272.979764
480000.0	1.0	0.0	0.0	0.0	-90.0	0.224959	-0.101172	0.246662	-24.215099	0.0	0.003491	0.003491	90.0	0.224959	-0.101172	0.246662	-24.2151	265271.540783
485000.0	1.0	0.0	0.0	0.0	-90.0	0.224381	-0.101932	0.246449	-24.431402	0.0	0.00359	0.00359	90.0	0.224381	-0.101932	0.246449	-24.431399	265270.059072
490000.0	1.0	0.0	0.0	0.0	-90.0	0.223806	-0.102688	0.24624	-24.646926	0.0	0.003803	0.003803	90.0	0.223806	-0.102688	0.24624	-24.646931	265268.604386
495000.0	1.0	0.0	0.0	0.0	-90.0	0.223215	-0.10344	0.246017	-24.863466	0.0	0.006005	0.006005	90.0	0.223215	-0.10344	0.246017	-24.863466	265267.203161
500000.0	1.0	0.0	0.0	0.0	-90.0	0.222619	-0.104184	0.245792	-25.079101	0.0	0.00258	0.00258	90.0	0.222619	-0.104184	0.245792	-25.079101	265265.735181
