# Oscilator_frequency (Hz)	DemodAll_A (-)	Demod_1_X_A (A)	Demod_1_Y_A (A)	Demod_1__R_A (A)	Demod_1__Theta_A (deg)	Demod_2_X_A (A)	Demod_2_Y_A (A)	Demod_2__R_A (A)	Demod_2__Theta_A (deg)	Demod_3_X_A (V)	Demod_3_Y_A (V)	Demod_3__R_A (V)	Demod_3__Theta_A (deg)	Demod_4_X_A (V)	Demod_4_Y_A (V)	Demod_4__R_A (V)	Demod_4__Theta_A (deg)	Timer_GET (s)	
5000.000000	 1.000000	 0.000000	 -0.000000	 0.000000	 -90.000000	 0.000000	 0.000000	 0.000000	 41.818567	 0.000000	 1.535985	 1.535985	 90.000000	 0.118393	 -0.006621	 0.118578	 -3.201006	 1638.314623	
4950.000000	 1.000000	 0.000000	 -0.000000	 0.000000	 -90.000000	 -0.000000	 -0.000000	 0.000000	 -178.641891	 0.000000	 1.702936	 1.702936	 90.000000	 0.118473	 -0.006724	 0.118663	 -3.248324	 1639.736207	
4900.000000	 1.000000	 0.000000	 -0.000000	 0.000000	 -90.000000	 -0.000000	 -0.000000	 0.000000	 -140.920157	 0.000000	 1.832502	 1.832502	 90.000000	 0.118551	 -0.006828	 0.118747	 -3.296516	 1641.173847	
4850.000000	 1.000000	 0.000000	 -0.000000	 0.000000	 -90.000000	 -0.000000	 -0.000000	 0.000000	 -114.825089	 0.000000	 1.922275	 1.922275	 90.000000	 0.118629	 -0.006920	 0.118831	 -3.338319	 1642.617552	
4800.000000	 1.000000	 0.000000	 -0.000000	 0.000000	 -90.000000	 -0.000000	 0.000000	 0.000000	 175.859692	 0.000000	 1.987550	 1.987550	 90.000000	 0.118708	 -0.006999	 0.118914	 -3.374041	 1644.056236	
4750.000000	 1.000000	 0.000000	 -0.000000	 0.000000	 -90.000000	 0.000000	 0.000000	 0.000000	 78.538140	 0.000000	 2.039828	 2.039828	 90.000000	 0.118760	 -0.007065	 0.118970	 -3.404340	 1645.487392	
4700.000000	 1.000000	 0.000000	 -0.000000	 0.000000	 -90.000000	 0.000000	 -0.000000	 0.000000	 -1.392186	 0.000000	 2.075820	 2.075820	 90.000000	 0.118820	 -0.007121	 0.119033	 -3.429754	 1646.941625	
4650.000000	 1.000000	 0.000000	 -0.000000	 0.000000	 -90.000000	 0.000000	 -0.000000	 0.000000	 -44.660668	 0.000000	 2.104379	 2.104379	 90.000000	 0.118882	 -0.007173	 0.119098	 -3.453033	 1648.364343	
4600.000000	 1.000000	 0.000000	 -0.000000	 0.000000	 -90.000000	 -0.000000	 -0.000000	 0.000000	 -143.827199	 0.000000	 2.128493	 2.128493	 90.000000	 0.118935	 -0.007220	 0.119154	 -3.473872	 1649.882745	
4550.000000	 1.000000	 0.000000	 -0.000000	 0.000000	 -90.000000	 0.000000	 0.000000	 0.000000	 85.701914	 0.000000	 2.146904	 2.146904	 90.000000	 0.118996	 -0.007255	 0.119217	 -3.489044	 1651.320079	
4500.000000	 1.000000	 0.000000	 -0.000000	 0.000000	 -90.000000	 -0.000000	 -0.000000	 0.000000	 -154.789428	 0.000000	 2.162087	 2.162087	 90.000000	 0.119043	 -0.007287	 0.119265	 -3.503123	 1652.759924	
4450.000000	 1.000000	 0.000000	 -0.000000	 0.000000	 -90.000000	 -0.000000	 -0.000000	 0.000000	 -166.396885	 0.000000	 2.174693	 2.174693	 90.000000	 0.119093	 -0.007320	 0.119317	 -3.517258	 1654.202629	
4400.000000	 1.000000	 0.000000	 -0.000000	 0.000000	 -90.000000	 -0.000000	 -0.000000	 0.000000	 -175.219246	 0.000000	 2.185226	 2.185226	 90.000000	 0.119137	 -0.007346	 0.119364	 -3.528286	 1655.628968	
4350.000000	 1.000000	 0.000000	 -0.000000	 0.000000	 -90.000000	 -0.000000	 -0.000000	 0.000000	 -103.766707	 0.000000	 2.194360	 2.194360	 90.000000	 0.119199	 -0.007374	 0.119427	 -3.540127	 1657.060219	
4300.000000	 1.000000	 0.000000	 -0.000000	 0.000000	 -90.000000	 0.000000	 0.000000	 0.000000	 75.251153	 0.000000	 2.202240	 2.202240	 90.000000	 0.119248	 -0.007396	 0.119477	 -3.549299	 1658.514699	
4250.000000	 1.000000	 0.000000	 -0.000000	 0.000000	 -90.000000	 0.000000	 0.000000	 0.000000	 79.243162	 0.000000	 2.208961	 2.208961	 90.000000	 0.119299	 -0.007418	 0.119530	 -3.557849	 1659.944320	
4200.000000	 1.000000	 0.000000	 -0.000000	 0.000000	 -90.000000	 -0.000000	 -0.000000	 0.000000	 -123.824875	 0.000000	 2.214816	 2.214816	 90.000000	 0.119353	 -0.007438	 0.119585	 -3.565905	 1661.383014	
4150.000000	 1.000000	 0.000000	 -0.000000	 0.000000	 -90.000000	 -0.000000	 0.000000	 0.000000	 175.261097	 0.000000	 2.220074	 2.220074	 90.000000	 0.119404	 -0.007454	 0.119637	 -3.572367	 1662.814861	
4100.000000	 1.000000	 0.000000	 -0.000000	 0.000000	 -90.000000	 -0.000000	 -0.000000	 0.000000	 -131.090711	 0.000000	 2.224598	 2.224598	 90.000000	 0.119453	 -0.007477	 0.119687	 -3.581650	 1664.268464	
4050.000000	 1.000000	 0.000000	 -0.000000	 0.000000	 -90.000000	 0.000000	 0.000000	 0.000000	 6.017375	 0.000000	 2.228657	 2.228657	 90.000000	 0.119506	 -0.007499	 0.119741	 -3.590380	 1665.714655	
4000.000000	 1.000000	 0.000000	 -0.000000	 0.000000	 -90.000000	 -0.000000	 -0.000000	 0.000000	 -163.093021	 0.000000	 2.232152	 2.232152	 90.000000	 0.119557	 -0.007514	 0.119793	 -3.596364	 1667.168449	
3950.000000	 1.000000	 0.000000	 -0.000000	 0.000000	 -90.000000	 -0.000000	 0.000000	 0.000000	 169.816985	 0.000000	 2.235382	 2.235382	 90.000000	 0.119610	 -0.007536	 0.119847	 -3.605148	 1668.581806	
3900.000000	 1.000000	 0.000000	 -0.000000	 0.000000	 -90.000000	 -0.000000	 0.000000	 0.000000	 123.893964	 0.000000	 2.238349	 2.238349	 90.000000	 0.119667	 -0.007550	 0.119905	 -3.610340	 1670.016872	
3850.000000	 1.000000	 0.000000	 -0.000000	 0.000000	 -90.000000	 0.000000	 -0.000000	 0.000000	 -47.589410	 0.000000	 2.241047	 2.241047	 90.000000	 0.119721	 -0.007566	 0.119960	 -3.616157	 1671.478308	
3800.000000	 1.000000	 0.000000	 -0.000000	 0.000000	 -90.000000	 -0.000000	 -0.000000	 0.000000	 -158.180243	 0.000000	 2.243351	 2.243351	 90.000000	 0.119775	 -0.007585	 0.120014	 -3.623409	 1672.919409	
3750.000000	 1.000000	 0.000000	 -0.000000	 0.000000	 -90.000000	 -0.000000	 -0.000000	 0.000000	 -166.372867	 0.000000	 2.245634	 2.245634	 90.000000	 0.119832	 -0.007599	 0.120073	 -3.628502	 1674.387355	
3700.000000	 1.000000	 0.000000	 -0.000000	 0.000000	 -90.000000	 -0.000000	 0.000000	 0.000000	 156.103407	 0.000000	 2.247612	 2.247612	 90.000000	 0.119885	 -0.007617	 0.120127	 -3.635290	 1675.808541	
3650.000000	 1.000000	 0.000000	 -0.000000	 0.000000	 -90.000000	 0.000000	 -0.000000	 0.000000	 -15.426383	 0.000000	 2.249430	 2.249430	 90.000000	 0.119952	 -0.007639	 0.120195	 -3.644042	 1677.225907	
3600.000000	 1.000000	 0.000000	 -0.000000	 0.000000	 -90.000000	 0.000000	 0.000000	 0.000000	 53.376925	 0.000000	 2.251000	 2.251000	 90.000000	 0.120012	 -0.007650	 0.120255	 -3.647238	 1678.713145	
3550.000000	 1.000000	 0.000000	 -0.000000	 0.000000	 -90.000000	 -0.000000	 -0.000000	 0.000000	 -136.362724	 0.000000	 2.252665	 2.252665	 90.000000	 0.120063	 -0.007665	 0.120308	 -3.653079	 1680.138968	
3500.000000	 1.000000	 0.000000	 -0.000000	 0.000000	 -90.000000	 0.000000	 0.000000	 0.000000	 5.618130	 0.000000	 2.253911	 2.253911	 90.000000	 0.120132	 -0.007695	 0.120379	 -3.665003	 1681.572196	
3450.000000	 1.000000	 0.000000	 -0.000000	 0.000000	 -90.000000	 0.000000	 -0.000000	 0.000000	 -82.886054	 0.000000	 2.255286	 2.255286	 90.000000	 0.120192	 -0.007707	 0.120439	 -3.669102	 1682.993447	
3400.000000	 1.000000	 0.000000	 -0.000000	 0.000000	 -90.000000	 -0.000000	 -0.000000	 0.000000	 -159.921689	 0.000000	 2.256368	 2.256368	 90.000000	 0.120249	 -0.007726	 0.120497	 -3.676100	 1684.449287	
3350.000000	 1.000000	 0.000000	 -0.000000	 0.000000	 -90.000000	 0.000000	 0.000000	 0.000000	 72.859867	 0.000000	 2.257526	 2.257526	 90.000000	 0.120312	 -0.007746	 0.120561	 -3.683845	 1685.896595	
3300.000000	 1.000000	 0.000000	 -0.000000	 0.000000	 -90.000000	 -0.000000	 -0.000000	 0.000000	 -130.677298	 0.000000	 2.258412	 2.258412	 90.000000	 0.120370	 -0.007767	 0.120621	 -3.692067	 1687.347591	
3250.000000	 1.000000	 0.000000	 -0.000000	 0.000000	 -90.000000	 0.000000	 -0.000000	 0.000000	 -53.161413	 0.000000	 2.259274	 2.259274	 90.000000	 0.120433	 -0.007788	 0.120685	 -3.700051	 1688.795587	
3200.000000	 1.000000	 0.000000	 -0.000000	 0.000000	 -90.000000	 -0.000000	 -0.000000	 0.000000	 -175.816736	 0.000000	 2.260239	 2.260239	 90.000000	 0.120502	 -0.007810	 0.120755	 -3.708126	 1690.222540	
3150.000000	 1.000000	 0.000000	 -0.000000	 0.000000	 -90.000000	 0.000000	 -0.000000	 0.000000	 -82.618008	 0.000000	 2.260948	 2.260948	 90.000000	 0.120572	 -0.007834	 0.120826	 -3.717496	 1691.632994	
3100.000000	 1.000000	 0.000000	 -0.000000	 0.000000	 -90.000000	 -0.000000	 -0.000000	 0.000000	 -175.469839	 0.000000	 2.261721	 2.261721	 90.000000	 0.120633	 -0.007851	 0.120888	 -3.723849	 1693.057100	
3050.000000	 1.000000	 0.000000	 -0.000000	 0.000000	 -90.000000	 -0.000000	 -0.000000	 0.000000	 -131.868595	 0.000000	 2.262460	 2.262460	 90.000000	 0.120706	 -0.007875	 0.120963	 -3.732644	 1694.501386	
3000.000000	 1.000000	 0.000000	 -0.000000	 0.000000	 -90.000000	 0.000000	 0.000000	 0.000000	 11.147203	 0.000000	 2.263142	 2.263142	 90.000000	 0.120772	 -0.007895	 0.121030	 -3.740263	 1695.950079	
2950.000000	 1.000000	 0.000000	 -0.000000	 0.000000	 -90.000000	 -0.000000	 -0.000000	 0.000000	 -156.435860	 0.000000	 2.263746	 2.263746	 90.000000	 0.120841	 -0.007928	 0.121101	 -3.753606	 1697.409379	
2900.000000	 1.000000	 0.000000	 -0.000000	 0.000000	 -90.000000	 -0.000000	 -0.000000	 0.000000	 -122.084941	 0.000000	 2.264254	 2.264254	 90.000000	 0.120907	 -0.007945	 0.121168	 -3.759706	 1698.845913	
2850.000000	 1.000000	 0.000000	 -0.000000	 0.000000	 -90.000000	 0.000000	 0.000000	 0.000000	 42.523021	 0.000000	 2.264746	 2.264746	 90.000000	 0.120989	 -0.007971	 0.121251	 -3.769360	 1700.251970	
2800.000000	 1.000000	 0.000000	 -0.000000	 0.000000	 -90.000000	 -0.000000	 -0.000000	 0.000000	 -119.789688	 0.000000	 2.265204	 2.265204	 90.000000	 0.121053	 -0.008002	 0.121317	 -3.781938	 1701.691104	
2750.000000	 1.000000	 0.000000	 -0.000000	 0.000000	 -90.000000	 -0.000000	 -0.000000	 0.000000	 -90.161690	 0.000000	 2.265648	 2.265648	 90.000000	 0.121142	 -0.008032	 0.121408	 -3.793478	 1703.122519	
2700.000000	 1.000000	 0.000000	 -0.000000	 0.000000	 -90.000000	 0.000000	 -0.000000	 0.000000	 -37.831689	 0.000000	 2.266179	 2.266179	 90.000000	 0.121211	 -0.008059	 0.121479	 -3.803924	 1704.521889	
2650.000000	 1.000000	 0.000000	 -0.000000	 0.000000	 -90.000000	 -0.000000	 0.000000	 0.000000	 150.574143	 0.000000	 2.266577	 2.266577	 90.000000	 0.121290	 -0.008090	 0.121560	 -3.816169	 1705.963404	
2600.000000	 1.000000	 0.000000	 -0.000000	 0.000000	 -90.000000	 0.000000	 0.000000	 0.000000	 83.094735	 0.000000	 2.266897	 2.266897	 90.000000	 0.121378	 -0.008119	 0.121649	 -3.827049	 1707.411287	
2550.000000	 1.000000	 0.000000	 -0.000000	 0.000000	 -90.000000	 -0.000000	 0.000000	 0.000000	 102.666581	 0.000000	 2.267484	 2.267484	 90.000000	 0.121467	 -0.008151	 0.121740	 -3.838848	 1708.850016	
2500.000000	 1.000000	 0.000000	 -0.000000	 0.000000	 -90.000000	 -0.000000	 -0.000000	 0.000000	 -105.497003	 0.000000	 2.267549	 2.267549	 90.000000	 0.121539	 -0.008183	 0.121815	 -3.851926	 1710.312539	
2450.000000	 1.000000	 0.000000	 -0.000000	 0.000000	 -90.000000	 0.000000	 -0.000000	 0.000000	 -45.146971	 0.000000	 2.267898	 2.267898	 90.000000	 0.121635	 -0.008211	 0.121911	 -3.861852	 1711.750768	
2400.000000	 1.000000	 0.000000	 -0.000000	 0.000000	 -90.000000	 -0.000000	 -0.000000	 0.000000	 -137.358103	 0.000000	 2.268224	 2.268224	 90.000000	 0.121720	 -0.008253	 0.121999	 -3.878735	 1713.212938	
2350.000000	 1.000000	 0.000000	 -0.000000	 0.000000	 -90.000000	 -0.000000	 -0.000000	 0.000000	 -111.831795	 0.000000	 2.268584	 2.268584	 90.000000	 0.121804	 -0.008297	 0.122086	 -3.896978	 1714.661215	
2300.000000	 1.000000	 0.000000	 -0.000000	 0.000000	 -90.000000	 0.000000	 0.000000	 0.000000	 48.635458	 0.000000	 2.268810	 2.268810	 90.000000	 0.121908	 -0.008326	 0.122192	 -3.906930	 1716.118873	
2250.000000	 1.000000	 0.000000	 -0.000000	 0.000000	 -90.000000	 -0.000000	 0.000000	 0.000000	 106.231088	 0.000000	 2.268955	 2.268955	 90.000000	 0.121986	 -0.008371	 0.122272	 -3.925579	 1717.551164	
2200.000000	 1.000000	 0.000000	 -0.000000	 0.000000	 -90.000000	 -0.000000	 0.000000	 0.000000	 172.889601	 0.000000	 2.269155	 2.269155	 90.000000	 0.122085	 -0.008405	 0.122374	 -3.938224	 1719.003397	
2150.000000	 1.000000	 0.000000	 -0.000000	 0.000000	 -90.000000	 -0.000000	 -0.000000	 0.000000	 -111.570821	 0.000000	 2.269413	 2.269413	 90.000000	 0.122204	 -0.008454	 0.122496	 -3.957192	 1720.471257	
2100.000000	 1.000000	 0.000000	 -0.000000	 0.000000	 -90.000000	 0.000000	 -0.000000	 0.000000	 -57.617223	 0.000000	 2.269609	 2.269609	 90.000000	 0.122309	 -0.008494	 0.122604	 -3.972567	 1721.915669	
2050.000000	 1.000000	 0.000000	 -0.000000	 0.000000	 -90.000000	 -0.000000	 -0.000000	 0.000000	 -128.945069	 0.000000	 2.269864	 2.269864	 90.000000	 0.122429	 -0.008558	 0.122727	 -3.998589	 1723.357386	
2000.000000	 1.000000	 0.000000	 -0.000000	 0.000000	 -90.000000	 -0.000000	 -0.000000	 0.000000	 -157.836531	 0.000000	 2.269998	 2.269998	 90.000000	 0.122536	 -0.008603	 0.122838	 -4.016201	 1724.774085	
1950.000000	 1.000000	 0.000000	 -0.000000	 0.000000	 -90.000000	 0.000000	 -0.000000	 0.000000	 -5.540506	 0.000000	 2.270321	 2.270321	 90.000000	 0.122660	 -0.008669	 0.122966	 -4.042858	 1726.234623	
1900.000000	 1.000000	 0.000000	 -0.000000	 0.000000	 -90.000000	 0.000000	 -0.000000	 0.000000	 -89.773498	 0.000000	 2.270440	 2.270440	 90.000000	 0.122777	 -0.008705	 0.123085	 -4.055318	 1727.652361	
1850.000000	 1.000000	 0.000000	 -0.000000	 0.000000	 -90.000000	 -0.000000	 -0.000000	 0.000000	 -135.257578	 0.000000	 2.270634	 2.270634	 90.000000	 0.122903	 -0.008780	 0.123216	 -4.086228	 1729.102681	
1800.000000	 1.000000	 0.000000	 -0.000000	 0.000000	 -90.000000	 -0.000000	 0.000000	 0.000000	 137.984704	 0.000000	 2.270704	 2.270704	 90.000000	 0.123015	 -0.008823	 0.123331	 -4.102171	 1730.515477	
1750.000000	 1.000000	 0.000000	 -0.000000	 0.000000	 -90.000000	 -0.000000	 -0.000000	 0.000000	 -164.219076	 0.000000	 2.270944	 2.270944	 90.000000	 0.123148	 -0.008892	 0.123469	 -4.129965	 1731.975823	
1700.000000	 1.000000	 0.000000	 -0.000000	 0.000000	 -90.000000	 -0.000000	 -0.000000	 0.000000	 -159.450334	 0.000000	 2.271071	 2.271071	 90.000000	 0.123284	 -0.008965	 0.123610	 -4.159306	 1733.413031	
1650.000000	 1.000000	 0.000000	 -0.000000	 0.000000	 -90.000000	 -0.000000	 -0.000000	 0.000000	 -158.491547	 0.000000	 2.271252	 2.271252	 90.000000	 0.123396	 -0.009034	 0.123726	 -4.187285	 1734.909829	
1600.000000	 1.000000	 0.000000	 -0.000000	 0.000000	 -90.000000	 0.000000	 -0.000000	 0.000000	 -7.825919	 0.000000	 2.271362	 2.271362	 90.000000	 0.123548	 -0.009115	 0.123884	 -4.219501	 1736.364293	
1550.000000	 1.000000	 0.000000	 -0.000000	 0.000000	 -90.000000	 0.000000	 -0.000000	 0.000000	 -62.586959	 0.000000	 2.271475	 2.271475	 90.000000	 0.123688	 -0.009175	 0.124028	 -4.242420	 1737.835575	
1500.000000	 1.000000	 0.000000	 -0.000000	 0.000000	 -90.000000	 -0.000000	 0.000000	 0.000000	 138.929186	 0.000000	 2.271544	 2.271544	 90.000000	 0.123879	 -0.009254	 0.124224	 -4.272025	 1739.307180	
1450.000000	 1.000000	 0.000000	 -0.000000	 0.000000	 -90.000000	 -0.000000	 0.000000	 0.000000	 173.065768	 0.000000	 2.271546	 2.271546	 90.000000	 0.124073	 -0.009381	 0.124427	 -4.323707	 1740.791464	
1400.000000	 1.000000	 0.000000	 -0.000000	 0.000000	 -90.000000	 -0.000000	 -0.000000	 0.000000	 -159.362489	 0.000000	 2.271655	 2.271655	 90.000000	 0.124212	 -0.009475	 0.124573	 -4.362004	 1742.209595	
1350.000000	 1.000000	 0.000000	 -0.000000	 0.000000	 -90.000000	 -0.000000	 -0.000000	 0.000000	 -107.180206	 0.000000	 2.271845	 2.271845	 90.000000	 0.124420	 -0.009593	 0.124790	 -4.408884	 1743.690710	
1300.000000	 1.000000	 0.000000	 -0.000000	 0.000000	 -90.000000	 -0.000000	 0.000000	 0.000000	 129.375565	 0.000000	 2.271842	 2.271842	 90.000000	 0.124559	 -0.009685	 0.124935	 -4.446103	 1745.138787	
1250.000000	 1.000000	 0.000000	 -0.000000	 0.000000	 -90.000000	 -0.000000	 -0.000000	 0.000000	 -168.761635	 0.000000	 2.271923	 2.271923	 90.000000	 0.124801	 -0.009824	 0.125187	 -4.500963	 1746.585941	
1200.000000	 1.000000	 0.000000	 -0.000000	 0.000000	 -90.000000	 0.000000	 -0.000000	 0.000000	 -35.244333	 0.000000	 2.272029	 2.272029	 90.000000	 0.125037	 -0.009924	 0.125430	 -4.537891	 1748.011524	
1150.000000	 1.000000	 0.000000	 -0.000000	 0.000000	 -90.000000	 -0.000000	 0.000000	 0.000000	 164.797944	 0.000000	 2.272006	 2.272006	 90.000000	 0.125185	 -0.010093	 0.125592	 -4.609423	 1749.456446	
1100.000000	 1.000000	 0.000000	 -0.000000	 0.000000	 -90.000000	 -0.000000	 -0.000000	 0.000000	 -125.677816	 0.000000	 2.272021	 2.272021	 90.000000	 0.125480	 -0.010214	 0.125896	 -4.653766	 1750.908590	
1050.000000	 1.000000	 0.000000	 -0.000000	 0.000000	 -90.000000	 0.000000	 0.000000	 0.000000	 78.560559	 0.000000	 2.272162	 2.272162	 90.000000	 0.125749	 -0.010370	 0.126176	 -4.714511	 1752.354975	
1000.000000	 1.000000	 0.000000	 -0.000000	 0.000000	 -90.000000	 -0.000000	 -0.000000	 0.000000	 -94.364148	 0.000000	 2.272184	 2.272184	 90.000000	 0.125989	 -0.010492	 0.126426	 -4.760602	 1753.789163	
950.000000	 1.000000	 0.000000	 -0.000000	 0.000000	 -90.000000	 -0.000000	 -0.000000	 0.000000	 -108.647369	 0.000000	 2.272317	 2.272317	 90.000000	 0.126285	 -0.010696	 0.126737	 -4.841058	 1755.211683	
900.000000	 1.000000	 0.000000	 -0.000000	 0.000000	 -90.000000	 -0.000000	 0.000000	 0.000000	 132.095178	 0.000000	 2.272290	 2.272290	 90.000000	 0.126571	 -0.010862	 0.127036	 -4.904847	 1756.652533	
850.000000	 1.000000	 0.000000	 -0.000000	 0.000000	 -90.000000	 0.000000	 0.000000	 0.000000	 36.947585	 0.000000	 2.272419	 2.272419	 90.000000	 0.126930	 -0.011205	 0.127423	 -5.045043	 1758.055173	
800.000000	 1.000000	 0.000000	 -0.000000	 0.000000	 -90.000000	 0.000000	 0.000000	 0.000000	 54.407584	 0.000000	 2.272547	 2.272547	 90.000000	 0.127285	 -0.011336	 0.127788	 -5.089243	 1759.485087	
750.000000	 1.000000	 0.000000	 -0.000000	 0.000000	 -90.000000	 -0.000000	 -0.000000	 0.000000	 -123.099318	 0.000000	 2.272480	 2.272480	 90.000000	 0.127472	 -0.011563	 0.127995	 -5.183161	 1760.925252	
700.000000	 1.000000	 0.000000	 -0.000000	 0.000000	 -90.000000	 0.000000	 -0.000000	 0.000000	 -7.393627	 0.000000	 2.272573	 2.272573	 90.000000	 0.128082	 -0.011962	 0.128640	 -5.335504	 1762.366456	
650.000000	 1.000000	 0.000000	 -0.000000	 0.000000	 -90.000000	 -0.000000	 0.000000	 0.000000	 158.053316	 0.000000	 2.272628	 2.272628	 90.000000	 0.128678	 -0.012322	 0.129266	 -5.469770	 1763.792224	
600.000000	 1.000000	 0.000000	 -0.000000	 0.000000	 -90.000000	 -0.000000	 0.000000	 0.000000	 140.934257	 0.000000	 2.272599	 2.272599	 90.000000	 0.129104	 -0.012623	 0.129720	 -5.584412	 1765.226383	
550.000000	 1.000000	 0.000000	 -0.000000	 0.000000	 -90.000000	 0.000000	 -0.000000	 0.000000	 -42.545565	 0.000000	 2.272660	 2.272660	 90.000000	 0.129638	 -0.012946	 0.130283	 -5.702603	 1766.670905	
500.000000	 1.000000	 0.000000	 -0.000000	 0.000000	 -90.000000	 -0.000000	 -0.000000	 0.000000	 -178.940629	 0.000000	 2.272602	 2.272602	 90.000000	 0.130251	 -0.013505	 0.130950	 -5.919478	 1768.072318	
450.000000	 1.000000	 0.000000	 -0.000000	 0.000000	 -90.000000	 -0.000000	 -0.000000	 0.000000	 -172.989961	 0.000000	 2.272491	 2.272491	 90.000000	 0.131462	 -0.014085	 0.132214	 -6.115610	 1769.504339	
400.000000	 1.000000	 0.000000	 -0.000000	 0.000000	 -90.000000	 0.000000	 0.000000	 0.000000	 37.578749	 0.000000	 2.272577	 2.272577	 90.000000	 0.131899	 -0.014805	 0.132727	 -6.404562	 1770.957315	
350.000000	 1.000000	 0.000000	 -0.000000	 0.000000	 -90.000000	 -0.000000	 -0.000000	 0.000000	 -94.295477	 0.000000	 2.272634	 2.272634	 90.000000	 0.132612	 -0.016434	 0.133627	 -7.064316	 1772.396994	
300.000000	 1.000000	 0.000000	 -0.000000	 0.000000	 -90.000000	 -0.000000	 0.000000	 0.000000	 141.438938	 0.000000	 2.272409	 2.272409	 90.000000	 0.134159	 -0.016722	 0.135197	 -7.104920	 1773.843837	
250.000000	 1.000000	 0.000000	 -0.000000	 0.000000	 -90.000000	 -0.000000	 -0.000000	 0.000000	 -156.283051	 0.000000	 2.272370	 2.272370	 90.000000	 0.135330	 -0.019211	 0.136687	 -8.079737	 1775.293343	
200.000000	 1.000000	 0.000000	 -0.000000	 0.000000	 -90.000000	 -0.000000	 0.000000	 0.000000	 97.958775	 0.000000	 2.272387	 2.272387	 90.000000	 0.138077	 -0.020024	 0.139522	 -8.251560	 1776.726425	
