# Oscilator_frequency (Hz)	DemodAll_A (-)	Demod_1_X_A (A)	Demod_1_Y_A (A)	Demod_1__R_A (A)	Demod_1__Theta_A (deg)	Demod_2_X_A (A)	Demod_2_Y_A (A)	Demod_2__R_A (A)	Demod_2__Theta_A (deg)	Demod_3_X_A (V)	Demod_3_Y_A (V)	Demod_3__R_A (V)	Demod_3__Theta_A (deg)	Demod_4_X_A (V)	Demod_4_Y_A (V)	Demod_4__R_A (V)	Demod_4__Theta_A (deg)	Timer_GET (s)	
5000.000000	 1.000000	 0.000000	 -0.000001	 0.000001	 -90.000000	 0.315356	 -0.001693	 0.315361	 -0.307607	 0.000000	 0.018135	 0.018135	 90.000000	 0.315356	 -0.001693	 0.315361	 -0.307607	 77049.150166	
4979.923695	 1.000000	 0.000000	 -0.000001	 0.000001	 -90.000000	 0.315369	 -0.001690	 0.315373	 -0.306956	 0.000000	 0.017103	 0.017103	 90.000000	 0.315369	 -0.001690	 0.315373	 -0.306956	 77050.599659	
4959.847390	 1.000000	 0.000000	 -0.000001	 0.000001	 -90.000000	 0.315380	 -0.001689	 0.315384	 -0.306927	 0.000000	 0.016332	 0.016332	 90.000000	 0.315380	 -0.001689	 0.315384	 -0.306927	 77052.042822	
4939.771084	 1.000000	 0.000000	 -0.000001	 0.000001	 -90.000000	 0.315375	 -0.001687	 0.315380	 -0.306421	 0.000000	 0.015960	 0.015960	 90.000000	 0.315375	 -0.001687	 0.315380	 -0.306421	 77053.487947	
4919.694779	 1.000000	 0.000000	 -0.000001	 0.000001	 -90.000000	 0.315369	 -0.001690	 0.315374	 -0.307024	 0.000000	 0.015627	 0.015627	 90.000000	 0.315369	 -0.001690	 0.315374	 -0.307024	 77054.912337	
4899.618474	 1.000000	 0.000000	 -0.000001	 0.000001	 -90.000000	 0.315364	 -0.001685	 0.315369	 -0.306180	 0.000000	 0.014953	 0.014953	 90.000000	 0.315364	 -0.001685	 0.315369	 -0.306180	 77056.338174	
4879.542169	 1.000000	 0.000000	 -0.000001	 0.000001	 -90.000000	 0.315382	 -0.001687	 0.315387	 -0.306539	 0.000000	 0.014626	 0.014626	 90.000000	 0.315382	 -0.001687	 0.315387	 -0.306472	 77057.792046	
4859.465863	 1.000000	 0.000000	 -0.000001	 0.000001	 -90.000000	 0.315377	 -0.001688	 0.315382	 -0.306619	 0.000000	 0.014090	 0.014090	 90.000000	 0.315377	 -0.001688	 0.315382	 -0.306619	 77059.230650	
4839.389558	 1.000000	 0.000000	 -0.000001	 0.000001	 -90.000000	 0.315371	 -0.001683	 0.315376	 -0.305773	 0.000000	 0.013696	 0.013696	 90.000000	 0.315371	 -0.001683	 0.315376	 -0.305773	 77060.684296	
4819.313253	 1.000000	 0.000000	 -0.000001	 0.000001	 -90.000000	 0.315385	 -0.001688	 0.315389	 -0.306634	 0.000000	 0.013272	 0.013272	 90.000000	 0.315385	 -0.001688	 0.315389	 -0.306634	 77062.168947	
4799.236948	 1.000000	 0.000000	 -0.000001	 0.000001	 -90.000000	 0.315385	 -0.001683	 0.315390	 -0.305832	 0.000000	 0.012992	 0.012992	 90.000000	 0.315385	 -0.001683	 0.315390	 -0.305832	 77063.655976	
4779.160643	 1.000000	 0.000000	 -0.000001	 0.000001	 -90.000000	 0.315389	 -0.001688	 0.315394	 -0.306585	 0.000000	 0.012703	 0.012703	 90.000000	 0.315389	 -0.001688	 0.315394	 -0.306583	 77065.091682	
4759.084337	 1.000000	 0.000000	 -0.000001	 0.000001	 -90.000000	 0.315385	 -0.001687	 0.315389	 -0.306508	 0.000000	 0.012430	 0.012430	 90.000000	 0.315385	 -0.001687	 0.315389	 -0.306508	 77066.530599	
4739.008032	 1.000000	 0.000000	 -0.000001	 0.000001	 -90.000000	 0.315389	 -0.001685	 0.315394	 -0.306069	 0.000000	 0.012161	 0.012161	 90.000000	 0.315389	 -0.001685	 0.315394	 -0.306069	 77067.982507	
4718.931727	 1.000000	 0.000000	 -0.000001	 0.000001	 -90.000000	 0.315405	 -0.001684	 0.315409	 -0.305845	 0.000000	 0.011908	 0.011908	 90.000000	 0.315405	 -0.001684	 0.315409	 -0.305845	 77069.452068	
4698.855422	 1.000000	 0.000000	 -0.000001	 0.000001	 -90.000000	 0.315406	 -0.001687	 0.315411	 -0.306406	 0.000000	 0.011648	 0.011648	 90.000000	 0.315406	 -0.001687	 0.315411	 -0.306406	 77070.898472	
4678.779116	 1.000000	 0.000000	 -0.000001	 0.000001	 -90.000000	 0.315414	 -0.001684	 0.315419	 -0.305920	 0.000000	 0.011736	 0.011736	 90.000000	 0.315414	 -0.001684	 0.315419	 -0.305920	 77072.350567	
4658.702811	 1.000000	 0.000000	 -0.000001	 0.000001	 -90.000000	 0.315427	 -0.001685	 0.315431	 -0.306075	 0.000000	 0.011154	 0.011154	 90.000000	 0.315427	 -0.001685	 0.315431	 -0.306075	 77073.788143	
4638.626506	 1.000000	 0.000000	 -0.000001	 0.000001	 -90.000000	 0.315416	 -0.001685	 0.315421	 -0.306006	 0.000000	 0.010998	 0.010998	 90.000000	 0.315416	 -0.001685	 0.315421	 -0.306006	 77075.223337	
4618.550201	 1.000000	 0.000000	 -0.000001	 0.000001	 -90.000000	 0.315424	 -0.001685	 0.315429	 -0.306038	 0.000000	 0.010790	 0.010790	 90.000000	 0.315425	 -0.001685	 0.315429	 -0.306039	 77076.665181	
4598.473896	 1.000000	 0.000000	 -0.000001	 0.000001	 -90.000000	 0.315419	 -0.001685	 0.315424	 -0.306086	 0.000000	 0.010482	 0.010482	 90.000000	 0.315419	 -0.001685	 0.315424	 -0.306086	 77078.112751	
4578.397590	 1.000000	 0.000000	 -0.000001	 0.000001	 -90.000000	 0.315433	 -0.001687	 0.315438	 -0.306353	 0.000000	 0.009316	 0.009316	 90.000000	 0.315433	 -0.001687	 0.315438	 -0.306353	 77079.557694	
4558.321285	 1.000000	 0.000000	 -0.000001	 0.000001	 -90.000000	 0.315438	 -0.001688	 0.315443	 -0.306569	 0.000000	 0.006117	 0.006117	 90.000000	 0.315438	 -0.001688	 0.315443	 -0.306569	 77080.977339	
4538.244980	 1.000000	 0.000000	 -0.000001	 0.000001	 -90.000000	 0.315447	 -0.001689	 0.315451	 -0.306805	 0.000000	 0.010957	 0.010957	 90.000000	 0.315447	 -0.001689	 0.315452	 -0.306800	 77082.447577	
4518.168675	 1.000000	 0.000000	 -0.000001	 0.000001	 -90.000000	 0.315449	 -0.001689	 0.315454	 -0.306745	 0.000000	 0.010534	 0.010534	 90.000000	 0.315449	 -0.001689	 0.315454	 -0.306730	 77083.887269	
4498.092369	 1.000000	 0.000000	 -0.000001	 0.000001	 -90.000000	 0.315439	 -0.001694	 0.315443	 -0.307653	 0.000000	 0.010306	 0.010306	 90.000000	 0.315439	 -0.001694	 0.315443	 -0.307669	 77085.339929	
4478.016064	 1.000000	 0.000000	 -0.000001	 0.000001	 -90.000000	 0.315445	 -0.001689	 0.315449	 -0.306700	 0.000000	 0.010103	 0.010103	 90.000000	 0.315445	 -0.001689	 0.315449	 -0.306700	 77086.767825	
4457.939759	 1.000000	 0.000000	 -0.000001	 0.000001	 -90.000000	 0.315449	 -0.001688	 0.315454	 -0.306597	 0.000000	 0.009979	 0.009979	 90.000000	 0.315449	 -0.001688	 0.315454	 -0.306597	 77088.217321	
4437.863454	 1.000000	 0.000000	 -0.000001	 0.000001	 -90.000000	 0.315450	 -0.001690	 0.315455	 -0.306984	 0.000000	 0.009769	 0.009769	 90.000000	 0.315450	 -0.001690	 0.315455	 -0.307007	 77089.632590	
4417.787149	 1.000000	 0.000000	 -0.000001	 0.000001	 -90.000000	 0.315464	 -0.001691	 0.315468	 -0.307039	 0.000000	 0.009631	 0.009631	 90.000000	 0.315464	 -0.001691	 0.315468	 -0.307039	 77091.076167	
4397.710843	 1.000000	 0.000000	 -0.000001	 0.000001	 -90.000000	 0.315478	 -0.001689	 0.315483	 -0.306709	 0.000000	 0.009535	 0.009535	 90.000000	 0.315479	 -0.001689	 0.315483	 -0.306658	 77092.522351	
4377.634538	 1.000000	 0.000000	 -0.000001	 0.000001	 -90.000000	 0.315470	 -0.001688	 0.315475	 -0.306627	 0.000000	 0.009395	 0.009395	 90.000000	 0.315470	 -0.001688	 0.315475	 -0.306627	 77093.956674	
4357.558233	 1.000000	 0.000000	 -0.000001	 0.000001	 -90.000000	 0.315465	 -0.001689	 0.315470	 -0.306750	 0.000000	 0.009289	 0.009289	 90.000000	 0.315465	 -0.001689	 0.315470	 -0.306750	 77095.405741	
4337.481928	 1.000000	 0.000000	 -0.000001	 0.000001	 -90.000000	 0.315470	 -0.001690	 0.315475	 -0.307018	 0.000000	 0.009174	 0.009174	 90.000000	 0.315470	 -0.001690	 0.315475	 -0.307018	 77096.850460	
4317.405622	 1.000000	 0.000000	 -0.000001	 0.000001	 -90.000000	 0.315486	 -0.001691	 0.315491	 -0.307049	 0.000000	 0.009068	 0.009068	 90.000000	 0.315486	 -0.001691	 0.315491	 -0.307049	 77098.288154	
4297.329317	 1.000000	 0.000000	 -0.000001	 0.000001	 -90.000000	 0.315505	 -0.001692	 0.315510	 -0.307307	 0.000000	 0.009009	 0.009009	 90.000000	 0.315505	 -0.001692	 0.315510	 -0.307307	 77099.713624	
4277.253012	 1.000000	 0.000000	 -0.000001	 0.000001	 -90.000000	 0.315499	 -0.001693	 0.315503	 -0.307444	 0.000000	 0.008847	 0.008847	 90.000000	 0.315499	 -0.001693	 0.315503	 -0.307444	 77101.183715	
4257.176707	 1.000000	 0.000000	 -0.000001	 0.000001	 -90.000000	 0.315507	 -0.001693	 0.315511	 -0.307491	 0.000000	 0.008688	 0.008688	 90.000000	 0.315507	 -0.001693	 0.315511	 -0.307491	 77102.598718	
4237.100402	 1.000000	 0.000000	 -0.000001	 0.000001	 -90.000000	 0.315498	 -0.001691	 0.315503	 -0.307142	 0.000000	 0.008594	 0.008594	 90.000000	 0.315498	 -0.001691	 0.315503	 -0.307142	 77104.061857	
4217.024096	 1.000000	 0.000000	 -0.000001	 0.000001	 -90.000000	 0.315512	 -0.001691	 0.315516	 -0.307116	 0.000000	 0.008497	 0.008497	 90.000000	 0.315512	 -0.001691	 0.315516	 -0.307116	 77105.513169	
4196.947791	 1.000000	 0.000000	 -0.000001	 0.000001	 -90.000000	 0.315521	 -0.001697	 0.315526	 -0.308160	 0.000000	 0.008413	 0.008413	 90.000000	 0.315521	 -0.001697	 0.315526	 -0.308191	 77106.925511	
4176.871486	 1.000000	 0.000000	 -0.000000	 0.000000	 -90.000000	 0.315520	 -0.001689	 0.315525	 -0.306762	 0.000000	 0.008349	 0.008349	 90.000000	 0.315520	 -0.001689	 0.315525	 -0.306762	 77108.381105	
4156.795181	 1.000000	 0.000000	 -0.000001	 0.000001	 -90.000000	 0.315529	 -0.001692	 0.315533	 -0.307265	 0.000000	 0.008234	 0.008234	 90.000000	 0.315529	 -0.001692	 0.315533	 -0.307265	 77109.835328	
4136.718876	 1.000000	 0.000000	 -0.000001	 0.000001	 -90.000000	 0.315516	 -0.001694	 0.315521	 -0.307593	 0.000000	 0.008148	 0.008148	 90.000000	 0.315516	 -0.001694	 0.315521	 -0.307622	 77111.247701	
4116.642570	 1.000000	 0.000000	 -0.000001	 0.000001	 -90.000000	 0.315529	 -0.001693	 0.315533	 -0.307397	 0.000000	 0.008041	 0.008041	 90.000000	 0.315529	 -0.001693	 0.315533	 -0.307397	 77112.696319	
4096.566265	 1.000000	 0.000000	 -0.000000	 0.000000	 -90.000000	 0.315526	 -0.001693	 0.315531	 -0.307401	 0.000000	 0.007990	 0.007990	 90.000000	 0.315526	 -0.001693	 0.315531	 -0.307401	 77114.134384	
4076.489960	 1.000000	 0.000000	 -0.000001	 0.000001	 -90.000000	 0.315538	 -0.001693	 0.315543	 -0.307446	 0.000000	 0.007941	 0.007941	 90.000000	 0.315538	 -0.001693	 0.315543	 -0.307446	 77115.567544	
4056.413655	 1.000000	 0.000000	 -0.000001	 0.000001	 -90.000000	 0.315546	 -0.001693	 0.315551	 -0.307406	 0.000000	 0.007836	 0.007836	 90.000000	 0.315546	 -0.001693	 0.315551	 -0.307406	 77117.036242	
4036.337349	 1.000000	 0.000000	 -0.000001	 0.000001	 -90.000000	 0.315557	 -0.001687	 0.315561	 -0.306354	 0.000000	 0.007751	 0.007751	 90.000000	 0.315557	 -0.001687	 0.315561	 -0.306354	 77118.455820	
4016.261044	 1.000000	 0.000000	 -0.000001	 0.000001	 -90.000000	 0.315572	 -0.001696	 0.315576	 -0.307866	 0.000000	 0.007684	 0.007684	 90.000000	 0.315572	 -0.001696	 0.315576	 -0.307866	 77119.925791	
3996.184739	 1.000000	 0.000000	 -0.000001	 0.000001	 -90.000000	 0.315558	 -0.001693	 0.315562	 -0.307364	 0.000000	 0.007654	 0.007654	 90.000000	 0.315558	 -0.001693	 0.315562	 -0.307364	 77121.367013	
3976.108434	 1.000000	 0.000000	 -0.000001	 0.000001	 -90.000000	 0.315572	 -0.001694	 0.315577	 -0.307584	 0.000000	 0.007610	 0.007610	 90.000000	 0.315573	 -0.001694	 0.315577	 -0.307567	 77122.811578	
3956.032129	 1.000000	 0.000000	 -0.000001	 0.000001	 -90.000000	 0.315569	 -0.001695	 0.315574	 -0.307666	 0.000000	 0.007504	 0.007504	 90.000000	 0.315569	 -0.001695	 0.315574	 -0.307666	 77124.252319	
3935.955823	 1.000000	 0.000000	 -0.000001	 0.000001	 -90.000000	 0.315570	 -0.001696	 0.315574	 -0.308013	 0.000000	 0.007462	 0.007462	 90.000000	 0.315570	 -0.001696	 0.315574	 -0.308013	 77125.712338	
3915.879518	 1.000000	 0.000000	 -0.000001	 0.000001	 -90.000000	 0.315574	 -0.001693	 0.315579	 -0.307321	 0.000000	 0.007386	 0.007386	 90.000000	 0.315574	 -0.001693	 0.315579	 -0.307321	 77127.179868	
3895.803213	 1.000000	 0.000000	 -0.000001	 0.000001	 -90.000000	 0.315572	 -0.001697	 0.315577	 -0.308074	 0.000000	 0.007321	 0.007321	 90.000000	 0.315572	 -0.001697	 0.315577	 -0.308074	 77128.612856	
3875.726908	 1.000000	 0.000000	 -0.000001	 0.000001	 -90.000000	 0.315583	 -0.001694	 0.315587	 -0.307619	 0.000000	 0.007248	 0.007248	 90.000000	 0.315583	 -0.001694	 0.315587	 -0.307561	 77130.060222	
3855.650602	 1.000000	 0.000000	 -0.000001	 0.000001	 -90.000000	 0.315588	 -0.001696	 0.315592	 -0.307826	 0.000000	 0.007187	 0.007187	 90.000000	 0.315588	 -0.001696	 0.315592	 -0.307826	 77131.505332	
3835.574297	 1.000000	 0.000000	 -0.000001	 0.000001	 -90.000000	 0.315593	 -0.001698	 0.315597	 -0.308266	 0.000000	 0.007069	 0.007069	 90.000000	 0.315593	 -0.001698	 0.315597	 -0.308266	 77132.968724	
3815.497992	 1.000000	 0.000000	 -0.000001	 0.000001	 -90.000000	 0.315598	 -0.001696	 0.315602	 -0.307915	 0.000000	 0.007046	 0.007046	 90.000000	 0.315598	 -0.001696	 0.315602	 -0.307915	 77134.378140	
3795.421687	 1.000000	 0.000000	 -0.000001	 0.000001	 -90.000000	 0.315608	 -0.001702	 0.315612	 -0.308971	 0.000000	 0.007018	 0.007018	 90.000000	 0.315608	 -0.001702	 0.315612	 -0.308971	 77135.808336	
3775.345382	 1.000000	 0.000000	 -0.000001	 0.000001	 -90.000000	 0.315606	 -0.001697	 0.315610	 -0.308083	 0.000000	 0.006960	 0.006960	 90.000000	 0.315606	 -0.001697	 0.315610	 -0.308083	 77137.275899	
3755.269076	 1.000000	 0.000000	 -0.000001	 0.000001	 -90.000000	 0.315601	 -0.001696	 0.315606	 -0.307892	 0.000000	 0.006836	 0.006836	 90.000000	 0.315601	 -0.001696	 0.315606	 -0.307892	 77138.725343	
3735.192771	 1.000000	 0.000000	 -0.000001	 0.000001	 -90.000000	 0.315610	 -0.001698	 0.315614	 -0.308213	 0.000000	 0.006811	 0.006811	 90.000000	 0.315610	 -0.001698	 0.315614	 -0.308213	 77140.172469	
3715.116466	 1.000000	 0.000000	 -0.000001	 0.000001	 -90.000000	 0.315617	 -0.001698	 0.315621	 -0.308216	 0.000000	 0.006781	 0.006781	 90.000000	 0.315617	 -0.001698	 0.315621	 -0.308216	 77141.608995	
3695.040161	 1.000000	 0.000000	 -0.000001	 0.000001	 -90.000000	 0.315628	 -0.001689	 0.315632	 -0.306514	 0.000000	 0.006719	 0.006719	 90.000000	 0.315628	 -0.001689	 0.315632	 -0.306514	 77143.057926	
3674.963855	 1.000000	 0.000000	 -0.000001	 0.000001	 -90.000000	 0.315636	 -0.001700	 0.315641	 -0.308519	 0.000000	 0.006670	 0.006670	 90.000000	 0.315636	 -0.001700	 0.315641	 -0.308519	 77144.488630	
3654.887550	 1.000000	 0.000000	 -0.000001	 0.000001	 -90.000000	 0.315630	 -0.001695	 0.315635	 -0.307726	 0.000000	 0.006660	 0.006660	 90.000000	 0.315630	 -0.001695	 0.315635	 -0.307726	 77145.937361	
3634.811245	 1.000000	 0.000000	 -0.000001	 0.000001	 -90.000000	 0.315643	 -0.001696	 0.315648	 -0.307838	 0.000000	 0.006609	 0.006609	 90.000000	 0.315643	 -0.001696	 0.315648	 -0.307838	 77147.381507	
3614.734940	 1.000000	 0.000000	 -0.000001	 0.000001	 -90.000000	 0.315656	 -0.001702	 0.315660	 -0.308929	 0.000000	 0.006575	 0.006575	 90.000000	 0.315656	 -0.001702	 0.315660	 -0.308929	 77148.818923	
3594.658635	 1.000000	 0.000000	 -0.000001	 0.000001	 -90.000000	 0.315649	 -0.001713	 0.315654	 -0.310845	 0.000000	 0.006520	 0.006520	 90.000000	 0.315649	 -0.001713	 0.315654	 -0.310845	 77150.256221	
3574.582329	 1.000000	 0.000000	 -0.000001	 0.000001	 -90.000000	 0.315640	 -0.001681	 0.315645	 -0.305184	 0.000000	 0.006448	 0.006448	 90.000000	 0.315640	 -0.001681	 0.315645	 -0.305184	 77151.675824	
3554.506024	 1.000000	 0.000000	 -0.000001	 0.000001	 -90.000000	 0.315663	 -0.001679	 0.315668	 -0.304682	 0.000000	 0.006477	 0.006477	 90.000000	 0.315663	 -0.001676	 0.315668	 -0.304215	 77153.116621	
3534.429719	 1.000000	 0.000000	 -0.000001	 0.000001	 -90.000000	 0.315670	 -0.001699	 0.315675	 -0.308427	 0.000000	 0.006376	 0.006376	 90.000000	 0.315669	 -0.001701	 0.315673	 -0.308699	 77154.592712	
3514.353414	 1.000000	 0.000000	 -0.000001	 0.000001	 -90.000000	 0.315676	 -0.001702	 0.315681	 -0.308958	 0.000000	 0.006314	 0.006314	 90.000000	 0.315677	 -0.001702	 0.315681	 -0.308941	 77156.043354	
3494.277108	 1.000000	 0.000000	 -0.000001	 0.000001	 -90.000000	 0.315678	 -0.001711	 0.315683	 -0.310570	 0.000000	 0.006249	 0.006249	 90.000000	 0.315678	 -0.001711	 0.315683	 -0.310570	 77157.488191	
3474.200803	 1.000000	 0.000000	 -0.000001	 0.000001	 -90.000000	 0.315688	 -0.001703	 0.315693	 -0.309171	 0.000000	 0.006237	 0.006237	 90.000000	 0.315688	 -0.001703	 0.315693	 -0.309171	 77158.925598	
3454.124498	 1.000000	 0.000000	 -0.000001	 0.000001	 -90.000000	 0.315710	 -0.001697	 0.315715	 -0.307946	 0.000000	 0.006197	 0.006197	 90.000000	 0.315710	 -0.001697	 0.315715	 -0.307946	 77160.367638	
3434.048193	 1.000000	 0.000000	 -0.000001	 0.000001	 -90.000000	 0.315704	 -0.001701	 0.315709	 -0.308647	 0.000000	 0.006176	 0.006176	 90.000000	 0.315704	 -0.001701	 0.315709	 -0.308647	 77161.802979	
3413.971888	 1.000000	 0.000000	 -0.000001	 0.000001	 -90.000000	 0.315716	 -0.001698	 0.315721	 -0.308089	 0.000000	 0.006152	 0.006152	 90.000000	 0.315716	 -0.001698	 0.315721	 -0.308089	 77163.236375	
3393.895582	 1.000000	 0.000000	 -0.000001	 0.000001	 -90.000000	 0.315707	 -0.001714	 0.315712	 -0.311116	 0.000000	 0.006106	 0.006106	 90.000000	 0.315707	 -0.001714	 0.315712	 -0.311116	 77164.651431	
3373.819277	 1.000000	 0.000000	 -0.000001	 0.000001	 -90.000000	 0.315713	 -0.001700	 0.315717	 -0.308488	 0.000000	 0.006092	 0.006092	 90.000000	 0.315713	 -0.001700	 0.315717	 -0.308487	 77166.089476	
3353.742972	 1.000000	 0.000000	 -0.000001	 0.000001	 -90.000000	 0.315720	 -0.001701	 0.315724	 -0.308734	 0.000000	 0.006017	 0.006017	 90.000000	 0.315720	 -0.001701	 0.315724	 -0.308734	 77167.549945	
3333.666667	 1.000000	 0.000000	 -0.000001	 0.000001	 -90.000000	 0.315720	 -0.001705	 0.315725	 -0.309360	 0.000000	 0.005993	 0.005993	 90.000000	 0.315720	 -0.001705	 0.315725	 -0.309360	 77168.969599	
3313.590361	 1.000000	 0.000000	 -0.000001	 0.000001	 -90.000000	 0.315739	 -0.001707	 0.315743	 -0.309689	 0.000000	 0.005944	 0.005944	 90.000000	 0.315739	 -0.001707	 0.315743	 -0.309689	 77170.408257	
3293.514056	 1.000000	 0.000000	 -0.000001	 0.000001	 -90.000000	 0.315746	 -0.001708	 0.315751	 -0.309895	 0.000000	 0.005893	 0.005893	 90.000000	 0.315746	 -0.001708	 0.315751	 -0.309895	 77171.834572	
3273.437751	 1.000000	 0.000000	 -0.000001	 0.000001	 -90.000000	 0.315747	 -0.001710	 0.315751	 -0.310374	 0.000000	 0.005882	 0.005882	 90.000000	 0.315747	 -0.001710	 0.315751	 -0.310374	 77173.300497	
3253.361446	 1.000000	 0.000000	 -0.000001	 0.000001	 -90.000000	 0.315756	 -0.001717	 0.315761	 -0.311500	 0.000000	 0.005812	 0.005812	 90.000000	 0.315756	 -0.001717	 0.315761	 -0.311500	 77174.751799	
3233.285141	 1.000000	 0.000000	 -0.000001	 0.000001	 -90.000000	 0.315775	 -0.001708	 0.315780	 -0.309859	 0.000000	 0.005816	 0.005816	 90.000000	 0.315775	 -0.001708	 0.315780	 -0.309859	 77176.185444	
3213.208835	 1.000000	 0.000000	 -0.000001	 0.000001	 -90.000000	 0.315770	 -0.001708	 0.315774	 -0.309871	 0.000000	 0.005751	 0.005751	 90.000000	 0.315770	 -0.001708	 0.315774	 -0.309871	 77177.621554	
3193.132530	 1.000000	 0.000000	 -0.000001	 0.000001	 -90.000000	 0.315770	 -0.001709	 0.315774	 -0.310127	 0.000000	 0.005726	 0.005726	 90.000000	 0.315770	 -0.001709	 0.315775	 -0.310111	 77179.065403	
3173.056225	 1.000000	 0.000000	 -0.000001	 0.000001	 -90.000000	 0.315784	 -0.001708	 0.315788	 -0.309897	 0.000000	 0.005717	 0.005717	 90.000000	 0.315784	 -0.001708	 0.315788	 -0.309897	 77180.506894	
3152.979920	 1.000000	 0.000000	 -0.000001	 0.000001	 -90.000000	 0.315790	 -0.001719	 0.315794	 -0.311897	 0.000000	 0.005654	 0.005654	 90.000000	 0.315790	 -0.001719	 0.315794	 -0.311897	 77181.946608	
3132.903614	 1.000000	 0.000000	 -0.000001	 0.000001	 -90.000000	 0.315787	 -0.001711	 0.315791	 -0.310421	 0.000000	 0.005627	 0.005627	 90.000000	 0.315787	 -0.001711	 0.315791	 -0.310421	 77183.406587	
3112.827309	 1.000000	 0.000000	 -0.000001	 0.000001	 -90.000000	 0.315818	 -0.001709	 0.315823	 -0.310120	 0.000000	 0.005621	 0.005621	 90.000000	 0.315818	 -0.001709	 0.315823	 -0.310120	 77184.855722	
3092.751004	 1.000000	 0.000000	 -0.000001	 0.000001	 -90.000000	 0.315824	 -0.001716	 0.315828	 -0.311379	 0.000000	 0.005583	 0.005583	 90.000000	 0.315824	 -0.001716	 0.315828	 -0.311379	 77186.344655	
3072.674699	 1.000000	 0.000000	 -0.000000	 0.000000	 -90.000000	 0.315830	 -0.001714	 0.315835	 -0.310885	 0.000000	 0.005538	 0.005538	 90.000000	 0.315830	 -0.001714	 0.315835	 -0.310885	 77187.779580	
3052.598394	 1.000000	 0.000000	 -0.000000	 0.000000	 -90.000000	 0.315856	 -0.001706	 0.315861	 -0.309402	 0.000000	 0.005543	 0.005543	 90.000000	 0.315856	 -0.001706	 0.315861	 -0.309402	 77189.277247	
3032.522088	 1.000000	 0.000000	 -0.000001	 0.000001	 -90.000000	 0.315831	 -0.001720	 0.315836	 -0.311965	 0.000000	 0.005554	 0.005554	 90.000000	 0.315831	 -0.001720	 0.315836	 -0.311965	 77190.687711	
3012.445783	 1.000000	 0.000000	 -0.000001	 0.000001	 -90.000000	 0.315839	 -0.001709	 0.315843	 -0.309999	 0.000000	 0.005462	 0.005462	 90.000000	 0.315839	 -0.001709	 0.315843	 -0.309999	 77192.138898	
2992.369478	 1.000000	 0.000000	 -0.000000	 0.000000	 -90.000000	 0.315844	 -0.001712	 0.315848	 -0.310492	 0.000000	 0.005479	 0.005479	 90.000000	 0.315844	 -0.001712	 0.315848	 -0.310492	 77193.572959	
2972.293173	 1.000000	 0.000000	 -0.000001	 0.000001	 -90.000000	 0.315856	 -0.001723	 0.315861	 -0.312468	 0.000000	 0.005443	 0.005443	 90.000000	 0.315856	 -0.001723	 0.315861	 -0.312468	 77195.006937	
2952.216867	 1.000000	 0.000000	 -0.000001	 0.000001	 -90.000000	 0.315869	 -0.001725	 0.315874	 -0.312873	 0.000000	 0.005404	 0.005404	 90.000000	 0.315869	 -0.001725	 0.315874	 -0.312873	 77196.452402	
2932.140562	 1.000000	 0.000000	 -0.000001	 0.000001	 -90.000000	 0.315876	 -0.001721	 0.315881	 -0.312079	 0.000000	 0.005348	 0.005348	 90.000000	 0.315876	 -0.001721	 0.315881	 -0.312078	 77197.871665	
2912.064257	 1.000000	 0.000000	 -0.000001	 0.000001	 -90.000000	 0.315872	 -0.001716	 0.315877	 -0.311201	 0.000000	 0.005317	 0.005317	 90.000000	 0.315872	 -0.001716	 0.315877	 -0.311201	 77199.325288	
2891.987952	 1.000000	 0.000000	 -0.000001	 0.000001	 -90.000000	 0.315870	 -0.001714	 0.315875	 -0.310852	 0.000000	 0.005324	 0.005324	 90.000000	 0.315870	 -0.001714	 0.315875	 -0.310852	 77200.771881	
2871.911647	 1.000000	 0.000000	 -0.000001	 0.000001	 -90.000000	 0.315892	 -0.001721	 0.315897	 -0.312075	 0.000000	 0.005266	 0.005266	 90.000000	 0.315892	 -0.001721	 0.315897	 -0.312075	 77202.222215	
2851.835341	 1.000000	 0.000000	 -0.000001	 0.000001	 -90.000000	 0.315903	 -0.001708	 0.315908	 -0.309803	 0.000000	 0.005235	 0.005235	 90.000000	 0.315903	 -0.001708	 0.315908	 -0.309803	 77203.664052	
2831.759036	 1.000000	 0.000000	 -0.000001	 0.000001	 -90.000000	 0.315907	 -0.001722	 0.315911	 -0.312234	 0.000000	 0.005244	 0.005244	 90.000000	 0.315907	 -0.001722	 0.315911	 -0.312234	 77205.113694	
2811.682731	 1.000000	 0.000000	 -0.000001	 0.000001	 -90.000000	 0.315926	 -0.001719	 0.315930	 -0.311830	 0.000000	 0.005233	 0.005233	 90.000000	 0.315926	 -0.001720	 0.315930	 -0.311860	 77206.553964	
2791.606426	 1.000000	 0.000000	 -0.000001	 0.000001	 -90.000000	 0.315916	 -0.001723	 0.315921	 -0.312501	 0.000000	 0.005204	 0.005204	 90.000000	 0.315916	 -0.001723	 0.315921	 -0.312501	 77207.993825	
2771.530120	 1.000000	 0.000000	 -0.000001	 0.000001	 -90.000000	 0.315938	 -0.001723	 0.315943	 -0.312426	 0.000000	 0.005168	 0.005168	 90.000000	 0.315938	 -0.001723	 0.315943	 -0.312426	 77209.450026	
2751.453815	 1.000000	 0.000000	 -0.000001	 0.000001	 -90.000000	 0.315934	 -0.001728	 0.315939	 -0.313371	 0.000000	 0.005165	 0.005165	 90.000000	 0.315934	 -0.001728	 0.315939	 -0.313371	 77210.937591	
2731.377510	 1.000000	 0.000000	 -0.000001	 0.000001	 -90.000000	 0.315949	 -0.001726	 0.315953	 -0.313042	 0.000000	 0.005128	 0.005128	 90.000000	 0.315949	 -0.001726	 0.315953	 -0.313042	 77212.406573	
2711.301205	 1.000000	 0.000000	 -0.000001	 0.000001	 -90.000000	 0.315948	 -0.001725	 0.315953	 -0.312860	 0.000000	 0.005113	 0.005113	 90.000000	 0.315948	 -0.001725	 0.315953	 -0.312860	 77213.844159	
2691.224900	 1.000000	 0.000000	 -0.000001	 0.000001	 -90.000000	 0.315977	 -0.001730	 0.315982	 -0.313702	 0.000000	 0.005123	 0.005123	 90.000000	 0.315977	 -0.001730	 0.315981	 -0.313693	 77215.297074	
2671.148594	 1.000000	 0.000000	 -0.000001	 0.000001	 -90.000000	 0.315974	 -0.001723	 0.315978	 -0.312428	 0.000000	 0.005079	 0.005079	 90.000000	 0.315974	 -0.001723	 0.315978	 -0.312393	 77216.735198	
2651.072289	 1.000000	 0.000000	 -0.000001	 0.000001	 -90.000000	 0.315966	 -0.001705	 0.315970	 -0.309108	 0.000000	 0.005060	 0.005060	 90.000000	 0.315966	 -0.001705	 0.315970	 -0.309108	 77218.153820	
2630.995984	 1.000000	 0.000000	 -0.000001	 0.000001	 -90.000000	 0.315985	 -0.001721	 0.315990	 -0.312028	 0.000000	 0.005064	 0.005064	 90.000000	 0.315985	 -0.001721	 0.315990	 -0.312028	 77219.604216	
2610.919679	 1.000000	 0.000000	 -0.000001	 0.000001	 -90.000000	 0.316003	 -0.001732	 0.316008	 -0.314034	 0.000000	 0.005030	 0.005030	 90.000000	 0.316003	 -0.001732	 0.316008	 -0.314034	 77221.051918	
2590.843373	 1.000000	 0.000000	 -0.000001	 0.000001	 -90.000000	 0.316018	 -0.001733	 0.316023	 -0.314174	 0.000000	 0.004952	 0.004952	 90.000000	 0.316018	 -0.001733	 0.316023	 -0.314174	 77222.482780	
2570.767068	 1.000000	 0.000000	 -0.000001	 0.000001	 -90.000000	 0.316027	 -0.001742	 0.316032	 -0.315845	 0.000000	 0.005014	 0.005014	 90.000000	 0.316028	 -0.001742	 0.316032	 -0.315769	 77223.928386	
2550.690763	 1.000000	 0.000000	 -0.000001	 0.000001	 -90.000000	 0.316037	 -0.001743	 0.316041	 -0.315911	 0.000000	 0.005046	 0.005046	 90.000000	 0.316037	 -0.001743	 0.316041	 -0.315911	 77225.348590	
2530.614458	 1.000000	 0.000000	 -0.000001	 0.000001	 -90.000000	 0.316034	 -0.001746	 0.316039	 -0.316462	 0.000000	 0.005003	 0.005003	 90.000000	 0.316034	 -0.001746	 0.316039	 -0.316462	 77226.807737	
2510.538153	 1.000000	 0.000000	 -0.000001	 0.000001	 -90.000000	 0.316045	 -0.001739	 0.316049	 -0.315329	 0.000000	 0.004958	 0.004958	 90.000000	 0.316045	 -0.001739	 0.316049	 -0.315329	 77228.255246	
2490.461847	 1.000000	 0.000000	 -0.000001	 0.000001	 -90.000000	 0.316076	 -0.001737	 0.316081	 -0.314930	 0.000000	 0.004956	 0.004956	 90.000000	 0.316076	 -0.001737	 0.316081	 -0.314930	 77229.701603	
2470.385542	 1.000000	 0.000000	 -0.000001	 0.000001	 -90.000000	 0.316074	 -0.001738	 0.316079	 -0.315052	 0.000000	 0.004936	 0.004936	 90.000000	 0.316074	 -0.001738	 0.316079	 -0.315052	 77231.210849	
2450.309237	 1.000000	 0.000000	 -0.000001	 0.000001	 -90.000000	 0.316054	 -0.001740	 0.316059	 -0.315385	 0.000000	 0.004882	 0.004882	 90.000000	 0.316054	 -0.001740	 0.316059	 -0.315385	 77232.687079	
2430.232932	 1.000000	 0.000000	 -0.000001	 0.000001	 -90.000000	 0.316099	 -0.001743	 0.316103	 -0.315861	 0.000000	 0.004865	 0.004865	 90.000000	 0.316099	 -0.001743	 0.316103	 -0.315862	 77234.140037	
2410.156627	 1.000000	 0.000000	 -0.000001	 0.000001	 -90.000000	 0.316096	 -0.001745	 0.316101	 -0.316237	 0.000000	 0.004850	 0.004850	 90.000000	 0.316096	 -0.001745	 0.316101	 -0.316237	 77235.570330	
2390.080321	 1.000000	 0.000000	 -0.000001	 0.000001	 -90.000000	 0.316110	 -0.001756	 0.316115	 -0.318244	 0.000000	 0.004851	 0.004851	 90.000000	 0.316110	 -0.001756	 0.316115	 -0.318244	 77237.014254	
2370.004016	 1.000000	 0.000000	 -0.000001	 0.000001	 -90.000000	 0.316119	 -0.001743	 0.316123	 -0.315945	 0.000000	 0.004817	 0.004817	 90.000000	 0.316119	 -0.001743	 0.316123	 -0.315945	 77238.458649	
2349.927711	 1.000000	 0.000000	 -0.000001	 0.000001	 -90.000000	 0.316176	 -0.001722	 0.316181	 -0.312116	 0.000000	 0.004778	 0.004778	 90.000000	 0.316176	 -0.001722	 0.316181	 -0.312116	 77239.919464	
2329.851406	 1.000000	 0.000000	 -0.000001	 0.000001	 -90.000000	 0.316139	 -0.001734	 0.316144	 -0.314206	 0.000000	 0.004799	 0.004799	 90.000000	 0.316139	 -0.001734	 0.316144	 -0.314206	 77241.380593	
2309.775100	 1.000000	 0.000000	 -0.000001	 0.000001	 -90.000000	 0.316168	 -0.001750	 0.316173	 -0.317178	 0.000000	 0.004810	 0.004810	 90.000000	 0.316168	 -0.001750	 0.316173	 -0.317126	 77242.860413	
2289.698795	 1.000000	 0.000000	 -0.000001	 0.000001	 -90.000000	 0.316169	 -0.001753	 0.316174	 -0.317730	 0.000000	 0.004787	 0.004787	 90.000000	 0.316170	 -0.001754	 0.316174	 -0.317838	 77244.318620	
2269.622490	 1.000000	 0.000000	 -0.000001	 0.000001	 -90.000000	 0.316178	 -0.001753	 0.316183	 -0.317677	 0.000000	 0.004780	 0.004780	 90.000000	 0.316178	 -0.001753	 0.316183	 -0.317677	 77245.769416	
2249.546185	 1.000000	 0.000000	 -0.000001	 0.000001	 -90.000000	 0.316228	 -0.001744	 0.316233	 -0.315969	 0.000000	 0.004768	 0.004768	 90.000000	 0.316228	 -0.001744	 0.316233	 -0.315969	 77247.213417	
2229.469880	 1.000000	 0.000000	 -0.000001	 0.000001	 -90.000000	 0.316193	 -0.001752	 0.316198	 -0.317454	 0.000000	 0.004750	 0.004750	 90.000000	 0.316193	 -0.001752	 0.316198	 -0.317454	 77248.641795	
2209.393574	 1.000000	 0.000000	 -0.000001	 0.000001	 -90.000000	 0.316209	 -0.001756	 0.316214	 -0.318244	 0.000000	 0.004777	 0.004777	 90.000000	 0.316209	 -0.001757	 0.316213	 -0.318276	 77250.080680	
2189.317269	 1.000000	 0.000000	 -0.000001	 0.000001	 -90.000000	 0.316216	 -0.001758	 0.316221	 -0.318477	 0.000000	 0.004759	 0.004759	 90.000000	 0.316215	 -0.001759	 0.316220	 -0.318626	 77251.511497	
2169.240964	 1.000000	 0.000000	 -0.000001	 0.000001	 -90.000000	 0.316226	 -0.001750	 0.316231	 -0.317100	 0.000000	 0.004745	 0.004745	 90.000000	 0.316226	 -0.001750	 0.316231	 -0.317100	 77252.978738	
2149.164659	 1.000000	 0.000000	 -0.000001	 0.000001	 -90.000000	 0.316229	 -0.001734	 0.316234	 -0.314127	 0.000000	 0.004754	 0.004754	 90.000000	 0.316229	 -0.001734	 0.316234	 -0.314127	 77254.444499	
2129.088353	 1.000000	 0.000000	 -0.000001	 0.000001	 -90.000000	 0.316255	 -0.001762	 0.316260	 -0.319137	 0.000000	 0.004696	 0.004696	 90.000000	 0.316255	 -0.001762	 0.316260	 -0.319137	 77255.922286	
2109.012048	 1.000000	 0.000000	 -0.000001	 0.000001	 -90.000000	 0.316266	 -0.001758	 0.316271	 -0.318454	 0.000000	 0.004699	 0.004699	 90.000000	 0.316266	 -0.001758	 0.316271	 -0.318454	 77257.373365	
2088.935743	 1.000000	 0.000000	 -0.000001	 0.000001	 -90.000000	 0.316281	 -0.001761	 0.316286	 -0.319088	 0.000000	 0.004667	 0.004667	 90.000000	 0.316281	 -0.001761	 0.316286	 -0.319088	 77258.839674	
2068.859438	 1.000000	 0.000000	 -0.000001	 0.000001	 -90.000000	 0.316307	 -0.001767	 0.316312	 -0.320042	 0.000000	 0.004718	 0.004718	 90.000000	 0.316307	 -0.001767	 0.316312	 -0.320042	 77260.279253	
2048.783133	 1.000000	 0.000000	 -0.000000	 0.000000	 -90.000000	 0.316280	 -0.001785	 0.316285	 -0.323444	 0.000000	 0.004634	 0.004634	 90.000000	 0.316280	 -0.001785	 0.316285	 -0.323444	 77261.736812	
2028.706827	 1.000000	 0.000000	 -0.000000	 0.000000	 -90.000000	 0.316326	 -0.001756	 0.316331	 -0.318088	 0.000000	 0.004614	 0.004614	 90.000000	 0.316326	 -0.001756	 0.316331	 -0.318088	 77263.162289	
2008.630522	 1.000000	 0.000000	 -0.000000	 0.000000	 -90.000000	 0.316322	 -0.001761	 0.316327	 -0.318927	 0.000000	 0.004616	 0.004616	 90.000000	 0.316322	 -0.001761	 0.316327	 -0.318927	 77264.607908	
1988.554217	 1.000000	 0.000000	 -0.000000	 0.000000	 -90.000000	 0.316355	 -0.001782	 0.316360	 -0.322734	 0.000000	 0.004596	 0.004596	 90.000000	 0.316355	 -0.001782	 0.316360	 -0.322734	 77266.055972	
1968.477912	 1.000000	 0.000000	 -0.000000	 0.000000	 -90.000000	 0.316370	 -0.001771	 0.316375	 -0.320647	 0.000000	 0.004561	 0.004561	 90.000000	 0.316370	 -0.001771	 0.316375	 -0.320647	 77267.481332	
1948.401606	 1.000000	 0.000000	 -0.000000	 0.000000	 -90.000000	 0.316433	 -0.001705	 0.316437	 -0.308708	 0.000000	 0.004568	 0.004568	 90.000000	 0.316438	 -0.001709	 0.316443	 -0.309376	 77268.946787	
1928.325301	 1.000000	 0.000000	 -0.000000	 0.000000	 -90.000000	 0.316399	 -0.001786	 0.316404	 -0.323397	 0.000000	 0.004580	 0.004580	 90.000000	 0.316399	 -0.001786	 0.316404	 -0.323397	 77270.357173	
1908.248996	 1.000000	 0.000000	 -0.000001	 0.000001	 -90.000000	 0.316441	 -0.001780	 0.316446	 -0.322243	 0.000000	 0.004544	 0.004544	 90.000000	 0.316441	 -0.001780	 0.316446	 -0.322243	 77271.794507	
1888.172691	 1.000000	 0.000000	 -0.000000	 0.000000	 -90.000000	 0.316444	 -0.001773	 0.316449	 -0.321065	 0.000000	 0.004542	 0.004542	 90.000000	 0.316444	 -0.001773	 0.316449	 -0.321065	 77273.231397	
1868.096386	 1.000000	 0.000000	 -0.000000	 0.000000	 -90.000000	 0.316454	 -0.001780	 0.316459	 -0.322223	 0.000000	 0.004559	 0.004559	 90.000000	 0.316454	 -0.001780	 0.316459	 -0.322223	 77274.661002	
1848.020080	 1.000000	 0.000000	 -0.000000	 0.000000	 -90.000000	 0.316465	 -0.001769	 0.316469	 -0.320266	 0.000000	 0.004533	 0.004533	 90.000000	 0.316465	 -0.001769	 0.316469	 -0.320266	 77276.116571	
1827.943775	 1.000000	 0.000000	 -0.000000	 0.000000	 -90.000000	 0.316470	 -0.001790	 0.316475	 -0.324034	 0.000000	 0.004516	 0.004516	 90.000000	 0.316470	 -0.001790	 0.316475	 -0.324034	 77277.573086	
1807.867470	 1.000000	 0.000000	 -0.000000	 0.000000	 -90.000000	 0.316503	 -0.001770	 0.316508	 -0.320382	 0.000000	 0.004549	 0.004549	 90.000000	 0.316503	 -0.001770	 0.316508	 -0.320382	 77278.977492	
1787.791165	 1.000000	 0.000000	 -0.000000	 0.000000	 -90.000000	 0.316504	 -0.001770	 0.316509	 -0.320358	 0.000000	 0.004540	 0.004540	 90.000000	 0.316505	 -0.001769	 0.316510	 -0.320278	 77280.413113	
1767.714859	 1.000000	 0.000000	 -0.000000	 0.000000	 -90.000000	 0.316511	 -0.001785	 0.316516	 -0.323083	 0.000000	 0.004510	 0.004510	 90.000000	 0.316511	 -0.001785	 0.316516	 -0.323083	 77281.847922	
1747.638554	 1.000000	 0.000000	 -0.000000	 0.000000	 -90.000000	 0.316560	 -0.001776	 0.316565	 -0.321388	 0.000000	 0.004529	 0.004529	 90.000000	 0.316560	 -0.001776	 0.316565	 -0.321388	 77283.298686	
1727.562249	 1.000000	 0.000000	 -0.000001	 0.000001	 -90.000000	 0.316604	 -0.001817	 0.316609	 -0.328799	 0.000000	 0.004500	 0.004500	 90.000000	 0.316604	 -0.001817	 0.316609	 -0.328799	 77284.780071	
1707.485944	 1.000000	 0.000000	 -0.000001	 0.000001	 -90.000000	 0.316586	 -0.001770	 0.316591	 -0.320347	 0.000000	 0.004479	 0.004479	 90.000000	 0.316583	 -0.001772	 0.316588	 -0.320686	 77286.207076	
1687.409639	 1.000000	 0.000000	 -0.000000	 0.000000	 -90.000000	 0.316553	 -0.001778	 0.316558	 -0.321732	 0.000000	 0.004488	 0.004488	 90.000000	 0.316553	 -0.001778	 0.316558	 -0.321732	 77287.658341	
1667.333333	 1.000000	 0.000000	 -0.000000	 0.000000	 -90.000000	 0.316585	 -0.001746	 0.316590	 -0.315998	 0.000000	 0.004479	 0.004479	 90.000000	 0.316585	 -0.001746	 0.316590	 -0.315998	 77289.105371	
1647.257028	 1.000000	 0.000000	 -0.000000	 0.000000	 -90.000000	 0.316554	 -0.001760	 0.316559	 -0.318524	 0.000000	 0.004495	 0.004495	 90.000000	 0.316554	 -0.001760	 0.316559	 -0.318524	 77290.577490	
1627.180723	 1.000000	 0.000000	 -0.000000	 0.000000	 -90.000000	 0.316707	 -0.001840	 0.316712	 -0.332958	 0.000000	 0.004435	 0.004435	 90.000000	 0.316707	 -0.001840	 0.316712	 -0.332958	 77291.987046	
1607.104418	 1.000000	 0.000000	 -0.000000	 0.000000	 -90.000000	 0.316699	 -0.001833	 0.316704	 -0.331532	 0.000000	 0.004429	 0.004429	 90.000000	 0.316699	 -0.001833	 0.316704	 -0.331533	 77293.420209	
1587.028112	 1.000000	 0.000000	 -0.000000	 0.000000	 -90.000000	 0.316750	 -0.001799	 0.316755	 -0.325386	 0.000000	 0.004442	 0.004442	 90.000000	 0.316750	 -0.001799	 0.316755	 -0.325386	 77294.854837	
1566.951807	 1.000000	 0.000000	 -0.000000	 0.000000	 -90.000000	 0.316736	 -0.001782	 0.316741	 -0.322365	 0.000000	 0.004418	 0.004418	 90.000000	 0.316728	 -0.001781	 0.316733	 -0.322221	 77296.285142	
1546.875502	 1.000000	 0.000000	 -0.000000	 0.000000	 -90.000000	 0.316899	 -0.001898	 0.316904	 -0.343229	 0.000000	 0.004397	 0.004397	 90.000000	 0.316899	 -0.001898	 0.316904	 -0.343229	 77297.712126	
1526.799197	 1.000000	 0.000000	 -0.000000	 0.000000	 -90.000000	 0.316634	 -0.001765	 0.316639	 -0.319367	 0.000000	 0.004422	 0.004422	 90.000000	 0.316634	 -0.001765	 0.316639	 -0.319367	 77299.157171	
1506.722892	 1.000000	 0.000000	 -0.000000	 0.000000	 -90.000000	 0.316759	 -0.001760	 0.316764	 -0.318414	 0.000000	 0.004381	 0.004381	 90.000000	 0.316759	 -0.001760	 0.316764	 -0.318414	 77300.588381	
1486.646586	 1.000000	 0.000000	 -0.000000	 0.000000	 -90.000000	 0.316779	 -0.001744	 0.316784	 -0.315379	 0.000000	 0.004409	 0.004409	 90.000000	 0.316780	 -0.001743	 0.316785	 -0.315274	 77302.051607	
1466.570281	 1.000000	 0.000000	 -0.000000	 0.000000	 -90.000000	 0.316870	 -0.001801	 0.316875	 -0.325679	 0.000000	 0.004344	 0.004344	 90.000000	 0.316870	 -0.001801	 0.316875	 -0.325679	 77303.484169	
1446.493976	 1.000000	 0.000000	 -0.000000	 0.000000	 -90.000000	 0.316910	 -0.001728	 0.316915	 -0.312448	 0.000000	 0.002672	 0.002672	 90.000000	 0.316910	 -0.001728	 0.316915	 -0.312447	 77304.918832	
1426.417671	 1.000000	 0.000000	 -0.000000	 0.000000	 -90.000000	 0.316876	 -0.001810	 0.316881	 -0.327192	 0.000000	 0.007386	 0.007386	 90.000000	 0.316876	 -0.001810	 0.316881	 -0.327192	 77306.412322	
1406.341365	 1.000000	 0.000000	 -0.000000	 0.000000	 -90.000000	 0.316952	 -0.001763	 0.316957	 -0.318654	 0.000000	 0.005061	 0.005061	 90.000000	 0.316952	 -0.001763	 0.316957	 -0.318654	 77307.860714	
1386.265060	 1.000000	 0.000000	 -0.000000	 0.000000	 -90.000000	 0.316967	 -0.001765	 0.316971	 -0.319105	 0.000000	 0.004641	 0.004641	 90.000000	 0.316967	 -0.001765	 0.316971	 -0.319105	 77309.293431	
1366.188755	 1.000000	 0.000000	 -0.000000	 0.000000	 -90.000000	 0.316962	 -0.001759	 0.316967	 -0.317949	 0.000000	 0.004256	 0.004256	 90.000000	 0.316962	 -0.001759	 0.316967	 -0.317949	 77310.751639	
1346.112450	 1.000000	 0.000000	 -0.000000	 0.000000	 -90.000000	 0.317069	 -0.001733	 0.317074	 -0.313079	 0.000000	 0.004307	 0.004307	 90.000000	 0.317069	 -0.001733	 0.317074	 -0.313079	 77312.180014	
1326.036145	 1.000000	 0.000000	 -0.000000	 0.000000	 -90.000000	 0.317006	 -0.001818	 0.317011	 -0.328599	 0.000000	 0.004336	 0.004336	 90.000000	 0.317006	 -0.001818	 0.317011	 -0.328599	 77313.620296	
1305.959839	 1.000000	 0.000000	 -0.000000	 0.000000	 -90.000000	 0.317109	 -0.001795	 0.317114	 -0.324406	 0.000000	 0.004343	 0.004343	 90.000000	 0.317109	 -0.001795	 0.317114	 -0.324406	 77315.030743	
1285.883534	 1.000000	 0.000000	 -0.000000	 0.000000	 -90.000000	 0.317129	 -0.001759	 0.317134	 -0.317857	 0.000000	 0.004311	 0.004311	 90.000000	 0.317129	 -0.001759	 0.317134	 -0.317857	 77316.483455	
1265.807229	 1.000000	 0.000000	 -0.000000	 0.000000	 -90.000000	 0.317133	 -0.001769	 0.317138	 -0.319581	 0.000000	 0.004275	 0.004275	 90.000000	 0.317133	 -0.001769	 0.317138	 -0.319581	 77317.934316	
1245.730924	 1.000000	 0.000000	 -0.000000	 0.000000	 -90.000000	 0.317183	 -0.001733	 0.317188	 -0.313034	 0.000000	 0.004280	 0.004280	 90.000000	 0.317183	 -0.001733	 0.317188	 -0.313034	 77319.371711	
1225.654618	 1.000000	 0.000000	 -0.000001	 0.000001	 -90.000000	 0.317196	 -0.001780	 0.317201	 -0.321457	 0.000000	 0.004295	 0.004295	 90.000000	 0.317196	 -0.001778	 0.317201	 -0.321250	 77320.830585	
1205.578313	 1.000000	 0.000000	 -0.000000	 0.000000	 -90.000000	 0.317184	 -0.001773	 0.317189	 -0.320279	 0.000000	 0.004269	 0.004269	 90.000000	 0.317184	 -0.001773	 0.317189	 -0.320279	 77322.269493	
1185.502008	 1.000000	 0.000000	 -0.000000	 0.000000	 -90.000000	 0.317242	 -0.001762	 0.317247	 -0.318166	 0.000000	 0.004305	 0.004305	 90.000000	 0.317242	 -0.001762	 0.317247	 -0.318166	 77323.709226	
1165.425703	 1.000000	 0.000000	 -0.000000	 0.000000	 -90.000000	 0.317288	 -0.001760	 0.317293	 -0.317874	 0.000000	 0.004297	 0.004297	 90.000000	 0.317288	 -0.001760	 0.317293	 -0.317874	 77325.167522	
1145.349398	 1.000000	 0.000000	 -0.000000	 0.000000	 -90.000000	 0.317274	 -0.001700	 0.317278	 -0.307064	 0.000000	 0.004292	 0.004292	 90.000000	 0.317274	 -0.001700	 0.317278	 -0.307064	 77326.617588	
1125.273092	 1.000000	 0.000000	 -0.000000	 0.000000	 -90.000000	 0.317380	 -0.001737	 0.317384	 -0.313640	 0.000000	 0.004265	 0.004265	 90.000000	 0.317380	 -0.001737	 0.317384	 -0.313640	 77328.063194	
1105.196787	 1.000000	 0.000000	 -0.000001	 0.000001	 -90.000000	 0.317455	 -0.001719	 0.317459	 -0.310257	 0.000000	 0.004248	 0.004248	 90.000000	 0.317455	 -0.001719	 0.317459	 -0.310257	 77329.478045	
1085.120482	 1.000000	 0.000000	 -0.000000	 0.000000	 -90.000000	 0.317445	 -0.001731	 0.317450	 -0.312507	 0.000000	 0.004239	 0.004239	 90.000000	 0.317445	 -0.001732	 0.317449	 -0.312622	 77330.920813	
1065.044177	 1.000000	 0.000000	 -0.000000	 0.000000	 -90.000000	 0.317484	 -0.001723	 0.317488	 -0.310998	 0.000000	 0.004181	 0.004181	 90.000000	 0.317484	 -0.001723	 0.317488	 -0.310998	 77332.357299	
1044.967871	 1.000000	 0.000000	 -0.000000	 0.000000	 -90.000000	 0.317531	 -0.001649	 0.317536	 -0.297500	 0.000000	 0.004167	 0.004167	 90.000000	 0.317531	 -0.001649	 0.317536	 -0.297500	 77333.798570	
1024.891566	 1.000000	 0.000000	 -0.000000	 0.000000	 -90.000000	 0.317571	 -0.001688	 0.317576	 -0.304514	 0.000000	 0.004176	 0.004176	 90.000000	 0.317571	 -0.001688	 0.317576	 -0.304514	 77335.259712	
1004.815261	 1.000000	 0.000000	 -0.000000	 0.000000	 -90.000000	 0.317641	 -0.001644	 0.317645	 -0.296461	 0.000000	 0.004222	 0.004222	 90.000000	 0.317641	 -0.001644	 0.317645	 -0.296461	 77336.699648	
984.738956	 1.000000	 0.000000	 -0.000000	 0.000000	 -90.000000	 0.317653	 -0.001670	 0.317657	 -0.301168	 0.000000	 0.004192	 0.004192	 90.000000	 0.317653	 -0.001670	 0.317657	 -0.301168	 77338.202349	
964.662651	 1.000000	 0.000000	 -0.000001	 0.000001	 -90.000000	 0.317706	 -0.001659	 0.317710	 -0.299122	 0.000000	 0.004147	 0.004147	 90.000000	 0.317706	 -0.001659	 0.317710	 -0.299122	 77339.638629	
944.586345	 1.000000	 0.000000	 -0.000000	 0.000000	 -90.000000	 0.317737	 -0.001634	 0.317741	 -0.294675	 0.000000	 0.004112	 0.004112	 90.000000	 0.317737	 -0.001634	 0.317741	 -0.294675	 77341.082439	
924.510040	 1.000000	 0.000000	 -0.000000	 0.000000	 -90.000000	 0.317816	 -0.001644	 0.317820	 -0.296433	 0.000000	 0.004179	 0.004179	 90.000000	 0.317816	 -0.001644	 0.317820	 -0.296433	 77342.557703	
904.433735	 1.000000	 0.000000	 -0.000000	 0.000000	 -90.000000	 0.317820	 -0.001536	 0.317824	 -0.276929	 0.000000	 0.004173	 0.004173	 90.000000	 0.317820	 -0.001536	 0.317824	 -0.276929	 77343.968895	
884.357430	 1.000000	 0.000000	 -0.000001	 0.000001	 -90.000000	 0.317925	 -0.001583	 0.317929	 -0.285282	 0.000000	 0.004187	 0.004187	 90.000000	 0.317925	 -0.001583	 0.317929	 -0.285326	 77345.409448	
864.281124	 1.000000	 0.000000	 -0.000001	 0.000001	 -90.000000	 0.317970	 -0.001577	 0.317974	 -0.284076	 0.000000	 0.004114	 0.004114	 90.000000	 0.317970	 -0.001577	 0.317974	 -0.284076	 77346.826416	
844.204819	 1.000000	 0.000000	 -0.000001	 0.000001	 -90.000000	 0.317966	 -0.001494	 0.317970	 -0.269165	 0.000000	 0.004162	 0.004162	 90.000000	 0.317966	 -0.001494	 0.317970	 -0.269165	 77348.274333	
824.128514	 1.000000	 0.000000	 -0.000001	 0.000001	 -90.000000	 0.318108	 -0.001533	 0.318112	 -0.276066	 0.000000	 0.004156	 0.004156	 90.000000	 0.318108	 -0.001533	 0.318112	 -0.276066	 77349.724353	
804.052209	 1.000000	 0.000000	 -0.000001	 0.000001	 -90.000000	 0.318168	 -0.001560	 0.318172	 -0.280868	 0.000000	 0.004134	 0.004134	 90.000000	 0.318175	 -0.001562	 0.318179	 -0.281282	 77351.188847	
783.975904	 1.000000	 0.000000	 -0.000001	 0.000001	 -90.000000	 0.318257	 -0.001464	 0.318261	 -0.263496	 0.000000	 0.004123	 0.004123	 90.000000	 0.318257	 -0.001464	 0.318261	 -0.263496	 77352.637824	
763.899598	 1.000000	 0.000000	 -0.000001	 0.000001	 -90.000000	 0.318304	 -0.001393	 0.318308	 -0.250790	 0.000000	 0.004113	 0.004113	 90.000000	 0.318304	 -0.001393	 0.318308	 -0.250790	 77354.070382	
743.823293	 1.000000	 0.000000	 -0.000001	 0.000001	 -90.000000	 0.318377	 -0.001545	 0.318381	 -0.278062	 0.000000	 0.004022	 0.004022	 90.000000	 0.318377	 -0.001545	 0.318381	 -0.278062	 77355.505935	
723.746988	 1.000000	 0.000000	 -0.000001	 0.000001	 -90.000000	 0.318460	 -0.001319	 0.318462	 -0.237356	 0.000000	 0.004081	 0.004081	 90.000000	 0.318460	 -0.001319	 0.318462	 -0.237356	 77356.981904	
703.670683	 1.000000	 0.000000	 -0.000001	 0.000001	 -90.000000	 0.318592	 -0.001301	 0.318595	 -0.233903	 0.000000	 0.004013	 0.004013	 90.000000	 0.318592	 -0.001301	 0.318595	 -0.233903	 77358.417221	
683.594378	 1.000000	 0.000000	 -0.000000	 0.000000	 -90.000000	 0.318600	 -0.001240	 0.318603	 -0.222993	 0.000000	 0.004026	 0.004026	 90.000000	 0.318600	 -0.001240	 0.318603	 -0.222993	 77359.861863	
663.518072	 1.000000	 0.000000	 -0.000000	 0.000000	 -90.000000	 0.318688	 -0.001180	 0.318691	 -0.212117	 0.000000	 0.004019	 0.004019	 90.000000	 0.318688	 -0.001180	 0.318691	 -0.212117	 77361.319249	
643.441767	 1.000000	 0.000000	 -0.000000	 0.000000	 -90.000000	 0.318771	 -0.001226	 0.318773	 -0.220373	 0.000000	 0.004026	 0.004026	 90.000000	 0.318771	 -0.001226	 0.318773	 -0.220373	 77362.786098	
623.365462	 1.000000	 0.000000	 -0.000001	 0.000001	 -90.000000	 0.318861	 -0.001068	 0.318863	 -0.191865	 0.000000	 0.004040	 0.004040	 90.000000	 0.318862	 -0.001067	 0.318864	 -0.191673	 77364.233068	
603.289157	 1.000000	 0.000000	 -0.000001	 0.000001	 -90.000000	 0.318831	 -0.000996	 0.318833	 -0.178933	 0.000000	 0.004071	 0.004071	 90.000000	 0.318831	 -0.000996	 0.318833	 -0.178933	 77365.677505	
583.212851	 1.000000	 0.000000	 -0.000000	 0.000000	 -90.000000	 0.319029	 -0.000905	 0.319030	 -0.162554	 0.000000	 0.004035	 0.004035	 90.000000	 0.319029	 -0.000905	 0.319030	 -0.162554	 77367.110454	
563.136546	 1.000000	 0.000000	 -0.000001	 0.000001	 -90.000000	 0.319142	 -0.000825	 0.319143	 -0.148123	 0.000000	 0.004022	 0.004022	 90.000000	 0.319142	 -0.000825	 0.319143	 -0.148123	 77368.544216	
543.060241	 1.000000	 0.000000	 -0.000001	 0.000001	 -90.000000	 0.319304	 -0.000684	 0.319304	 -0.122735	 0.000000	 0.003998	 0.003998	 90.000000	 0.319304	 -0.000684	 0.319304	 -0.122735	 77369.997799	
522.983936	 1.000000	 0.000000	 -0.000001	 0.000001	 -90.000000	 0.319349	 -0.000620	 0.319350	 -0.111317	 0.000000	 0.004053	 0.004053	 90.000000	 0.319349	 -0.000620	 0.319350	 -0.111317	 77371.408658	
502.907631	 1.000000	 0.000000	 -0.000001	 0.000001	 -90.000000	 0.319344	 -0.000545	 0.319344	 -0.097862	 0.000000	 0.004007	 0.004007	 90.000000	 0.319344	 -0.000545	 0.319344	 -0.097862	 77372.839284	
482.831325	 1.000000	 0.000000	 -0.000001	 0.000001	 -90.000000	 0.319540	 -0.000326	 0.319540	 -0.058512	 0.000000	 0.004010	 0.004010	 90.000000	 0.319540	 -0.000326	 0.319540	 -0.058512	 77374.268339	
462.755020	 1.000000	 0.000000	 -0.000001	 0.000001	 -90.000000	 0.319640	 -0.000239	 0.319640	 -0.042834	 0.000000	 0.003980	 0.003980	 90.000000	 0.319644	 -0.000233	 0.319644	 -0.041691	 77375.712104	
442.678715	 1.000000	 0.000000	 -0.000001	 0.000001	 -90.000000	 0.319591	 0.000035	 0.319591	 0.006301	 0.000000	 0.004013	 0.004013	 90.000000	 0.319591	 0.000035	 0.319591	 0.006301	 77377.149822	
422.602410	 1.000000	 0.000000	 -0.000000	 0.000000	 -90.000000	 0.319834	 0.000097	 0.319834	 0.017406	 0.000000	 0.004017	 0.004017	 90.000000	 0.319832	 0.000096	 0.319833	 0.017172	 77378.592621	
402.526104	 1.000000	 0.000000	 -0.000000	 0.000000	 -90.000000	 0.319973	 0.000304	 0.319973	 0.054489	 0.000000	 0.003998	 0.003998	 90.000000	 0.319973	 0.000304	 0.319973	 0.054489	 77380.051512	
382.449799	 1.000000	 0.000000	 -0.000001	 0.000001	 -90.000000	 0.320116	 0.000530	 0.320117	 0.094798	 0.000000	 0.004002	 0.004002	 90.000000	 0.320116	 0.000530	 0.320117	 0.094798	 77381.503555	
362.373494	 1.000000	 0.000000	 -0.000001	 0.000001	 -90.000000	 0.320208	 0.000799	 0.320209	 0.143007	 0.000000	 0.003943	 0.003943	 90.000000	 0.320208	 0.000799	 0.320209	 0.143007	 77382.967266	
342.297189	 1.000000	 0.000000	 -0.000001	 0.000001	 -90.000000	 0.320083	 0.000949	 0.320085	 0.169849	 0.000000	 0.003979	 0.003979	 90.000000	 0.320083	 0.000949	 0.320085	 0.169849	 77384.430697	
322.220884	 1.000000	 0.000000	 -0.000001	 0.000001	 -90.000000	 0.320448	 0.001363	 0.320451	 0.243761	 0.000000	 0.003994	 0.003994	 90.000000	 0.320448	 0.001363	 0.320451	 0.243761	 77385.876041	
302.144578	 1.000000	 0.000000	 -0.000001	 0.000001	 -90.000000	 0.320710	 0.001554	 0.320714	 0.277671	 0.000000	 0.003966	 0.003966	 90.000000	 0.320710	 0.001554	 0.320714	 0.277671	 77387.323498	
282.068273	 1.000000	 0.000000	 -0.000001	 0.000001	 -90.000000	 0.320700	 0.002106	 0.320707	 0.376202	 0.000000	 0.003951	 0.003951	 90.000000	 0.320700	 0.002105	 0.320707	 0.375985	 77388.745006	
261.991968	 1.000000	 0.000000	 -0.000001	 0.000001	 -90.000000	 0.320783	 0.002570	 0.320793	 0.459088	 0.000000	 0.003952	 0.003952	 90.000000	 0.320783	 0.002570	 0.320793	 0.459088	 77390.191726	
241.915663	 1.000000	 0.000000	 -0.000001	 0.000001	 -90.000000	 0.320933	 0.002639	 0.320944	 0.471206	 0.000000	 0.003926	 0.003926	 90.000000	 0.320933	 0.002639	 0.320944	 0.471206	 77391.640260	
221.839357	 1.000000	 0.000000	 -0.000001	 0.000001	 -90.000000	 0.321048	 0.003584	 0.321068	 0.639622	 0.000000	 0.003932	 0.003932	 90.000000	 0.321040	 0.003581	 0.321060	 0.639157	 77393.089943	
201.763052	 1.000000	 0.000000	 -0.000000	 0.000000	 -90.000000	 0.320731	 0.004306	 0.320759	 0.769151	 0.000000	 0.003954	 0.003954	 90.000000	 0.320731	 0.004306	 0.320759	 0.769151	 77394.530794	
181.686747	 1.000000	 0.000000	 -0.000000	 0.000000	 -90.000000	 0.321258	 0.005144	 0.321299	 0.917282	 0.000000	 0.003939	 0.003939	 90.000000	 0.321258	 0.005144	 0.321299	 0.917282	 77395.968056	
161.610442	 1.000000	 0.000000	 -0.000001	 0.000001	 -90.000000	 0.321214	 0.006289	 0.321275	 1.121579	 0.000000	 0.003929	 0.003929	 90.000000	 0.321214	 0.006289	 0.321275	 1.121579	 77397.419811	
141.534137	 1.000000	 0.000000	 -0.000000	 0.000000	 -90.000000	 0.321163	 0.007315	 0.321246	 1.304726	 0.000000	 0.003912	 0.003912	 90.000000	 0.321163	 0.007315	 0.321246	 1.304726	 77398.890218	
121.457831	 1.000000	 0.000000	 -0.000001	 0.000001	 -90.000000	 0.321057	 0.009340	 0.321193	 1.666259	 0.000000	 0.003976	 0.003976	 90.000000	 0.321057	 0.009340	 0.321193	 1.666259	 77400.315668	
101.381526	 1.000000	 0.000000	 -0.000001	 0.000001	 -90.000000	 0.321133	 0.011587	 0.321342	 2.066367	 0.000000	 0.004179	 0.004179	 90.000000	 0.321133	 0.011587	 0.321342	 2.066367	 77401.751683	
81.305221	 1.000000	 0.000000	 -0.000000	 0.000000	 -90.000000	 0.320493	 0.015169	 0.320852	 2.709725	 0.000000	 0.003927	 0.003927	 90.000000	 0.320493	 0.015169	 0.320852	 2.709725	 77403.180356	
61.228916	 1.000000	 0.000000	 -0.000001	 0.000001	 -90.000000	 0.321914	 0.019419	 0.322500	 3.452026	 0.000000	 0.003917	 0.003917	 90.000000	 0.323472	 0.020062	 0.324094	 3.549038	 77404.609866	
41.152610	 1.000000	 0.000000	 -0.000001	 0.000001	 -90.000000	 0.316516	 0.016521	 0.316947	 2.987897	 0.000000	 0.003929	 0.003929	 90.000000	 0.316516	 0.016521	 0.316947	 2.987897	 77406.016252	
21.076305	 1.000000	 0.000000	 -0.000000	 0.000000	 -90.000000	 0.303568	 0.052038	 0.307996	 9.727266	 0.000000	 0.003843	 0.003843	 90.000000	 0.303568	 0.052038	 0.307996	 9.727266	 77407.458493	
1.000000	 1.000000	 0.000000	 -0.000000	 0.000000	 -90.000000	 0.021753	 0.143741	 0.145377	 81.394263	 0.000000	 0.143313	 0.143313	 90.000000	 0.017350	 0.139388	 0.140464	 82.904753	 77408.884362	
