# Oscilator_frequency (Hz)	DemodAll_A (-)	Demod_1_X_A (A)	Demod_1_Y_A (A)	Demod_1__R_A (A)	Demod_1__Theta_A (deg)	Demod_2_X_A (A)	Demod_2_Y_A (A)	Demod_2__R_A (A)	Demod_2__Theta_A (deg)	Demod_3_X_A (V)	Demod_3_Y_A (V)	Demod_3__R_A (V)	Demod_3__Theta_A (deg)	Demod_4_X_A (V)	Demod_4_Y_A (V)	Demod_4__R_A (V)	Demod_4__Theta_A (deg)	Timer_GET (s)	
500000.000000	 1.000000	 0.000000	 -0.000000	 0.000000	 -90.000000	 -0.000000	 -0.000000	 0.000000	 -168.584956	 0.000000	 0.567770	 0.567770	 90.000000	 0.085294	 -0.037128	 0.093024	 -23.523086	 91022.751253	
495000.000000	 1.000000	 0.000000	 -0.000000	 0.000000	 -90.000000	 -0.000000	 0.000000	 0.000000	 164.871613	 0.000000	 0.612914	 0.612914	 90.000000	 0.085489	 -0.036815	 0.093079	 -23.298414	 91024.189699	
490000.000000	 1.000000	 0.000000	 -0.000000	 0.000000	 -90.000000	 0.000000	 0.000000	 0.000000	 87.918739	 0.000000	 0.705696	 0.705696	 90.000000	 0.085668	 -0.036506	 0.093122	 -23.080566	 91025.648539	
485000.000000	 1.000000	 0.000000	 -0.000000	 0.000000	 -90.000000	 -0.000000	 0.000000	 0.000000	 157.401781	 0.000000	 0.812373	 0.812373	 90.000000	 0.085846	 -0.036193	 0.093164	 -22.860520	 91027.085708	
480000.000000	 1.000000	 0.000000	 -0.000000	 0.000000	 -90.000000	 -0.000000	 0.000000	 0.000000	 147.399980	 0.000000	 0.918581	 0.918581	 90.000000	 0.086022	 -0.035876	 0.093204	 -22.638958	 91028.513916	
475000.000000	 1.000000	 0.000000	 -0.000000	 0.000000	 -90.000000	 -0.000000	 -0.000000	 0.000000	 -154.367224	 0.000000	 1.018140	 1.018140	 90.000000	 0.086199	 -0.035561	 0.093246	 -22.418252	 91029.961073	
470000.000000	 1.000000	 0.000000	 -0.000000	 0.000000	 -90.000000	 -0.000000	 -0.000000	 0.000000	 -158.028257	 0.000000	 1.107572	 1.107572	 90.000000	 0.086372	 -0.035250	 0.093288	 -22.201214	 91031.395297	
465000.000000	 1.000000	 0.000000	 -0.000000	 0.000000	 -90.000000	 0.000000	 -0.000000	 0.000000	 -30.313390	 0.000000	 1.182760	 1.182760	 90.000000	 0.086551	 -0.034940	 0.093338	 -21.983568	 91032.868791	
460000.000000	 1.000000	 0.000000	 -0.000000	 0.000000	 -90.000000	 0.000000	 0.000000	 0.000000	 34.020864	 0.000000	 1.244864	 1.244864	 90.000000	 0.086729	 -0.034625	 0.093385	 -21.763460	 91034.330409	
455000.000000	 1.000000	 0.000000	 -0.000000	 0.000000	 -90.000000	 -0.000000	 0.000000	 0.000000	 127.578019	 0.000000	 1.303811	 1.303811	 90.000000	 0.086903	 -0.034309	 0.093430	 -21.544197	 91035.774499	
450000.000000	 1.000000	 0.000000	 -0.000000	 0.000000	 -90.000000	 -0.000000	 0.000000	 0.000000	 165.575993	 0.000000	 1.363231	 1.363231	 90.000000	 0.087076	 -0.033996	 0.093477	 -21.326575	 91037.214773	
445000.000000	 1.000000	 0.000000	 -0.000000	 0.000000	 -90.000000	 -0.000000	 0.000000	 0.000000	 168.177829	 0.000000	 1.403970	 1.403970	 90.000000	 0.087250	 -0.033677	 0.093524	 -21.105653	 91038.673348	
440000.000000	 1.000000	 0.000000	 -0.000000	 0.000000	 -90.000000	 -0.000000	 0.000000	 0.000000	 168.323700	 0.000000	 1.438482	 1.438482	 90.000000	 0.087418	 -0.033358	 0.093566	 -20.886275	 91040.104871	
435000.000000	 1.000000	 0.000000	 -0.000000	 0.000000	 -90.000000	 -0.000000	 -0.000000	 0.000000	 -178.448173	 0.000000	 1.472701	 1.472701	 90.000000	 0.087585	 -0.033038	 0.093609	 -20.666922	 91041.559620	
430000.000000	 1.000000	 0.000000	 -0.000000	 0.000000	 -90.000000	 -0.000000	 -0.000000	 0.000000	 -164.924911	 0.000000	 1.503718	 1.503718	 90.000000	 0.087758	 -0.032720	 0.093659	 -20.447307	 91042.992872	
425000.000000	 1.000000	 0.000000	 -0.000000	 0.000000	 -90.000000	 -0.000000	 0.000000	 0.000000	 116.040424	 0.000000	 1.531345	 1.531345	 90.000000	 0.087927	 -0.032399	 0.093706	 -20.227669	 91044.439818	
420000.000000	 1.000000	 0.000000	 -0.000000	 0.000000	 -90.000000	 -0.000000	 0.000000	 0.000000	 90.698110	 0.000000	 1.556613	 1.556613	 90.000000	 0.088089	 -0.032077	 0.093748	 -20.008698	 91045.890944	
415000.000000	 1.000000	 0.000000	 -0.000000	 0.000000	 -90.000000	 -0.000000	 0.000000	 0.000000	 133.497283	 0.000000	 1.579918	 1.579918	 90.000000	 0.088252	 -0.031753	 0.093790	 -19.788608	 91047.342983	
410000.000000	 1.000000	 0.000000	 -0.000000	 0.000000	 -90.000000	 -0.000000	 0.000000	 0.000000	 161.014609	 0.000000	 1.601219	 1.601219	 90.000000	 0.088404	 -0.031426	 0.093824	 -19.569574	 91048.781643	
405000.000000	 1.000000	 0.000000	 -0.000000	 0.000000	 -90.000000	 0.000000	 0.000000	 0.000000	 37.445784	 0.000000	 1.620156	 1.620156	 90.000000	 0.088564	 -0.031102	 0.093866	 -19.350066	 91050.215465	
400000.000000	 1.000000	 0.000000	 -0.000000	 0.000000	 -90.000000	 -0.000000	 0.000000	 0.000000	 156.811896	 0.000000	 1.638108	 1.638108	 90.000000	 0.088732	 -0.030780	 0.093919	 -19.131118	 91051.645681	
395000.000000	 1.000000	 0.000000	 -0.000000	 0.000000	 -90.000000	 -0.000000	 0.000000	 0.000000	 168.010398	 0.000000	 1.654691	 1.654691	 90.000000	 0.088891	 -0.030452	 0.093963	 -18.910458	 91053.112008	
390000.000000	 1.000000	 0.000000	 -0.000000	 0.000000	 -90.000000	 -0.000000	 0.000000	 0.000000	 95.248224	 0.000000	 1.669903	 1.669903	 90.000000	 0.089052	 -0.030127	 0.094010	 -18.690789	 91054.514686	
385000.000000	 1.000000	 0.000000	 -0.000000	 0.000000	 -90.000000	 -0.000000	 -0.000000	 0.000000	 -98.671784	 0.000000	 1.684192	 1.684192	 90.000000	 0.089206	 -0.029799	 0.094051	 -18.471903	 91055.964117	
380000.000000	 1.000000	 0.000000	 -0.000000	 0.000000	 -90.000000	 0.000000	 -0.000000	 0.000000	 -87.682309	 0.000000	 1.697130	 1.697130	 90.000000	 0.089359	 -0.029471	 0.094094	 -18.252816	 91057.385430	
375000.000000	 1.000000	 0.000000	 -0.000000	 0.000000	 -90.000000	 0.000000	 0.000000	 0.000000	 81.514292	 0.000000	 1.709868	 1.709868	 90.000000	 0.089513	 -0.029140	 0.094136	 -18.032461	 91058.821223	
370000.000000	 1.000000	 0.000000	 -0.000000	 0.000000	 -90.000000	 0.000000	 -0.000000	 0.000000	 -74.962892	 0.000000	 1.721329	 1.721329	 90.000000	 0.089670	 -0.028813	 0.094185	 -17.813445	 91060.255956	
365000.000000	 1.000000	 0.000000	 -0.000000	 0.000000	 -90.000000	 -0.000000	 0.000000	 0.000000	 115.326770	 0.000000	 1.732158	 1.732158	 90.000000	 0.089820	 -0.028483	 0.094228	 -17.594640	 91061.694983	
360000.000000	 1.000000	 0.000000	 -0.000000	 0.000000	 -90.000000	 0.000000	 0.000000	 0.000000	 79.166511	 0.000000	 1.742818	 1.742818	 90.000000	 0.089975	 -0.028152	 0.094277	 -17.373916	 91063.207620	
355000.000000	 1.000000	 0.000000	 -0.000000	 0.000000	 -90.000000	 -0.000000	 0.000000	 0.000000	 96.885565	 0.000000	 1.752366	 1.752366	 90.000000	 0.090130	 -0.027824	 0.094327	 -17.155727	 91064.657788	
350000.000000	 1.000000	 0.000000	 -0.000000	 0.000000	 -90.000000	 -0.000000	 0.000000	 0.000000	 175.035813	 0.000000	 1.761350	 1.761350	 90.000000	 0.090279	 -0.027492	 0.094372	 -16.936914	 91066.092889	
345000.000000	 1.000000	 0.000000	 -0.000000	 0.000000	 -90.000000	 -0.000000	 0.000000	 0.000000	 114.173844	 0.000000	 1.769861	 1.769861	 90.000000	 0.090424	 -0.027156	 0.094414	 -16.716167	 91067.525342	
340000.000000	 1.000000	 0.000000	 -0.000000	 0.000000	 -90.000000	 -0.000000	 0.000000	 0.000000	 171.474664	 0.000000	 1.777847	 1.777847	 90.000000	 0.090576	 -0.026825	 0.094465	 -16.497434	 91068.967249	
335000.000000	 1.000000	 0.000000	 -0.000000	 0.000000	 -90.000000	 0.000000	 -0.000000	 0.000000	 -31.697696	 0.000000	 1.785350	 1.785350	 90.000000	 0.090723	 -0.026490	 0.094512	 -16.277161	 91070.396998	
330000.000000	 1.000000	 0.000000	 -0.000000	 0.000000	 -90.000000	 -0.000000	 0.000000	 0.000000	 179.364040	 0.000000	 1.792441	 1.792441	 90.000000	 0.090868	 -0.026156	 0.094558	 -16.058054	 91071.821736	
325000.000000	 1.000000	 0.000000	 -0.000000	 0.000000	 -90.000000	 0.000000	 -0.000000	 0.000000	 -40.027614	 0.000000	 1.799132	 1.799132	 90.000000	 0.091004	 -0.025815	 0.094594	 -15.837254	 91073.260325	
320000.000000	 1.000000	 0.000000	 -0.000000	 0.000000	 -90.000000	 0.000000	 -0.000000	 0.000000	 -79.888435	 0.000000	 1.805361	 1.805361	 90.000000	 0.091152	 -0.025482	 0.094647	 -15.618400	 91074.704152	
315000.000000	 1.000000	 0.000000	 -0.000000	 0.000000	 -90.000000	 0.000000	 0.000000	 0.000000	 81.328058	 0.000000	 1.811481	 1.811481	 90.000000	 0.091299	 -0.025144	 0.094699	 -15.397871	 91076.127361	
310000.000000	 1.000000	 0.000000	 -0.000000	 0.000000	 -90.000000	 -0.000000	 0.000000	 0.000000	 95.488239	 0.000000	 1.817232	 1.817232	 90.000000	 0.091444	 -0.024807	 0.094749	 -15.177903	 91077.562514	
305000.000000	 1.000000	 0.000000	 -0.000000	 0.000000	 -90.000000	 -0.000000	 -0.000000	 0.000000	 -163.113258	 0.000000	 1.822805	 1.822805	 90.000000	 0.091582	 -0.024468	 0.094794	 -14.958297	 91079.007050	
300000.000000	 1.000000	 0.000000	 -0.000000	 0.000000	 -90.000000	 -0.000000	 0.000000	 0.000000	 139.041286	 0.000000	 1.827689	 1.827689	 90.000000	 0.091718	 -0.024129	 0.094839	 -14.739087	 91080.472016	
295000.000000	 1.000000	 0.000000	 -0.000000	 0.000000	 -90.000000	 -0.000000	 0.000000	 0.000000	 147.469385	 0.000000	 1.832640	 1.832640	 90.000000	 0.091854	 -0.023787	 0.094884	 -14.518691	 91081.890790	
290000.000000	 1.000000	 0.000000	 -0.000000	 0.000000	 -90.000000	 -0.000000	 0.000000	 0.000000	 144.060247	 0.000000	 1.837328	 1.837328	 90.000000	 0.091985	 -0.023444	 0.094926	 -14.298443	 91083.319227	
285000.000000	 1.000000	 0.000000	 -0.000000	 0.000000	 -90.000000	 0.000000	 -0.000000	 0.000000	 -22.442507	 0.000000	 1.841900	 1.841900	 90.000000	 0.092115	 -0.023102	 0.094968	 -14.078998	 91084.783926	
280000.000000	 1.000000	 0.000000	 -0.000000	 0.000000	 -90.000000	 -0.000000	 0.000000	 0.000000	 161.396553	 0.000000	 1.845873	 1.845873	 90.000000	 0.092253	 -0.022759	 0.095019	 -13.858503	 91086.198357	
275000.000000	 1.000000	 0.000000	 -0.000000	 0.000000	 -90.000000	 0.000000	 0.000000	 0.000000	 40.743769	 0.000000	 1.849907	 1.849907	 90.000000	 0.092388	 -0.022418	 0.095069	 -13.638994	 91087.644543	
270000.000000	 1.000000	 0.000000	 -0.000000	 0.000000	 -90.000000	 -0.000000	 0.000000	 0.000000	 161.878894	 0.000000	 1.854068	 1.854068	 90.000000	 0.092526	 -0.022075	 0.095123	 -13.418625	 91089.095169	
265000.000000	 1.000000	 0.000000	 -0.000000	 0.000000	 -90.000000	 -0.000000	 -0.000000	 0.000000	 -132.292648	 0.000000	 1.857636	 1.857636	 90.000000	 0.092660	 -0.021729	 0.095173	 -13.197305	 91090.524318	
260000.000000	 1.000000	 0.000000	 -0.000000	 0.000000	 -90.000000	 -0.000000	 0.000000	 0.000000	 96.031932	 0.000000	 1.860925	 1.860925	 90.000000	 0.092797	 -0.021383	 0.095228	 -12.976119	 91091.984435	
255000.000000	 1.000000	 0.000000	 -0.000000	 0.000000	 -90.000000	 -0.000000	 0.000000	 0.000000	 100.452566	 0.000000	 1.864339	 1.864339	 90.000000	 0.092930	 -0.021038	 0.095282	 -12.756122	 91093.421864	
250000.000000	 1.000000	 0.000000	 -0.000000	 0.000000	 -90.000000	 -0.000000	 -0.000000	 0.000000	 -175.933688	 0.000000	 1.867456	 1.867456	 90.000000	 0.093058	 -0.020692	 0.095330	 -12.535865	 91094.860926	
245000.000000	 1.000000	 0.000000	 -0.000000	 0.000000	 -90.000000	 -0.000000	 0.000000	 0.000000	 172.526109	 0.000000	 1.870490	 1.870490	 90.000000	 0.093183	 -0.020342	 0.095377	 -12.314414	 91096.302216	
240000.000000	 1.000000	 0.000000	 -0.000000	 0.000000	 -90.000000	 0.000000	 -0.000000	 0.000000	 -50.472927	 0.000000	 1.873524	 1.873524	 90.000000	 0.093314	 -0.019992	 0.095431	 -12.092640	 91097.724382	
235000.000000	 1.000000	 0.000000	 -0.000000	 0.000000	 -90.000000	 0.000000	 0.000000	 0.000000	 41.021554	 0.000000	 1.876030	 1.876030	 90.000000	 0.093435	 -0.019643	 0.095478	 -11.872527	 91099.200403	
230000.000000	 1.000000	 0.000000	 -0.000000	 0.000000	 -90.000000	 -0.000000	 -0.000000	 0.000000	 -157.009802	 0.000000	 1.878715	 1.878715	 90.000000	 0.093560	 -0.019292	 0.095528	 -11.650949	 91100.625499	
225000.000000	 1.000000	 0.000000	 -0.000000	 0.000000	 -90.000000	 -0.000000	 0.000000	 0.000000	 135.336437	 0.000000	 1.881359	 1.881359	 90.000000	 0.093687	 -0.018941	 0.095583	 -11.429797	 91102.071596	
220000.000000	 1.000000	 0.000000	 -0.000000	 0.000000	 -90.000000	 0.000000	 0.000000	 0.000000	 25.130354	 0.000000	 1.883917	 1.883917	 90.000000	 0.093810	 -0.018588	 0.095634	 -11.207780	 91103.486462	
215000.000000	 1.000000	 0.000000	 -0.000000	 0.000000	 -90.000000	 -0.000000	 -0.000000	 0.000000	 -151.259413	 0.000000	 1.886009	 1.886009	 90.000000	 0.093932	 -0.018236	 0.095686	 -10.986742	 91104.917060	
210000.000000	 1.000000	 0.000000	 -0.000000	 0.000000	 -90.000000	 -0.000000	 -0.000000	 0.000000	 -134.066524	 0.000000	 1.888273	 1.888273	 90.000000	 0.094056	 -0.017882	 0.095740	 -10.764783	 91106.361170	
205000.000000	 1.000000	 0.000000	 -0.000000	 0.000000	 -90.000000	 -0.000000	 -0.000000	 0.000000	 -129.085951	 0.000000	 1.890553	 1.890553	 90.000000	 0.094183	 -0.017529	 0.095801	 -10.543270	 91107.779450	
200000.000000	 1.000000	 0.000000	 -0.000000	 0.000000	 -90.000000	 -0.000000	 0.000000	 0.000000	 174.161223	 0.000000	 1.892646	 1.892646	 90.000000	 0.094311	 -0.017174	 0.095862	 -10.320220	 91109.235025	
195000.000000	 1.000000	 0.000000	 -0.000000	 0.000000	 -90.000000	 -0.000000	 0.000000	 0.000000	 157.405148	 0.000000	 1.894594	 1.894594	 90.000000	 0.094433	 -0.016820	 0.095919	 -10.099274	 91110.683243	
190000.000000	 1.000000	 0.000000	 -0.000000	 0.000000	 -90.000000	 0.000000	 0.000000	 0.000000	 1.231376	 0.000000	 1.896614	 1.896614	 90.000000	 0.094552	 -0.016463	 0.095975	 -9.876854	 91112.104940	
185000.000000	 1.000000	 0.000000	 -0.000000	 0.000000	 -90.000000	 -0.000000	 0.000000	 0.000000	 153.862402	 0.000000	 1.898321	 1.898321	 90.000000	 0.094674	 -0.016105	 0.096034	 -9.654054	 91113.539580	
180000.000000	 1.000000	 0.000000	 -0.000000	 0.000000	 -90.000000	 -0.000000	 0.000000	 0.000000	 104.508220	 0.000000	 1.900051	 1.900051	 90.000000	 0.094794	 -0.015747	 0.096093	 -9.431635	 91114.969059	
175000.000000	 1.000000	 0.000000	 -0.000000	 0.000000	 -90.000000	 -0.000000	 -0.000000	 0.000000	 -102.405941	 0.000000	 1.901619	 1.901619	 90.000000	 0.094910	 -0.015386	 0.096149	 -9.207945	 91116.392283	
170000.000000	 1.000000	 0.000000	 -0.000000	 0.000000	 -90.000000	 -0.000000	 -0.000000	 0.000000	 -118.409819	 0.000000	 1.903231	 1.903231	 90.000000	 0.095027	 -0.015024	 0.096207	 -8.984255	 91117.816687	
165000.000000	 1.000000	 0.000000	 -0.000000	 0.000000	 -90.000000	 -0.000000	 0.000000	 0.000000	 157.303075	 0.000000	 1.905045	 1.905045	 90.000000	 0.095142	 -0.014664	 0.096265	 -8.761861	 91119.247471	
160000.000000	 1.000000	 0.000000	 -0.000000	 0.000000	 -90.000000	 0.000000	 -0.000000	 0.000000	 -70.902294	 0.000000	 1.906584	 1.906584	 90.000000	 0.095266	 -0.014302	 0.096334	 -8.537774	 91120.683928	
155000.000000	 1.000000	 0.000000	 -0.000000	 0.000000	 -90.000000	 -0.000000	 -0.000000	 0.000000	 -161.336072	 0.000000	 1.907978	 1.907978	 90.000000	 0.095387	 -0.013939	 0.096400	 -8.314003	 91122.158461	
150000.000000	 1.000000	 0.000000	 -0.000000	 0.000000	 -90.000000	 -0.000000	 0.000000	 0.000000	 170.859338	 0.000000	 1.909381	 1.909381	 90.000000	 0.095505	 -0.013576	 0.096465	 -8.090108	 91123.611818	
145000.000000	 1.000000	 0.000000	 -0.000000	 0.000000	 -90.000000	 -0.000000	 0.000000	 0.000000	 164.719178	 0.000000	 1.910679	 1.910679	 90.000000	 0.095626	 -0.013210	 0.096534	 -7.865197	 91125.074650	
140000.000000	 1.000000	 0.000000	 -0.000000	 0.000000	 -90.000000	 -0.000000	 0.000000	 0.000000	 122.400582	 0.000000	 1.911883	 1.911883	 90.000000	 0.095741	 -0.012843	 0.096598	 -7.640410	 91126.499494	
135000.000000	 1.000000	 0.000000	 -0.000000	 0.000000	 -90.000000	 0.000000	 -0.000000	 0.000000	 -74.535634	 0.000000	 1.913116	 1.913116	 90.000000	 0.095865	 -0.012477	 0.096673	 -7.415310	 91127.935901	
130000.000000	 1.000000	 0.000000	 -0.000000	 0.000000	 -90.000000	 -0.000000	 0.000000	 0.000000	 147.544420	 0.000000	 1.914451	 1.914451	 90.000000	 0.095978	 -0.012108	 0.096738	 -7.190138	 91129.368799	
125000.000000	 1.000000	 0.000000	 -0.000000	 0.000000	 -90.000000	 -0.000000	 -0.000000	 0.000000	 -135.936944	 0.000000	 1.915462	 1.915462	 90.000000	 0.096094	 -0.011741	 0.096809	 -6.965968	 91130.814638	
120000.000000	 1.000000	 0.000000	 -0.000000	 0.000000	 -90.000000	 -0.000000	 -0.000000	 0.000000	 -177.400937	 0.000000	 1.916544	 1.916544	 90.000000	 0.096209	 -0.011370	 0.096878	 -6.740255	 91132.271727	
115000.000000	 1.000000	 0.000000	 -0.000000	 0.000000	 -90.000000	 -0.000000	 0.000000	 0.000000	 125.218196	 0.000000	 1.917761	 1.917761	 90.000000	 0.096329	 -0.010998	 0.096955	 -6.513296	 91133.707389	
110000.000000	 1.000000	 0.000000	 -0.000000	 0.000000	 -90.000000	 -0.000000	 0.000000	 0.000000	 126.947739	 0.000000	 1.918630	 1.918630	 90.000000	 0.096444	 -0.010626	 0.097028	 -6.287343	 91135.165986	
105000.000000	 1.000000	 0.000000	 -0.000000	 0.000000	 -90.000000	 0.000000	 0.000000	 0.000000	 47.257234	 0.000000	 1.919784	 1.919784	 90.000000	 0.096562	 -0.010252	 0.097105	 -6.060209	 91136.596445	
100000.000000	 1.000000	 0.000000	 -0.000000	 0.000000	 -90.000000	 -0.000000	 0.000000	 0.000000	 178.088672	 0.000000	 1.920540	 1.920540	 90.000000	 0.096682	 -0.009879	 0.097185	 -5.834209	 91138.026644	
95000.000000	 1.000000	 0.000000	 -0.000000	 0.000000	 -90.000000	 0.000000	 -0.000000	 0.000000	 -87.080892	 0.000000	 1.921811	 1.921811	 90.000000	 0.096805	 -0.009502	 0.097270	 -5.605876	 91139.469759	
90000.000000	 1.000000	 0.000000	 -0.000000	 0.000000	 -90.000000	 -0.000000	 0.000000	 0.000000	 131.966344	 0.000000	 1.922515	 1.922515	 90.000000	 0.096927	 -0.009125	 0.097356	 -5.378337	 91140.915703	
85000.000000	 1.000000	 0.000000	 -0.000000	 0.000000	 -90.000000	 0.000000	 -0.000000	 0.000000	 -22.372177	 0.000000	 1.923480	 1.923480	 90.000000	 0.097054	 -0.008748	 0.097447	 -5.150536	 91142.351741	
80000.000000	 1.000000	 0.000000	 -0.000000	 0.000000	 -90.000000	 -0.000000	 -0.000000	 0.000000	 -95.349134	 0.000000	 1.924205	 1.924205	 90.000000	 0.097184	 -0.008371	 0.097544	 -4.922935	 91143.807884	
75000.000000	 1.000000	 0.000000	 -0.000000	 0.000000	 -90.000000	 -0.000000	 -0.000000	 0.000000	 -120.603758	 0.000000	 1.925082	 1.925082	 90.000000	 0.097314	 -0.007989	 0.097641	 -4.693350	 91145.248191	
70000.000000	 1.000000	 0.000000	 -0.000000	 0.000000	 -90.000000	 0.000000	 0.000000	 0.000000	 8.521550	 0.000000	 1.925911	 1.925911	 90.000000	 0.097447	 -0.007613	 0.097744	 -4.467085	 91146.670515	
65000.000000	 1.000000	 0.000000	 -0.000000	 0.000000	 -90.000000	 -0.000000	 0.000000	 0.000000	 158.445927	 0.000000	 1.926755	 1.926755	 90.000000	 0.097581	 -0.007231	 0.097849	 -4.238107	 91148.141586	
60000.000000	 1.000000	 0.000000	 -0.000000	 0.000000	 -90.000000	 0.000000	 -0.000000	 0.000000	 -60.290392	 0.000000	 1.927424	 1.927424	 90.000000	 0.097716	 -0.006849	 0.097956	 -4.009119	 91149.563813	
55000.000000	 1.000000	 0.000000	 -0.000000	 0.000000	 -90.000000	 -0.000000	 -0.000000	 0.000000	 -155.269916	 0.000000	 1.928314	 1.928314	 90.000000	 0.097867	 -0.006468	 0.098080	 -3.781361	 91151.006432	
50000.000000	 1.000000	 0.000000	 -0.000000	 0.000000	 -90.000000	 -0.000000	 0.000000	 0.000000	 103.157173	 0.000000	 1.928774	 1.928774	 90.000000	 0.098023	 -0.006086	 0.098212	 -3.552789	 91152.468338	
45000.000000	 1.000000	 0.000000	 -0.000000	 0.000000	 -90.000000	 -0.000000	 0.000000	 0.000000	 159.136629	 0.000000	 1.929720	 1.929720	 90.000000	 0.098198	 -0.005707	 0.098364	 -3.325883	 91153.945509	
40000.000000	 1.000000	 0.000000	 -0.000000	 0.000000	 -90.000000	 -0.000000	 -0.000000	 0.000000	 -134.032464	 0.000000	 1.930492	 1.930492	 90.000000	 0.098381	 -0.005328	 0.098525	 -3.099927	 91155.376124	
35000.000000	 1.000000	 0.000000	 -0.000000	 0.000000	 -90.000000	 0.000000	 -0.000000	 0.000000	 -24.308629	 0.000000	 1.931085	 1.931085	 90.000000	 0.098574	 -0.004949	 0.098699	 -2.874185	 91156.854076	
30000.000000	 1.000000	 0.000000	 -0.000000	 0.000000	 -90.000000	 -0.000000	 -0.000000	 0.000000	 -123.136751	 0.000000	 1.931859	 1.931859	 90.000000	 0.098801	 -0.004575	 0.098907	 -2.651384	 91158.312044	
25000.000000	 1.000000	 0.000000	 -0.000000	 0.000000	 -90.000000	 -0.000000	 -0.000000	 0.000000	 -108.949472	 0.000000	 1.932585	 1.932585	 90.000000	 0.099057	 -0.004212	 0.099146	 -2.434869	 91159.731496	
20000.000000	 1.000000	 0.000000	 -0.000000	 0.000000	 -90.000000	 -0.000000	 0.000000	 0.000000	 133.350494	 0.000000	 1.933148	 1.933148	 90.000000	 0.099351	 -0.003856	 0.099426	 -2.222731	 91161.159619	
15000.000000	 1.000000	 0.000000	 -0.000000	 0.000000	 -90.000000	 -0.000000	 0.000000	 0.000000	 151.005234	 0.000000	 1.933729	 1.933729	 90.000000	 0.099725	 -0.003556	 0.099788	 -2.042272	 91162.587392	
10000.000000	 1.000000	 0.000000	 -0.000000	 0.000000	 -90.000000	 -0.000000	 -0.000000	 0.000000	 -172.652349	 0.000000	 1.934777	 1.934777	 90.000000	 0.100244	 -0.003354	 0.100300	 -1.916302	 91164.044027	
5000.000000	 1.000000	 0.000000	 -0.000000	 0.000000	 -90.000000	 0.000000	 -0.000000	 0.000000	 -84.363767	 0.000000	 1.935859	 1.935859	 90.000000	 0.101204	 -0.003559	 0.101266	 -2.013822	 91165.516800	
