# Oscilator_frequency (Hz)	DemodAll_A (-)	Demod_1_X_A (A)	Demod_1_Y_A (A)	Demod_1__R_A (A)	Demod_1__Theta_A (deg)	Demod_2_X_A (A)	Demod_2_Y_A (A)	Demod_2__R_A (A)	Demod_2__Theta_A (deg)	Demod_3_X_A (V)	Demod_3_Y_A (V)	Demod_3__R_A (V)	Demod_3__Theta_A (deg)	Demod_4_X_A (V)	Demod_4_Y_A (V)	Demod_4__R_A (V)	Demod_4__Theta_A (deg)	Timer_GET (s)	
200.000000	 1.000000	 0.000000	 -0.000000	 0.000000	 -90.000000	 0.659436	 -0.030953	 0.660162	 -2.687424	 0.000000	 0.017920	 0.017920	 90.000000	 0.659436	 -0.030953	 0.660162	 -2.687424	 261821.867456	
199.000000	 1.000000	 0.000000	 -0.000000	 0.000000	 -90.000000	 0.659359	 -0.031111	 0.660093	 -2.701410	 0.000000	 0.016538	 0.016538	 90.000000	 0.659359	 -0.031111	 0.660093	 -2.701410	 261823.310473	
198.000000	 1.000000	 0.000000	 -0.000000	 0.000000	 -90.000000	 0.659526	 -0.031128	 0.660260	 -2.702177	 0.000000	 0.014949	 0.014949	 90.000000	 0.659520	 -0.031123	 0.660254	 -2.701819	 261824.726726	
197.000000	 1.000000	 0.000000	 -0.000000	 0.000000	 -90.000000	 0.659724	 -0.030991	 0.660452	 -2.689521	 0.000000	 0.015539	 0.015539	 90.000000	 0.659724	 -0.030991	 0.660452	 -2.689521	 261826.218345	
196.000000	 1.000000	 0.000000	 -0.000000	 0.000000	 -90.000000	 0.659849	 -0.031129	 0.660583	 -2.701000	 0.000000	 0.014312	 0.014312	 90.000000	 0.659849	 -0.031129	 0.660583	 -2.701000	 261827.652196	
195.000000	 1.000000	 0.000000	 -0.000000	 0.000000	 -90.000000	 0.659899	 -0.031036	 0.660628	 -2.692708	 0.000000	 0.013750	 0.013750	 90.000000	 0.659899	 -0.031036	 0.660628	 -2.692708	 261829.086550	
194.000000	 1.000000	 0.000000	 -0.000000	 0.000000	 -90.000000	 0.660019	 -0.031068	 0.660750	 -2.694996	 0.000000	 0.010583	 0.010583	 90.000000	 0.660019	 -0.031068	 0.660750	 -2.694996	 261830.512475	
193.000000	 1.000000	 0.000000	 -0.000000	 0.000000	 -90.000000	 0.660123	 -0.031037	 0.660852	 -2.691897	 0.000000	 0.015402	 0.015402	 90.000000	 0.660123	 -0.031037	 0.660852	 -2.691897	 261831.941798	
192.000000	 1.000000	 0.000000	 -0.000000	 0.000000	 -90.000000	 0.660217	 -0.031052	 0.660947	 -2.692808	 0.000000	 0.011898	 0.011898	 90.000000	 0.660217	 -0.031052	 0.660947	 -2.692808	 261833.394101	
191.000000	 1.000000	 0.000000	 -0.000000	 0.000000	 -90.000000	 0.660325	 -0.031051	 0.661055	 -2.692257	 0.000000	 0.011035	 0.011035	 90.000000	 0.660325	 -0.031051	 0.661055	 -2.692257	 261834.821069	
190.000000	 1.000000	 0.000000	 -0.000000	 0.000000	 -90.000000	 0.660438	 -0.031021	 0.661166	 -2.689201	 0.000000	 0.009624	 0.009624	 90.000000	 0.660438	 -0.031021	 0.661166	 -2.689201	 261836.251781	
189.000000	 1.000000	 0.000000	 -0.000000	 0.000000	 -90.000000	 0.660553	 -0.031025	 0.661281	 -2.689076	 0.000000	 0.010976	 0.010976	 90.000000	 0.660553	 -0.031025	 0.661281	 -2.689076	 261837.688295	
188.000000	 1.000000	 0.000000	 -0.000000	 0.000000	 -90.000000	 0.660643	 -0.031005	 0.661370	 -2.687020	 0.000000	 0.003957	 0.003957	 90.000000	 0.660643	 -0.031005	 0.661370	 -2.687020	 261839.110414	
187.000000	 1.000000	 0.000000	 -0.000000	 0.000000	 -90.000000	 0.660776	 -0.031028	 0.661504	 -2.688417	 0.000000	 0.009148	 0.009148	 90.000000	 0.660776	 -0.031028	 0.661504	 -2.688417	 261840.560698	
186.000000	 1.000000	 0.000000	 -0.000000	 0.000000	 -90.000000	 0.660864	 -0.030995	 0.661590	 -2.685261	 0.000000	 0.008801	 0.008801	 90.000000	 0.660864	 -0.030995	 0.661590	 -2.685261	 261842.011052	
185.000000	 1.000000	 0.000000	 -0.000000	 0.000000	 -90.000000	 0.660964	 -0.030973	 0.661689	 -2.682920	 0.000000	 0.007088	 0.007088	 90.000000	 0.660964	 -0.030973	 0.661689	 -2.682920	 261843.473147	
184.000000	 1.000000	 0.000000	 -0.000000	 0.000000	 -90.000000	 0.661069	 -0.030990	 0.661795	 -2.683944	 0.000000	 0.007510	 0.007510	 90.000000	 0.661072	 -0.030990	 0.661798	 -2.683979	 261844.893970	
183.000000	 1.000000	 0.000000	 -0.000000	 0.000000	 -90.000000	 0.661153	 -0.030978	 0.661878	 -2.682584	 0.000000	 0.012067	 0.012067	 90.000000	 0.661153	 -0.030978	 0.661878	 -2.682584	 261846.332763	
182.000000	 1.000000	 0.000000	 -0.000000	 0.000000	 -90.000000	 0.661251	 -0.030954	 0.661975	 -2.680144	 0.000000	 0.010306	 0.010306	 90.000000	 0.661251	 -0.030954	 0.661975	 -2.680144	 261847.772666	
181.000000	 1.000000	 0.000000	 -0.000000	 0.000000	 -90.000000	 0.661404	 -0.030965	 0.662128	 -2.680463	 0.000000	 0.007171	 0.007171	 90.000000	 0.661404	 -0.030965	 0.662128	 -2.680463	 261849.217991	
180.000000	 1.000000	 0.000000	 -0.000000	 0.000000	 -90.000000	 0.661510	 -0.030905	 0.662231	 -2.674833	 0.000000	 0.006667	 0.006667	 90.000000	 0.661510	 -0.030905	 0.662231	 -2.674833	 261850.656398	
179.000000	 1.000000	 0.000000	 -0.000000	 0.000000	 -90.000000	 0.661540	 -0.030935	 0.662263	 -2.677358	 0.000000	 0.006391	 0.006391	 90.000000	 0.661540	 -0.030935	 0.662263	 -2.677358	 261852.083322	
178.000000	 1.000000	 0.000000	 -0.000000	 0.000000	 -90.000000	 0.661712	 -0.030876	 0.662432	 -2.671548	 0.000000	 0.005893	 0.005893	 90.000000	 0.661710	 -0.030877	 0.662430	 -2.671585	 261853.537647	
177.000000	 1.000000	 0.000000	 -0.000000	 0.000000	 -90.000000	 0.661828	 -0.030909	 0.662550	 -2.673900	 0.000000	 0.005200	 0.005200	 90.000000	 0.661828	 -0.030909	 0.662550	 -2.673900	 261854.953968	
176.000000	 1.000000	 0.000000	 -0.000000	 0.000000	 -90.000000	 0.661972	 -0.030857	 0.662690	 -2.668830	 0.000000	 0.002338	 0.002338	 90.000000	 0.661972	 -0.030857	 0.662690	 -2.668830	 261856.407941	
175.000000	 1.000000	 0.000000	 -0.000000	 0.000000	 -90.000000	 0.662074	 -0.030855	 0.662792	 -2.668262	 0.000000	 0.005253	 0.005253	 90.000000	 0.662074	 -0.030855	 0.662792	 -2.668262	 261857.856579	
174.000000	 1.000000	 0.000000	 -0.000000	 0.000000	 -90.000000	 0.662165	 -0.030838	 0.662882	 -2.666423	 0.000000	 0.005197	 0.005197	 90.000000	 0.662164	 -0.030839	 0.662882	 -2.666540	 261859.297209	
173.000000	 1.000000	 0.000000	 -0.000000	 0.000000	 -90.000000	 0.662250	 -0.030859	 0.662968	 -2.667862	 0.000000	 0.007518	 0.007518	 90.000000	 0.662250	 -0.030859	 0.662968	 -2.667862	 261860.748519	
172.000000	 1.000000	 0.000000	 -0.000000	 0.000000	 -90.000000	 0.662409	 -0.030824	 0.663126	 -2.664257	 0.000000	 0.005733	 0.005733	 90.000000	 0.662409	 -0.030824	 0.663126	 -2.664257	 261862.169263	
171.000000	 1.000000	 0.000000	 -0.000000	 0.000000	 -90.000000	 0.662530	 -0.030808	 0.663246	 -2.662395	 0.000000	 0.004914	 0.004914	 90.000000	 0.662530	 -0.030808	 0.663246	 -2.662395	 261863.603941	
170.000000	 1.000000	 0.000000	 -0.000000	 0.000000	 -90.000000	 0.662670	 -0.030811	 0.663386	 -2.662042	 0.000000	 0.005094	 0.005094	 90.000000	 0.662670	 -0.030811	 0.663386	 -2.662042	 261865.036919	
169.000000	 1.000000	 0.000000	 -0.000000	 0.000000	 -90.000000	 0.662740	 -0.030781	 0.663454	 -2.659182	 0.000000	 0.004794	 0.004794	 90.000000	 0.662740	 -0.030781	 0.663454	 -2.659182	 261866.526313	
168.000000	 1.000000	 0.000000	 -0.000000	 0.000000	 -90.000000	 0.662848	 -0.030764	 0.663562	 -2.657324	 0.000000	 0.004655	 0.004655	 90.000000	 0.662848	 -0.030764	 0.663562	 -2.657324	 261867.985756	
167.000000	 1.000000	 0.000000	 -0.000000	 0.000000	 -90.000000	 0.662926	 -0.030740	 0.663638	 -2.654873	 0.000000	 0.004557	 0.004557	 90.000000	 0.662924	 -0.030741	 0.663637	 -2.655027	 261869.411029	
166.000000	 1.000000	 0.000000	 -0.000000	 0.000000	 -90.000000	 0.663113	 -0.030755	 0.663825	 -2.655501	 0.000000	 0.004373	 0.004373	 90.000000	 0.663113	 -0.030755	 0.663825	 -2.655501	 261870.844342	
165.000000	 1.000000	 0.000000	 -0.000000	 0.000000	 -90.000000	 0.663245	 -0.030691	 0.663955	 -2.649398	 0.000000	 0.004289	 0.004289	 90.000000	 0.663245	 -0.030691	 0.663955	 -2.649398	 261872.308839	
164.000000	 1.000000	 0.000000	 -0.000000	 0.000000	 -90.000000	 0.663394	 -0.030674	 0.664102	 -2.647376	 0.000000	 0.003738	 0.003738	 90.000000	 0.663394	 -0.030674	 0.664102	 -2.647376	 261873.760484	
163.000000	 1.000000	 0.000000	 -0.000000	 0.000000	 -90.000000	 0.663523	 -0.030665	 0.664231	 -2.646098	 0.000000	 0.001784	 0.001784	 90.000000	 0.663523	 -0.030665	 0.664231	 -2.646098	 261875.195882	
162.000000	 1.000000	 0.000000	 -0.000000	 0.000000	 -90.000000	 0.663636	 -0.030642	 0.664343	 -2.643624	 0.000000	 0.010328	 0.010328	 90.000000	 0.663636	 -0.030642	 0.664343	 -2.643624	 261876.618353	
161.000000	 1.000000	 0.000000	 -0.000000	 0.000000	 -90.000000	 0.663722	 -0.030661	 0.664429	 -2.644936	 0.000000	 0.004878	 0.004878	 90.000000	 0.663722	 -0.030661	 0.664429	 -2.644936	 261878.050491	
160.000000	 1.000000	 0.000000	 -0.000000	 0.000000	 -90.000000	 0.663854	 -0.030662	 0.664562	 -2.644526	 0.000000	 0.004047	 0.004047	 90.000000	 0.663854	 -0.030662	 0.664562	 -2.644526	 261879.511702	
159.000000	 1.000000	 0.000000	 -0.000000	 0.000000	 -90.000000	 0.664029	 -0.030537	 0.664731	 -2.633005	 0.000000	 0.003921	 0.003921	 90.000000	 0.664015	 -0.030515	 0.664715	 -2.631187	 261880.943487	
158.000000	 1.000000	 0.000000	 -0.000000	 0.000000	 -90.000000	 0.664227	 -0.030622	 0.664932	 -2.639577	 0.000000	 0.003661	 0.003661	 90.000000	 0.664247	 -0.030593	 0.664951	 -2.637012	 261882.354474	
157.000000	 1.000000	 0.000000	 -0.000000	 0.000000	 -90.000000	 0.664451	 -0.030508	 0.665151	 -2.628845	 0.000000	 0.002975	 0.002975	 90.000000	 0.664451	 -0.030508	 0.665151	 -2.628845	 261883.799936	
156.000000	 1.000000	 0.000000	 -0.000000	 0.000000	 -90.000000	 0.664072	 -0.030401	 0.664768	 -2.621110	 0.000000	 -0.003944	 0.003944	 -90.000000	 0.664072	 -0.030401	 0.664768	 -2.621110	 261885.234844	
155.000000	 1.000000	 0.000000	 -0.000000	 0.000000	 -90.000000	 0.664528	 -0.030062	 0.665207	 -2.590198	 0.000000	 0.000740	 0.000740	 90.000000	 0.664528	 -0.030062	 0.665207	 -2.590198	 261886.676230	
154.000000	 1.000000	 0.000000	 -0.000000	 0.000000	 -90.000000	 0.663884	 -0.030383	 0.664579	 -2.620330	 0.000000	 0.003124	 0.003124	 90.000000	 0.663850	 -0.030456	 0.664549	 -2.626731	 261888.121380	
153.000000	 1.000000	 0.000000	 -0.000000	 0.000000	 -90.000000	 0.664717	 -0.029603	 0.665376	 -2.549930	 0.000000	 0.004656	 0.004656	 90.000000	 0.664644	 -0.029582	 0.665302	 -2.548473	 261889.539522	
152.000000	 1.000000	 0.000000	 -0.000000	 0.000000	 -90.000000	 0.663810	 -0.029790	 0.664478	 -2.569549	 0.000000	 0.000058	 0.000058	 90.000000	 0.663767	 -0.029832	 0.664437	 -2.573315	 261890.988945	
151.000000	 1.000000	 0.000000	 -0.000000	 0.000000	 -90.000000	 0.665970	 -0.030779	 0.666681	 -2.646155	 0.000000	 0.010124	 0.010124	 90.000000	 0.665970	 -0.030779	 0.666681	 -2.646155	 261892.424861	
150.000000	 1.000000	 0.000000	 -0.000000	 0.000000	 -90.000000	 0.666048	 -0.030664	 0.666753	 -2.636000	 0.000000	 0.005149	 0.005149	 90.000000	 0.666048	 -0.030664	 0.666753	 -2.636000	 261893.915175	
149.000000	 1.000000	 0.000000	 -0.000000	 0.000000	 -90.000000	 0.663836	 -0.030179	 0.664522	 -2.602920	 0.000000	 0.003548	 0.003548	 90.000000	 0.663836	 -0.030179	 0.664522	 -2.602920	 261895.370918	
148.000000	 1.000000	 0.000000	 -0.000000	 0.000000	 -90.000000	 0.664323	 -0.029875	 0.664995	 -2.574893	 0.000000	 0.003320	 0.003320	 90.000000	 0.664323	 -0.029875	 0.664995	 -2.574893	 261896.837867	
147.000000	 1.000000	 0.000000	 -0.000000	 0.000000	 -90.000000	 0.665723	 -0.031169	 0.666452	 -2.680591	 0.000000	 0.003172	 0.003172	 90.000000	 0.665723	 -0.031169	 0.666452	 -2.680591	 261898.289612	
146.000000	 1.000000	 0.000000	 -0.000000	 0.000000	 -90.000000	 0.665170	 -0.030782	 0.665882	 -2.649577	 0.000000	 0.003064	 0.003064	 90.000000	 0.665170	 -0.030782	 0.665882	 -2.649577	 261899.716232	
145.000000	 1.000000	 0.000000	 -0.000000	 0.000000	 -90.000000	 0.666095	 -0.030613	 0.666798	 -2.631419	 0.000000	 0.002173	 0.002173	 90.000000	 0.666082	 -0.030646	 0.666786	 -2.634246	 261901.164414	
144.000000	 1.000000	 0.000000	 -0.000000	 0.000000	 -90.000000	 0.665641	 -0.030179	 0.666325	 -2.595941	 0.000000	 -0.000048	 0.000048	 -90.000000	 0.665641	 -0.030179	 0.666325	 -2.595941	 261902.584767	
143.000000	 1.000000	 0.000000	 -0.000000	 0.000000	 -90.000000	 0.665837	 -0.030278	 0.666525	 -2.603670	 0.000000	 0.000061	 0.000061	 90.000000	 0.665837	 -0.030278	 0.666525	 -2.603670	 261904.027094	
142.000000	 1.000000	 0.000000	 -0.000000	 0.000000	 -90.000000	 0.666309	 -0.030204	 0.666994	 -2.595492	 0.000000	 -0.000272	 0.000272	 -90.000000	 0.666309	 -0.030204	 0.666994	 -2.595492	 261905.444348	
141.000000	 1.000000	 0.000000	 -0.000000	 0.000000	 -90.000000	 0.666436	 -0.030223	 0.667121	 -2.596608	 0.000000	 0.003073	 0.003073	 90.000000	 0.666436	 -0.030223	 0.667121	 -2.596608	 261906.881618	
140.000000	 1.000000	 0.000000	 -0.000000	 0.000000	 -90.000000	 0.666581	 -0.030257	 0.667268	 -2.598943	 0.000000	 -0.001227	 0.001227	 -90.000000	 0.666581	 -0.030257	 0.667268	 -2.598943	 261908.318497	
139.000000	 1.000000	 0.000000	 -0.000000	 0.000000	 -90.000000	 0.666772	 -0.030221	 0.667457	 -2.595142	 0.000000	 0.007038	 0.007038	 90.000000	 0.666772	 -0.030221	 0.667457	 -2.595142	 261909.779249	
138.000000	 1.000000	 0.000000	 -0.000000	 0.000000	 -90.000000	 0.666966	 -0.030215	 0.667650	 -2.593866	 0.000000	 0.003017	 0.003017	 90.000000	 0.666968	 -0.030221	 0.667653	 -2.594369	 261911.207753	
137.000000	 1.000000	 0.000000	 -0.000000	 0.000000	 -90.000000	 0.667113	 -0.030165	 0.667795	 -2.589023	 0.000000	 0.003667	 0.003667	 90.000000	 0.667113	 -0.030165	 0.667795	 -2.589023	 261912.647305	
136.000000	 1.000000	 0.000000	 -0.000000	 0.000000	 -90.000000	 0.667288	 -0.030151	 0.667969	 -2.587125	 0.000000	 0.002930	 0.002930	 90.000000	 0.667288	 -0.030151	 0.667969	 -2.587125	 261914.087708	
135.000000	 1.000000	 0.000000	 -0.000000	 0.000000	 -90.000000	 0.667434	 -0.030119	 0.668113	 -2.583834	 0.000000	 0.002882	 0.002882	 90.000000	 0.667434	 -0.030119	 0.668113	 -2.583834	 261915.536358	
134.000000	 1.000000	 0.000000	 -0.000000	 0.000000	 -90.000000	 0.667677	 -0.030138	 0.668357	 -2.584484	 0.000000	 0.002793	 0.002793	 90.000000	 0.667678	 -0.030140	 0.668358	 -2.584678	 261916.977288	
133.000000	 1.000000	 0.000000	 -0.000000	 0.000000	 -90.000000	 0.667807	 -0.030045	 0.668483	 -2.576019	 0.000000	 0.002477	 0.002477	 90.000000	 0.667807	 -0.030045	 0.668483	 -2.576019	 261918.439768	
132.000000	 1.000000	 0.000000	 -0.000000	 0.000000	 -90.000000	 0.667938	 -0.030054	 0.668614	 -2.576255	 0.000000	 0.001188	 0.001188	 90.000000	 0.667938	 -0.030054	 0.668614	 -2.576255	 261919.874493	
131.000000	 1.000000	 0.000000	 -0.000000	 0.000000	 -90.000000	 0.668137	 -0.030024	 0.668811	 -2.572935	 0.000000	 0.003019	 0.003019	 90.000000	 0.668137	 -0.030024	 0.668811	 -2.572935	 261921.310809	
130.000000	 1.000000	 0.000000	 -0.000000	 0.000000	 -90.000000	 0.668313	 -0.030032	 0.668987	 -2.573007	 0.000000	 0.002562	 0.002562	 90.000000	 0.668313	 -0.030032	 0.668987	 -2.573007	 261922.785202	
129.000000	 1.000000	 0.000000	 -0.000000	 0.000000	 -90.000000	 0.668458	 -0.030009	 0.669131	 -2.570440	 0.000000	 0.001364	 0.001364	 90.000000	 0.668459	 -0.030010	 0.669133	 -2.570498	 261924.212104	
128.000000	 1.000000	 0.000000	 -0.000000	 0.000000	 -90.000000	 0.668624	 -0.029955	 0.669295	 -2.565186	 0.000000	 0.004393	 0.004393	 90.000000	 0.668624	 -0.029955	 0.669295	 -2.565186	 261925.676410	
127.000000	 1.000000	 0.000000	 -0.000000	 0.000000	 -90.000000	 0.668721	 -0.029913	 0.669390	 -2.561238	 0.000000	 0.004453	 0.004453	 90.000000	 0.668719	 -0.029912	 0.669388	 -2.561185	 261927.117191	
126.000000	 1.000000	 0.000000	 -0.000000	 0.000000	 -90.000000	 0.669000	 -0.029901	 0.669668	 -2.559141	 0.000000	 0.003677	 0.003677	 90.000000	 0.669000	 -0.029901	 0.669668	 -2.559141	 261928.558383	
125.000000	 1.000000	 0.000000	 -0.000000	 0.000000	 -90.000000	 0.669157	 -0.029895	 0.669825	 -2.557982	 0.000000	 0.003603	 0.003603	 90.000000	 0.669157	 -0.029895	 0.669825	 -2.557982	 261929.997287	
124.000000	 1.000000	 0.000000	 -0.000000	 0.000000	 -90.000000	 0.669337	 -0.029883	 0.670004	 -2.556321	 0.000000	 0.003894	 0.003894	 90.000000	 0.669337	 -0.029883	 0.670004	 -2.556321	 261931.456272	
123.000000	 1.000000	 0.000000	 -0.000000	 0.000000	 -90.000000	 0.669504	 -0.029762	 0.670166	 -2.545333	 0.000000	 0.003065	 0.003065	 90.000000	 0.669504	 -0.029762	 0.670166	 -2.545333	 261932.911398	
122.000000	 1.000000	 0.000000	 -0.000000	 0.000000	 -90.000000	 0.669589	 -0.029786	 0.670251	 -2.547041	 0.000000	 0.002599	 0.002599	 90.000000	 0.669589	 -0.029786	 0.670251	 -2.547041	 261934.328823	
121.000000	 1.000000	 0.000000	 -0.000000	 0.000000	 -90.000000	 0.669791	 -0.029766	 0.670452	 -2.544552	 0.000000	 0.002596	 0.002596	 90.000000	 0.669791	 -0.029766	 0.670452	 -2.544552	 261935.773697	
120.000000	 1.000000	 0.000000	 -0.000000	 0.000000	 -90.000000	 0.669962	 -0.029774	 0.670624	 -2.544667	 0.000000	 0.002555	 0.002555	 90.000000	 0.669962	 -0.029774	 0.670624	 -2.544667	 261937.218542	
119.000000	 1.000000	 0.000000	 -0.000000	 0.000000	 -90.000000	 0.670193	 -0.029668	 0.670850	 -2.534690	 0.000000	 0.001095	 0.001095	 90.000000	 0.670193	 -0.029668	 0.670850	 -2.534690	 261938.658035	
118.000000	 1.000000	 0.000000	 -0.000000	 0.000000	 -90.000000	 0.670370	 -0.029687	 0.671027	 -2.535644	 0.000000	 -0.001892	 0.001892	 -90.000000	 0.670370	 -0.029687	 0.671027	 -2.535644	 261940.111983	
117.000000	 1.000000	 0.000000	 -0.000000	 0.000000	 -90.000000	 0.670598	 -0.029626	 0.671252	 -2.529577	 0.000000	 -0.000626	 0.000626	 -90.000000	 0.670598	 -0.029626	 0.671252	 -2.529577	 261941.588114	
116.000000	 1.000000	 0.000000	 -0.000000	 0.000000	 -90.000000	 0.670773	 -0.029568	 0.671424	 -2.524013	 0.000000	 0.004333	 0.004333	 90.000000	 0.670777	 -0.029569	 0.671428	 -2.524105	 261943.020535	
115.000000	 1.000000	 0.000000	 -0.000000	 0.000000	 -90.000000	 0.670924	 -0.029508	 0.671572	 -2.518331	 0.000000	 0.003482	 0.003482	 90.000000	 0.670924	 -0.029508	 0.671572	 -2.518331	 261944.497311	
114.000000	 1.000000	 0.000000	 -0.000000	 0.000000	 -90.000000	 0.671070	 -0.029505	 0.671719	 -2.517491	 0.000000	 0.001538	 0.001538	 90.000000	 0.671070	 -0.029505	 0.671719	 -2.517491	 261945.935261	
113.000000	 1.000000	 0.000000	 -0.000000	 0.000000	 -90.000000	 0.671294	 -0.029483	 0.671941	 -2.514822	 0.000000	 0.001154	 0.001154	 90.000000	 0.671292	 -0.029482	 0.671939	 -2.514700	 261947.355076	
112.000000	 1.000000	 0.000000	 -0.000000	 0.000000	 -90.000000	 0.671452	 -0.029440	 0.672097	 -2.510533	 0.000000	 0.002810	 0.002810	 90.000000	 0.671451	 -0.029441	 0.672096	 -2.510645	 261948.782654	
111.000000	 1.000000	 0.000000	 -0.000000	 0.000000	 -90.000000	 0.671653	 -0.029428	 0.672298	 -2.508731	 0.000000	 0.003656	 0.003656	 90.000000	 0.671653	 -0.029428	 0.672298	 -2.508731	 261950.196987	
110.000000	 1.000000	 0.000000	 -0.000000	 0.000000	 -90.000000	 0.671906	 -0.029394	 0.672549	 -2.504968	 0.000000	 0.003973	 0.003973	 90.000000	 0.671906	 -0.029394	 0.672549	 -2.504968	 261951.635591	
109.000000	 1.000000	 0.000000	 -0.000000	 0.000000	 -90.000000	 0.672089	 -0.029368	 0.672731	 -2.502074	 0.000000	 0.002693	 0.002693	 90.000000	 0.672089	 -0.029368	 0.672731	 -2.502074	 261953.075813	
108.000000	 1.000000	 0.000000	 -0.000000	 0.000000	 -90.000000	 0.672307	 -0.029314	 0.672946	 -2.496593	 0.000000	 0.001234	 0.001234	 90.000000	 0.672307	 -0.029314	 0.672946	 -2.496593	 261954.504612	
107.000000	 1.000000	 0.000000	 -0.000000	 0.000000	 -90.000000	 0.672464	 -0.029222	 0.673098	 -2.488216	 0.000000	 0.001880	 0.001880	 90.000000	 0.672456	 -0.029225	 0.673091	 -2.488539	 261955.925751	
106.000000	 1.000000	 0.000000	 -0.000000	 0.000000	 -90.000000	 0.672710	 -0.029283	 0.673347	 -2.492515	 0.000000	 -0.000668	 0.000668	 -90.000000	 0.672728	 -0.029293	 0.673366	 -2.493258	 261957.376055	
105.000000	 1.000000	 0.000000	 -0.000000	 0.000000	 -90.000000	 0.672837	 -0.029116	 0.673467	 -2.477860	 0.000000	 0.006218	 0.006218	 90.000000	 0.672837	 -0.029116	 0.673467	 -2.477860	 261958.822527	
104.000000	 1.000000	 0.000000	 -0.000000	 0.000000	 -90.000000	 0.673022	 -0.029057	 0.673649	 -2.472188	 0.000000	 -0.000205	 0.000205	 -90.000000	 0.673022	 -0.029057	 0.673649	 -2.472188	 261960.297367	
103.000000	 1.000000	 0.000000	 -0.000000	 0.000000	 -90.000000	 0.673409	 -0.029208	 0.674042	 -2.483551	 0.000000	 0.000468	 0.000468	 90.000000	 0.673409	 -0.029208	 0.674042	 -2.483551	 261961.743422	
102.000000	 1.000000	 0.000000	 -0.000000	 0.000000	 -90.000000	 0.673659	 -0.029133	 0.674288	 -2.476226	 0.000000	 0.005250	 0.005250	 90.000000	 0.673664	 -0.029123	 0.674293	 -2.475415	 261963.175688	
101.000000	 1.000000	 0.000000	 -0.000000	 0.000000	 -90.000000	 0.673558	 -0.028893	 0.674177	 -2.456284	 0.000000	 0.000751	 0.000751	 90.000000	 0.673558	 -0.028893	 0.674177	 -2.456284	 261964.606744	
100.000000	 1.000000	 0.000000	 -0.000000	 0.000000	 -90.000000	 0.673860	 -0.028744	 0.674473	 -2.442505	 0.000000	 0.003420	 0.003420	 90.000000	 0.673860	 -0.028744	 0.674473	 -2.442505	 261966.050510	
99.000000	 1.000000	 0.000000	 -0.000000	 0.000000	 -90.000000	 0.674045	 -0.029050	 0.674671	 -2.467768	 0.000000	 -0.001122	 0.001122	 -90.000000	 0.674045	 -0.029050	 0.674671	 -2.467768	 261967.515309	
98.000000	 1.000000	 0.000000	 -0.000000	 0.000000	 -90.000000	 0.674249	 -0.028771	 0.674863	 -2.443361	 0.000000	 0.002381	 0.002381	 90.000000	 0.674258	 -0.028758	 0.674872	 -2.442294	 261968.954004	
97.000000	 1.000000	 0.000000	 -0.000000	 0.000000	 -90.000000	 0.674491	 -0.028887	 0.675109	 -2.452371	 0.000000	 -0.003226	 0.003226	 -90.000000	 0.674491	 -0.028887	 0.675109	 -2.452371	 261970.395310	
96.000000	 1.000000	 0.000000	 -0.000000	 0.000000	 -90.000000	 0.674799	 -0.028650	 0.675407	 -2.431154	 0.000000	 0.000875	 0.000875	 90.000000	 0.674799	 -0.028650	 0.675407	 -2.431154	 261971.852693	
95.000000	 1.000000	 0.000000	 -0.000000	 0.000000	 -90.000000	 0.675018	 -0.028670	 0.675626	 -2.432021	 0.000000	 0.001062	 0.001062	 90.000000	 0.675020	 -0.028658	 0.675628	 -2.431076	 261973.290942	
94.000000	 1.000000	 0.000000	 -0.000000	 0.000000	 -90.000000	 0.675400	 -0.028648	 0.676008	 -2.428812	 0.000000	 -0.003820	 0.003820	 -90.000000	 0.675400	 -0.028648	 0.676008	 -2.428812	 261974.722183	
93.000000	 1.000000	 0.000000	 -0.000000	 0.000000	 -90.000000	 0.675628	 -0.028630	 0.676234	 -2.426483	 0.000000	 0.004233	 0.004233	 90.000000	 0.675633	 -0.028635	 0.676240	 -2.426872	 261976.162310	
92.000000	 1.000000	 0.000000	 -0.000000	 0.000000	 -90.000000	 0.675822	 -0.028528	 0.676424	 -2.417181	 0.000000	 0.001173	 0.001173	 90.000000	 0.675822	 -0.028528	 0.676424	 -2.417181	 261977.608267	
91.000000	 1.000000	 0.000000	 -0.000000	 0.000000	 -90.000000	 0.676049	 -0.028483	 0.676649	 -2.412515	 0.000000	 0.008159	 0.008159	 90.000000	 0.676049	 -0.028483	 0.676649	 -2.412515	 261979.085410	
90.000000	 1.000000	 0.000000	 -0.000000	 0.000000	 -90.000000	 0.676248	 -0.028432	 0.676846	 -2.407470	 0.000000	 -0.000715	 0.000715	 -90.000000	 0.676248	 -0.028432	 0.676846	 -2.407470	 261980.543153	
89.000000	 1.000000	 0.000000	 -0.000000	 0.000000	 -90.000000	 0.676555	 -0.028343	 0.677148	 -2.398864	 0.000000	 0.006594	 0.006594	 90.000000	 0.676555	 -0.028343	 0.677148	 -2.398864	 261982.030572	
88.000000	 1.000000	 0.000000	 -0.000000	 0.000000	 -90.000000	 0.676741	 -0.028367	 0.677335	 -2.400227	 0.000000	 0.003353	 0.003353	 90.000000	 0.676741	 -0.028367	 0.677335	 -2.400227	 261983.488449	
87.000000	 1.000000	 0.000000	 -0.000000	 0.000000	 -90.000000	 0.677112	 -0.028245	 0.677700	 -2.388622	 0.000000	 0.002415	 0.002415	 90.000000	 0.677112	 -0.028245	 0.677700	 -2.388622	 261984.930555	
86.000000	 1.000000	 0.000000	 -0.000000	 0.000000	 -90.000000	 0.677322	 -0.028181	 0.677908	 -2.382464	 0.000000	 0.002310	 0.002310	 90.000000	 0.677322	 -0.028181	 0.677908	 -2.382464	 261986.368280	
85.000000	 1.000000	 0.000000	 -0.000000	 0.000000	 -90.000000	 0.677507	 -0.028093	 0.678089	 -2.374413	 0.000000	 0.002224	 0.002224	 90.000000	 0.677510	 -0.028087	 0.678092	 -2.373898	 261987.782075	
84.000000	 1.000000	 0.000000	 -0.000000	 0.000000	 -90.000000	 0.677783	 -0.028078	 0.678364	 -2.372196	 0.000000	 0.001946	 0.001946	 90.000000	 0.677783	 -0.028078	 0.678364	 -2.372196	 261989.204923	
83.000000	 1.000000	 0.000000	 -0.000000	 0.000000	 -90.000000	 0.677895	 -0.027902	 0.678469	 -2.356967	 0.000000	 -0.000030	 0.000030	 -90.000000	 0.677895	 -0.027902	 0.678469	 -2.356967	 261990.666348	
82.000000	 1.000000	 0.000000	 -0.000000	 0.000000	 -90.000000	 0.678210	 -0.027928	 0.678785	 -2.358031	 0.000000	 0.001362	 0.001362	 90.000000	 0.678199	 -0.027932	 0.678774	 -2.358399	 261992.086969	
81.000000	 1.000000	 0.000000	 -0.000000	 0.000000	 -90.000000	 0.678384	 -0.027905	 0.678958	 -2.355524	 0.000000	 0.004371	 0.004371	 90.000000	 0.678384	 -0.027905	 0.678958	 -2.355524	 261993.534879	
80.000000	 1.000000	 0.000000	 -0.000000	 0.000000	 -90.000000	 0.678643	 -0.027791	 0.679212	 -2.345009	 0.000000	 0.002600	 0.002600	 90.000000	 0.678643	 -0.027791	 0.679212	 -2.345009	 261994.983882	
79.000000	 1.000000	 0.000000	 -0.000000	 0.000000	 -90.000000	 0.679163	 -0.027767	 0.679730	 -2.341155	 0.000000	 0.002465	 0.002465	 90.000000	 0.679163	 -0.027767	 0.679730	 -2.341155	 261996.400136	
78.000000	 1.000000	 0.000000	 -0.000000	 0.000000	 -90.000000	 0.679445	 -0.027709	 0.680010	 -2.335352	 0.000000	 0.001982	 0.001982	 90.000000	 0.679445	 -0.027709	 0.680010	 -2.335352	 261997.825201	
77.000000	 1.000000	 0.000000	 -0.000000	 0.000000	 -90.000000	 0.679504	 -0.027486	 0.680060	 -2.316331	 0.000000	 0.001984	 0.001984	 90.000000	 0.679504	 -0.027486	 0.680060	 -2.316331	 261999.271345	
76.000000	 1.000000	 0.000000	 -0.000000	 0.000000	 -90.000000	 0.679767	 -0.027310	 0.680316	 -2.300647	 0.000000	 0.002013	 0.002013	 90.000000	 0.679767	 -0.027310	 0.680316	 -2.300647	 262000.724667	
75.000000	 1.000000	 0.000000	 -0.000000	 0.000000	 -90.000000	 0.680249	 -0.027346	 0.680799	 -2.302069	 0.000000	 0.004721	 0.004721	 90.000000	 0.680249	 -0.027346	 0.680799	 -2.302069	 262002.170410	
74.000000	 1.000000	 0.000000	 -0.000000	 0.000000	 -90.000000	 0.680491	 -0.027257	 0.681037	 -2.293763	 0.000000	 0.002891	 0.002891	 90.000000	 0.680491	 -0.027257	 0.681037	 -2.293763	 262003.625126	
73.000000	 1.000000	 0.000000	 -0.000000	 0.000000	 -90.000000	 0.680709	 -0.027002	 0.681245	 -2.271572	 0.000000	 0.002503	 0.002503	 90.000000	 0.680709	 -0.027002	 0.681245	 -2.271572	 262005.086662	
72.000000	 1.000000	 0.000000	 -0.000000	 0.000000	 -90.000000	 0.681216	 -0.026947	 0.681749	 -2.265298	 0.000000	 0.002196	 0.002196	 90.000000	 0.681216	 -0.026947	 0.681749	 -2.265298	 262006.631128	
71.000000	 1.000000	 0.000000	 -0.000000	 0.000000	 -90.000000	 0.681609	 -0.026965	 0.682142	 -2.265521	 0.000000	 0.002175	 0.002175	 90.000000	 0.681609	 -0.026965	 0.682142	 -2.265521	 262008.115152	
70.000000	 1.000000	 0.000000	 -0.000000	 0.000000	 -90.000000	 0.681658	 -0.026897	 0.682188	 -2.259605	 0.000000	 0.001800	 0.001800	 90.000000	 0.681653	 -0.026882	 0.682183	 -2.258365	 262009.575128	
69.000000	 1.000000	 0.000000	 -0.000000	 0.000000	 -90.000000	 0.682047	 -0.026693	 0.682570	 -2.241248	 0.000000	 0.001328	 0.001328	 90.000000	 0.682052	 -0.026731	 0.682575	 -2.244388	 262010.989759	
68.000000	 1.000000	 0.000000	 -0.000000	 0.000000	 -90.000000	 0.682417	 -0.026640	 0.682937	 -2.235528	 0.000000	 -0.001239	 0.001239	 -90.000000	 0.682417	 -0.026640	 0.682937	 -2.235528	 262012.461384	
67.000000	 1.000000	 0.000000	 -0.000000	 0.000000	 -90.000000	 0.682644	 -0.026688	 0.683165	 -2.238860	 0.000000	 0.006380	 0.006380	 90.000000	 0.682644	 -0.026688	 0.683165	 -2.238860	 262013.917889	
66.000000	 1.000000	 0.000000	 -0.000000	 0.000000	 -90.000000	 0.683106	 -0.026349	 0.683614	 -2.208949	 0.000000	 0.003114	 0.003114	 90.000000	 0.683106	 -0.026349	 0.683614	 -2.208949	 262015.322892	
65.000000	 1.000000	 0.000000	 -0.000000	 0.000000	 -90.000000	 0.683256	 -0.026232	 0.683759	 -2.198667	 0.000000	 0.002348	 0.002348	 90.000000	 0.683256	 -0.026232	 0.683759	 -2.198667	 262016.763784	
64.000000	 1.000000	 0.000000	 -0.000000	 0.000000	 -90.000000	 0.683863	 -0.026286	 0.684368	 -2.201187	 0.000000	 0.002204	 0.002204	 90.000000	 0.683863	 -0.026286	 0.684368	 -2.201187	 262018.215995	
63.000000	 1.000000	 0.000000	 -0.000000	 0.000000	 -90.000000	 0.684997	 -0.025962	 0.685489	 -2.170563	 0.000000	 0.002158	 0.002158	 90.000000	 0.684997	 -0.025962	 0.685489	 -2.170563	 262019.673928	
62.000000	 1.000000	 0.000000	 -0.000000	 0.000000	 -90.000000	 0.683927	 -0.025629	 0.684407	 -2.146055	 0.000000	 0.002129	 0.002129	 90.000000	 0.683927	 -0.025629	 0.684407	 -2.146055	 262021.101673	
61.000000	 1.000000	 0.000000	 -0.000000	 0.000000	 -90.000000	 0.685091	 -0.024698	 0.685536	 -2.064698	 0.000000	 0.002130	 0.002130	 90.000000	 0.684395	 -0.023904	 0.684812	 -2.000401	 262022.568834	
60.000000	 1.000000	 0.000000	 -0.000000	 0.000000	 -90.000000	 0.685589	 -0.028005	 0.686161	 -2.339132	 0.000000	 0.001842	 0.001842	 90.000000	 0.685589	 -0.028005	 0.686161	 -2.339132	 262023.995887	
59.000000	 1.000000	 0.000000	 -0.000000	 0.000000	 -90.000000	 0.686339	 -0.029904	 0.686990	 -2.494837	 0.000000	 0.000242	 0.000242	 90.000000	 0.686339	 -0.029904	 0.686990	 -2.494837	 262025.428152	
58.000000	 1.000000	 0.000000	 -0.000000	 0.000000	 -90.000000	 0.679545	 -0.032307	 0.680313	 -2.721896	 0.000000	 -0.003177	 0.003177	 -90.000000	 0.679545	 -0.032307	 0.680313	 -2.721896	 262026.946477	
57.000000	 1.000000	 0.000000	 -0.000000	 0.000000	 -90.000000	 0.683960	 -0.014236	 0.684108	 -1.192352	 0.000000	 0.007535	 0.007535	 90.000000	 0.681292	 -0.013746	 0.681431	 -1.155863	 262028.377834	
56.000000	 1.000000	 0.000000	 -0.000000	 0.000000	 -90.000000	 0.669986	 -0.021138	 0.670320	 -1.807056	 0.000000	 0.002700	 0.002700	 90.000000	 0.668970	 -0.022506	 0.669348	 -1.926850	 262029.822813	
55.000000	 1.000000	 0.000000	 -0.000000	 0.000000	 -90.000000	 0.713152	 -0.013390	 0.713278	 -1.075636	 0.000000	 0.002184	 0.002184	 90.000000	 0.713152	 -0.013390	 0.713278	 -1.075636	 262031.268048	
54.000000	 1.000000	 0.000000	 -0.000000	 0.000000	 -90.000000	 0.713285	 -0.043587	 0.714615	 -3.496851	 0.000000	 0.002025	 0.002025	 90.000000	 0.716842	 -0.041341	 0.718033	 -3.300676	 262032.781396	
53.000000	 1.000000	 0.000000	 -0.000000	 0.000000	 -90.000000	 0.650962	 0.010622	 0.651049	 0.934793	 0.000000	 0.001645	 0.001645	 90.000000	 0.650962	 0.010622	 0.651049	 0.934793	 262034.208247	
52.000000	 1.000000	 0.000000	 -0.000000	 0.000000	 -90.000000	 0.638447	 0.013551	 0.638591	 1.215895	 0.000000	 0.001447	 0.001447	 90.000000	 0.638447	 0.013551	 0.638591	 1.215894	 262035.618426	
51.000000	 1.000000	 0.000000	 -0.000000	 0.000000	 -90.000000	 0.689543	 -0.096342	 0.696241	 -7.953794	 0.000000	 0.003841	 0.003841	 90.000000	 0.689543	 -0.096342	 0.696241	 -7.953794	 262037.066527	
50.000000	 1.000000	 0.000000	 -0.000000	 0.000000	 -90.000000	 0.623826	 -0.060487	 0.626752	 -5.538131	 0.000000	 0.003525	 0.003525	 90.000000	 0.623826	 -0.060487	 0.626752	 -5.538131	 262038.479360	
49.000000	 1.000000	 0.000000	 -0.000000	 0.000000	 -90.000000	 0.726930	 -0.084670	 0.731845	 -6.643681	 0.000000	 0.002530	 0.002530	 90.000000	 0.725156	 -0.085909	 0.730227	 -6.756294	 262039.918914	
48.000000	 1.000000	 0.000000	 -0.000000	 0.000000	 -90.000000	 0.627637	 -0.022711	 0.628048	 -2.072341	 0.000000	 0.002246	 0.002246	 90.000000	 0.627637	 -0.022711	 0.628048	 -2.072341	 262041.330282	
47.000000	 1.000000	 0.000000	 -0.000000	 0.000000	 -90.000000	 0.657536	 -0.062651	 0.660514	 -5.442779	 0.000000	 0.002182	 0.002182	 90.000000	 0.657536	 -0.062651	 0.660514	 -5.442779	 262042.770947	
46.000000	 1.000000	 0.000000	 -0.000000	 0.000000	 -90.000000	 0.684722	 0.015938	 0.684907	 1.333400	 0.000000	 0.002092	 0.002092	 90.000000	 0.684722	 0.015938	 0.684907	 1.333400	 262044.220894	
45.000000	 1.000000	 0.000000	 -0.000000	 0.000000	 -90.000000	 0.677736	 0.000611	 0.677736	 0.051677	 0.000000	 0.002072	 0.002072	 90.000000	 0.680682	 0.003729	 0.680693	 0.313887	 262045.677119	
44.000000	 1.000000	 0.000000	 -0.000000	 0.000000	 -90.000000	 0.704326	 -0.034842	 0.705187	 -2.831998	 0.000000	 0.002103	 0.002103	 90.000000	 0.702910	 -0.037754	 0.703923	 -3.074441	 262047.117416	
43.000000	 1.000000	 0.000000	 -0.000000	 0.000000	 -90.000000	 0.695362	 -0.033256	 0.696157	 -2.738103	 0.000000	 0.001861	 0.001861	 90.000000	 0.695362	 -0.033256	 0.696157	 -2.738103	 262048.567257	
42.000000	 1.000000	 0.000000	 -0.000000	 0.000000	 -90.000000	 0.697169	 -0.015674	 0.697345	 -1.287935	 0.000000	 0.001009	 0.001009	 90.000000	 0.697169	 -0.015674	 0.697345	 -1.287935	 262049.993324	
41.000000	 1.000000	 0.000000	 -0.000000	 0.000000	 -90.000000	 0.698594	 -0.018104	 0.698828	 -1.484458	 0.000000	 0.003773	 0.003773	 90.000000	 0.698594	 -0.018104	 0.698828	 -1.484458	 262051.455230	
40.000000	 1.000000	 0.000000	 -0.000000	 0.000000	 -90.000000	 0.693722	 -0.018253	 0.693962	 -1.507239	 0.000000	 0.005060	 0.005060	 90.000000	 0.693722	 -0.018253	 0.693962	 -1.507239	 262052.887529	
39.000000	 1.000000	 0.000000	 -0.000000	 0.000000	 -90.000000	 0.694751	 -0.019757	 0.695032	 -1.628872	 0.000000	 0.002359	 0.002359	 90.000000	 0.694751	 -0.019757	 0.695032	 -1.628872	 262054.353724	
38.000000	 1.000000	 0.000000	 -0.000000	 0.000000	 -90.000000	 0.695247	 -0.019733	 0.695527	 -1.625787	 0.000000	 0.002131	 0.002131	 90.000000	 0.695247	 -0.019733	 0.695527	 -1.625787	 262055.791556	
37.000000	 1.000000	 0.000000	 -0.000000	 0.000000	 -90.000000	 0.696611	 -0.019676	 0.696889	 -1.617868	 0.000000	 0.002070	 0.002070	 90.000000	 0.696611	 -0.019676	 0.696889	 -1.617868	 262057.209991	
36.000000	 1.000000	 0.000000	 -0.000000	 0.000000	 -90.000000	 0.697166	 -0.019158	 0.697429	 -1.574092	 0.000000	 0.001961	 0.001961	 90.000000	 0.697359	 -0.019536	 0.697633	 -1.604661	 262058.646797	
35.000000	 1.000000	 0.000000	 -0.000000	 0.000000	 -90.000000	 0.697787	 -0.018554	 0.698033	 -1.523099	 0.000000	 0.000199	 0.000199	 90.000000	 0.697787	 -0.018554	 0.698033	 -1.523099	 262060.078977	
34.000000	 1.000000	 0.000000	 -0.000000	 0.000000	 -90.000000	 0.698478	 -0.018123	 0.698713	 -1.486297	 0.000000	 0.000571	 0.000571	 90.000000	 0.698478	 -0.018123	 0.698713	 -1.486297	 262061.488419	
33.000000	 1.000000	 0.000000	 -0.000000	 0.000000	 -90.000000	 0.698757	 -0.017231	 0.698969	 -1.412570	 0.000000	 0.002824	 0.002824	 90.000000	 0.698757	 -0.017231	 0.698969	 -1.412570	 262062.898638	
32.000000	 1.000000	 0.000000	 -0.000000	 0.000000	 -90.000000	 0.699820	 -0.016866	 0.700023	 -1.380612	 0.000000	 0.002621	 0.002621	 90.000000	 0.699852	 -0.016939	 0.700057	 -1.386535	 262064.379898	
31.000000	 1.000000	 0.000000	 -0.000000	 0.000000	 -90.000000	 0.700331	 -0.016204	 0.700519	 -1.325467	 0.000000	 0.002291	 0.002291	 90.000000	 0.700331	 -0.016204	 0.700519	 -1.325467	 262065.828287	
30.000000	 1.000000	 0.000000	 -0.000000	 0.000000	 -90.000000	 0.701216	 -0.015335	 0.701384	 -1.252822	 0.000000	 0.002112	 0.002112	 90.000000	 0.701216	 -0.015335	 0.701384	 -1.252822	 262067.243060	
29.000000	 1.000000	 0.000000	 -0.000000	 0.000000	 -90.000000	 0.702098	 -0.014721	 0.702252	 -1.201169	 0.000000	 0.002084	 0.002084	 90.000000	 0.702098	 -0.014721	 0.702252	 -1.201169	 262068.681302	
28.000000	 1.000000	 0.000000	 -0.000000	 0.000000	 -90.000000	 0.702682	 -0.014048	 0.702822	 -1.145327	 0.000000	 0.002576	 0.002576	 90.000000	 0.702682	 -0.014048	 0.702822	 -1.145327	 262070.108392	
27.000000	 1.000000	 0.000000	 -0.000000	 0.000000	 -90.000000	 0.703669	 -0.013053	 0.703790	 -1.062724	 0.000000	 0.002834	 0.002834	 90.000000	 0.703669	 -0.013053	 0.703790	 -1.062724	 262071.555322	
26.000000	 1.000000	 0.000000	 -0.000000	 0.000000	 -90.000000	 0.704440	 -0.012116	 0.704545	 -0.985350	 0.000000	 -0.000403	 0.000403	 -90.000000	 0.704418	 -0.012123	 0.704523	 -0.985996	 262072.961842	
25.000000	 1.000000	 0.000000	 -0.000000	 0.000000	 -90.000000	 0.705285	 -0.010925	 0.705369	 -0.887478	 0.000000	 0.001744	 0.001744	 90.000000	 0.705285	 -0.010925	 0.705369	 -0.887478	 262074.391684	
24.000000	 1.000000	 0.000000	 -0.000000	 0.000000	 -90.000000	 0.706168	 -0.009877	 0.706237	 -0.801293	 0.000000	 -0.009453	 0.009453	 -90.000000	 0.706168	 -0.009877	 0.706237	 -0.801293	 262075.841232	
23.000000	 1.000000	 0.000000	 -0.000000	 0.000000	 -90.000000	 0.707221	 -0.008518	 0.707272	 -0.690021	 0.000000	 0.005639	 0.005639	 90.000000	 0.707221	 -0.008513	 0.707272	 -0.689656	 262077.288956	
22.000000	 1.000000	 0.000000	 -0.000000	 0.000000	 -90.000000	 0.708087	 -0.007174	 0.708123	 -0.580505	 0.000000	 0.000109	 0.000109	 90.000000	 0.708087	 -0.007174	 0.708123	 -0.580505	 262078.720953	
21.000000	 1.000000	 0.000000	 -0.000000	 0.000000	 -90.000000	 0.708943	 -0.005496	 0.708964	 -0.444208	 0.000000	 0.001711	 0.001711	 90.000000	 0.708943	 -0.005496	 0.708964	 -0.444208	 262080.157124	
20.000000	 1.000000	 0.000000	 -0.000000	 0.000000	 -90.000000	 0.710179	 -0.004046	 0.710190	 -0.326404	 0.000000	 0.004590	 0.004590	 90.000000	 0.710179	 -0.004046	 0.710190	 -0.326404	 262081.603805	
19.000000	 1.000000	 0.000000	 -0.000000	 0.000000	 -90.000000	 0.711294	 -0.002265	 0.711297	 -0.182474	 0.000000	 0.005124	 0.005124	 90.000000	 0.711294	 -0.002265	 0.711297	 -0.182474	 262083.047048	
18.000000	 1.000000	 0.000000	 -0.000000	 0.000000	 -90.000000	 0.711798	 0.000050	 0.711798	 0.004053	 0.000000	 0.002746	 0.002746	 90.000000	 0.711798	 0.000050	 0.711798	 0.004053	 262084.486354	
17.000000	 1.000000	 0.000000	 -0.000000	 0.000000	 -90.000000	 0.712618	 0.002519	 0.712622	 0.202555	 0.000000	 0.002089	 0.002089	 90.000000	 0.712618	 0.002519	 0.712622	 0.202555	 262085.911387	
16.000000	 1.000000	 0.000000	 -0.000000	 0.000000	 -90.000000	 0.714074	 0.004356	 0.714087	 0.349533	 0.000000	 0.000967	 0.000967	 90.000000	 0.714074	 0.004356	 0.714087	 0.349533	 262087.361450	
15.000000	 1.000000	 0.000000	 -0.000000	 0.000000	 -90.000000	 0.715452	 0.008095	 0.715498	 0.648263	 0.000000	 -0.000461	 0.000461	 -90.000000	 0.715452	 0.008095	 0.715498	 0.648263	 262088.819583	
14.000000	 1.000000	 0.000000	 -0.000000	 0.000000	 -90.000000	 0.716585	 0.011230	 0.716673	 0.897844	 0.000000	 0.009835	 0.009835	 90.000000	 0.716634	 0.011239	 0.716722	 0.898495	 262090.228794	
13.000000	 1.000000	 0.000000	 -0.000000	 0.000000	 -90.000000	 0.717528	 0.015302	 0.717691	 1.221702	 0.000000	 0.004827	 0.004827	 90.000000	 0.717528	 0.015302	 0.717691	 1.221702	 262091.672842	
12.000000	 1.000000	 0.000000	 -0.000000	 0.000000	 -90.000000	 0.718317	 0.019981	 0.718595	 1.593373	 0.000000	 0.003528	 0.003528	 90.000000	 0.718317	 0.019981	 0.718595	 1.593373	 262093.111235	
11.000000	 1.000000	 0.000000	 -0.000000	 0.000000	 -90.000000	 0.719147	 0.025318	 0.719592	 2.016267	 0.000000	 -0.024733	 0.024733	 -90.000000	 0.719147	 0.025318	 0.719592	 2.016267	 262094.575361	
10.000000	 1.000000	 0.000000	 -0.000000	 0.000000	 -90.000000	 0.719193	 0.031463	 0.719880	 2.504973	 0.000000	 0.029968	 0.029968	 90.000000	 0.719193	 0.031463	 0.719880	 2.504973	 262096.017139	
9.000000	 1.000000	 0.000000	 -0.000000	 0.000000	 -90.000000	 0.718954	 0.039376	 0.720032	 3.134856	 0.000000	 -0.027091	 0.027091	 -90.000000	 0.718954	 0.039376	 0.720032	 3.134856	 262097.462067	
8.000000	 1.000000	 0.000000	 -0.000000	 0.000000	 -90.000000	 0.718003	 0.049140	 0.719683	 3.915186	 0.000000	 -0.008471	 0.008471	 -90.000000	 0.718003	 0.049140	 0.719683	 3.915186	 262098.927757	
7.000000	 1.000000	 0.000000	 -0.000000	 0.000000	 -90.000000	 0.717266	 0.061072	 0.719861	 4.866731	 0.000000	 -0.186639	 0.186639	 -90.000000	 0.717266	 0.061072	 0.719861	 4.866731	 262100.375908	
6.000000	 1.000000	 0.000000	 -0.000000	 0.000000	 -90.000000	 0.717353	 0.071786	 0.720936	 5.714588	 0.000000	 -0.299197	 0.299197	 -90.000000	 0.717353	 0.071786	 0.720936	 5.714588	 262101.812398	
5.000000	 1.000000	 0.000000	 -0.000000	 0.000000	 -90.000000	 0.675955	 0.106369	 0.684273	 8.942820	 0.000000	 -0.118968	 0.118968	 -90.000000	 0.675955	 0.106369	 0.684273	 8.942820	 262103.245563	
4.000000	 1.000000	 0.000000	 -0.000000	 0.000000	 -90.000000	 0.633729	 0.154761	 0.652352	 13.723383	 0.000000	 0.062747	 0.062747	 90.000000	 0.633729	 0.154761	 0.652352	 13.723382	 262104.681405	
3.000000	 1.000000	 0.000000	 -0.000000	 0.000000	 -90.000000	 0.510049	 0.243774	 0.565311	 25.545137	 0.000000	 -0.238898	 0.238898	 -90.000000	 0.510049	 0.243774	 0.565311	 25.545137	 262106.120961	
2.000000	 1.000000	 0.000000	 -0.000000	 0.000000	 -90.000000	 0.832277	 0.379873	 0.914870	 24.533177	 0.000000	 -0.981438	 0.981438	 -90.000000	 0.800074	 0.428834	 0.907754	 28.191009	 262107.564181	
1.000000	 1.000000	 0.000000	 -0.000000	 0.000000	 -90.000000	 0.624776	 -0.259027	 0.676343	 -22.518445	 0.000000	 0.717624	 0.717624	 90.000000	 0.637892	 -0.257289	 0.687825	 -21.966303	 262109.003834	
