# Oscilator_frequency (Hz)	DemodAll_A (-)	Demod_1_X_A (A)	Demod_1_Y_A (A)	Demod_1__R_A (A)	Demod_1__Theta_A (deg)	Demod_2_X_A (A)	Demod_2_Y_A (A)	Demod_2__R_A (A)	Demod_2__Theta_A (deg)	Demod_3_X_A (V)	Demod_3_Y_A (V)	Demod_3__R_A (V)	Demod_3__Theta_A (deg)	Demod_4_X_A (V)	Demod_4_Y_A (V)	Demod_4__R_A (V)	Demod_4__Theta_A (deg)	Timer_GET (s)	
5000.000000	 1.000000	 0.000000	 -0.000000	 0.000000	 -90.000000	 1.289244	 -0.009527	 1.289279	 -0.423396	 0.000000	 0.010633	 0.010633	 90.000000	 1.289244	 -0.009527	 1.289279	 -0.423396	 171378.538977	
4979.923695	 1.000000	 0.000000	 -0.000000	 0.000000	 -90.000000	 1.289262	 -0.009526	 1.289298	 -0.423315	 0.000000	 0.009765	 0.009765	 90.000000	 1.289262	 -0.009526	 1.289298	 -0.423315	 171379.982436	
4959.847390	 1.000000	 0.000000	 -0.000000	 0.000000	 -90.000000	 1.289289	 -0.009521	 1.289324	 -0.423114	 0.000000	 0.009912	 0.009912	 90.000000	 1.289289	 -0.009521	 1.289324	 -0.423114	 171381.451821	
4939.771084	 1.000000	 0.000000	 -0.000000	 0.000000	 -90.000000	 1.289264	 -0.009514	 1.289300	 -0.422796	 0.000000	 0.009953	 0.009953	 90.000000	 1.289264	 -0.009514	 1.289300	 -0.422796	 171382.896459	
4919.694779	 1.000000	 0.000000	 -0.000000	 0.000000	 -90.000000	 1.289312	 -0.009511	 1.289347	 -0.422646	 0.000000	 0.007988	 0.007988	 90.000000	 1.289312	 -0.009511	 1.289347	 -0.422646	 171384.346744	
4899.618474	 1.000000	 0.000000	 -0.000000	 0.000000	 -90.000000	 1.289345	 -0.009510	 1.289380	 -0.422575	 0.000000	 0.007833	 0.007833	 90.000000	 1.289345	 -0.009510	 1.289380	 -0.422575	 171385.838023	
4879.542169	 1.000000	 0.000000	 -0.000000	 0.000000	 -90.000000	 1.289383	 -0.009506	 1.289418	 -0.422394	 0.000000	 0.008028	 0.008028	 90.000000	 1.289383	 -0.009506	 1.289418	 -0.422394	 171387.345917	
4859.465863	 1.000000	 0.000000	 -0.000000	 0.000000	 -90.000000	 1.289413	 -0.009500	 1.289448	 -0.422151	 0.000000	 0.007568	 0.007568	 90.000000	 1.289413	 -0.009500	 1.289448	 -0.422151	 171388.776016	
4839.389558	 1.000000	 0.000000	 -0.000000	 0.000000	 -90.000000	 1.289395	 -0.009496	 1.289430	 -0.421951	 0.000000	 0.007150	 0.007150	 90.000000	 1.289395	 -0.009496	 1.289430	 -0.421951	 171390.221677	
4819.313253	 1.000000	 0.000000	 -0.000000	 0.000000	 -90.000000	 1.289416	 -0.009493	 1.289451	 -0.421804	 0.000000	 0.006752	 0.006752	 90.000000	 1.289417	 -0.009492	 1.289452	 -0.421794	 171391.669975	
4799.236948	 1.000000	 0.000000	 -0.000000	 0.000000	 -90.000000	 1.289450	 -0.009493	 1.289485	 -0.421819	 0.000000	 0.006540	 0.006540	 90.000000	 1.289450	 -0.009493	 1.289485	 -0.421819	 171393.093661	
4779.160643	 1.000000	 0.000000	 -0.000000	 0.000000	 -90.000000	 1.289447	 -0.009490	 1.289482	 -0.421674	 0.000000	 0.006286	 0.006286	 90.000000	 1.289447	 -0.009490	 1.289482	 -0.421663	 171394.515532	
4759.084337	 1.000000	 0.000000	 -0.000000	 0.000000	 -90.000000	 1.289456	 -0.009483	 1.289491	 -0.421364	 0.000000	 0.006030	 0.006030	 90.000000	 1.289456	 -0.009483	 1.289491	 -0.421364	 171395.961313	
4739.008032	 1.000000	 0.000000	 -0.000000	 0.000000	 -90.000000	 1.289481	 -0.009480	 1.289516	 -0.421225	 0.000000	 0.005870	 0.005870	 90.000000	 1.289481	 -0.009480	 1.289516	 -0.421225	 171397.367753	
4718.931727	 1.000000	 0.000000	 -0.000000	 0.000000	 -90.000000	 1.289498	 -0.009475	 1.289533	 -0.420983	 0.000000	 0.005559	 0.005559	 90.000000	 1.289498	 -0.009475	 1.289533	 -0.420983	 171398.812329	
4698.855422	 1.000000	 0.000000	 -0.000000	 0.000000	 -90.000000	 1.289486	 -0.009468	 1.289521	 -0.420703	 0.000000	 0.005524	 0.005524	 90.000000	 1.289486	 -0.009468	 1.289521	 -0.420703	 171400.235577	
4678.779116	 1.000000	 0.000000	 -0.000000	 0.000000	 -90.000000	 1.289549	 -0.009471	 1.289583	 -0.420795	 0.000000	 0.006039	 0.006039	 90.000000	 1.289549	 -0.009471	 1.289583	 -0.420788	 171401.706372	
4658.702811	 1.000000	 0.000000	 -0.000000	 0.000000	 -90.000000	 1.289560	 -0.009468	 1.289595	 -0.420679	 0.000000	 0.004309	 0.004309	 90.000000	 1.289560	 -0.009468	 1.289595	 -0.420679	 171403.176010	
4638.626506	 1.000000	 0.000000	 -0.000000	 0.000000	 -90.000000	 1.289559	 -0.009459	 1.289594	 -0.420275	 0.000000	 0.005604	 0.005604	 90.000000	 1.289559	 -0.009459	 1.289594	 -0.420275	 171404.611838	
4618.550201	 1.000000	 0.000000	 -0.000000	 0.000000	 -90.000000	 1.289582	 -0.009459	 1.289617	 -0.420247	 0.000000	 0.004812	 0.004812	 90.000000	 1.289582	 -0.009459	 1.289617	 -0.420247	 171406.082285	
4598.473896	 1.000000	 0.000000	 -0.000000	 0.000000	 -90.000000	 1.289607	 -0.009454	 1.289641	 -0.420003	 0.000000	 0.004339	 0.004339	 90.000000	 1.289607	 -0.009454	 1.289642	 -0.420001	 171407.512284	
4578.397590	 1.000000	 0.000000	 -0.000000	 0.000000	 -90.000000	 1.289635	 -0.009451	 1.289670	 -0.419867	 0.000000	 0.004121	 0.004121	 90.000000	 1.289635	 -0.009451	 1.289669	 -0.419863	 171408.977274	
4558.321285	 1.000000	 0.000000	 -0.000000	 0.000000	 -90.000000	 1.289691	 -0.009448	 1.289726	 -0.419734	 0.000000	 0.004292	 0.004292	 90.000000	 1.289691	 -0.009448	 1.289726	 -0.419734	 171410.418520	
4538.244980	 1.000000	 0.000000	 -0.000000	 0.000000	 -90.000000	 1.289672	 -0.009444	 1.289706	 -0.419573	 0.000000	 0.004393	 0.004393	 90.000000	 1.289672	 -0.009444	 1.289706	 -0.419573	 171411.881813	
4518.168675	 1.000000	 0.000000	 -0.000000	 0.000000	 -90.000000	 1.289686	 -0.009443	 1.289721	 -0.419524	 0.000000	 0.004191	 0.004191	 90.000000	 1.289686	 -0.009443	 1.289721	 -0.419524	 171413.330355	
4498.092369	 1.000000	 0.000000	 -0.000000	 0.000000	 -90.000000	 1.289717	 -0.009442	 1.289752	 -0.419476	 0.000000	 0.004034	 0.004034	 90.000000	 1.289717	 -0.009442	 1.289752	 -0.419476	 171414.775074	
4478.016064	 1.000000	 0.000000	 -0.000000	 0.000000	 -90.000000	 1.289694	 -0.009439	 1.289728	 -0.419337	 0.000000	 0.003924	 0.003924	 90.000000	 1.289693	 -0.009439	 1.289727	 -0.419336	 171416.222393	
4457.939759	 1.000000	 0.000000	 -0.000000	 0.000000	 -90.000000	 1.289720	 -0.009435	 1.289755	 -0.419131	 0.000000	 0.003815	 0.003815	 90.000000	 1.289720	 -0.009435	 1.289755	 -0.419131	 171417.669774	
4437.863454	 1.000000	 0.000000	 -0.000000	 0.000000	 -90.000000	 1.289765	 -0.009430	 1.289799	 -0.418920	 0.000000	 0.003777	 0.003777	 90.000000	 1.289765	 -0.009430	 1.289799	 -0.418912	 171419.122496	
4417.787149	 1.000000	 0.000000	 -0.000000	 0.000000	 -90.000000	 1.289828	 -0.009427	 1.289863	 -0.418763	 0.000000	 0.003674	 0.003674	 90.000000	 1.289828	 -0.009427	 1.289863	 -0.418763	 171420.552746	
4397.710843	 1.000000	 0.000000	 -0.000000	 0.000000	 -90.000000	 1.289822	 -0.009425	 1.289856	 -0.418663	 0.000000	 0.003538	 0.003538	 90.000000	 1.289822	 -0.009425	 1.289856	 -0.418663	 171421.963011	
4377.634538	 1.000000	 0.000000	 -0.000000	 0.000000	 -90.000000	 1.289825	 -0.009422	 1.289860	 -0.418542	 0.000000	 0.003465	 0.003465	 90.000000	 1.289825	 -0.009422	 1.289860	 -0.418542	 171423.386018	
4357.558233	 1.000000	 0.000000	 -0.000000	 0.000000	 -90.000000	 1.289866	 -0.009420	 1.289901	 -0.418429	 0.000000	 0.003398	 0.003398	 90.000000	 1.289866	 -0.009420	 1.289901	 -0.418429	 171424.852414	
4337.481928	 1.000000	 0.000000	 -0.000000	 0.000000	 -90.000000	 1.289908	 -0.009416	 1.289943	 -0.418222	 0.000000	 0.003226	 0.003226	 90.000000	 1.289908	 -0.009416	 1.289943	 -0.418222	 171426.272846	
4317.405622	 1.000000	 0.000000	 -0.000000	 0.000000	 -90.000000	 1.289883	 -0.009416	 1.289917	 -0.418255	 0.000000	 0.002884	 0.002884	 90.000000	 1.289883	 -0.009416	 1.289917	 -0.418255	 171427.689985	
4297.329317	 1.000000	 0.000000	 -0.000000	 0.000000	 -90.000000	 1.289957	 -0.009413	 1.289992	 -0.418075	 0.000000	 0.003323	 0.003323	 90.000000	 1.289957	 -0.009413	 1.289992	 -0.418075	 171429.127871	
4277.253012	 1.000000	 0.000000	 -0.000000	 0.000000	 -90.000000	 1.289973	 -0.009411	 1.290007	 -0.417994	 0.000000	 0.003202	 0.003202	 90.000000	 1.289971	 -0.009411	 1.290006	 -0.417990	 171430.559446	
4257.176707	 1.000000	 0.000000	 -0.000000	 0.000000	 -90.000000	 1.290033	 -0.009406	 1.290068	 -0.417731	 0.000000	 0.003165	 0.003165	 90.000000	 1.290033	 -0.009406	 1.290068	 -0.417731	 171432.021559	
4237.100402	 1.000000	 0.000000	 -0.000000	 0.000000	 -90.000000	 1.289987	 -0.009402	 1.290021	 -0.417603	 0.000000	 0.003131	 0.003131	 90.000000	 1.289987	 -0.009402	 1.290021	 -0.417603	 171433.485392	
4217.024096	 1.000000	 0.000000	 -0.000000	 0.000000	 -90.000000	 1.289982	 -0.009403	 1.290016	 -0.417630	 0.000000	 0.003017	 0.003017	 90.000000	 1.289982	 -0.009403	 1.290016	 -0.417630	 171434.884794	
4196.947791	 1.000000	 0.000000	 -0.000000	 0.000000	 -90.000000	 1.290035	 -0.009396	 1.290069	 -0.417310	 0.000000	 0.002968	 0.002968	 90.000000	 1.290035	 -0.009396	 1.290069	 -0.417310	 171436.314108	
4176.871486	 1.000000	 0.000000	 -0.000000	 0.000000	 -90.000000	 1.290114	 -0.009397	 1.290149	 -0.417330	 0.000000	 0.002954	 0.002954	 90.000000	 1.290114	 -0.009397	 1.290149	 -0.417330	 171437.781120	
4156.795181	 1.000000	 0.000000	 -0.000000	 0.000000	 -90.000000	 1.290130	 -0.009394	 1.290164	 -0.417178	 0.000000	 0.002857	 0.002857	 90.000000	 1.290129	 -0.009394	 1.290164	 -0.417180	 171439.207311	
4136.718876	 1.000000	 0.000000	 -0.000000	 0.000000	 -90.000000	 1.290172	 -0.009392	 1.290206	 -0.417093	 0.000000	 0.002783	 0.002783	 90.000000	 1.290172	 -0.009392	 1.290206	 -0.417093	 171440.629004	
4116.642570	 1.000000	 0.000000	 -0.000000	 0.000000	 -90.000000	 1.290152	 -0.009392	 1.290186	 -0.417107	 0.000000	 0.002732	 0.002732	 90.000000	 1.290150	 -0.009392	 1.290185	 -0.417103	 171442.052155	
4096.566265	 1.000000	 0.000000	 -0.000000	 0.000000	 -90.000000	 1.290203	 -0.009380	 1.290237	 -0.416555	 0.000000	 0.002755	 0.002755	 90.000000	 1.290203	 -0.009380	 1.290237	 -0.416555	 171443.519522	
4076.489960	 1.000000	 0.000000	 -0.000000	 0.000000	 -90.000000	 1.290211	 -0.009384	 1.290246	 -0.416739	 0.000000	 0.002748	 0.002748	 90.000000	 1.290211	 -0.009384	 1.290246	 -0.416739	 171444.956387	
4056.413655	 1.000000	 0.000000	 -0.000000	 0.000000	 -90.000000	 1.290205	 -0.009377	 1.290239	 -0.416413	 0.000000	 0.002683	 0.002683	 90.000000	 1.290205	 -0.009377	 1.290239	 -0.416413	 171446.442128	
4036.337349	 1.000000	 0.000000	 -0.000000	 0.000000	 -90.000000	 1.290257	 -0.009381	 1.290291	 -0.416569	 0.000000	 0.002587	 0.002587	 90.000000	 1.290257	 -0.009381	 1.290291	 -0.416569	 171447.864491	
4016.261044	 1.000000	 0.000000	 -0.000000	 0.000000	 -90.000000	 1.290258	 -0.009375	 1.290292	 -0.416318	 0.000000	 0.002520	 0.002520	 90.000000	 1.290258	 -0.009375	 1.290292	 -0.416313	 171449.282486	
3996.184739	 1.000000	 0.000000	 -0.000000	 0.000000	 -90.000000	 1.290304	 -0.009379	 1.290338	 -0.416451	 0.000000	 0.002565	 0.002565	 90.000000	 1.290304	 -0.009379	 1.290338	 -0.416451	 171450.733911	
3976.108434	 1.000000	 0.000000	 -0.000000	 0.000000	 -90.000000	 1.290273	 -0.009374	 1.290307	 -0.416254	 0.000000	 0.002529	 0.002529	 90.000000	 1.290273	 -0.009374	 1.290307	 -0.416254	 171452.162888	
3956.032129	 1.000000	 0.000000	 -0.000000	 0.000000	 -90.000000	 1.290334	 -0.009375	 1.290368	 -0.416266	 0.000000	 0.002501	 0.002501	 90.000000	 1.290334	 -0.009375	 1.290368	 -0.416266	 171453.604787	
3935.955823	 1.000000	 0.000000	 -0.000000	 0.000000	 -90.000000	 1.290348	 -0.009370	 1.290382	 -0.416072	 0.000000	 0.002464	 0.002464	 90.000000	 1.290349	 -0.009371	 1.290383	 -0.416075	 171455.050429	
3915.879518	 1.000000	 0.000000	 -0.000000	 0.000000	 -90.000000	 1.290355	 -0.009367	 1.290389	 -0.415913	 0.000000	 0.002420	 0.002420	 90.000000	 1.290355	 -0.009367	 1.290389	 -0.415913	 171456.500037	
3895.803213	 1.000000	 0.000000	 -0.000000	 0.000000	 -90.000000	 1.290408	 -0.009367	 1.290442	 -0.415885	 0.000000	 0.002378	 0.002378	 90.000000	 1.290408	 -0.009367	 1.290442	 -0.415885	 171457.948893	
3875.726908	 1.000000	 0.000000	 -0.000000	 0.000000	 -90.000000	 1.290460	 -0.009367	 1.290494	 -0.415880	 0.000000	 0.002344	 0.002344	 90.000000	 1.290460	 -0.009367	 1.290494	 -0.415880	 171459.404488	
3855.650602	 1.000000	 0.000000	 -0.000000	 0.000000	 -90.000000	 1.290417	 -0.009371	 1.290451	 -0.416066	 0.000000	 0.002347	 0.002347	 90.000000	 1.290417	 -0.009371	 1.290451	 -0.416087	 171460.839223	
3835.574297	 1.000000	 0.000000	 -0.000000	 0.000000	 -90.000000	 1.290458	 -0.009365	 1.290492	 -0.415811	 0.000000	 0.002333	 0.002333	 90.000000	 1.290458	 -0.009365	 1.290492	 -0.415811	 171462.317625	
3815.497992	 1.000000	 0.000000	 -0.000000	 0.000000	 -90.000000	 1.290506	 -0.009365	 1.290540	 -0.415782	 0.000000	 0.002290	 0.002290	 90.000000	 1.290506	 -0.009365	 1.290540	 -0.415782	 171463.729631	
3795.421687	 1.000000	 0.000000	 -0.000000	 0.000000	 -90.000000	 1.290515	 -0.009357	 1.290549	 -0.415411	 0.000000	 0.002263	 0.002263	 90.000000	 1.290515	 -0.009357	 1.290549	 -0.415411	 171465.182991	
3775.345382	 1.000000	 0.000000	 -0.000000	 0.000000	 -90.000000	 1.290555	 -0.009360	 1.290589	 -0.415533	 0.000000	 0.002219	 0.002219	 90.000000	 1.290555	 -0.009360	 1.290589	 -0.415533	 171466.633777	
3755.269076	 1.000000	 0.000000	 -0.000000	 0.000000	 -90.000000	 1.290584	 -0.009357	 1.290618	 -0.415391	 0.000000	 0.002256	 0.002256	 90.000000	 1.290584	 -0.009357	 1.290618	 -0.415391	 171468.063546	
3735.192771	 1.000000	 0.000000	 -0.000000	 0.000000	 -90.000000	 1.290597	 -0.009356	 1.290630	 -0.415341	 0.000000	 0.002208	 0.002208	 90.000000	 1.290597	 -0.009356	 1.290630	 -0.415341	 171469.511140	
3715.116466	 1.000000	 0.000000	 -0.000000	 0.000000	 -90.000000	 1.290596	 -0.009353	 1.290630	 -0.415228	 0.000000	 0.002219	 0.002219	 90.000000	 1.290596	 -0.009353	 1.290630	 -0.415228	 171470.946227	
3695.040161	 1.000000	 0.000000	 -0.000000	 0.000000	 -90.000000	 1.290682	 -0.009363	 1.290716	 -0.415618	 0.000000	 0.002211	 0.002211	 90.000000	 1.290682	 -0.009364	 1.290716	 -0.415663	 171472.372947	
3674.963855	 1.000000	 0.000000	 -0.000000	 0.000000	 -90.000000	 1.290672	 -0.009344	 1.290706	 -0.414816	 0.000000	 0.002150	 0.002150	 90.000000	 1.290672	 -0.009344	 1.290706	 -0.414816	 171473.794381	
3654.887550	 1.000000	 0.000000	 -0.000000	 0.000000	 -90.000000	 1.290730	 -0.009354	 1.290764	 -0.415206	 0.000000	 0.002111	 0.002111	 90.000000	 1.290729	 -0.009354	 1.290763	 -0.415221	 171475.230473	
3634.811245	 1.000000	 0.000000	 -0.000000	 0.000000	 -90.000000	 1.290710	 -0.009353	 1.290744	 -0.415184	 0.000000	 0.002110	 0.002110	 90.000000	 1.290710	 -0.009353	 1.290744	 -0.415184	 171476.677826	
3614.734940	 1.000000	 0.000000	 -0.000000	 0.000000	 -90.000000	 1.290787	 -0.009357	 1.290820	 -0.415353	 0.000000	 0.002095	 0.002095	 90.000000	 1.290787	 -0.009357	 1.290820	 -0.415353	 171478.132027	
3594.658635	 1.000000	 0.000000	 -0.000000	 0.000000	 -90.000000	 1.290781	 -0.009359	 1.290815	 -0.415435	 0.000000	 0.002107	 0.002107	 90.000000	 1.290781	 -0.009359	 1.290815	 -0.415435	 171479.568218	
3574.582329	 1.000000	 0.000000	 -0.000000	 0.000000	 -90.000000	 1.290883	 -0.009341	 1.290917	 -0.414602	 0.000000	 0.002108	 0.002108	 90.000000	 1.290883	 -0.009341	 1.290917	 -0.414602	 171481.030000	
3554.506024	 1.000000	 0.000000	 -0.000000	 0.000000	 -90.000000	 1.290842	 -0.009355	 1.290876	 -0.415248	 0.000000	 0.001881	 0.001881	 90.000000	 1.290842	 -0.009355	 1.290876	 -0.415248	 171482.434650	
3534.429719	 1.000000	 0.000000	 -0.000000	 0.000000	 -90.000000	 1.290912	 -0.009351	 1.290946	 -0.415033	 0.000000	 0.001656	 0.001656	 90.000000	 1.290912	 -0.009351	 1.290946	 -0.415033	 171483.879598	
3514.353414	 1.000000	 0.000000	 -0.000000	 0.000000	 -90.000000	 1.290907	 -0.009347	 1.290941	 -0.414863	 0.000000	 -0.000652	 0.000652	 -90.000000	 1.290907	 -0.009347	 1.290941	 -0.414863	 171485.281431	
3494.277108	 1.000000	 0.000000	 -0.000000	 0.000000	 -90.000000	 1.290965	 -0.009340	 1.290999	 -0.414543	 0.000000	 0.002191	 0.002191	 90.000000	 1.290965	 -0.009340	 1.290999	 -0.414543	 171486.723311	
3474.200803	 1.000000	 0.000000	 -0.000000	 0.000000	 -90.000000	 1.290997	 -0.009342	 1.291030	 -0.414610	 0.000000	 0.002170	 0.002170	 90.000000	 1.290994	 -0.009342	 1.291027	 -0.414612	 171488.247509	
3454.124498	 1.000000	 0.000000	 -0.000000	 0.000000	 -90.000000	 1.290998	 -0.009334	 1.291032	 -0.414254	 0.000000	 0.002106	 0.002106	 90.000000	 1.290998	 -0.009334	 1.291032	 -0.414254	 171489.696769	
3434.048193	 1.000000	 0.000000	 -0.000000	 0.000000	 -90.000000	 1.290974	 -0.009347	 1.291008	 -0.414835	 0.000000	 0.002048	 0.002048	 90.000000	 1.290974	 -0.009347	 1.291008	 -0.414835	 171491.153854	
3413.971888	 1.000000	 0.000000	 -0.000000	 0.000000	 -90.000000	 1.291020	 -0.009349	 1.291054	 -0.414906	 0.000000	 0.002040	 0.002040	 90.000000	 1.291020	 -0.009349	 1.291053	 -0.414897	 171492.588627	
3393.895582	 1.000000	 0.000000	 -0.000000	 0.000000	 -90.000000	 1.291073	 -0.009345	 1.291107	 -0.414715	 0.000000	 0.002034	 0.002034	 90.000000	 1.291073	 -0.009345	 1.291107	 -0.414715	 171493.998443	
3373.819277	 1.000000	 0.000000	 -0.000000	 0.000000	 -90.000000	 1.291107	 -0.009351	 1.291141	 -0.414978	 0.000000	 0.002049	 0.002049	 90.000000	 1.291107	 -0.009351	 1.291141	 -0.414978	 171495.434984	
3353.742972	 1.000000	 0.000000	 -0.000000	 0.000000	 -90.000000	 1.291115	 -0.009348	 1.291148	 -0.414817	 0.000000	 0.001767	 0.001767	 90.000000	 1.291115	 -0.009348	 1.291148	 -0.414817	 171496.839793	
3333.666667	 1.000000	 0.000000	 -0.000000	 0.000000	 -90.000000	 1.291140	 -0.009347	 1.291174	 -0.414760	 0.000000	 0.002287	 0.002287	 90.000000	 1.291139	 -0.009346	 1.291173	 -0.414750	 171498.270219	
3313.590361	 1.000000	 0.000000	 -0.000000	 0.000000	 -90.000000	 1.291232	 -0.009351	 1.291266	 -0.414925	 0.000000	 0.003470	 0.003470	 90.000000	 1.291232	 -0.009351	 1.291266	 -0.414925	 171499.712320	
3293.514056	 1.000000	 0.000000	 -0.000000	 0.000000	 -90.000000	 1.291219	 -0.009348	 1.291253	 -0.414803	 0.000000	 0.003801	 0.003801	 90.000000	 1.291219	 -0.009348	 1.291253	 -0.414803	 171501.156992	
3273.437751	 1.000000	 0.000000	 -0.000000	 0.000000	 -90.000000	 1.291270	 -0.009355	 1.291304	 -0.415108	 0.000000	 0.002442	 0.002442	 90.000000	 1.291270	 -0.009355	 1.291304	 -0.415108	 171502.594232	
3253.361446	 1.000000	 0.000000	 -0.000000	 0.000000	 -90.000000	 1.291278	 -0.009352	 1.291312	 -0.414944	 0.000000	 0.002021	 0.002021	 90.000000	 1.291280	 -0.009353	 1.291314	 -0.414980	 171504.040788	
3233.285141	 1.000000	 0.000000	 -0.000000	 0.000000	 -90.000000	 1.291353	 -0.009351	 1.291386	 -0.414882	 0.000000	 0.001979	 0.001979	 90.000000	 1.291351	 -0.009351	 1.291385	 -0.414883	 171505.499248	
3213.208835	 1.000000	 0.000000	 -0.000000	 0.000000	 -90.000000	 1.291331	 -0.009351	 1.291365	 -0.414901	 0.000000	 0.001992	 0.001992	 90.000000	 1.291331	 -0.009351	 1.291365	 -0.414901	 171506.931692	
3193.132530	 1.000000	 0.000000	 -0.000000	 0.000000	 -90.000000	 1.291410	 -0.009352	 1.291444	 -0.414932	 0.000000	 0.002181	 0.002181	 90.000000	 1.291410	 -0.009352	 1.291444	 -0.414920	 171508.389438	
3173.056225	 1.000000	 0.000000	 -0.000000	 0.000000	 -90.000000	 1.291471	 -0.009356	 1.291505	 -0.415089	 0.000000	 0.000697	 0.000697	 90.000000	 1.291471	 -0.009356	 1.291505	 -0.415084	 171509.818132	
3152.979920	 1.000000	 0.000000	 -0.000000	 0.000000	 -90.000000	 1.291515	 -0.009341	 1.291549	 -0.414391	 0.000000	 0.001360	 0.001360	 90.000000	 1.291515	 -0.009341	 1.291549	 -0.414391	 171511.280815	
3132.903614	 1.000000	 0.000000	 -0.000000	 0.000000	 -90.000000	 1.291485	 -0.009353	 1.291518	 -0.414916	 0.000000	 0.002161	 0.002161	 90.000000	 1.291485	 -0.009353	 1.291518	 -0.414916	 171512.716962	
3112.827309	 1.000000	 0.000000	 -0.000000	 0.000000	 -90.000000	 1.291521	 -0.009354	 1.291555	 -0.414952	 0.000000	 0.002084	 0.002084	 90.000000	 1.291521	 -0.009354	 1.291555	 -0.414952	 171514.176371	
3092.751004	 1.000000	 0.000000	 -0.000000	 0.000000	 -90.000000	 1.291579	 -0.009354	 1.291613	 -0.414947	 0.000000	 0.002088	 0.002088	 90.000000	 1.291579	 -0.009354	 1.291613	 -0.414947	 171515.614475	
3072.674699	 1.000000	 0.000000	 -0.000000	 0.000000	 -90.000000	 1.291604	 -0.009359	 1.291638	 -0.415171	 0.000000	 0.002019	 0.002019	 90.000000	 1.291604	 -0.009359	 1.291638	 -0.415171	 171517.061960	
3052.598394	 1.000000	 0.000000	 -0.000000	 0.000000	 -90.000000	 1.291656	 -0.009382	 1.291690	 -0.416168	 0.000000	 0.001952	 0.001952	 90.000000	 1.291656	 -0.009382	 1.291690	 -0.416168	 171518.505415	
3032.522088	 1.000000	 0.000000	 -0.000000	 0.000000	 -90.000000	 1.291669	 -0.009358	 1.291703	 -0.415076	 0.000000	 0.001888	 0.001888	 90.000000	 1.291669	 -0.009358	 1.291703	 -0.415076	 171519.914556	
3012.445783	 1.000000	 0.000000	 -0.000000	 0.000000	 -90.000000	 1.291718	 -0.009364	 1.291751	 -0.415329	 0.000000	 0.001916	 0.001916	 90.000000	 1.291718	 -0.009364	 1.291751	 -0.415329	 171521.360502	
2992.369478	 1.000000	 0.000000	 -0.000000	 0.000000	 -90.000000	 1.291735	 -0.009360	 1.291769	 -0.415159	 0.000000	 0.001903	 0.001903	 90.000000	 1.291735	 -0.009360	 1.291769	 -0.415169	 171522.793589	
2972.293173	 1.000000	 0.000000	 -0.000000	 0.000000	 -90.000000	 1.291806	 -0.009365	 1.291840	 -0.415366	 0.000000	 0.001863	 0.001863	 90.000000	 1.291806	 -0.009365	 1.291840	 -0.415366	 171524.243239	
2952.216867	 1.000000	 0.000000	 -0.000000	 0.000000	 -90.000000	 1.291854	 -0.009373	 1.291888	 -0.415679	 0.000000	 0.001847	 0.001847	 90.000000	 1.291854	 -0.009373	 1.291888	 -0.415679	 171525.697146	
2932.140562	 1.000000	 0.000000	 -0.000000	 0.000000	 -90.000000	 1.291830	 -0.009366	 1.291864	 -0.415380	 0.000000	 0.001836	 0.001836	 90.000000	 1.291830	 -0.009366	 1.291864	 -0.415380	 171527.147111	
2912.064257	 1.000000	 0.000000	 -0.000000	 0.000000	 -90.000000	 1.291840	 -0.009373	 1.291874	 -0.415695	 0.000000	 0.001774	 0.001774	 90.000000	 1.291840	 -0.009373	 1.291874	 -0.415694	 171528.592578	
2891.987952	 1.000000	 0.000000	 -0.000000	 0.000000	 -90.000000	 1.291930	 -0.009372	 1.291964	 -0.415644	 0.000000	 0.000179	 0.000179	 90.000000	 1.291930	 -0.009372	 1.291964	 -0.415644	 171530.025742	
2871.911647	 1.000000	 0.000000	 -0.000000	 0.000000	 -90.000000	 1.291961	 -0.009375	 1.291995	 -0.415736	 0.000000	 -0.000895	 0.000895	 -90.000000	 1.291961	 -0.009375	 1.291995	 -0.415736	 171531.463140	
2851.835341	 1.000000	 0.000000	 -0.000000	 0.000000	 -90.000000	 1.292008	 -0.009366	 1.292042	 -0.415320	 0.000000	 0.002000	 0.002000	 90.000000	 1.292008	 -0.009366	 1.292042	 -0.415320	 171532.915252	
2831.759036	 1.000000	 0.000000	 -0.000000	 0.000000	 -90.000000	 1.292044	 -0.009379	 1.292078	 -0.415907	 0.000000	 0.002101	 0.002101	 90.000000	 1.292044	 -0.009379	 1.292078	 -0.415907	 171534.369428	
2811.682731	 1.000000	 0.000000	 -0.000000	 0.000000	 -90.000000	 1.292083	 -0.009383	 1.292117	 -0.416086	 0.000000	 0.001958	 0.001958	 90.000000	 1.292081	 -0.009383	 1.292115	 -0.416067	 171535.824560	
2791.606426	 1.000000	 0.000000	 -0.000000	 0.000000	 -90.000000	 1.292176	 -0.009384	 1.292210	 -0.416089	 0.000000	 0.001840	 0.001840	 90.000000	 1.292176	 -0.009384	 1.292210	 -0.416091	 171537.255132	
2771.530120	 1.000000	 0.000000	 -0.000000	 0.000000	 -90.000000	 1.292168	 -0.009387	 1.292202	 -0.416232	 0.000000	 0.001844	 0.001844	 90.000000	 1.292168	 -0.009387	 1.292202	 -0.416232	 171538.700324	
2751.453815	 1.000000	 0.000000	 -0.000000	 0.000000	 -90.000000	 1.292226	 -0.009375	 1.292260	 -0.415669	 0.000000	 0.001877	 0.001877	 90.000000	 1.292226	 -0.009375	 1.292260	 -0.415669	 171540.157585	
2731.377510	 1.000000	 0.000000	 -0.000000	 0.000000	 -90.000000	 1.292254	 -0.009396	 1.292288	 -0.416577	 0.000000	 0.001197	 0.001197	 90.000000	 1.292254	 -0.009396	 1.292288	 -0.416577	 171541.615260	
2711.301205	 1.000000	 0.000000	 -0.000000	 0.000000	 -90.000000	 1.292279	 -0.009394	 1.292313	 -0.416514	 0.000000	 0.001287	 0.001287	 90.000000	 1.292279	 -0.009394	 1.292313	 -0.416514	 171543.057727	
2691.224900	 1.000000	 0.000000	 -0.000000	 0.000000	 -90.000000	 1.292354	 -0.009399	 1.292388	 -0.416675	 0.000000	 0.002082	 0.002082	 90.000000	 1.292352	 -0.009399	 1.292386	 -0.416677	 171544.511516	
2671.148594	 1.000000	 0.000000	 -0.000000	 0.000000	 -90.000000	 1.292383	 -0.009399	 1.292417	 -0.416661	 0.000000	 0.002433	 0.002433	 90.000000	 1.292382	 -0.009399	 1.292417	 -0.416667	 171545.989442	
2651.072289	 1.000000	 0.000000	 -0.000000	 0.000000	 -90.000000	 1.292449	 -0.009414	 1.292483	 -0.417309	 0.000000	 0.002081	 0.002081	 90.000000	 1.292449	 -0.009414	 1.292483	 -0.417309	 171547.429757	
2630.995984	 1.000000	 0.000000	 -0.000000	 0.000000	 -90.000000	 1.292464	 -0.009409	 1.292498	 -0.417079	 0.000000	 0.001855	 0.001855	 90.000000	 1.292464	 -0.009409	 1.292498	 -0.417079	 171548.863307	
2610.919679	 1.000000	 0.000000	 -0.000000	 0.000000	 -90.000000	 1.292418	 -0.009409	 1.292453	 -0.417124	 0.000000	 0.001845	 0.001845	 90.000000	 1.292418	 -0.009409	 1.292453	 -0.417124	 171550.300080	
2590.843373	 1.000000	 0.000000	 -0.000000	 0.000000	 -90.000000	 1.292522	 -0.009414	 1.292556	 -0.417319	 0.000000	 0.001786	 0.001786	 90.000000	 1.292522	 -0.009414	 1.292556	 -0.417319	 171551.757397	
2570.767068	 1.000000	 0.000000	 -0.000000	 0.000000	 -90.000000	 1.292559	 -0.009416	 1.292593	 -0.417388	 0.000000	 0.001823	 0.001823	 90.000000	 1.292559	 -0.009416	 1.292593	 -0.417388	 171553.192568	
2550.690763	 1.000000	 0.000000	 -0.000000	 0.000000	 -90.000000	 1.292582	 -0.009415	 1.292616	 -0.417315	 0.000000	 0.001766	 0.001766	 90.000000	 1.292582	 -0.009415	 1.292616	 -0.417315	 171554.640541	
2530.614458	 1.000000	 0.000000	 -0.000000	 0.000000	 -90.000000	 1.292696	 -0.009419	 1.292730	 -0.417477	 0.000000	 0.001816	 0.001816	 90.000000	 1.292696	 -0.009419	 1.292730	 -0.417477	 171556.084499	
2510.538153	 1.000000	 0.000000	 -0.000000	 0.000000	 -90.000000	 1.292698	 -0.009429	 1.292732	 -0.417910	 0.000000	 0.001601	 0.001601	 90.000000	 1.292698	 -0.009429	 1.292732	 -0.417910	 171557.520752	
2490.461847	 1.000000	 0.000000	 -0.000000	 0.000000	 -90.000000	 1.292727	 -0.009430	 1.292761	 -0.417926	 0.000000	 0.001328	 0.001328	 90.000000	 1.292727	 -0.009430	 1.292761	 -0.417926	 171558.956482	
2470.385542	 1.000000	 0.000000	 -0.000000	 0.000000	 -90.000000	 1.292802	 -0.009436	 1.292836	 -0.418176	 0.000000	 0.000742	 0.000742	 90.000000	 1.292802	 -0.009436	 1.292836	 -0.418176	 171560.413256	
2450.309237	 1.000000	 0.000000	 -0.000000	 0.000000	 -90.000000	 1.292809	 -0.009456	 1.292843	 -0.419084	 0.000000	 0.003990	 0.003990	 90.000000	 1.292809	 -0.009456	 1.292843	 -0.419084	 171561.843307	
2430.232932	 1.000000	 0.000000	 -0.000000	 0.000000	 -90.000000	 1.292923	 -0.009442	 1.292958	 -0.418419	 0.000000	 0.001986	 0.001986	 90.000000	 1.292923	 -0.009442	 1.292958	 -0.418419	 171563.291438	
2410.156627	 1.000000	 0.000000	 -0.000000	 0.000000	 -90.000000	 1.292918	 -0.009447	 1.292953	 -0.418627	 0.000000	 0.001816	 0.001816	 90.000000	 1.292917	 -0.009447	 1.292951	 -0.418631	 171564.738723	
2390.080321	 1.000000	 0.000000	 -0.000000	 0.000000	 -90.000000	 1.292984	 -0.009454	 1.293018	 -0.418938	 0.000000	 0.001815	 0.001815	 90.000000	 1.292984	 -0.009454	 1.293018	 -0.418938	 171566.181027	
2370.004016	 1.000000	 0.000000	 -0.000000	 0.000000	 -90.000000	 1.293056	 -0.009454	 1.293091	 -0.418913	 0.000000	 -0.000182	 0.000182	 -90.000000	 1.293056	 -0.009454	 1.293091	 -0.418913	 171567.591218	
2349.927711	 1.000000	 0.000000	 -0.000000	 0.000000	 -90.000000	 1.293183	 -0.009488	 1.293218	 -0.420363	 0.000000	 -0.002673	 0.002673	 -90.000000	 1.293183	 -0.009488	 1.293218	 -0.420363	 171569.042933	
2329.851406	 1.000000	 0.000000	 -0.000000	 0.000000	 -90.000000	 1.293176	 -0.009464	 1.293211	 -0.419322	 0.000000	 0.003060	 0.003060	 90.000000	 1.293176	 -0.009464	 1.293211	 -0.419322	 171570.493601	
2309.775100	 1.000000	 0.000000	 -0.000000	 0.000000	 -90.000000	 1.293226	 -0.009474	 1.293260	 -0.419721	 0.000000	 0.002156	 0.002156	 90.000000	 1.293226	 -0.009474	 1.293260	 -0.419721	 171571.911478	
2289.698795	 1.000000	 0.000000	 -0.000000	 0.000000	 -90.000000	 1.293237	 -0.009473	 1.293272	 -0.419671	 0.000000	 0.001838	 0.001838	 90.000000	 1.293237	 -0.009473	 1.293272	 -0.419671	 171573.396230	
2269.622490	 1.000000	 0.000000	 -0.000000	 0.000000	 -90.000000	 1.293330	 -0.009479	 1.293364	 -0.419910	 0.000000	 0.001744	 0.001744	 90.000000	 1.293330	 -0.009479	 1.293364	 -0.419910	 171574.886561	
2249.546185	 1.000000	 0.000000	 -0.000000	 0.000000	 -90.000000	 1.293347	 -0.009466	 1.293382	 -0.419318	 0.000000	 0.001754	 0.001754	 90.000000	 1.293347	 -0.009466	 1.293382	 -0.419318	 171576.360547	
2229.469880	 1.000000	 0.000000	 -0.000000	 0.000000	 -90.000000	 1.293425	 -0.009489	 1.293460	 -0.420323	 0.000000	 0.001706	 0.001706	 90.000000	 1.293425	 -0.009489	 1.293460	 -0.420323	 171577.803787	
2209.393574	 1.000000	 0.000000	 -0.000000	 0.000000	 -90.000000	 1.293502	 -0.009490	 1.293536	 -0.420367	 0.000000	 0.001560	 0.001560	 90.000000	 1.293502	 -0.009490	 1.293536	 -0.420367	 171579.278091	
2189.317269	 1.000000	 0.000000	 -0.000000	 0.000000	 -90.000000	 1.293571	 -0.009503	 1.293606	 -0.420896	 0.000000	 0.000000	 0.000000	 90.000000	 1.293571	 -0.009503	 1.293606	 -0.420896	 171580.731799	
2169.240964	 1.000000	 0.000000	 -0.000000	 0.000000	 -90.000000	 1.293568	 -0.009509	 1.293603	 -0.421155	 0.000000	 0.004750	 0.004750	 90.000000	 1.293568	 -0.009509	 1.293603	 -0.421155	 171582.152386	
2149.164659	 1.000000	 0.000000	 -0.000000	 0.000000	 -90.000000	 1.293669	 -0.009509	 1.293704	 -0.421120	 0.000000	 0.001926	 0.001926	 90.000000	 1.293669	 -0.009509	 1.293704	 -0.421120	 171583.603715	
2129.088353	 1.000000	 0.000000	 -0.000000	 0.000000	 -90.000000	 1.293703	 -0.009524	 1.293738	 -0.421804	 0.000000	 0.001749	 0.001749	 90.000000	 1.293703	 -0.009524	 1.293738	 -0.421804	 171585.036039	
2109.012048	 1.000000	 0.000000	 -0.000000	 0.000000	 -90.000000	 1.293803	 -0.009524	 1.293839	 -0.421757	 0.000000	 0.001616	 0.001616	 90.000000	 1.293803	 -0.009524	 1.293839	 -0.421757	 171586.482183	
2088.935743	 1.000000	 0.000000	 -0.000000	 0.000000	 -90.000000	 1.293872	 -0.009531	 1.293907	 -0.422043	 0.000000	 -0.002323	 0.002323	 -90.000000	 1.293872	 -0.009530	 1.293907	 -0.421986	 171587.918452	
2068.859438	 1.000000	 0.000000	 -0.000000	 0.000000	 -90.000000	 1.293957	 -0.009526	 1.293992	 -0.421802	 0.000000	 0.001483	 0.001483	 90.000000	 1.293957	 -0.009526	 1.293992	 -0.421802	 171589.352628	
2048.783133	 1.000000	 0.000000	 -0.000000	 0.000000	 -90.000000	 1.294038	 -0.009569	 1.294074	 -0.423670	 0.000000	 0.003244	 0.003244	 90.000000	 1.294038	 -0.009569	 1.294074	 -0.423670	 171590.812766	
2028.706827	 1.000000	 0.000000	 -0.000000	 0.000000	 -90.000000	 1.294080	 -0.009548	 1.294116	 -0.422717	 0.000000	 -0.001702	 0.001702	 -90.000000	 1.294080	 -0.009548	 1.294116	 -0.422717	 171592.258085	
2008.630522	 1.000000	 0.000000	 -0.000000	 0.000000	 -90.000000	 1.294112	 -0.009553	 1.294147	 -0.422931	 0.000000	 -0.009716	 0.009716	 -90.000000	 1.294112	 -0.009553	 1.294147	 -0.422931	 171593.691829	
1988.554217	 1.000000	 0.000000	 -0.000000	 0.000000	 -90.000000	 1.294128	 -0.009555	 1.294163	 -0.423027	 0.000000	 0.002565	 0.002565	 90.000000	 1.294128	 -0.009555	 1.294163	 -0.423027	 171595.129277	
1968.477912	 1.000000	 0.000000	 -0.000000	 0.000000	 -90.000000	 1.294228	 -0.009565	 1.294263	 -0.423419	 0.000000	 -0.003232	 0.003232	 -90.000000	 1.294228	 -0.009564	 1.294264	 -0.423410	 171596.542863	
1948.401606	 1.000000	 0.000000	 -0.000000	 0.000000	 -90.000000	 1.294247	 -0.009608	 1.294283	 -0.425338	 0.000000	 -0.010234	 0.010234	 -90.000000	 1.294247	 -0.009608	 1.294283	 -0.425338	 171598.026135	
1928.325301	 1.000000	 0.000000	 -0.000000	 0.000000	 -90.000000	 1.294386	 -0.009571	 1.294422	 -0.423652	 0.000000	 0.000903	 0.000903	 90.000000	 1.294386	 -0.009571	 1.294422	 -0.423652	 171599.458619	
1908.248996	 1.000000	 0.000000	 -0.000000	 0.000000	 -90.000000	 1.294467	 -0.009574	 1.294502	 -0.423746	 0.000000	 -0.000314	 0.000314	 -90.000000	 1.294467	 -0.009574	 1.294502	 -0.423746	 171600.959223	
1888.172691	 1.000000	 0.000000	 -0.000000	 0.000000	 -90.000000	 1.294525	 -0.009588	 1.294561	 -0.424377	 0.000000	 0.007826	 0.007826	 90.000000	 1.294524	 -0.009587	 1.294559	 -0.424326	 171602.387014	
1868.096386	 1.000000	 0.000000	 -0.000000	 0.000000	 -90.000000	 1.294634	 -0.009609	 1.294670	 -0.425235	 0.000000	 0.004825	 0.004825	 90.000000	 1.294634	 -0.009609	 1.294670	 -0.425235	 171603.821528	
1848.020080	 1.000000	 0.000000	 -0.000000	 0.000000	 -90.000000	 1.294700	 -0.009608	 1.294736	 -0.425191	 0.000000	 0.002035	 0.002035	 90.000000	 1.294700	 -0.009608	 1.294736	 -0.425191	 171605.263758	
1827.943775	 1.000000	 0.000000	 -0.000000	 0.000000	 -90.000000	 1.294782	 -0.009618	 1.294818	 -0.425597	 0.000000	 0.001728	 0.001728	 90.000000	 1.294783	 -0.009619	 1.294819	 -0.425627	 171606.773514	
1807.867470	 1.000000	 0.000000	 -0.000000	 0.000000	 -90.000000	 1.294826	 -0.009602	 1.294861	 -0.424858	 0.000000	 0.001737	 0.001737	 90.000000	 1.294826	 -0.009602	 1.294861	 -0.424858	 171608.260329	
1787.791165	 1.000000	 0.000000	 -0.000000	 0.000000	 -90.000000	 1.294889	 -0.009617	 1.294925	 -0.425541	 0.000000	 0.001597	 0.001597	 90.000000	 1.294889	 -0.009617	 1.294925	 -0.425541	 171609.710660	
1767.714859	 1.000000	 0.000000	 -0.000000	 0.000000	 -90.000000	 1.295026	 -0.009610	 1.295062	 -0.425170	 0.000000	 0.001502	 0.001502	 90.000000	 1.295026	 -0.009610	 1.295062	 -0.425169	 171611.167247	
1747.638554	 1.000000	 0.000000	 -0.000000	 0.000000	 -90.000000	 1.295157	 -0.009651	 1.295193	 -0.426948	 0.000000	 0.000220	 0.000220	 90.000000	 1.295157	 -0.009651	 1.295193	 -0.426948	 171612.584147	
1727.562249	 1.000000	 0.000000	 -0.000000	 0.000000	 -90.000000	 1.295273	 -0.009606	 1.295309	 -0.424907	 0.000000	 0.002465	 0.002465	 90.000000	 1.295269	 -0.009603	 1.295305	 -0.424766	 171614.060486	
1707.485944	 1.000000	 0.000000	 -0.000000	 0.000000	 -90.000000	 1.295290	 -0.009632	 1.295326	 -0.426043	 0.000000	 0.002480	 0.002480	 90.000000	 1.295289	 -0.009632	 1.295325	 -0.426051	 171615.484284	
1687.409639	 1.000000	 0.000000	 -0.000000	 0.000000	 -90.000000	 1.295378	 -0.009609	 1.295413	 -0.425027	 0.000000	 0.001831	 0.001831	 90.000000	 1.295378	 -0.009609	 1.295413	 -0.425027	 171616.903604	
1667.333333	 1.000000	 0.000000	 -0.000000	 0.000000	 -90.000000	 1.295475	 -0.009676	 1.295511	 -0.427955	 0.000000	 0.001875	 0.001875	 90.000000	 1.295475	 -0.009676	 1.295511	 -0.427955	 171618.322501	
1647.257028	 1.000000	 0.000000	 -0.000000	 0.000000	 -90.000000	 1.295560	 -0.009622	 1.295596	 -0.425507	 0.000000	 0.001726	 0.001726	 90.000000	 1.295560	 -0.009622	 1.295596	 -0.425507	 171619.764669	
1627.180723	 1.000000	 0.000000	 -0.000000	 0.000000	 -90.000000	 1.295770	 -0.009663	 1.295806	 -0.427267	 0.000000	 0.001671	 0.001671	 90.000000	 1.295770	 -0.009663	 1.295806	 -0.427267	 171621.190008	
1607.104418	 1.000000	 0.000000	 -0.000000	 0.000000	 -90.000000	 1.295791	 -0.009649	 1.295827	 -0.426662	 0.000000	 0.001664	 0.001664	 90.000000	 1.295791	 -0.009649	 1.295827	 -0.426662	 171622.632502	
1587.028112	 1.000000	 0.000000	 -0.000000	 0.000000	 -90.000000	 1.295897	 -0.009666	 1.295933	 -0.427343	 0.000000	 0.001678	 0.001678	 90.000000	 1.295897	 -0.009666	 1.295933	 -0.427343	 171624.073111	
1566.951807	 1.000000	 0.000000	 -0.000000	 0.000000	 -90.000000	 1.295928	 -0.009683	 1.295965	 -0.428097	 0.000000	 0.001660	 0.001660	 90.000000	 1.295928	 -0.009683	 1.295965	 -0.428097	 171625.506564	
1546.875502	 1.000000	 0.000000	 -0.000000	 0.000000	 -90.000000	 1.296152	 -0.009714	 1.296189	 -0.429393	 0.000000	 0.001637	 0.001637	 90.000000	 1.296152	 -0.009714	 1.296189	 -0.429393	 171626.957014	
1526.799197	 1.000000	 0.000000	 -0.000000	 0.000000	 -90.000000	 1.296177	 -0.009710	 1.296213	 -0.429196	 0.000000	 0.001260	 0.001260	 90.000000	 1.296177	 -0.009710	 1.296213	 -0.429196	 171628.385271	
1506.722892	 1.000000	 0.000000	 -0.000000	 0.000000	 -90.000000	 1.296291	 -0.009685	 1.296327	 -0.428057	 0.000000	 -0.001084	 0.001084	 -90.000000	 1.296291	 -0.009685	 1.296327	 -0.428057	 171629.817743	
1486.646586	 1.000000	 0.000000	 -0.000000	 0.000000	 -90.000000	 1.296395	 -0.009665	 1.296431	 -0.427167	 0.000000	 -0.003345	 0.003345	 -90.000000	 1.296395	 -0.009665	 1.296431	 -0.427167	 171631.307517	
1466.570281	 1.000000	 0.000000	 -0.000000	 0.000000	 -90.000000	 1.296517	 -0.009692	 1.296553	 -0.428317	 0.000000	 0.002768	 0.002768	 90.000000	 1.296517	 -0.009692	 1.296553	 -0.428317	 171632.788359	
1446.493976	 1.000000	 0.000000	 -0.000000	 0.000000	 -90.000000	 1.296665	 -0.009704	 1.296701	 -0.428789	 0.000000	 0.001804	 0.001804	 90.000000	 1.296665	 -0.009704	 1.296701	 -0.428789	 171634.220901	
1426.417671	 1.000000	 0.000000	 -0.000000	 0.000000	 -90.000000	 1.296795	 -0.009657	 1.296831	 -0.426684	 0.000000	 0.001665	 0.001665	 90.000000	 1.296795	 -0.009657	 1.296831	 -0.426683	 171635.655337	
1406.341365	 1.000000	 0.000000	 -0.000000	 0.000000	 -90.000000	 1.296861	 -0.009715	 1.296897	 -0.429208	 0.000000	 0.001640	 0.001640	 90.000000	 1.296861	 -0.009715	 1.296897	 -0.429208	 171637.060880	
1386.265060	 1.000000	 0.000000	 -0.000000	 0.000000	 -90.000000	 1.296989	 -0.009649	 1.297025	 -0.426256	 0.000000	 0.001617	 0.001617	 90.000000	 1.296989	 -0.009649	 1.297025	 -0.426256	 171638.517696	
1366.188755	 1.000000	 0.000000	 -0.000000	 0.000000	 -90.000000	 1.297150	 -0.009695	 1.297186	 -0.428214	 0.000000	 0.001491	 0.001491	 90.000000	 1.297150	 -0.009695	 1.297186	 -0.428214	 171639.946247	
1346.112450	 1.000000	 0.000000	 -0.000000	 0.000000	 -90.000000	 1.297231	 -0.009707	 1.297268	 -0.428723	 0.000000	 0.001351	 0.001351	 90.000000	 1.297228	 -0.009708	 1.297265	 -0.428779	 171641.399242	
1326.036145	 1.000000	 0.000000	 -0.000000	 0.000000	 -90.000000	 1.297359	 -0.009690	 1.297395	 -0.427916	 0.000000	 -0.002316	 0.002316	 -90.000000	 1.297359	 -0.009690	 1.297395	 -0.427916	 171642.844612	
1305.959839	 1.000000	 0.000000	 -0.000000	 0.000000	 -90.000000	 1.297556	 -0.009638	 1.297592	 -0.425556	 0.000000	 0.003613	 0.003613	 90.000000	 1.297556	 -0.009638	 1.297592	 -0.425556	 171644.272821	
1285.883534	 1.000000	 0.000000	 -0.000000	 0.000000	 -90.000000	 1.297681	 -0.009655	 1.297717	 -0.426277	 0.000000	 0.002323	 0.002323	 90.000000	 1.297681	 -0.009655	 1.297717	 -0.426277	 171645.692532	
1265.807229	 1.000000	 0.000000	 -0.000000	 0.000000	 -90.000000	 1.297792	 -0.009662	 1.297828	 -0.426561	 0.000000	 0.001936	 0.001936	 90.000000	 1.297791	 -0.009662	 1.297827	 -0.426562	 171647.136389	
1245.730924	 1.000000	 0.000000	 -0.000000	 0.000000	 -90.000000	 1.297962	 -0.009657	 1.297998	 -0.426259	 0.000000	 0.001724	 0.001724	 90.000000	 1.297961	 -0.009659	 1.297997	 -0.426361	 171648.550009	
1225.654618	 1.000000	 0.000000	 -0.000000	 0.000000	 -90.000000	 1.298079	 -0.009660	 1.298115	 -0.426369	 0.000000	 0.001629	 0.001629	 90.000000	 1.298079	 -0.009660	 1.298115	 -0.426369	 171650.002070	
1205.578313	 1.000000	 0.000000	 -0.000000	 0.000000	 -90.000000	 1.298233	 -0.009622	 1.298268	 -0.424659	 0.000000	 0.001630	 0.001630	 90.000000	 1.298233	 -0.009622	 1.298268	 -0.424659	 171651.432030	
1185.502008	 1.000000	 0.000000	 -0.000000	 0.000000	 -90.000000	 1.298401	 -0.009615	 1.298436	 -0.424294	 0.000000	 0.001681	 0.001681	 90.000000	 1.298401	 -0.009615	 1.298436	 -0.424294	 171652.863139	
1165.425703	 1.000000	 0.000000	 -0.000000	 0.000000	 -90.000000	 1.298594	 -0.009593	 1.298630	 -0.423264	 0.000000	 0.001651	 0.001651	 90.000000	 1.298594	 -0.009593	 1.298630	 -0.423264	 171654.335402	
1145.349398	 1.000000	 0.000000	 -0.000000	 0.000000	 -90.000000	 1.298730	 -0.009557	 1.298765	 -0.421616	 0.000000	 0.001676	 0.001676	 90.000000	 1.298730	 -0.009557	 1.298765	 -0.421616	 171655.756468	
1125.273092	 1.000000	 0.000000	 -0.000000	 0.000000	 -90.000000	 1.298911	 -0.009547	 1.298946	 -0.421137	 0.000000	 0.001540	 0.001540	 90.000000	 1.298911	 -0.009547	 1.298946	 -0.421137	 171657.231024	
1105.196787	 1.000000	 0.000000	 -0.000000	 0.000000	 -90.000000	 1.299055	 -0.009510	 1.299090	 -0.419439	 0.000000	 0.000833	 0.000833	 90.000000	 1.299055	 -0.009510	 1.299090	 -0.419439	 171658.662338	
1085.120482	 1.000000	 0.000000	 -0.000000	 0.000000	 -90.000000	 1.299283	 -0.009508	 1.299318	 -0.419271	 0.000000	 -0.001982	 0.001982	 -90.000000	 1.299283	 -0.009508	 1.299318	 -0.419271	 171660.115576	
1065.044177	 1.000000	 0.000000	 -0.000000	 0.000000	 -90.000000	 1.299484	 -0.009483	 1.299519	 -0.418111	 0.000000	 0.006515	 0.006515	 90.000000	 1.299484	 -0.009483	 1.299519	 -0.418111	 171661.537906	
1044.967871	 1.000000	 0.000000	 -0.000000	 0.000000	 -90.000000	 1.299688	 -0.009479	 1.299723	 -0.417886	 0.000000	 0.002218	 0.002218	 90.000000	 1.299688	 -0.009479	 1.299723	 -0.417886	 171662.965139	
1024.891566	 1.000000	 0.000000	 -0.000000	 0.000000	 -90.000000	 1.299867	 -0.009418	 1.299902	 -0.415116	 0.000000	 0.001731	 0.001731	 90.000000	 1.299867	 -0.009418	 1.299902	 -0.415116	 171664.407717	
1004.815261	 1.000000	 0.000000	 -0.000000	 0.000000	 -90.000000	 1.300126	 -0.009396	 1.300160	 -0.414067	 0.000000	 0.001612	 0.001612	 90.000000	 1.300126	 -0.009396	 1.300160	 -0.414067	 171665.831440	
984.738956	 1.000000	 0.000000	 -0.000000	 0.000000	 -90.000000	 1.300275	 -0.009332	 1.300309	 -0.411197	 0.000000	 0.001453	 0.001453	 90.000000	 1.300272	 -0.009332	 1.300306	 -0.411211	 171667.255937	
964.662651	 1.000000	 0.000000	 -0.000000	 0.000000	 -90.000000	 1.300511	 -0.009284	 1.300544	 -0.409033	 0.000000	 0.001183	 0.001183	 90.000000	 1.300511	 -0.009284	 1.300544	 -0.409033	 171668.707717	
944.586345	 1.000000	 0.000000	 -0.000000	 0.000000	 -90.000000	 1.300752	 -0.009218	 1.300785	 -0.406017	 0.000000	 -0.001314	 0.001314	 -90.000000	 1.300752	 -0.009218	 1.300785	 -0.406017	 171670.135641	
924.510040	 1.000000	 0.000000	 -0.000000	 0.000000	 -90.000000	 1.300979	 -0.009170	 1.301012	 -0.403845	 0.000000	 0.001770	 0.001770	 90.000000	 1.300980	 -0.009170	 1.301012	 -0.403840	 171671.582082	
904.433735	 1.000000	 0.000000	 -0.000000	 0.000000	 -90.000000	 1.301152	 -0.009154	 1.301184	 -0.403086	 0.000000	 0.001922	 0.001922	 90.000000	 1.301152	 -0.009154	 1.301184	 -0.403086	 171673.058096	
884.357430	 1.000000	 0.000000	 -0.000000	 0.000000	 -90.000000	 1.301447	 -0.009025	 1.301478	 -0.397297	 0.000000	 0.001802	 0.001802	 90.000000	 1.301447	 -0.009025	 1.301478	 -0.397297	 171674.477547	
864.281124	 1.000000	 0.000000	 -0.000000	 0.000000	 -90.000000	 1.301768	 -0.008964	 1.301799	 -0.394554	 0.000000	 0.001653	 0.001653	 90.000000	 1.301769	 -0.008970	 1.301800	 -0.394778	 171675.932690	
844.204819	 1.000000	 0.000000	 -0.000000	 0.000000	 -90.000000	 1.302002	 -0.008910	 1.302032	 -0.392092	 0.000000	 0.001635	 0.001635	 90.000000	 1.301995	 -0.008916	 1.302025	 -0.392334	 171677.381986	
824.128514	 1.000000	 0.000000	 -0.000000	 0.000000	 -90.000000	 1.302322	 -0.008795	 1.302352	 -0.386939	 0.000000	 0.001595	 0.001595	 90.000000	 1.302322	 -0.008795	 1.302352	 -0.386939	 171678.808415	
804.052209	 1.000000	 0.000000	 -0.000000	 0.000000	 -90.000000	 1.302588	 -0.008612	 1.302617	 -0.378817	 0.000000	 0.001562	 0.001562	 90.000000	 1.302588	 -0.008612	 1.302617	 -0.378817	 171680.246754	
783.975904	 1.000000	 0.000000	 -0.000000	 0.000000	 -90.000000	 1.302814	 -0.008559	 1.302842	 -0.376393	 0.000000	 0.001572	 0.001572	 90.000000	 1.302814	 -0.008559	 1.302842	 -0.376393	 171681.682650	
763.899598	 1.000000	 0.000000	 -0.000000	 0.000000	 -90.000000	 1.303098	 -0.008445	 1.303125	 -0.371297	 0.000000	 0.001300	 0.001300	 90.000000	 1.303098	 -0.008445	 1.303125	 -0.371297	 171683.122077	
743.823293	 1.000000	 0.000000	 -0.000000	 0.000000	 -90.000000	 1.303547	 -0.008265	 1.303573	 -0.363289	 0.000000	 0.001452	 0.001452	 90.000000	 1.303547	 -0.008265	 1.303573	 -0.363289	 171684.586488	
723.746988	 1.000000	 0.000000	 -0.000000	 0.000000	 -90.000000	 1.303792	 -0.008139	 1.303818	 -0.357688	 0.000000	 0.004975	 0.004975	 90.000000	 1.303792	 -0.008139	 1.303818	 -0.357688	 171686.037370	
703.670683	 1.000000	 0.000000	 -0.000000	 0.000000	 -90.000000	 1.304173	 -0.007941	 1.304197	 -0.348852	 0.000000	 0.003484	 0.003484	 90.000000	 1.304173	 -0.007941	 1.304197	 -0.348852	 171687.455006	
683.594378	 1.000000	 0.000000	 -0.000000	 0.000000	 -90.000000	 1.304480	 -0.007790	 1.304503	 -0.342171	 0.000000	 0.000424	 0.000424	 90.000000	 1.304480	 -0.007790	 1.304503	 -0.342171	 171688.902916	
663.518072	 1.000000	 0.000000	 -0.000000	 0.000000	 -90.000000	 1.304817	 -0.007594	 1.304839	 -0.333465	 0.000000	 0.003421	 0.003421	 90.000000	 1.304818	 -0.007596	 1.304840	 -0.333536	 171690.345758	
643.441767	 1.000000	 0.000000	 -0.000000	 0.000000	 -90.000000	 1.305085	 -0.007365	 1.305106	 -0.323317	 0.000000	 0.003040	 0.003040	 90.000000	 1.305085	 -0.007365	 1.305106	 -0.323317	 171691.838439	
623.365462	 1.000000	 0.000000	 -0.000000	 0.000000	 -90.000000	 1.305594	 -0.007110	 1.305613	 -0.312034	 0.000000	 0.004404	 0.004404	 90.000000	 1.305594	 -0.007110	 1.305613	 -0.312034	 171693.254904	
603.289157	 1.000000	 0.000000	 -0.000000	 0.000000	 -90.000000	 1.306043	 -0.006867	 1.306061	 -0.301246	 0.000000	 0.009609	 0.009609	 90.000000	 1.306043	 -0.006867	 1.306061	 -0.301246	 171694.720643	
583.212851	 1.000000	 0.000000	 -0.000000	 0.000000	 -90.000000	 1.306343	 -0.006540	 1.306360	 -0.286824	 0.000000	 0.000329	 0.000329	 90.000000	 1.306343	 -0.006540	 1.306360	 -0.286824	 171696.139802	
563.136546	 1.000000	 0.000000	 -0.000000	 0.000000	 -90.000000	 1.306767	 -0.006216	 1.306782	 -0.272546	 0.000000	 0.003861	 0.003861	 90.000000	 1.306767	 -0.006216	 1.306782	 -0.272546	 171697.570703	
543.060241	 1.000000	 0.000000	 -0.000000	 0.000000	 -90.000000	 1.307191	 -0.005881	 1.307204	 -0.257785	 0.000000	 0.002641	 0.002641	 90.000000	 1.307191	 -0.005881	 1.307204	 -0.257785	 171699.007922	
522.983936	 1.000000	 0.000000	 -0.000000	 0.000000	 -90.000000	 1.307652	 -0.005460	 1.307664	 -0.239248	 0.000000	 0.003815	 0.003815	 90.000000	 1.307652	 -0.005460	 1.307664	 -0.239248	 171700.447658	
502.907631	 1.000000	 0.000000	 -0.000000	 0.000000	 -90.000000	 1.308168	 -0.005059	 1.308178	 -0.221580	 0.000000	 0.001776	 0.001776	 90.000000	 1.308171	 -0.005053	 1.308181	 -0.221320	 171701.882728	
482.831325	 1.000000	 0.000000	 -0.000000	 0.000000	 -90.000000	 1.308561	 -0.004533	 1.308569	 -0.198493	 0.000000	 0.000147	 0.000147	 90.000000	 1.308561	 -0.004533	 1.308569	 -0.198493	 171703.317464	
462.755020	 1.000000	 0.000000	 -0.000000	 0.000000	 -90.000000	 1.309056	 -0.004023	 1.309062	 -0.176085	 0.000000	 0.009840	 0.009840	 90.000000	 1.309056	 -0.004023	 1.309062	 -0.176085	 171704.775268	
442.678715	 1.000000	 0.000000	 -0.000000	 0.000000	 -90.000000	 1.309592	 -0.003328	 1.309596	 -0.145601	 0.000000	 0.002455	 0.002455	 90.000000	 1.309592	 -0.003328	 1.309596	 -0.145601	 171706.192214	
422.602410	 1.000000	 0.000000	 -0.000000	 0.000000	 -90.000000	 1.310047	 -0.002772	 1.310050	 -0.121233	 0.000000	 0.003639	 0.003639	 90.000000	 1.310047	 -0.002772	 1.310050	 -0.121233	 171707.641384	
402.526104	 1.000000	 0.000000	 -0.000000	 0.000000	 -90.000000	 1.310534	 -0.002062	 1.310535	 -0.090163	 0.000000	 0.007873	 0.007873	 90.000000	 1.310533	 -0.002062	 1.310535	 -0.090140	 171709.071298	
382.449799	 1.000000	 0.000000	 -0.000000	 0.000000	 -90.000000	 1.311021	 -0.001270	 1.311022	 -0.055508	 0.000000	 0.001708	 0.001708	 90.000000	 1.311021	 -0.001270	 1.311022	 -0.055508	 171710.555019	
362.373494	 1.000000	 0.000000	 -0.000000	 0.000000	 -90.000000	 1.311555	 -0.000382	 1.311556	 -0.016689	 0.000000	 0.011979	 0.011979	 90.000000	 1.311555	 -0.000382	 1.311556	 -0.016689	 171711.990230	
342.297189	 1.000000	 0.000000	 -0.000000	 0.000000	 -90.000000	 1.311884	 0.000488	 1.311884	 0.021319	 0.000000	 0.001585	 0.001585	 90.000000	 1.311884	 0.000488	 1.311884	 0.021319	 171713.424258	
322.220884	 1.000000	 0.000000	 -0.000000	 0.000000	 -90.000000	 1.312558	 0.001710	 1.312559	 0.074650	 0.000000	 0.001542	 0.001542	 90.000000	 1.312558	 0.001710	 1.312559	 0.074650	 171714.864900	
302.144578	 1.000000	 0.000000	 -0.000000	 0.000000	 -90.000000	 1.313294	 0.002950	 1.313297	 0.128706	 0.000000	 0.016900	 0.016900	 90.000000	 1.313294	 0.002950	 1.313297	 0.128706	 171716.312020	
282.068273	 1.000000	 0.000000	 -0.000000	 0.000000	 -90.000000	 1.313634	 0.004383	 1.313642	 0.191174	 0.000000	 0.006927	 0.006927	 90.000000	 1.313634	 0.004383	 1.313642	 0.191174	 171717.723350	
261.991968	 1.000000	 0.000000	 -0.000000	 0.000000	 -90.000000	 1.314201	 0.005992	 1.314215	 0.261219	 0.000000	 0.001609	 0.001609	 90.000000	 1.314201	 0.005992	 1.314215	 0.261219	 171719.169617	
241.915663	 1.000000	 0.000000	 -0.000000	 0.000000	 -90.000000	 1.314617	 0.007601	 1.314639	 0.331287	 0.000000	 0.001581	 0.001581	 90.000000	 1.314617	 0.007601	 1.314639	 0.331287	 171720.619607	
221.839357	 1.000000	 0.000000	 -0.000000	 0.000000	 -90.000000	 1.315159	 0.009959	 1.315196	 0.433883	 0.000000	 0.001630	 0.001630	 90.000000	 1.315159	 0.009959	 1.315196	 0.433883	 171722.070143	
201.763052	 1.000000	 0.000000	 -0.000000	 0.000000	 -90.000000	 1.315932	 0.012348	 1.315990	 0.537612	 0.000000	 0.001975	 0.001975	 90.000000	 1.315932	 0.012348	 1.315990	 0.537612	 171723.526250	
181.686747	 1.000000	 0.000000	 -0.000000	 0.000000	 -90.000000	 1.316101	 0.015480	 1.316192	 0.673898	 0.000000	 0.001471	 0.001471	 90.000000	 1.316101	 0.015480	 1.316192	 0.673898	 171724.931251	
161.610442	 1.000000	 0.000000	 -0.000000	 0.000000	 -90.000000	 1.316451	 0.019105	 1.316590	 0.831461	 0.000000	 0.001528	 0.001528	 90.000000	 1.316451	 0.019105	 1.316590	 0.831461	 171726.406753	
141.534137	 1.000000	 0.000000	 -0.000000	 0.000000	 -90.000000	 1.316570	 0.023454	 1.316779	 1.020591	 0.000000	 0.001614	 0.001614	 90.000000	 1.316570	 0.023454	 1.316779	 1.020590	 171727.851308	
121.457831	 1.000000	 0.000000	 -0.000000	 0.000000	 -90.000000	 1.316658	 0.029512	 1.316988	 1.284038	 0.000000	 0.001549	 0.001549	 90.000000	 1.316656	 0.029508	 1.316986	 1.283846	 171729.298108	
101.381526	 1.000000	 0.000000	 -0.000000	 0.000000	 -90.000000	 1.315859	 0.037370	 1.316390	 1.626735	 0.000000	 0.001664	 0.001664	 90.000000	 1.315859	 0.037370	 1.316390	 1.626735	 171730.742966	
81.305221	 1.000000	 0.000000	 -0.000000	 0.000000	 -90.000000	 1.315396	 0.049001	 1.316308	 2.133400	 0.000000	 0.001600	 0.001600	 90.000000	 1.315396	 0.049001	 1.316308	 2.133400	 171732.250322	
61.228916	 1.000000	 0.000000	 -0.000000	 0.000000	 -90.000000	 1.312252	 0.066223	 1.313922	 2.888991	 0.000000	 0.001667	 0.001667	 90.000000	 1.312252	 0.066223	 1.313922	 2.888991	 171733.680976	
41.152610	 1.000000	 0.000000	 -0.000000	 0.000000	 -90.000000	 1.309140	 0.105814	 1.313409	 4.621018	 0.000000	 0.001665	 0.001665	 90.000000	 1.309140	 0.105814	 1.313409	 4.621018	 171735.135885	
21.076305	 1.000000	 0.000000	 -0.000000	 0.000000	 -90.000000	 1.268050	 0.183176	 1.281212	 8.219817	 0.000000	 0.001619	 0.001619	 90.000000	 1.268050	 0.183176	 1.281212	 8.219817	 171736.616312	
1.000000	 1.000000	 0.000000	 -0.000000	 0.000000	 -90.000000	 0.961007	 0.166296	 0.975289	 9.817471	 0.000000	 -1.016691	 1.016691	 -90.000000	 0.967993	 0.192706	 0.986988	 11.259097	 171738.033158	
