# Oscilator_frequency (Hz)	DemodAll_A (-)	Demod_1_X_A (A)	Demod_1_Y_A (A)	Demod_1__R_A (A)	Demod_1__Theta_A (deg)	Demod_2_X_A (A)	Demod_2_Y_A (A)	Demod_2__R_A (A)	Demod_2__Theta_A (deg)	Demod_3_X_A (V)	Demod_3_Y_A (V)	Demod_3__R_A (V)	Demod_3__Theta_A (deg)	Demod_4_X_A (V)	Demod_4_Y_A (V)	Demod_4__R_A (V)	Demod_4__Theta_A (deg)	Timer_GET (s)	
500.000000	 1.000000	 0.000000	 -0.000000	 0.000000	 -90.000000	 0.974160	 -0.002049	 0.974162	 -0.120511	 0.000000	 0.001867	 0.001867	 90.000000	 0.974160	 -0.002049	 0.974162	 -0.120511	 153374.191207	
497.995984	 1.000000	 0.000000	 -0.000000	 0.000000	 -90.000000	 0.974404	 -0.002058	 0.974406	 -0.121000	 0.000000	 0.004531	 0.004531	 90.000000	 0.974404	 -0.002058	 0.974406	 -0.121000	 153375.653814	
495.991968	 1.000000	 0.000000	 -0.000000	 0.000000	 -90.000000	 0.974320	 -0.002109	 0.974322	 -0.124036	 0.000000	 0.004714	 0.004714	 90.000000	 0.974320	 -0.002109	 0.974322	 -0.124036	 153377.081700	
493.987952	 1.000000	 0.000000	 -0.000000	 0.000000	 -90.000000	 0.974408	 -0.002014	 0.974410	 -0.118410	 0.000000	 0.004054	 0.004054	 90.000000	 0.974408	 -0.002014	 0.974410	 -0.118410	 153378.521345	
491.983936	 1.000000	 0.000000	 -0.000000	 0.000000	 -90.000000	 0.974366	 -0.001993	 0.974368	 -0.117195	 0.000000	 0.001976	 0.001976	 90.000000	 0.974366	 -0.001993	 0.974368	 -0.117195	 153379.955735	
489.979920	 1.000000	 0.000000	 -0.000000	 0.000000	 -90.000000	 0.974427	 -0.001944	 0.974429	 -0.114296	 0.000000	 0.001743	 0.001743	 90.000000	 0.974427	 -0.001944	 0.974429	 -0.114296	 153381.426379	
487.975904	 1.000000	 0.000000	 -0.000000	 0.000000	 -90.000000	 0.974466	 -0.001899	 0.974468	 -0.111638	 0.000000	 0.001720	 0.001720	 90.000000	 0.974465	 -0.001898	 0.974467	 -0.111624	 153382.875824	
485.971888	 1.000000	 0.000000	 -0.000000	 0.000000	 -90.000000	 0.974488	 -0.001868	 0.974489	 -0.109816	 0.000000	 0.001362	 0.001362	 90.000000	 0.974487	 -0.001868	 0.974489	 -0.109807	 153384.362226	
483.967871	 1.000000	 0.000000	 -0.000000	 0.000000	 -90.000000	 0.974565	 -0.001820	 0.974567	 -0.107019	 0.000000	 -0.002990	 0.002990	 -90.000000	 0.974565	 -0.001820	 0.974567	 -0.107019	 153385.802271	
481.963855	 1.000000	 0.000000	 -0.000000	 0.000000	 -90.000000	 0.974578	 -0.001789	 0.974579	 -0.105157	 0.000000	 -0.002785	 0.002785	 -90.000000	 0.974578	 -0.001789	 0.974579	 -0.105157	 153387.248823	
479.959839	 1.000000	 0.000000	 -0.000000	 0.000000	 -90.000000	 0.974584	 -0.001778	 0.974586	 -0.104503	 0.000000	 0.002020	 0.002020	 90.000000	 0.974584	 -0.001778	 0.974586	 -0.104503	 153388.689557	
477.955823	 1.000000	 0.000000	 -0.000000	 0.000000	 -90.000000	 0.974590	 -0.001693	 0.974592	 -0.099529	 0.000000	 0.001907	 0.001907	 90.000000	 0.974590	 -0.001693	 0.974592	 -0.099529	 153390.129742	
475.951807	 1.000000	 0.000000	 -0.000000	 0.000000	 -90.000000	 0.974644	 -0.001667	 0.974645	 -0.097974	 0.000000	 0.001553	 0.001553	 90.000000	 0.974644	 -0.001667	 0.974645	 -0.097974	 153391.562836	
473.947791	 1.000000	 0.000000	 -0.000000	 0.000000	 -90.000000	 0.974697	 -0.001666	 0.974699	 -0.097918	 0.000000	 0.001553	 0.001553	 90.000000	 0.974697	 -0.001667	 0.974699	 -0.097972	 153392.993791	
471.943775	 1.000000	 0.000000	 -0.000000	 0.000000	 -90.000000	 0.974701	 -0.001571	 0.974702	 -0.092338	 0.000000	 0.001577	 0.001577	 90.000000	 0.974701	 -0.001571	 0.974702	 -0.092338	 153394.403655	
469.939759	 1.000000	 0.000000	 -0.000000	 0.000000	 -90.000000	 0.974706	 -0.001538	 0.974707	 -0.090399	 0.000000	 0.001497	 0.001497	 90.000000	 0.974706	 -0.001538	 0.974707	 -0.090399	 153395.854924	
467.935743	 1.000000	 0.000000	 -0.000000	 0.000000	 -90.000000	 0.974784	 -0.001513	 0.974785	 -0.088948	 0.000000	 0.001379	 0.001379	 90.000000	 0.974784	 -0.001513	 0.974785	 -0.088948	 153397.302400	
465.931727	 1.000000	 0.000000	 -0.000000	 0.000000	 -90.000000	 0.974778	 -0.001465	 0.974779	 -0.086083	 0.000000	 0.001447	 0.001447	 90.000000	 0.974778	 -0.001465	 0.974779	 -0.086083	 153398.738884	
463.927711	 1.000000	 0.000000	 -0.000000	 0.000000	 -90.000000	 0.974870	 -0.001412	 0.974871	 -0.082995	 0.000000	 0.001650	 0.001650	 90.000000	 0.974870	 -0.001412	 0.974871	 -0.082995	 153400.150222	
461.923695	 1.000000	 0.000000	 -0.000000	 0.000000	 -90.000000	 0.974922	 -0.001354	 0.974923	 -0.079600	 0.000000	 0.006050	 0.006050	 90.000000	 0.974922	 -0.001354	 0.974923	 -0.079600	 153401.574910	
459.919679	 1.000000	 0.000000	 -0.000000	 0.000000	 -90.000000	 0.974894	 -0.001382	 0.974895	 -0.081225	 0.000000	 0.001939	 0.001939	 90.000000	 0.974894	 -0.001382	 0.974895	 -0.081225	 153403.064714	
457.915663	 1.000000	 0.000000	 -0.000000	 0.000000	 -90.000000	 0.975056	 -0.001340	 0.975057	 -0.078760	 0.000000	 0.001483	 0.001483	 90.000000	 0.975056	 -0.001340	 0.975057	 -0.078760	 153404.510364	
455.911647	 1.000000	 0.000000	 -0.000000	 0.000000	 -90.000000	 0.975091	 -0.000962	 0.975091	 -0.056518	 0.000000	 0.001382	 0.001382	 90.000000	 0.975091	 -0.000962	 0.975091	 -0.056518	 153405.985234	
453.907631	 1.000000	 0.000000	 -0.000000	 0.000000	 -90.000000	 0.974424	 -0.000771	 0.974424	 -0.045355	 0.000000	 0.001417	 0.001417	 90.000000	 0.974424	 -0.000771	 0.974424	 -0.045355	 153407.453229	
451.903614	 1.000000	 0.000000	 -0.000000	 0.000000	 -90.000000	 0.974064	 -0.001548	 0.974065	 -0.091057	 0.000000	 0.001382	 0.001382	 90.000000	 0.974079	 -0.001599	 0.974080	 -0.094052	 153408.881366	
449.899598	 1.000000	 0.000000	 -0.000000	 0.000000	 -90.000000	 0.973969	 -0.001634	 0.973971	 -0.096140	 0.000000	 0.001286	 0.001286	 90.000000	 0.973969	 -0.001634	 0.973971	 -0.096140	 153410.324082	
447.895582	 1.000000	 0.000000	 -0.000000	 0.000000	 -90.000000	 0.974131	 -0.001246	 0.974132	 -0.073299	 0.000000	 -0.000565	 0.000565	 -90.000000	 0.974131	 -0.001246	 0.974132	 -0.073299	 153411.784172	
445.891566	 1.000000	 0.000000	 -0.000000	 0.000000	 -90.000000	 0.974739	 -0.000644	 0.974739	 -0.037872	 0.000000	 -0.000572	 0.000572	 -90.000000	 0.974739	 -0.000644	 0.974739	 -0.037872	 153413.244778	
443.887550	 1.000000	 0.000000	 -0.000000	 0.000000	 -90.000000	 0.975416	 -0.000927	 0.975417	 -0.054438	 0.000000	 0.000493	 0.000493	 90.000000	 0.975462	 -0.001051	 0.975462	 -0.061748	 153414.680888	
441.883534	 1.000000	 0.000000	 -0.000000	 0.000000	 -90.000000	 0.975114	 -0.000993	 0.975115	 -0.058373	 0.000000	 0.002066	 0.002066	 90.000000	 0.975114	 -0.000993	 0.975115	 -0.058373	 153416.106502	
439.879518	 1.000000	 0.000000	 -0.000000	 0.000000	 -90.000000	 0.975275	 -0.000849	 0.975275	 -0.049853	 0.000000	 0.001495	 0.001495	 90.000000	 0.975304	 -0.000897	 0.975304	 -0.052683	 153417.538988	
437.875502	 1.000000	 0.000000	 -0.000000	 0.000000	 -90.000000	 0.975295	 -0.000841	 0.975295	 -0.049391	 0.000000	 0.001370	 0.001370	 90.000000	 0.975295	 -0.000841	 0.975295	 -0.049391	 153418.997321	
435.871486	 1.000000	 0.000000	 -0.000000	 0.000000	 -90.000000	 0.975271	 -0.000781	 0.975271	 -0.045855	 0.000000	 0.001398	 0.001398	 90.000000	 0.975271	 -0.000781	 0.975271	 -0.045855	 153420.428385	
433.867470	 1.000000	 0.000000	 -0.000000	 0.000000	 -90.000000	 0.975357	 -0.000726	 0.975357	 -0.042670	 0.000000	 0.001408	 0.001408	 90.000000	 0.975357	 -0.000726	 0.975357	 -0.042670	 153421.872262	
431.863454	 1.000000	 0.000000	 -0.000000	 0.000000	 -90.000000	 0.975408	 -0.000669	 0.975408	 -0.039287	 0.000000	 0.001385	 0.001385	 90.000000	 0.975408	 -0.000669	 0.975408	 -0.039287	 153423.276385	
429.859438	 1.000000	 0.000000	 -0.000000	 0.000000	 -90.000000	 0.975418	 -0.000620	 0.975418	 -0.036447	 0.000000	 0.001358	 0.001358	 90.000000	 0.975417	 -0.000622	 0.975418	 -0.036533	 153424.753160	
427.855422	 1.000000	 0.000000	 -0.000000	 0.000000	 -90.000000	 0.975481	 -0.000542	 0.975481	 -0.031857	 0.000000	 0.001249	 0.001249	 90.000000	 0.975481	 -0.000542	 0.975481	 -0.031857	 153426.165265	
425.851406	 1.000000	 0.000000	 -0.000000	 0.000000	 -90.000000	 0.975470	 -0.000507	 0.975471	 -0.029802	 0.000000	 -0.000750	 0.000750	 -90.000000	 0.975470	 -0.000507	 0.975471	 -0.029802	 153427.594324	
423.847390	 1.000000	 0.000000	 -0.000000	 0.000000	 -90.000000	 0.975520	 -0.000464	 0.975520	 -0.027228	 0.000000	 0.002727	 0.002727	 90.000000	 0.975520	 -0.000464	 0.975520	 -0.027228	 153429.007720	
421.843373	 1.000000	 0.000000	 -0.000000	 0.000000	 -90.000000	 0.975590	 -0.000447	 0.975590	 -0.026260	 0.000000	 0.003059	 0.003059	 90.000000	 0.975591	 -0.000447	 0.975591	 -0.026226	 153430.436991	
419.839357	 1.000000	 0.000000	 -0.000000	 0.000000	 -90.000000	 0.975544	 -0.000393	 0.975544	 -0.023074	 0.000000	 0.001417	 0.001417	 90.000000	 0.975544	 -0.000393	 0.975544	 -0.023074	 153431.892073	
417.835341	 1.000000	 0.000000	 -0.000000	 0.000000	 -90.000000	 0.975632	 -0.000309	 0.975633	 -0.018144	 0.000000	 0.001336	 0.001336	 90.000000	 0.975632	 -0.000309	 0.975633	 -0.018144	 153433.331872	
415.831325	 1.000000	 0.000000	 -0.000000	 0.000000	 -90.000000	 0.975627	 -0.000267	 0.975627	 -0.015697	 0.000000	 0.001344	 0.001344	 90.000000	 0.975627	 -0.000267	 0.975627	 -0.015697	 153434.789646	
413.827309	 1.000000	 0.000000	 -0.000000	 0.000000	 -90.000000	 0.975652	 -0.000190	 0.975652	 -0.011177	 0.000000	 0.001299	 0.001299	 90.000000	 0.975652	 -0.000190	 0.975652	 -0.011177	 153436.224787	
411.823293	 1.000000	 0.000000	 -0.000000	 0.000000	 -90.000000	 0.975712	 -0.000138	 0.975712	 -0.008104	 0.000000	 -0.000226	 0.000226	 -90.000000	 0.975712	 -0.000138	 0.975712	 -0.008104	 153437.687384	
409.819277	 1.000000	 0.000000	 -0.000000	 0.000000	 -90.000000	 0.975735	 -0.000072	 0.975735	 -0.004216	 0.000000	 0.000951	 0.000951	 90.000000	 0.975735	 -0.000072	 0.975735	 -0.004216	 153439.134203	
407.815261	 1.000000	 0.000000	 -0.000000	 0.000000	 -90.000000	 0.975763	 -0.000042	 0.975763	 -0.002459	 0.000000	 0.001256	 0.001256	 90.000000	 0.975760	 -0.000044	 0.975760	 -0.002559	 153440.601336	
405.811245	 1.000000	 0.000000	 -0.000000	 0.000000	 -90.000000	 0.975802	 0.000036	 0.975802	 0.002136	 0.000000	 0.001938	 0.001938	 90.000000	 0.975802	 0.000036	 0.975802	 0.002136	 153442.027870	
403.807229	 1.000000	 0.000000	 -0.000000	 0.000000	 -90.000000	 0.975851	 0.000075	 0.975851	 0.004399	 0.000000	 0.001638	 0.001638	 90.000000	 0.975851	 0.000075	 0.975851	 0.004399	 153443.483776	
401.803213	 1.000000	 0.000000	 -0.000000	 0.000000	 -90.000000	 0.975914	 0.000147	 0.975914	 0.008630	 0.000000	 0.001338	 0.001338	 90.000000	 0.975914	 0.000147	 0.975914	 0.008630	 153444.908504	
399.799197	 1.000000	 0.000000	 -0.000000	 0.000000	 -90.000000	 0.975895	 0.000240	 0.975895	 0.014088	 0.000000	 0.001281	 0.001281	 90.000000	 0.975895	 0.000240	 0.975895	 0.014088	 153446.338648	
397.795181	 1.000000	 0.000000	 -0.000000	 0.000000	 -90.000000	 0.975909	 0.000283	 0.975909	 0.016635	 0.000000	 0.001285	 0.001285	 90.000000	 0.975909	 0.000283	 0.975909	 0.016635	 153447.760072	
395.791165	 1.000000	 0.000000	 -0.000000	 0.000000	 -90.000000	 0.975980	 0.000320	 0.975980	 0.018777	 0.000000	 0.001301	 0.001301	 90.000000	 0.975979	 0.000322	 0.975979	 0.018880	 153449.213271	
393.787149	 1.000000	 0.000000	 -0.000000	 0.000000	 -90.000000	 0.976034	 0.000393	 0.976034	 0.023052	 0.000000	 0.000987	 0.000987	 90.000000	 0.976034	 0.000393	 0.976034	 0.023052	 153450.658455	
391.783133	 1.000000	 0.000000	 -0.000000	 0.000000	 -90.000000	 0.976028	 0.000441	 0.976028	 0.025884	 0.000000	 -0.000148	 0.000148	 -90.000000	 0.976028	 0.000441	 0.976028	 0.025884	 153452.087140	
389.779116	 1.000000	 0.000000	 -0.000000	 0.000000	 -90.000000	 0.976112	 0.000527	 0.976112	 0.030939	 0.000000	 -0.003521	 0.003521	 -90.000000	 0.976112	 0.000527	 0.976112	 0.030939	 153453.582405	
387.775100	 1.000000	 0.000000	 -0.000000	 0.000000	 -90.000000	 0.976125	 0.000589	 0.976126	 0.034557	 0.000000	 -0.007939	 0.007939	 -90.000000	 0.976125	 0.000589	 0.976126	 0.034557	 153454.983590	
385.771084	 1.000000	 0.000000	 -0.000000	 0.000000	 -90.000000	 0.976183	 0.000644	 0.976183	 0.037805	 0.000000	 0.002893	 0.002893	 90.000000	 0.976181	 0.000644	 0.976181	 0.037813	 153456.436442	
383.767068	 1.000000	 0.000000	 -0.000000	 0.000000	 -90.000000	 0.976259	 0.000710	 0.976259	 0.041650	 0.000000	 0.001639	 0.001639	 90.000000	 0.976259	 0.000710	 0.976259	 0.041650	 153457.871447	
381.763052	 1.000000	 0.000000	 -0.000000	 0.000000	 -90.000000	 0.976224	 0.000793	 0.976224	 0.046549	 0.000000	 0.001293	 0.001293	 90.000000	 0.976223	 0.000793	 0.976223	 0.046527	 153459.319523	
379.759036	 1.000000	 0.000000	 -0.000000	 0.000000	 -90.000000	 0.976278	 0.000828	 0.976279	 0.048594	 0.000000	 0.001222	 0.001222	 90.000000	 0.976278	 0.000828	 0.976279	 0.048594	 153460.751964	
377.755020	 1.000000	 0.000000	 -0.000000	 0.000000	 -90.000000	 0.976353	 0.000913	 0.976353	 0.053559	 0.000000	 0.001182	 0.001182	 90.000000	 0.976357	 0.000911	 0.976358	 0.053486	 153462.175294	
375.751004	 1.000000	 0.000000	 -0.000000	 0.000000	 -90.000000	 0.976368	 0.000974	 0.976369	 0.057147	 0.000000	 0.001442	 0.001442	 90.000000	 0.976368	 0.000974	 0.976369	 0.057147	 153463.628936	
373.746988	 1.000000	 0.000000	 -0.000000	 0.000000	 -90.000000	 0.976390	 0.001077	 0.976391	 0.063179	 0.000000	 0.002872	 0.002872	 90.000000	 0.976390	 0.001077	 0.976391	 0.063179	 153465.062246	
371.742972	 1.000000	 0.000000	 -0.000000	 0.000000	 -90.000000	 0.976438	 0.001092	 0.976438	 0.064084	 0.000000	 0.000217	 0.000217	 90.000000	 0.976438	 0.001092	 0.976438	 0.064084	 153466.508253	
369.738956	 1.000000	 0.000000	 -0.000000	 0.000000	 -90.000000	 0.976480	 0.001221	 0.976481	 0.071650	 0.000000	 0.001481	 0.001481	 90.000000	 0.976481	 0.001224	 0.976482	 0.071843	 153467.937394	
367.734940	 1.000000	 0.000000	 -0.000000	 0.000000	 -90.000000	 0.976466	 0.001284	 0.976467	 0.075336	 0.000000	 0.001715	 0.001715	 90.000000	 0.976461	 0.001284	 0.976462	 0.075368	 153469.376493	
365.730924	 1.000000	 0.000000	 -0.000000	 0.000000	 -90.000000	 0.976523	 0.001379	 0.976524	 0.080931	 0.000000	 0.001461	 0.001461	 90.000000	 0.976523	 0.001383	 0.976524	 0.081137	 153470.806994	
363.726908	 1.000000	 0.000000	 -0.000000	 0.000000	 -90.000000	 0.976594	 0.001451	 0.976595	 0.085130	 0.000000	 0.001315	 0.001315	 90.000000	 0.976594	 0.001451	 0.976595	 0.085130	 153472.267460	
361.722892	 1.000000	 0.000000	 -0.000000	 0.000000	 -90.000000	 0.976588	 0.001423	 0.976589	 0.083502	 0.000000	 0.001279	 0.001279	 90.000000	 0.976588	 0.001423	 0.976589	 0.083502	 153473.698635	
359.718876	 1.000000	 0.000000	 -0.000000	 0.000000	 -90.000000	 0.976687	 0.001538	 0.976688	 0.090205	 0.000000	 0.001259	 0.001259	 90.000000	 0.976687	 0.001538	 0.976688	 0.090205	 153475.141673	
357.714859	 1.000000	 0.000000	 -0.000000	 0.000000	 -90.000000	 0.976949	 0.001641	 0.976951	 0.096241	 0.000000	 0.001263	 0.001263	 90.000000	 0.976949	 0.001641	 0.976951	 0.096241	 153476.565293	
355.710843	 1.000000	 0.000000	 -0.000000	 0.000000	 -90.000000	 0.977395	 0.001362	 0.977396	 0.079867	 0.000000	 0.001207	 0.001207	 90.000000	 0.977395	 0.001362	 0.977396	 0.079867	 153477.997907	
353.706827	 1.000000	 0.000000	 -0.000000	 0.000000	 -90.000000	 0.975819	 0.000736	 0.975819	 0.043244	 0.000000	 0.001251	 0.001251	 90.000000	 0.975819	 0.000736	 0.975819	 0.043244	 153479.420943	
351.702811	 1.000000	 0.000000	 -0.000000	 0.000000	 -90.000000	 0.978300	 0.003353	 0.978305	 0.196349	 0.000000	 0.000944	 0.000944	 90.000000	 0.978300	 0.003353	 0.978305	 0.196349	 153480.872291	
349.698795	 1.000000	 0.000000	 -0.000000	 0.000000	 -90.000000	 0.974673	 0.002605	 0.974677	 0.153124	 0.000000	 -0.000792	 0.000792	 -90.000000	 0.974686	 0.002646	 0.974690	 0.155543	 153482.308213	
347.694779	 1.000000	 0.000000	 -0.000000	 0.000000	 -90.000000	 0.976186	 0.000383	 0.976186	 0.022467	 0.000000	 -0.009133	 0.009133	 -90.000000	 0.976186	 0.000383	 0.976186	 0.022467	 153483.748067	
345.690763	 1.000000	 0.000000	 -0.000000	 0.000000	 -90.000000	 0.977258	 0.001206	 0.977259	 0.070726	 0.000000	 0.008308	 0.008308	 90.000000	 0.977149	 0.001125	 0.977150	 0.065937	 153485.175127	
343.686747	 1.000000	 0.000000	 -0.000000	 0.000000	 -90.000000	 0.976882	 0.001834	 0.976884	 0.107583	 0.000000	 0.003584	 0.003584	 90.000000	 0.976795	 0.001819	 0.976797	 0.106677	 153486.576950	
341.682731	 1.000000	 0.000000	 -0.000000	 0.000000	 -90.000000	 0.976887	 0.002184	 0.976889	 0.128090	 0.000000	 0.001416	 0.001416	 90.000000	 0.976887	 0.002184	 0.976889	 0.128090	 153488.020571	
339.678715	 1.000000	 0.000000	 -0.000000	 0.000000	 -90.000000	 0.976985	 0.002302	 0.976988	 0.135012	 0.000000	 0.001357	 0.001357	 90.000000	 0.976928	 0.002329	 0.976931	 0.136572	 153489.459263	
337.674699	 1.000000	 0.000000	 -0.000000	 0.000000	 -90.000000	 0.977022	 0.002432	 0.977025	 0.142610	 0.000000	 0.001211	 0.001211	 90.000000	 0.977022	 0.002432	 0.977025	 0.142610	 153490.893986	
335.670683	 1.000000	 0.000000	 -0.000000	 0.000000	 -90.000000	 0.977055	 0.002505	 0.977058	 0.146889	 0.000000	 0.001211	 0.001211	 90.000000	 0.977055	 0.002505	 0.977058	 0.146889	 153492.300926	
333.666667	 1.000000	 0.000000	 -0.000000	 0.000000	 -90.000000	 0.977126	 0.002603	 0.977129	 0.152626	 0.000000	 0.001136	 0.001136	 90.000000	 0.977126	 0.002603	 0.977129	 0.152626	 153493.742889	
331.662651	 1.000000	 0.000000	 -0.000000	 0.000000	 -90.000000	 0.977214	 0.002674	 0.977217	 0.156796	 0.000000	 0.000332	 0.000332	 90.000000	 0.977215	 0.002672	 0.977219	 0.156646	 153495.187029	
329.658635	 1.000000	 0.000000	 -0.000000	 0.000000	 -90.000000	 0.977189	 0.002768	 0.977193	 0.162282	 0.000000	 0.002715	 0.002715	 90.000000	 0.977189	 0.002768	 0.977193	 0.162282	 153496.609710	
327.654618	 1.000000	 0.000000	 -0.000000	 0.000000	 -90.000000	 0.977269	 0.002860	 0.977273	 0.167672	 0.000000	 0.000549	 0.000549	 90.000000	 0.977269	 0.002860	 0.977273	 0.167672	 153498.055076	
325.650602	 1.000000	 0.000000	 -0.000000	 0.000000	 -90.000000	 0.977297	 0.002935	 0.977302	 0.172048	 0.000000	 0.002219	 0.002219	 90.000000	 0.977297	 0.002935	 0.977301	 0.172090	 153499.463018	
323.646586	 1.000000	 0.000000	 -0.000000	 0.000000	 -90.000000	 0.977362	 0.003019	 0.977366	 0.176999	 0.000000	 0.001487	 0.001487	 90.000000	 0.977364	 0.003018	 0.977368	 0.176943	 153500.874657	
321.642570	 1.000000	 0.000000	 -0.000000	 0.000000	 -90.000000	 0.977347	 0.003144	 0.977352	 0.184314	 0.000000	 0.001445	 0.001445	 90.000000	 0.977347	 0.003144	 0.977352	 0.184314	 153502.316600	
319.638554	 1.000000	 0.000000	 -0.000000	 0.000000	 -90.000000	 0.977374	 0.003238	 0.977380	 0.189835	 0.000000	 0.001237	 0.001237	 90.000000	 0.977374	 0.003238	 0.977380	 0.189835	 153503.754783	
317.634538	 1.000000	 0.000000	 -0.000000	 0.000000	 -90.000000	 0.977387	 0.003312	 0.977393	 0.194154	 0.000000	 0.001210	 0.001210	 90.000000	 0.977387	 0.003312	 0.977393	 0.194154	 153505.170673	
315.630522	 1.000000	 0.000000	 -0.000000	 0.000000	 -90.000000	 0.977455	 0.003422	 0.977461	 0.200608	 0.000000	 0.001161	 0.001161	 90.000000	 0.977455	 0.003422	 0.977461	 0.200608	 153506.584869	
313.626506	 1.000000	 0.000000	 -0.000000	 0.000000	 -90.000000	 0.977494	 0.003525	 0.977501	 0.206645	 0.000000	 0.001153	 0.001153	 90.000000	 0.977494	 0.003525	 0.977501	 0.206645	 153508.046412	
311.622490	 1.000000	 0.000000	 -0.000000	 0.000000	 -90.000000	 0.977544	 0.003621	 0.977550	 0.212244	 0.000000	 0.001156	 0.001156	 90.000000	 0.977544	 0.003621	 0.977550	 0.212244	 153509.476304	
309.618474	 1.000000	 0.000000	 -0.000000	 0.000000	 -90.000000	 0.977562	 0.003708	 0.977569	 0.217319	 0.000000	 0.001182	 0.001182	 90.000000	 0.977560	 0.003705	 0.977567	 0.217127	 153510.896491	
307.614458	 1.000000	 0.000000	 -0.000000	 0.000000	 -90.000000	 0.977598	 0.003799	 0.977605	 0.222625	 0.000000	 0.001008	 0.001008	 90.000000	 0.977598	 0.003799	 0.977605	 0.222625	 153512.340128	
305.610442	 1.000000	 0.000000	 -0.000000	 0.000000	 -90.000000	 0.977622	 0.003855	 0.977630	 0.225954	 0.000000	 0.000516	 0.000516	 90.000000	 0.977622	 0.003855	 0.977630	 0.225954	 153513.765647	
303.606426	 1.000000	 0.000000	 -0.000000	 0.000000	 -90.000000	 0.977580	 0.003986	 0.977588	 0.233622	 0.000000	 -0.001853	 0.001853	 -90.000000	 0.977580	 0.003986	 0.977588	 0.233622	 153515.188285	
301.602410	 1.000000	 0.000000	 -0.000000	 0.000000	 -90.000000	 0.977771	 0.004289	 0.977780	 0.251312	 0.000000	 0.000062	 0.000062	 90.000000	 0.977771	 0.004289	 0.977780	 0.251312	 153516.623621	
299.598394	 1.000000	 0.000000	 -0.000000	 0.000000	 -90.000000	 0.977698	 0.004055	 0.977706	 0.237645	 0.000000	 0.001913	 0.001913	 90.000000	 0.977698	 0.004055	 0.977706	 0.237645	 153518.057379	
297.594378	 1.000000	 0.000000	 -0.000000	 0.000000	 -90.000000	 0.977912	 0.004406	 0.977922	 0.258162	 0.000000	 0.001654	 0.001654	 90.000000	 0.977912	 0.004406	 0.977922	 0.258162	 153519.488428	
295.590361	 1.000000	 0.000000	 -0.000000	 0.000000	 -90.000000	 0.977824	 0.004525	 0.977835	 0.265133	 0.000000	 0.001246	 0.001246	 90.000000	 0.977824	 0.004525	 0.977835	 0.265133	 153520.915122	
293.586345	 1.000000	 0.000000	 -0.000000	 0.000000	 -90.000000	 0.977855	 0.004566	 0.977865	 0.267560	 0.000000	 0.001136	 0.001136	 90.000000	 0.977855	 0.004566	 0.977865	 0.267560	 153522.353762	
291.582329	 1.000000	 0.000000	 -0.000000	 0.000000	 -90.000000	 0.977855	 0.004649	 0.977866	 0.272380	 0.000000	 0.001157	 0.001157	 90.000000	 0.977855	 0.004649	 0.977866	 0.272380	 153523.796384	
289.578313	 1.000000	 0.000000	 -0.000000	 0.000000	 -90.000000	 0.977923	 0.004788	 0.977935	 0.280516	 0.000000	 0.001086	 0.001086	 90.000000	 0.977923	 0.004788	 0.977935	 0.280516	 153525.243026	
287.574297	 1.000000	 0.000000	 -0.000000	 0.000000	 -90.000000	 0.978000	 0.004920	 0.978013	 0.288206	 0.000000	 0.000645	 0.000645	 90.000000	 0.978000	 0.004920	 0.978013	 0.288206	 153526.659829	
285.570281	 1.000000	 0.000000	 -0.000000	 0.000000	 -90.000000	 0.978012	 0.005014	 0.978025	 0.293757	 0.000000	 0.000736	 0.000736	 90.000000	 0.978012	 0.005014	 0.978025	 0.293757	 153528.095906	
283.566265	 1.000000	 0.000000	 -0.000000	 0.000000	 -90.000000	 0.978073	 0.005123	 0.978086	 0.300128	 0.000000	 -0.003019	 0.003019	 -90.000000	 0.978073	 0.005123	 0.978086	 0.300128	 153529.547870	
281.562249	 1.000000	 0.000000	 -0.000000	 0.000000	 -90.000000	 0.978072	 0.005264	 0.978086	 0.308357	 0.000000	 0.003799	 0.003799	 90.000000	 0.978071	 0.005263	 0.978085	 0.308322	 153530.979146	
279.558233	 1.000000	 0.000000	 -0.000000	 0.000000	 -90.000000	 0.978088	 0.005378	 0.978103	 0.315025	 0.000000	 0.002220	 0.002220	 90.000000	 0.978088	 0.005378	 0.978103	 0.315025	 153532.393058	
277.554217	 1.000000	 0.000000	 -0.000000	 0.000000	 -90.000000	 0.978130	 0.005503	 0.978145	 0.322324	 0.000000	 0.001394	 0.001394	 90.000000	 0.978130	 0.005501	 0.978146	 0.322252	 153533.820148	
275.550201	 1.000000	 0.000000	 -0.000000	 0.000000	 -90.000000	 0.978214	 0.005602	 0.978230	 0.328108	 0.000000	 0.001215	 0.001215	 90.000000	 0.978213	 0.005602	 0.978229	 0.328143	 153535.765406	
273.546185	 1.000000	 0.000000	 -0.000000	 0.000000	 -90.000000	 0.978263	 0.005735	 0.978279	 0.335868	 0.000000	 0.001183	 0.001183	 90.000000	 0.978263	 0.005735	 0.978279	 0.335868	 153537.200365	
271.542169	 1.000000	 0.000000	 -0.000000	 0.000000	 -90.000000	 0.978300	 0.005872	 0.978317	 0.343888	 0.000000	 0.001143	 0.001143	 90.000000	 0.978300	 0.005872	 0.978317	 0.343888	 153538.665390	
269.538153	 1.000000	 0.000000	 -0.000000	 0.000000	 -90.000000	 0.978325	 0.006017	 0.978344	 0.352358	 0.000000	 0.001130	 0.001130	 90.000000	 0.978325	 0.006017	 0.978344	 0.352358	 153540.118018	
267.534137	 1.000000	 0.000000	 -0.000000	 0.000000	 -90.000000	 0.978333	 0.006117	 0.978352	 0.358212	 0.000000	 0.001140	 0.001140	 90.000000	 0.978333	 0.006116	 0.978352	 0.358151	 153541.604362	
265.530120	 1.000000	 0.000000	 -0.000000	 0.000000	 -90.000000	 0.978367	 0.006275	 0.978388	 0.367474	 0.000000	 0.001125	 0.001125	 90.000000	 0.978367	 0.006275	 0.978388	 0.367474	 153543.036390	
263.526104	 1.000000	 0.000000	 -0.000000	 0.000000	 -90.000000	 0.978416	 0.006438	 0.978437	 0.377012	 0.000000	 0.000937	 0.000937	 90.000000	 0.978416	 0.006438	 0.978437	 0.377012	 153544.479243	
261.522088	 1.000000	 0.000000	 -0.000000	 0.000000	 -90.000000	 0.978455	 0.006576	 0.978477	 0.385079	 0.000000	 0.000855	 0.000855	 90.000000	 0.978455	 0.006576	 0.978477	 0.385079	 153545.916787	
259.518072	 1.000000	 0.000000	 -0.000000	 0.000000	 -90.000000	 0.978409	 0.006537	 0.978431	 0.382791	 0.000000	 0.000994	 0.000994	 90.000000	 0.978431	 0.006484	 0.978452	 0.379685	 153547.367613	
257.514056	 1.000000	 0.000000	 -0.000000	 0.000000	 -90.000000	 0.978662	 0.006400	 0.978683	 0.374688	 0.000000	 0.001518	 0.001518	 90.000000	 0.978769	 0.006384	 0.978790	 0.373716	 153548.791464	
255.510040	 1.000000	 0.000000	 -0.000000	 0.000000	 -90.000000	 0.978526	 0.005921	 0.978544	 0.346697	 0.000000	 0.005068	 0.005068	 90.000000	 0.978526	 0.005921	 0.978544	 0.346697	 153550.256021	
253.506024	 1.000000	 0.000000	 -0.000000	 0.000000	 -90.000000	 0.976581	 0.007412	 0.976609	 0.434879	 0.000000	 0.001543	 0.001543	 90.000000	 0.976511	 0.007220	 0.976537	 0.423612	 153551.679170	
251.502008	 1.000000	 0.000000	 -0.000000	 0.000000	 -90.000000	 0.980478	 0.009659	 0.980525	 0.564406	 0.000000	 0.001600	 0.001600	 90.000000	 0.980437	 0.009693	 0.980485	 0.566447	 153553.120068	
249.497992	 1.000000	 0.000000	 -0.000000	 0.000000	 -90.000000	 0.977856	 0.004259	 0.977866	 0.249576	 0.000000	 0.001281	 0.001281	 90.000000	 0.977856	 0.004259	 0.977866	 0.249576	 153554.557290	
247.493976	 1.000000	 0.000000	 -0.000000	 0.000000	 -90.000000	 0.979854	 0.009567	 0.979901	 0.559416	 0.000000	 0.001181	 0.001181	 90.000000	 0.979854	 0.009567	 0.979901	 0.559416	 153555.983639	
245.489960	 1.000000	 0.000000	 -0.000000	 0.000000	 -90.000000	 0.977567	 0.006910	 0.977591	 0.404976	 0.000000	 0.001080	 0.001080	 90.000000	 0.977567	 0.006910	 0.977591	 0.404976	 153557.460887	
243.485944	 1.000000	 0.000000	 -0.000000	 0.000000	 -90.000000	 0.979066	 0.007417	 0.979094	 0.434016	 0.000000	 0.000766	 0.000766	 90.000000	 0.979011	 0.007303	 0.979038	 0.427388	 153558.903970	
241.481928	 1.000000	 0.000000	 -0.000000	 0.000000	 -90.000000	 0.978979	 0.008085	 0.979013	 0.473201	 0.000000	 -0.002397	 0.002397	 -90.000000	 0.978979	 0.008085	 0.979013	 0.473201	 153560.325383	
239.477912	 1.000000	 0.000000	 -0.000000	 0.000000	 -90.000000	 0.978832	 0.008237	 0.978867	 0.482134	 0.000000	 0.003741	 0.003741	 90.000000	 0.978832	 0.008237	 0.978867	 0.482134	 153561.771623	
237.473896	 1.000000	 0.000000	 -0.000000	 0.000000	 -90.000000	 0.978781	 0.008359	 0.978817	 0.489300	 0.000000	 0.002410	 0.002410	 90.000000	 0.978789	 0.008365	 0.978824	 0.489668	 153563.197470	
235.469880	 1.000000	 0.000000	 -0.000000	 0.000000	 -90.000000	 0.978780	 0.008465	 0.978817	 0.495509	 0.000000	 0.004293	 0.004293	 90.000000	 0.978780	 0.008465	 0.978817	 0.495509	 153564.636536	
233.465863	 1.000000	 0.000000	 -0.000000	 0.000000	 -90.000000	 0.978857	 0.008614	 0.978895	 0.504188	 0.000000	 0.001756	 0.001756	 90.000000	 0.978865	 0.008611	 0.978903	 0.504041	 153566.081909	
231.461847	 1.000000	 0.000000	 -0.000000	 0.000000	 -90.000000	 0.978940	 0.008822	 0.978980	 0.516301	 0.000000	 0.001440	 0.001440	 90.000000	 0.978940	 0.008822	 0.978980	 0.516301	 153567.523487	
229.457831	 1.000000	 0.000000	 -0.000000	 0.000000	 -90.000000	 0.978952	 0.009029	 0.978994	 0.528441	 0.000000	 0.001221	 0.001221	 90.000000	 0.978952	 0.009029	 0.978994	 0.528441	 153568.966074	
227.453815	 1.000000	 0.000000	 -0.000000	 0.000000	 -90.000000	 0.978961	 0.009141	 0.979004	 0.534980	 0.000000	 0.001065	 0.001065	 90.000000	 0.978961	 0.009141	 0.979004	 0.534980	 153570.443906	
225.449799	 1.000000	 0.000000	 -0.000000	 0.000000	 -90.000000	 0.978940	 0.009386	 0.978985	 0.549338	 0.000000	 -0.000018	 0.000018	 -90.000000	 0.978940	 0.009386	 0.978985	 0.549338	 153571.904925	
223.445783	 1.000000	 0.000000	 -0.000000	 0.000000	 -90.000000	 0.978945	 0.009575	 0.978992	 0.560385	 0.000000	 -0.004638	 0.004638	 -90.000000	 0.978945	 0.009575	 0.978992	 0.560385	 153573.359364	
221.441767	 1.000000	 0.000000	 -0.000000	 0.000000	 -90.000000	 0.979108	 0.009730	 0.979156	 0.569381	 0.000000	 0.002419	 0.002419	 90.000000	 0.979108	 0.009730	 0.979156	 0.569381	 153574.796726	
219.437751	 1.000000	 0.000000	 -0.000000	 0.000000	 -90.000000	 0.979098	 0.009859	 0.979148	 0.576936	 0.000000	 0.000709	 0.000709	 90.000000	 0.979102	 0.009857	 0.979152	 0.576819	 153576.220188	
217.433735	 1.000000	 0.000000	 -0.000000	 0.000000	 -90.000000	 0.979172	 0.010020	 0.979223	 0.586276	 0.000000	 -0.001089	 0.001089	 -90.000000	 0.979172	 0.010020	 0.979223	 0.586276	 153577.662372	
215.429719	 1.000000	 0.000000	 -0.000000	 0.000000	 -90.000000	 0.979122	 0.010323	 0.979177	 0.604060	 0.000000	 0.003334	 0.003334	 90.000000	 0.979118	 0.010324	 0.979173	 0.604102	 153579.081947	
213.425703	 1.000000	 0.000000	 -0.000000	 0.000000	 -90.000000	 0.979159	 0.010515	 0.979216	 0.615239	 0.000000	 0.001571	 0.001571	 90.000000	 0.979159	 0.010515	 0.979216	 0.615239	 153580.507710	
211.421687	 1.000000	 0.000000	 -0.000000	 0.000000	 -90.000000	 0.979231	 0.010657	 0.979289	 0.623529	 0.000000	 0.001084	 0.001084	 90.000000	 0.979231	 0.010657	 0.979289	 0.623529	 153581.910524	
209.417671	 1.000000	 0.000000	 -0.000000	 0.000000	 -90.000000	 0.979259	 0.010866	 0.979319	 0.635733	 0.000000	 0.001013	 0.001013	 90.000000	 0.979258	 0.010860	 0.979319	 0.635381	 153583.340978	
207.413655	 1.000000	 0.000000	 -0.000000	 0.000000	 -90.000000	 0.979198	 0.011070	 0.979261	 0.647702	 0.000000	 0.001016	 0.001016	 90.000000	 0.979198	 0.011070	 0.979261	 0.647702	 153584.793140	
205.409639	 1.000000	 0.000000	 -0.000000	 0.000000	 -90.000000	 0.979167	 0.011279	 0.979232	 0.659977	 0.000000	 0.001041	 0.001041	 90.000000	 0.979167	 0.011279	 0.979232	 0.659977	 153586.284866	
203.405622	 1.000000	 0.000000	 -0.000000	 0.000000	 -90.000000	 0.979204	 0.011642	 0.979273	 0.681198	 0.000000	 0.000999	 0.000999	 90.000000	 0.979171	 0.011618	 0.979240	 0.679766	 153587.696408	
201.401606	 1.000000	 0.000000	 -0.000000	 0.000000	 -90.000000	 0.979394	 0.012033	 0.979468	 0.703921	 0.000000	 0.001031	 0.001031	 90.000000	 0.979394	 0.012033	 0.979468	 0.703921	 153589.118600	
199.397590	 1.000000	 0.000000	 -0.000000	 0.000000	 -90.000000	 0.979665	 0.011750	 0.979735	 0.687140	 0.000000	 0.001046	 0.001046	 90.000000	 0.979664	 0.011746	 0.979734	 0.686959	 153590.570790	
197.393574	 1.000000	 0.000000	 -0.000000	 0.000000	 -90.000000	 0.979208	 0.012175	 0.979284	 0.712330	 0.000000	 0.001026	 0.001026	 90.000000	 0.979208	 0.012175	 0.979284	 0.712330	 153592.001038	
195.389558	 1.000000	 0.000000	 -0.000000	 0.000000	 -90.000000	 0.979559	 0.012349	 0.979637	 0.722298	 0.000000	 0.001014	 0.001014	 90.000000	 0.979559	 0.012349	 0.979637	 0.722298	 153593.469754	
193.385542	 1.000000	 0.000000	 -0.000000	 0.000000	 -90.000000	 0.979455	 0.012654	 0.979537	 0.740174	 0.000000	 0.001075	 0.001075	 90.000000	 0.979455	 0.012654	 0.979537	 0.740174	 153594.919413	
191.381526	 1.000000	 0.000000	 -0.000000	 0.000000	 -90.000000	 0.979525	 0.012830	 0.979609	 0.750404	 0.000000	 0.001066	 0.001066	 90.000000	 0.979525	 0.012830	 0.979609	 0.750404	 153596.342762	
189.377510	 1.000000	 0.000000	 -0.000000	 0.000000	 -90.000000	 0.979537	 0.013131	 0.979625	 0.768042	 0.000000	 0.001105	 0.001105	 90.000000	 0.979537	 0.013131	 0.979625	 0.768042	 153597.782137	
187.373494	 1.000000	 0.000000	 -0.000000	 0.000000	 -90.000000	 0.979547	 0.013407	 0.979639	 0.784126	 0.000000	 0.001060	 0.001060	 90.000000	 0.979547	 0.013407	 0.979639	 0.784126	 153599.200981	
185.369478	 1.000000	 0.000000	 -0.000000	 0.000000	 -90.000000	 0.979581	 0.013655	 0.979676	 0.798653	 0.000000	 0.001084	 0.001084	 90.000000	 0.979581	 0.013655	 0.979676	 0.798653	 153600.638630	
183.365462	 1.000000	 0.000000	 -0.000000	 0.000000	 -90.000000	 0.979576	 0.013855	 0.979674	 0.810355	 0.000000	 0.001049	 0.001049	 90.000000	 0.979576	 0.013855	 0.979674	 0.810355	 153602.090948	
181.361446	 1.000000	 0.000000	 -0.000000	 0.000000	 -90.000000	 0.979661	 0.014104	 0.979762	 0.824813	 0.000000	 0.001038	 0.001038	 90.000000	 0.979661	 0.014104	 0.979762	 0.824813	 153603.515081	
179.357430	 1.000000	 0.000000	 -0.000000	 0.000000	 -90.000000	 0.979618	 0.014340	 0.979723	 0.838672	 0.000000	 0.001022	 0.001022	 90.000000	 0.979621	 0.014344	 0.979726	 0.838902	 153604.920844	
177.353414	 1.000000	 0.000000	 -0.000000	 0.000000	 -90.000000	 0.979721	 0.014573	 0.979830	 0.852179	 0.000000	 0.001002	 0.001002	 90.000000	 0.979721	 0.014569	 0.979830	 0.851968	 153606.363790	
175.349398	 1.000000	 0.000000	 -0.000000	 0.000000	 -90.000000	 0.979703	 0.014939	 0.979817	 0.873581	 0.000000	 0.001056	 0.001056	 90.000000	 0.979693	 0.014938	 0.979807	 0.873538	 153607.775902	
173.345382	 1.000000	 0.000000	 -0.000000	 0.000000	 -90.000000	 0.979710	 0.015164	 0.979827	 0.886735	 0.000000	 0.001049	 0.001049	 90.000000	 0.979710	 0.015164	 0.979827	 0.886735	 153609.223383	
171.341365	 1.000000	 0.000000	 -0.000000	 0.000000	 -90.000000	 0.979812	 0.015479	 0.979934	 0.905065	 0.000000	 0.001059	 0.001059	 90.000000	 0.979812	 0.015479	 0.979934	 0.905065	 153610.679028	
169.337349	 1.000000	 0.000000	 -0.000000	 0.000000	 -90.000000	 0.979777	 0.015712	 0.979903	 0.918726	 0.000000	 0.001062	 0.001062	 90.000000	 0.979777	 0.015712	 0.979903	 0.918726	 153612.114235	
167.333333	 1.000000	 0.000000	 -0.000000	 0.000000	 -90.000000	 0.979792	 0.016115	 0.979924	 0.942295	 0.000000	 0.001071	 0.001071	 90.000000	 0.979792	 0.016115	 0.979924	 0.942295	 153613.556028	
165.329317	 1.000000	 0.000000	 -0.000000	 0.000000	 -90.000000	 0.979816	 0.016406	 0.979953	 0.959258	 0.000000	 0.001121	 0.001121	 90.000000	 0.979816	 0.016406	 0.979953	 0.959258	 153615.001332	
163.325301	 1.000000	 0.000000	 -0.000000	 0.000000	 -90.000000	 0.979740	 0.016746	 0.979883	 0.979240	 0.000000	 0.001086	 0.001086	 90.000000	 0.979740	 0.016746	 0.979883	 0.979240	 153616.420249	
161.321285	 1.000000	 0.000000	 -0.000000	 0.000000	 -90.000000	 0.979903	 0.017095	 0.980052	 0.999466	 0.000000	 0.001073	 0.001073	 90.000000	 0.979903	 0.017095	 0.980052	 0.999466	 153617.867445	
159.317269	 1.000000	 0.000000	 -0.000000	 0.000000	 -90.000000	 0.979689	 0.017474	 0.979845	 1.021842	 0.000000	 0.001055	 0.001055	 90.000000	 0.979639	 0.017420	 0.979794	 1.018715	 153619.303881	
157.313253	 1.000000	 0.000000	 -0.000000	 0.000000	 -90.000000	 0.979696	 0.017350	 0.979849	 1.014550	 0.000000	 0.001084	 0.001084	 90.000000	 0.979696	 0.017350	 0.979849	 1.014550	 153620.745121	
155.309237	 1.000000	 0.000000	 -0.000000	 0.000000	 -90.000000	 0.980133	 0.017101	 0.980282	 0.999560	 0.000000	 0.001019	 0.001019	 90.000000	 0.980133	 0.017101	 0.980282	 0.999560	 153622.178616	
153.305221	 1.000000	 0.000000	 -0.000000	 0.000000	 -90.000000	 0.980524	 0.016599	 0.980665	 0.969868	 0.000000	 0.001025	 0.001025	 90.000000	 0.980524	 0.016599	 0.980665	 0.969868	 153623.638467	
151.301205	 1.000000	 0.000000	 -0.000000	 0.000000	 -90.000000	 0.977132	 0.019073	 0.977318	 1.118215	 0.000000	 0.000372	 0.000372	 90.000000	 0.977132	 0.019073	 0.977318	 1.118215	 153625.092486	
149.297189	 1.000000	 0.000000	 -0.000000	 0.000000	 -90.000000	 0.982362	 0.020656	 0.982579	 1.204563	 0.000000	 -0.007463	 0.007463	 -90.000000	 0.982362	 0.020656	 0.982579	 1.204563	 153626.532938	
147.293173	 1.000000	 0.000000	 -0.000000	 0.000000	 -90.000000	 0.978336	 0.018038	 0.978502	 1.056246	 0.000000	 0.004034	 0.004034	 90.000000	 0.978336	 0.018038	 0.978502	 1.056246	 153627.981234	
145.289157	 1.000000	 0.000000	 -0.000000	 0.000000	 -90.000000	 0.980908	 0.020470	 0.981122	 1.195527	 0.000000	 0.004482	 0.004482	 90.000000	 0.981025	 0.020344	 0.981236	 1.188017	 153629.422162	
143.285141	 1.000000	 0.000000	 -0.000000	 0.000000	 -90.000000	 0.979414	 0.020625	 0.979631	 1.206406	 0.000000	 0.002929	 0.002929	 90.000000	 0.979450	 0.020736	 0.979669	 1.212849	 153630.853230	
141.281124	 1.000000	 0.000000	 -0.000000	 0.000000	 -90.000000	 0.979896	 0.020575	 0.980112	 1.202867	 0.000000	 0.001232	 0.001232	 90.000000	 0.979896	 0.020575	 0.980112	 1.202867	 153632.296470	
139.277108	 1.000000	 0.000000	 -0.000000	 0.000000	 -90.000000	 0.979953	 0.021088	 0.980180	 1.232789	 0.000000	 0.001138	 0.001138	 90.000000	 0.979953	 0.021088	 0.980180	 1.232789	 153633.748806	
137.273092	 1.000000	 0.000000	 -0.000000	 0.000000	 -90.000000	 0.979886	 0.021615	 0.980124	 1.263660	 0.000000	 0.001162	 0.001162	 90.000000	 0.979886	 0.021615	 0.980124	 1.263660	 153635.210506	
135.269076	 1.000000	 0.000000	 -0.000000	 0.000000	 -90.000000	 0.979886	 0.022080	 0.980135	 1.290855	 0.000000	 -0.001141	 0.001141	 -90.000000	 0.979886	 0.022080	 0.980135	 1.290855	 153636.716038	
133.265060	 1.000000	 0.000000	 -0.000000	 0.000000	 -90.000000	 0.979913	 0.022502	 0.980171	 1.315441	 0.000000	 0.001000	 0.001000	 90.000000	 0.979913	 0.022502	 0.980171	 1.315441	 153638.132344	
131.261044	 1.000000	 0.000000	 -0.000000	 0.000000	 -90.000000	 0.979886	 0.022976	 0.980155	 1.343212	 0.000000	 0.000865	 0.000865	 90.000000	 0.979886	 0.022976	 0.980155	 1.343212	 153639.587622	
129.257028	 1.000000	 0.000000	 -0.000000	 0.000000	 -90.000000	 0.979801	 0.023350	 0.980079	 1.365165	 0.000000	 0.001772	 0.001772	 90.000000	 0.979801	 0.023350	 0.980079	 1.365165	 153641.022783	
127.253012	 1.000000	 0.000000	 -0.000000	 0.000000	 -90.000000	 0.979961	 0.023845	 0.980251	 1.393906	 0.000000	 0.000980	 0.000980	 90.000000	 0.979961	 0.023845	 0.980251	 1.393906	 153642.488567	
125.248996	 1.000000	 0.000000	 -0.000000	 0.000000	 -90.000000	 0.979745	 0.024284	 0.980046	 1.419854	 0.000000	 0.000116	 0.000116	 90.000000	 0.979745	 0.024284	 0.980046	 1.419854	 153643.956867	
123.244980	 1.000000	 0.000000	 -0.000000	 0.000000	 -90.000000	 0.979794	 0.025072	 0.980115	 1.465836	 0.000000	 0.001265	 0.001265	 90.000000	 0.979794	 0.025072	 0.980115	 1.465836	 153645.400664	
121.240964	 1.000000	 0.000000	 -0.000000	 0.000000	 -90.000000	 0.979965	 0.025428	 0.980295	 1.486378	 0.000000	 0.001229	 0.001229	 90.000000	 0.979965	 0.025428	 0.980295	 1.486378	 153646.847549	
119.236948	 1.000000	 0.000000	 -0.000000	 0.000000	 -90.000000	 0.979774	 0.026074	 0.980121	 1.524420	 0.000000	 0.001164	 0.001164	 90.000000	 0.979774	 0.026074	 0.980121	 1.524420	 153648.298675	
117.232932	 1.000000	 0.000000	 -0.000000	 0.000000	 -90.000000	 0.979778	 0.026633	 0.980139	 1.557058	 0.000000	 0.001071	 0.001071	 90.000000	 0.979781	 0.026633	 0.980143	 1.557045	 153649.791141	
115.228916	 1.000000	 0.000000	 -0.000000	 0.000000	 -90.000000	 0.979699	 0.027185	 0.980076	 1.589469	 0.000000	 0.001062	 0.001062	 90.000000	 0.979699	 0.027185	 0.980076	 1.589469	 153651.217919	
113.224900	 1.000000	 0.000000	 -0.000000	 0.000000	 -90.000000	 0.979720	 0.027793	 0.980115	 1.624932	 0.000000	 0.001029	 0.001029	 90.000000	 0.979720	 0.027793	 0.980115	 1.624932	 153652.671625	
111.220884	 1.000000	 0.000000	 -0.000000	 0.000000	 -90.000000	 0.979673	 0.028385	 0.980084	 1.659640	 0.000000	 0.000980	 0.000980	 90.000000	 0.979673	 0.028385	 0.980084	 1.659640	 153654.111439	
109.216867	 1.000000	 0.000000	 -0.000000	 0.000000	 -90.000000	 0.979595	 0.029057	 0.980026	 1.699040	 0.000000	 0.001021	 0.001021	 90.000000	 0.979595	 0.029057	 0.980026	 1.699040	 153655.556442	
107.212851	 1.000000	 0.000000	 -0.000000	 0.000000	 -90.000000	 0.979553	 0.029677	 0.980002	 1.735357	 0.000000	 0.001059	 0.001059	 90.000000	 0.979553	 0.029677	 0.980002	 1.735357	 153656.998574	
105.208835	 1.000000	 0.000000	 -0.000000	 0.000000	 -90.000000	 0.979665	 0.030374	 0.980136	 1.775876	 0.000000	 0.001031	 0.001031	 90.000000	 0.979665	 0.030374	 0.980136	 1.775876	 153658.423654	
103.204819	 1.000000	 0.000000	 -0.000000	 0.000000	 -90.000000	 0.979739	 0.031000	 0.980229	 1.812286	 0.000000	 0.001147	 0.001147	 90.000000	 0.979739	 0.031000	 0.980229	 1.812286	 153659.884439	
101.200803	 1.000000	 0.000000	 -0.000000	 0.000000	 -90.000000	 0.979532	 0.031461	 0.980037	 1.839609	 0.000000	 0.001476	 0.001476	 90.000000	 0.979532	 0.031461	 0.980037	 1.839609	 153661.313940	
99.196787	 1.000000	 0.000000	 -0.000000	 0.000000	 -90.000000	 0.978911	 0.032496	 0.979450	 1.901273	 0.000000	 0.001345	 0.001345	 90.000000	 0.978911	 0.032496	 0.979450	 1.901273	 153662.758175	
97.192771	 1.000000	 0.000000	 -0.000000	 0.000000	 -90.000000	 0.979294	 0.033801	 0.979877	 1.976843	 0.000000	 0.000661	 0.000661	 90.000000	 0.979294	 0.033801	 0.979877	 1.976843	 153664.202674	
95.188755	 1.000000	 0.000000	 -0.000000	 0.000000	 -90.000000	 0.979215	 0.034140	 0.979810	 1.996819	 0.000000	 0.001206	 0.001206	 90.000000	 0.979215	 0.034140	 0.979810	 1.996819	 153665.676032	
93.184739	 1.000000	 0.000000	 -0.000000	 0.000000	 -90.000000	 0.979069	 0.035242	 0.979704	 2.061506	 0.000000	 0.000960	 0.000960	 90.000000	 0.979069	 0.035242	 0.979704	 2.061506	 153667.116284	
91.180723	 1.000000	 0.000000	 -0.000000	 0.000000	 -90.000000	 0.979015	 0.036071	 0.979680	 2.110076	 0.000000	 0.001079	 0.001079	 90.000000	 0.979015	 0.036071	 0.979680	 2.110076	 153668.592455	
89.176707	 1.000000	 0.000000	 -0.000000	 0.000000	 -90.000000	 0.978877	 0.037023	 0.979577	 2.166008	 0.000000	 0.001032	 0.001032	 90.000000	 0.978877	 0.037023	 0.979577	 2.166008	 153670.028946	
87.172691	 1.000000	 0.000000	 -0.000000	 0.000000	 -90.000000	 0.978872	 0.037990	 0.979609	 2.222519	 0.000000	 0.001074	 0.001074	 90.000000	 0.978864	 0.038000	 0.979601	 2.223122	 153671.477520	
85.168675	 1.000000	 0.000000	 -0.000000	 0.000000	 -90.000000	 0.978652	 0.038975	 0.979428	 2.280633	 0.000000	 0.001101	 0.001101	 90.000000	 0.978652	 0.038975	 0.979428	 2.280633	 153672.935987	
83.164659	 1.000000	 0.000000	 -0.000000	 0.000000	 -90.000000	 0.978680	 0.040125	 0.979502	 2.347782	 0.000000	 0.001001	 0.001001	 90.000000	 0.978680	 0.040125	 0.979502	 2.347782	 153674.363613	
81.160643	 1.000000	 0.000000	 -0.000000	 0.000000	 -90.000000	 0.978250	 0.041210	 0.979117	 2.412215	 0.000000	 0.001059	 0.001059	 90.000000	 0.978250	 0.041210	 0.979117	 2.412215	 153675.801874	
79.156627	 1.000000	 0.000000	 -0.000000	 0.000000	 -90.000000	 0.978386	 0.042503	 0.979309	 2.487461	 0.000000	 0.001060	 0.001060	 90.000000	 0.978386	 0.042503	 0.979309	 2.487461	 153677.239343	
77.152610	 1.000000	 0.000000	 -0.000000	 0.000000	 -90.000000	 0.977671	 0.043490	 0.978638	 2.547033	 0.000000	 0.001053	 0.001053	 90.000000	 0.977671	 0.043490	 0.978638	 2.547033	 153678.665391	
75.148594	 1.000000	 0.000000	 -0.000000	 0.000000	 -90.000000	 0.977926	 0.044909	 0.978957	 2.629303	 0.000000	 0.000918	 0.000918	 90.000000	 0.977926	 0.044909	 0.978957	 2.629303	 153680.107837	
73.144578	 1.000000	 0.000000	 -0.000000	 0.000000	 -90.000000	 0.977776	 0.046544	 0.978883	 2.725336	 0.000000	 0.000990	 0.000990	 90.000000	 0.977776	 0.046544	 0.978883	 2.725336	 153681.538090	
71.140562	 1.000000	 0.000000	 -0.000000	 0.000000	 -90.000000	 0.977384	 0.047296	 0.978528	 2.770375	 0.000000	 0.001083	 0.001083	 90.000000	 0.977417	 0.047312	 0.978561	 2.771275	 153683.004841	
69.136546	 1.000000	 0.000000	 -0.000000	 0.000000	 -90.000000	 0.977549	 0.049172	 0.978785	 2.879610	 0.000000	 0.001038	 0.001038	 90.000000	 0.977549	 0.049172	 0.978785	 2.879610	 153684.437142	
67.132530	 1.000000	 0.000000	 -0.000000	 0.000000	 -90.000000	 0.976390	 0.050688	 0.977705	 2.971766	 0.000000	 0.001115	 0.001115	 90.000000	 0.976390	 0.050688	 0.977705	 2.971766	 153685.880568	
65.128514	 1.000000	 0.000000	 -0.000000	 0.000000	 -90.000000	 0.976971	 0.051923	 0.978350	 3.042255	 0.000000	 0.001114	 0.001114	 90.000000	 0.976971	 0.051923	 0.978350	 3.042255	 153687.330361	
63.124498	 1.000000	 0.000000	 -0.000000	 0.000000	 -90.000000	 0.976920	 0.053306	 0.978373	 3.123268	 0.000000	 0.001117	 0.001117	 90.000000	 0.976920	 0.053306	 0.978373	 3.123268	 153688.748426	
61.120482	 1.000000	 0.000000	 -0.000000	 0.000000	 -90.000000	 0.974315	 0.056821	 0.975970	 3.337627	 0.000000	 0.001142	 0.001142	 90.000000	 0.974315	 0.056821	 0.975970	 3.337627	 153690.215468	
59.116466	 1.000000	 0.000000	 -0.000000	 0.000000	 -90.000000	 0.982332	 0.050386	 0.983623	 2.936263	 0.000000	 0.001058	 0.001058	 90.000000	 0.982332	 0.050386	 0.983623	 2.936263	 153691.683415	
57.112450	 1.000000	 0.000000	 -0.000000	 0.000000	 -90.000000	 0.985684	 0.080978	 0.989004	 4.696560	 0.000000	 0.001080	 0.001080	 90.000000	 0.981923	 0.085490	 0.985637	 4.975834	 153693.101398	
55.108434	 1.000000	 0.000000	 -0.000000	 0.000000	 -90.000000	 0.920060	 0.038444	 0.920862	 2.392664	 0.000000	 0.001091	 0.001091	 90.000000	 0.920060	 0.038444	 0.920862	 2.392664	 153694.529568	
53.104418	 1.000000	 0.000000	 -0.000000	 0.000000	 -90.000000	 0.917432	 -0.028950	 0.917888	 -1.807415	 0.000000	 0.001073	 0.001073	 90.000000	 0.924983	 -0.035562	 0.925666	 -2.201688	 153695.980100	
51.100402	 1.000000	 0.000000	 -0.000000	 0.000000	 -90.000000	 0.851967	 -0.033282	 0.852617	 -2.237090	 0.000000	 0.001162	 0.001162	 90.000000	 0.857804	 -0.040939	 0.858780	 -2.732385	 153697.428689	
49.096386	 1.000000	 0.000000	 -0.000000	 0.000000	 -90.000000	 0.814873	 0.096186	 0.820530	 6.731961	 0.000000	 0.001088	 0.001088	 90.000000	 0.814873	 0.096186	 0.820530	 6.731961	 153698.846524	
47.092369	 1.000000	 0.000000	 -0.000000	 0.000000	 -90.000000	 1.010257	 0.181685	 1.026464	 10.195104	 0.000000	 0.001134	 0.001134	 90.000000	 1.010257	 0.181685	 1.026464	 10.195104	 153700.281160	
45.088353	 1.000000	 0.000000	 -0.000000	 0.000000	 -90.000000	 0.981721	 0.013280	 0.981811	 0.774997	 0.000000	 0.001359	 0.001359	 90.000000	 0.981721	 0.013280	 0.981811	 0.774997	 153701.701232	
43.084337	 1.000000	 0.000000	 -0.000000	 0.000000	 -90.000000	 0.948409	 0.093398	 0.952996	 5.624248	 0.000000	 0.000736	 0.000736	 90.000000	 0.948409	 0.093398	 0.952996	 5.624248	 153703.148121	
41.080321	 1.000000	 0.000000	 -0.000000	 0.000000	 -90.000000	 0.974810	 0.080481	 0.978127	 4.719656	 0.000000	 0.000802	 0.000802	 90.000000	 0.974810	 0.080481	 0.978127	 4.719656	 153704.594224	
39.076305	 1.000000	 0.000000	 -0.000000	 0.000000	 -90.000000	 0.966750	 0.091593	 0.971079	 5.412217	 0.000000	 0.000814	 0.000814	 90.000000	 0.966750	 0.091593	 0.971079	 5.412217	 153706.079592	
37.072289	 1.000000	 0.000000	 -0.000000	 0.000000	 -90.000000	 0.965938	 0.091431	 0.970256	 5.407214	 0.000000	 0.000602	 0.000602	 90.000000	 0.965938	 0.091431	 0.970256	 5.407214	 153707.493662	
35.068273	 1.000000	 0.000000	 -0.000000	 0.000000	 -90.000000	 0.963946	 0.096729	 0.968787	 5.730282	 0.000000	 0.001585	 0.001585	 90.000000	 0.963946	 0.096729	 0.968787	 5.730282	 153708.913141	
33.064257	 1.000000	 0.000000	 -0.000000	 0.000000	 -90.000000	 0.961888	 0.101731	 0.967253	 6.037246	 0.000000	 0.000985	 0.000985	 90.000000	 0.961888	 0.101731	 0.967253	 6.037246	 153710.378923	
31.060241	 1.000000	 0.000000	 -0.000000	 0.000000	 -90.000000	 0.959078	 0.107754	 0.965112	 6.410399	 0.000000	 0.001032	 0.001032	 90.000000	 0.959078	 0.107754	 0.965112	 6.410399	 153711.803478	
29.056225	 1.000000	 0.000000	 -0.000000	 0.000000	 -90.000000	 0.956386	 0.114359	 0.963199	 6.818735	 0.000000	 0.001041	 0.001041	 90.000000	 0.956386	 0.114359	 0.963199	 6.818735	 153713.229312	
27.052209	 1.000000	 0.000000	 -0.000000	 0.000000	 -90.000000	 0.953218	 0.122130	 0.961010	 7.301175	 0.000000	 0.001158	 0.001158	 90.000000	 0.953218	 0.122130	 0.961010	 7.301175	 153714.698100	
25.048193	 1.000000	 0.000000	 -0.000000	 0.000000	 -90.000000	 0.948956	 0.130085	 0.957830	 7.805561	 0.000000	 0.001271	 0.001271	 90.000000	 0.948956	 0.130085	 0.957830	 7.805561	 153716.119912	
23.044177	 1.000000	 0.000000	 -0.000000	 0.000000	 -90.000000	 0.944250	 0.139920	 0.954560	 8.428815	 0.000000	 0.000882	 0.000882	 90.000000	 0.944250	 0.139920	 0.954560	 8.428815	 153717.569494	
21.040161	 1.000000	 0.000000	 -0.000000	 0.000000	 -90.000000	 0.937750	 0.150767	 0.949793	 9.133554	 0.000000	 0.001434	 0.001434	 90.000000	 0.937752	 0.150762	 0.949793	 9.133257	 153718.986311	
19.036145	 1.000000	 0.000000	 -0.000000	 0.000000	 -90.000000	 0.929858	 0.163472	 0.944118	 9.970868	 0.000000	 0.000964	 0.000964	 90.000000	 0.929858	 0.163472	 0.944118	 9.970868	 153720.423057	
17.032129	 1.000000	 0.000000	 -0.000000	 0.000000	 -90.000000	 0.920261	 0.178097	 0.937336	 10.952963	 0.000000	 0.001849	 0.001849	 90.000000	 0.920261	 0.178097	 0.937336	 10.952963	 153721.880002	
15.028112	 1.000000	 0.000000	 -0.000000	 0.000000	 -90.000000	 0.906478	 0.195481	 0.927317	 12.169408	 0.000000	 0.000528	 0.000528	 90.000000	 0.906478	 0.195481	 0.927317	 12.169408	 153723.346755	
13.024096	 1.000000	 0.000000	 -0.000000	 0.000000	 -90.000000	 0.888780	 0.216236	 0.914706	 13.674111	 0.000000	 0.015609	 0.015609	 90.000000	 0.888780	 0.216236	 0.914706	 13.674111	 153724.814628	
11.020080	 1.000000	 0.000000	 -0.000000	 0.000000	 -90.000000	 0.863804	 0.241010	 0.896796	 15.589615	 0.000000	 -0.019450	 0.019450	 -90.000000	 0.863804	 0.241010	 0.896796	 15.589615	 153726.266486	
9.016064	 1.000000	 0.000000	 -0.000000	 0.000000	 -90.000000	 0.828260	 0.269752	 0.871081	 18.039677	 0.000000	 -0.060933	 0.060933	 -90.000000	 0.828260	 0.269752	 0.871081	 18.039677	 153727.690838	
7.012048	 1.000000	 0.000000	 -0.000000	 0.000000	 -90.000000	 0.772736	 0.303483	 0.830194	 21.441829	 0.000000	 -0.098481	 0.098481	 -90.000000	 0.772736	 0.303483	 0.830194	 21.441829	 153729.149686	
5.008032	 1.000000	 0.000000	 -0.000000	 0.000000	 -90.000000	 0.708019	 0.342990	 0.786723	 25.847229	 0.000000	 0.505825	 0.505825	 90.000000	 0.708019	 0.342990	 0.786723	 25.847229	 153730.589225	
3.004016	 1.000000	 0.000000	 -0.000000	 0.000000	 -90.000000	 0.413390	 0.295340	 0.508052	 35.543306	 0.000000	 -0.053567	 0.053567	 -90.000000	 0.412421	 0.267743	 0.491708	 32.991575	 153732.035646	
1.000000	 1.000000	 0.000000	 -0.000000	 0.000000	 -90.000000	 0.240130	 -0.070886	 0.250374	 -16.446482	 0.000000	 -0.257827	 0.257827	 -90.000000	 0.240130	 -0.070886	 0.250374	 -16.446482	 153733.479175	
