# Oscilator_frequency (Hz)	DemodAll_A (-)	Demod_1_X_A (A)	Demod_1_Y_A (A)	Demod_1__R_A (A)	Demod_1__Theta_A (deg)	Demod_2_X_A (A)	Demod_2_Y_A (A)	Demod_2__R_A (A)	Demod_2__Theta_A (deg)	Demod_3_X_A (V)	Demod_3_Y_A (V)	Demod_3__R_A (V)	Demod_3__Theta_A (deg)	Demod_4_X_A (V)	Demod_4_Y_A (V)	Demod_4__R_A (V)	Demod_4__Theta_A (deg)	Timer_GET (s)	
200.000000	 1.000000	 0.000000	 -0.000000	 0.000000	 -90.000000	 0.000000	 0.000000	 0.000000	 87.901488	 0.000000	 -1.091861	 1.091861	 -90.000000	 0.269481	 -0.027446	 0.270875	 -5.815345	 13769.592623	
199.000000	 1.000000	 0.000000	 -0.000000	 0.000000	 -90.000000	 -0.000000	 -0.000000	 0.000000	 -148.362878	 0.000000	 -1.093415	 1.093415	 -90.000000	 0.270776	 -0.029071	 0.272332	 -6.127966	 13771.025644	
198.000000	 1.000000	 0.000000	 -0.000000	 0.000000	 -90.000000	 0.000000	 0.000000	 0.000000	 44.123621	 0.000000	 -1.093264	 1.093264	 -90.000000	 0.271709	 -0.030276	 0.273390	 -6.358215	 13772.478061	
197.000000	 1.000000	 0.000000	 -0.000000	 0.000000	 -90.000000	 -0.000000	 -0.000000	 0.000000	 -119.801891	 0.000000	 -1.085518	 1.085518	 -90.000000	 0.272774	 -0.031524	 0.274589	 -6.592376	 13773.948443	
196.000000	 1.000000	 0.000000	 -0.000000	 0.000000	 -90.000000	 0.000000	 -0.000000	 0.000000	 -24.637618	 0.000000	 -1.075129	 1.075129	 -90.000000	 0.273497	 -0.032454	 0.275416	 -6.767194	 13775.394348	
195.000000	 1.000000	 0.000000	 -0.000000	 0.000000	 -90.000000	 -0.000000	 -0.000000	 0.000000	 -110.605110	 0.000000	 -1.070992	 1.070992	 -90.000000	 0.274251	 -0.033310	 0.276267	 -6.925137	 13776.886224	
194.000000	 1.000000	 0.000000	 -0.000000	 0.000000	 -90.000000	 0.000000	 0.000000	 0.000000	 28.031658	 0.000000	 -1.064669	 1.064669	 -90.000000	 0.274931	 -0.034014	 0.277027	 -7.052729	 13778.352647	
193.000000	 1.000000	 0.000000	 -0.000000	 0.000000	 -90.000000	 -0.000000	 -0.000000	 0.000000	 -122.791625	 0.000000	 -1.058621	 1.058621	 -90.000000	 0.275557	 -0.034715	 0.277735	 -7.180279	 13779.814576	
192.000000	 1.000000	 0.000000	 -0.000000	 0.000000	 -90.000000	 0.000000	 -0.000000	 0.000000	 -62.459594	 0.000000	 -1.052643	 1.052643	 -90.000000	 0.276166	 -0.035335	 0.278417	 -7.291199	 13781.274749	
191.000000	 1.000000	 0.000000	 -0.000000	 0.000000	 -90.000000	 0.000000	 0.000000	 0.000000	 14.008245	 0.000000	 -1.047012	 1.047012	 -90.000000	 0.276689	 -0.035909	 0.279010	 -7.394525	 13782.730107	
190.000000	 1.000000	 0.000000	 -0.000000	 0.000000	 -90.000000	 0.000000	 0.000000	 0.000000	 41.955820	 0.000000	 -1.041637	 1.041637	 -90.000000	 0.277215	 -0.036448	 0.279601	 -7.490323	 13784.170697	
189.000000	 1.000000	 0.000000	 -0.000000	 0.000000	 -90.000000	 0.000000	 0.000000	 0.000000	 63.065097	 0.000000	 -1.036647	 1.036647	 -90.000000	 0.277716	 -0.036960	 0.280165	 -7.580646	 13785.598125	
188.000000	 1.000000	 0.000000	 -0.000000	 0.000000	 -90.000000	 -0.000000	 0.000000	 0.000000	 120.768131	 0.000000	 -1.032026	 1.032026	 -90.000000	 0.278206	 -0.037441	 0.280714	 -7.664722	 13787.052264	
187.000000	 1.000000	 0.000000	 -0.000000	 0.000000	 -90.000000	 0.000000	 -0.000000	 0.000000	 -7.895460	 0.000000	 -1.027490	 1.027490	 -90.000000	 0.278653	 -0.037893	 0.281218	 -7.743971	 13788.485035	
186.000000	 1.000000	 0.000000	 -0.000000	 0.000000	 -90.000000	 0.000000	 0.000000	 0.000000	 67.900902	 0.000000	 -1.023346	 1.023346	 -90.000000	 0.279125	 -0.038313	 0.281742	 -7.815735	 13789.966062	
185.000000	 1.000000	 0.000000	 -0.000000	 0.000000	 -90.000000	 -0.000000	 0.000000	 0.000000	 107.487159	 0.000000	 -1.019461	 1.019461	 -90.000000	 0.279539	 -0.038763	 0.282214	 -7.894670	 13791.374549	
184.000000	 1.000000	 0.000000	 -0.000000	 0.000000	 -90.000000	 0.000000	 0.000000	 0.000000	 71.758349	 0.000000	 -1.015911	 1.015911	 -90.000000	 0.279972	 -0.039117	 0.282691	 -7.953742	 13792.809595	
183.000000	 1.000000	 0.000000	 -0.000000	 0.000000	 -90.000000	 -0.000000	 -0.000000	 0.000000	 -162.620991	 0.000000	 -1.012481	 1.012481	 -90.000000	 0.280414	 -0.039539	 0.283188	 -8.025989	 13794.273296	
182.000000	 1.000000	 0.000000	 -0.000000	 0.000000	 -90.000000	 0.000000	 -0.000000	 0.000000	 -88.576159	 0.000000	 -1.009407	 1.009407	 -90.000000	 0.280839	 -0.039915	 0.283662	 -8.089057	 13795.722151	
181.000000	 1.000000	 0.000000	 -0.000000	 0.000000	 -90.000000	 0.000000	 0.000000	 0.000000	 64.651194	 0.000000	 -1.006595	 1.006595	 -90.000000	 0.281226	 -0.040305	 0.284099	 -8.156097	 13797.137274	
180.000000	 1.000000	 0.000000	 -0.000000	 0.000000	 -90.000000	 -0.000000	 -0.000000	 0.000000	 -128.368361	 0.000000	 -1.003868	 1.003868	 -90.000000	 0.281634	 -0.040657	 0.284554	 -8.214575	 13798.579439	
179.000000	 1.000000	 0.000000	 -0.000000	 0.000000	 -90.000000	 -0.000000	 0.000000	 0.000000	 171.409389	 0.000000	 -1.001299	 1.001299	 -90.000000	 0.282053	 -0.041011	 0.285019	 -8.272903	 13800.029693	
178.000000	 1.000000	 0.000000	 -0.000000	 0.000000	 -90.000000	 -0.000000	 -0.000000	 0.000000	 -167.550609	 0.000000	 -0.999168	 0.999168	 -90.000000	 0.282438	 -0.041365	 0.285451	 -8.332084	 13801.467319	
177.000000	 1.000000	 0.000000	 -0.000000	 0.000000	 -90.000000	 -0.000000	 0.000000	 0.000000	 136.131624	 0.000000	 -0.997122	 0.997122	 -90.000000	 0.282843	 -0.041707	 0.285901	 -8.388206	 13802.889403	
176.000000	 1.000000	 0.000000	 -0.000000	 0.000000	 -90.000000	 0.000000	 -0.000000	 0.000000	 -67.084184	 0.000000	 -0.995046	 0.995046	 -90.000000	 0.283198	 -0.042076	 0.286307	 -8.450792	 13804.360320	
175.000000	 1.000000	 0.000000	 -0.000000	 0.000000	 -90.000000	 0.000000	 0.000000	 0.000000	 38.232293	 0.000000	 -0.993250	 0.993250	 -90.000000	 0.283606	 -0.042382	 0.286756	 -8.499388	 13805.828212	
174.000000	 1.000000	 0.000000	 -0.000000	 0.000000	 -90.000000	 -0.000000	 -0.000000	 0.000000	 -98.937546	 0.000000	 -0.991578	 0.991578	 -90.000000	 0.283978	 -0.042711	 0.287172	 -8.553311	 13807.242625	
173.000000	 1.000000	 0.000000	 -0.000000	 0.000000	 -90.000000	 -0.000000	 0.000000	 0.000000	 166.885260	 0.000000	 -0.989998	 0.989998	 -90.000000	 0.284377	 -0.043041	 0.287616	 -8.606553	 13808.710389	
172.000000	 1.000000	 0.000000	 -0.000000	 0.000000	 -90.000000	 -0.000000	 0.000000	 0.000000	 166.324390	 0.000000	 -0.988521	 0.988521	 -90.000000	 0.284760	 -0.043361	 0.288042	 -8.657977	 13810.164222	
171.000000	 1.000000	 0.000000	 -0.000000	 0.000000	 -90.000000	 -0.000000	 -0.000000	 0.000000	 -103.601501	 0.000000	 -0.987230	 0.987230	 -90.000000	 0.285111	 -0.043670	 0.288436	 -8.708190	 13811.602366	
170.000000	 1.000000	 0.000000	 -0.000000	 0.000000	 -90.000000	 -0.000000	 -0.000000	 0.000000	 -131.165662	 0.000000	 -0.985902	 0.985902	 -90.000000	 0.285478	 -0.043988	 0.288847	 -8.759542	 13813.044741	
169.000000	 1.000000	 0.000000	 -0.000000	 0.000000	 -90.000000	 -0.000000	 0.000000	 0.000000	 112.051509	 0.000000	 -0.984871	 0.984871	 -90.000000	 0.285880	 -0.044299	 0.289292	 -8.808232	 13814.482881	
168.000000	 1.000000	 0.000000	 -0.000000	 0.000000	 -90.000000	 0.000000	 0.000000	 0.000000	 51.448750	 0.000000	 -0.983736	 0.983736	 -90.000000	 0.286256	 -0.044590	 0.289708	 -8.853759	 13815.909676	
167.000000	 1.000000	 0.000000	 -0.000000	 0.000000	 -90.000000	 -0.000000	 -0.000000	 0.000000	 -121.682373	 0.000000	 -0.982730	 0.982730	 -90.000000	 0.286615	 -0.044856	 0.290104	 -8.894735	 13817.353262	
166.000000	 1.000000	 0.000000	 -0.000000	 0.000000	 -90.000000	 0.000000	 0.000000	 0.000000	 84.340774	 0.000000	 -0.981796	 0.981796	 -90.000000	 0.286990	 -0.045177	 0.290524	 -8.945968	 13818.781029	
165.000000	 1.000000	 0.000000	 -0.000000	 0.000000	 -90.000000	 -0.000000	 0.000000	 0.000000	 109.570431	 0.000000	 -0.981008	 0.981008	 -90.000000	 0.287345	 -0.045457	 0.290919	 -8.989541	 13820.228085	
164.000000	 1.000000	 0.000000	 -0.000000	 0.000000	 -90.000000	 -0.000000	 -0.000000	 0.000000	 -154.424751	 0.000000	 -0.980224	 0.980224	 -90.000000	 0.287731	 -0.045758	 0.291346	 -9.036065	 13821.653092	
163.000000	 1.000000	 0.000000	 -0.000000	 0.000000	 -90.000000	 -0.000000	 -0.000000	 0.000000	 -95.068763	 0.000000	 -0.979492	 0.979492	 -90.000000	 0.288066	 -0.046060	 0.291725	 -9.084380	 13823.104530	
162.000000	 1.000000	 0.000000	 -0.000000	 0.000000	 -90.000000	 -0.000000	 0.000000	 0.000000	 170.178717	 0.000000	 -0.978732	 0.978732	 -90.000000	 0.288446	 -0.046312	 0.292140	 -9.121322	 13824.551986	
161.000000	 1.000000	 0.000000	 -0.000000	 0.000000	 -90.000000	 0.000000	 -0.000000	 0.000000	 -12.190146	 0.000000	 -0.978083	 0.978083	 -90.000000	 0.288792	 -0.046584	 0.292525	 -9.163165	 13825.987793	
160.000000	 1.000000	 0.000000	 -0.000000	 0.000000	 -90.000000	 0.000000	 0.000000	 0.000000	 50.896486	 0.000000	 -0.977334	 0.977334	 -90.000000	 0.289148	 -0.046833	 0.292916	 -9.200186	 13827.433524	
159.000000	 1.000000	 0.000000	 -0.000000	 0.000000	 -90.000000	 -0.000000	 -0.000000	 0.000000	 -155.563422	 0.000000	 -0.976743	 0.976743	 -90.000000	 0.289535	 -0.047091	 0.293339	 -9.237845	 13828.878219	
158.000000	 1.000000	 0.000000	 -0.000000	 0.000000	 -90.000000	 0.000000	 0.000000	 0.000000	 62.084824	 0.000000	 -0.976082	 0.976082	 -90.000000	 0.289880	 -0.047323	 0.293717	 -9.271808	 13830.334846	
157.000000	 1.000000	 0.000000	 -0.000000	 0.000000	 -90.000000	 -0.000000	 -0.000000	 0.000000	 -177.161737	 0.000000	 -0.975518	 0.975518	 -90.000000	 0.290342	 -0.047587	 0.294216	 -9.308050	 13831.743218	
156.000000	 1.000000	 0.000000	 -0.000000	 0.000000	 -90.000000	 0.000000	 0.000000	 0.000000	 5.783461	 0.000000	 -0.974900	 0.974900	 -90.000000	 0.290765	 -0.047813	 0.294670	 -9.337967	 13833.211194	
155.000000	 1.000000	 0.000000	 -0.000000	 0.000000	 -90.000000	 -0.000000	 -0.000000	 0.000000	 -104.779087	 0.000000	 -0.974386	 0.974386	 -90.000000	 0.290690	 -0.048421	 0.294695	 -9.457077	 13834.648292	
154.000000	 1.000000	 0.000000	 -0.000000	 0.000000	 -90.000000	 -0.000000	 0.000000	 0.000000	 148.885145	 0.000000	 -0.973909	 0.973909	 -90.000000	 0.290835	 -0.048661	 0.294878	 -9.498422	 13836.107712	
153.000000	 1.000000	 0.000000	 -0.000000	 0.000000	 -90.000000	 0.000000	 0.000000	 0.000000	 62.889366	 0.000000	 -0.973284	 0.973284	 -90.000000	 0.291899	 -0.049264	 0.296027	 -9.579506	 13837.567972	
152.000000	 1.000000	 0.000000	 -0.000000	 0.000000	 -90.000000	 0.000000	 0.000000	 0.000000	 84.866071	 0.000000	 -0.972939	 0.972939	 -90.000000	 0.291704	 -0.049704	 0.295908	 -9.669837	 13838.998152	
151.000000	 1.000000	 0.000000	 -0.000000	 0.000000	 -90.000000	 -0.000000	 -0.000000	 0.000000	 -94.417337	 0.000000	 -0.972385	 0.972385	 -90.000000	 0.293229	 -0.049299	 0.297344	 -9.543595	 13840.443459	
150.000000	 1.000000	 0.000000	 -0.000000	 0.000000	 -90.000000	 0.000000	 0.000000	 0.000000	 57.583090	 0.000000	 -0.972136	 0.972136	 -90.000000	 0.292529	 -0.050367	 0.296833	 -9.769301	 13841.851348	
149.000000	 1.000000	 0.000000	 -0.000000	 0.000000	 -90.000000	 -0.000000	 0.000000	 0.000000	 145.551243	 0.000000	 -0.971601	 0.971601	 -90.000000	 0.293797	 -0.050124	 0.298042	 -9.681963	 13843.326265	
148.000000	 1.000000	 0.000000	 -0.000000	 0.000000	 -90.000000	 -0.000000	 -0.000000	 0.000000	 -113.047035	 0.000000	 -0.971415	 0.971415	 -90.000000	 0.292599	 -0.049986	 0.296838	 -9.694447	 13844.773599	
147.000000	 1.000000	 0.000000	 -0.000000	 0.000000	 -90.000000	 0.000000	 -0.000000	 0.000000	 -75.636061	 0.000000	 -0.971105	 0.971105	 -90.000000	 0.293260	 -0.050534	 0.297582	 -9.777140	 13846.201483	
146.000000	 1.000000	 0.000000	 -0.000000	 0.000000	 -90.000000	 -0.000000	 0.000000	 0.000000	 146.254246	 0.000000	 -0.970556	 0.970556	 -90.000000	 0.294353	 -0.049952	 0.298561	 -9.631481	 13847.648868	
145.000000	 1.000000	 0.000000	 -0.000000	 0.000000	 -90.000000	 0.000000	 -0.000000	 0.000000	 -48.029143	 0.000000	 -0.970239	 0.970239	 -90.000000	 0.294673	 -0.050319	 0.298939	 -9.690442	 13849.096044	
144.000000	 1.000000	 0.000000	 -0.000000	 0.000000	 -90.000000	 -0.000000	 -0.000000	 0.000000	 -104.505123	 0.000000	 -0.969932	 0.969932	 -90.000000	 0.294693	 -0.051026	 0.299078	 -9.823267	 13850.538777	
143.000000	 1.000000	 0.000000	 -0.000000	 0.000000	 -90.000000	 0.000000	 0.000000	 0.000000	 85.418941	 0.000000	 -0.969678	 0.969678	 -90.000000	 0.295009	 -0.051090	 0.299400	 -9.825167	 13851.967393	
142.000000	 1.000000	 0.000000	 -0.000000	 0.000000	 -90.000000	 -0.000000	 0.000000	 0.000000	 94.382960	 0.000000	 -0.969359	 0.969359	 -90.000000	 0.295580	 -0.051356	 0.300008	 -9.856572	 13853.421317	
141.000000	 1.000000	 0.000000	 -0.000000	 0.000000	 -90.000000	 -0.000000	 0.000000	 0.000000	 93.895567	 0.000000	 -0.969145	 0.969145	 -90.000000	 0.295877	 -0.051579	 0.300339	 -9.888714	 13854.866742	
140.000000	 1.000000	 0.000000	 -0.000000	 0.000000	 -90.000000	 -0.000000	 -0.000000	 0.000000	 -100.111034	 0.000000	 -0.968836	 0.968836	 -90.000000	 0.296227	 -0.051794	 0.300721	 -9.917686	 13856.289053	
139.000000	 1.000000	 0.000000	 -0.000000	 0.000000	 -90.000000	 0.000000	 0.000000	 0.000000	 77.682100	 0.000000	 -0.968819	 0.968819	 -90.000000	 0.296562	 -0.051966	 0.301081	 -9.938915	 13857.703524	
138.000000	 1.000000	 0.000000	 -0.000000	 0.000000	 -90.000000	 0.000000	 0.000000	 0.000000	 65.330634	 0.000000	 -0.968601	 0.968601	 -90.000000	 0.296907	 -0.052195	 0.301459	 -9.970521	 13859.167479	
137.000000	 1.000000	 0.000000	 -0.000000	 0.000000	 -90.000000	 0.000000	 -0.000000	 0.000000	 -20.448291	 0.000000	 -0.968247	 0.968247	 -90.000000	 0.297286	 -0.052419	 0.301872	 -9.999919	 13860.608951	
136.000000	 1.000000	 0.000000	 -0.000000	 0.000000	 -90.000000	 -0.000000	 0.000000	 0.000000	 137.106569	 0.000000	 -0.968206	 0.968206	 -90.000000	 0.297635	 -0.052643	 0.302254	 -10.030290	 13862.092393	
135.000000	 1.000000	 0.000000	 -0.000000	 0.000000	 -90.000000	 -0.000000	 -0.000000	 0.000000	 -107.146697	 0.000000	 -0.968015	 0.968015	 -90.000000	 0.297975	 -0.052899	 0.302634	 -10.066715	 13863.564218	
134.000000	 1.000000	 0.000000	 -0.000000	 0.000000	 -90.000000	 0.000000	 0.000000	 0.000000	 69.990951	 0.000000	 -0.967837	 0.967837	 -90.000000	 0.298351	 -0.053106	 0.303040	 -10.092843	 13865.024346	
133.000000	 1.000000	 0.000000	 -0.000000	 0.000000	 -90.000000	 0.000000	 -0.000000	 0.000000	 -74.208654	 0.000000	 -0.967700	 0.967700	 -90.000000	 0.298708	 -0.053346	 0.303434	 -10.125644	 13866.456557	
132.000000	 1.000000	 0.000000	 -0.000000	 0.000000	 -90.000000	 -0.000000	 -0.000000	 0.000000	 -108.613910	 0.000000	 -0.967596	 0.967596	 -90.000000	 0.299113	 -0.053544	 0.303868	 -10.149076	 13867.884223	
131.000000	 1.000000	 0.000000	 -0.000000	 0.000000	 -90.000000	 0.000000	 -0.000000	 0.000000	 -73.429575	 0.000000	 -0.967480	 0.967480	 -90.000000	 0.299448	 -0.053752	 0.304234	 -10.176330	 13869.319224	
130.000000	 1.000000	 0.000000	 -0.000000	 0.000000	 -90.000000	 0.000000	 0.000000	 0.000000	 58.246103	 0.000000	 -0.967477	 0.967477	 -90.000000	 0.299863	 -0.053984	 0.304684	 -10.205550	 13870.771067	
129.000000	 1.000000	 0.000000	 -0.000000	 0.000000	 -90.000000	 -0.000000	 0.000000	 0.000000	 151.624924	 0.000000	 -0.967437	 0.967437	 -90.000000	 0.300226	 -0.054172	 0.305074	 -10.228247	 13872.191407	
128.000000	 1.000000	 0.000000	 -0.000000	 0.000000	 -90.000000	 -0.000000	 0.000000	 0.000000	 144.861563	 0.000000	 -0.967321	 0.967321	 -90.000000	 0.300580	 -0.054394	 0.305462	 -10.257486	 13873.643024	
127.000000	 1.000000	 0.000000	 -0.000000	 0.000000	 -90.000000	 -0.000000	 -0.000000	 0.000000	 -101.415353	 0.000000	 -0.967396	 0.967396	 -90.000000	 0.300956	 -0.054652	 0.305878	 -10.292405	 13875.088342	
126.000000	 1.000000	 0.000000	 -0.000000	 0.000000	 -90.000000	 0.000000	 -0.000000	 0.000000	 -42.344155	 0.000000	 -0.967360	 0.967360	 -90.000000	 0.301339	 -0.054855	 0.306291	 -10.316936	 13876.546002	
125.000000	 1.000000	 0.000000	 -0.000000	 0.000000	 -90.000000	 0.000000	 0.000000	 0.000000	 6.007317	 0.000000	 -0.967508	 0.967508	 -90.000000	 0.301755	 -0.055088	 0.306742	 -10.345883	 13877.987339	
124.000000	 1.000000	 0.000000	 -0.000000	 0.000000	 -90.000000	 0.000000	 0.000000	 0.000000	 50.718949	 0.000000	 -0.967438	 0.967438	 -90.000000	 0.302188	 -0.055324	 0.307211	 -10.374691	 13879.432870	
123.000000	 1.000000	 0.000000	 -0.000000	 0.000000	 -90.000000	 -0.000000	 0.000000	 0.000000	 173.637571	 0.000000	 -0.967731	 0.967731	 -90.000000	 0.302492	 -0.055544	 0.307549	 -10.404788	 13880.868909	
122.000000	 1.000000	 0.000000	 -0.000000	 0.000000	 -90.000000	 0.000000	 -0.000000	 0.000000	 -15.866576	 0.000000	 -0.967695	 0.967695	 -90.000000	 0.302919	 -0.055718	 0.308000	 -10.422388	 13882.334074	
121.000000	 1.000000	 0.000000	 -0.000000	 0.000000	 -90.000000	 0.000000	 -0.000000	 0.000000	 -62.862076	 0.000000	 -0.967695	 0.967695	 -90.000000	 0.303279	 -0.055978	 0.308402	 -10.457726	 13883.752073	
120.000000	 1.000000	 0.000000	 -0.000000	 0.000000	 -90.000000	 -0.000000	 -0.000000	 0.000000	 -160.668601	 0.000000	 -0.967746	 0.967746	 -90.000000	 0.303674	 -0.056207	 0.308832	 -10.486288	 13885.186973	
119.000000	 1.000000	 0.000000	 -0.000000	 0.000000	 -90.000000	 -0.000000	 -0.000000	 0.000000	 -152.084155	 0.000000	 -0.967867	 0.967867	 -90.000000	 0.304128	 -0.056416	 0.309316	 -10.508929	 13886.608185	
118.000000	 1.000000	 0.000000	 -0.000000	 0.000000	 -90.000000	 0.000000	 -0.000000	 0.000000	 -52.714624	 0.000000	 -0.968051	 0.968051	 -90.000000	 0.304493	 -0.056642	 0.309717	 -10.537728	 13888.075857	
117.000000	 1.000000	 0.000000	 -0.000000	 0.000000	 -90.000000	 -0.000000	 -0.000000	 0.000000	 -125.721055	 0.000000	 -0.968118	 0.968118	 -90.000000	 0.304898	 -0.056850	 0.310153	 -10.561891	 13889.501549	
116.000000	 1.000000	 0.000000	 -0.000000	 0.000000	 -90.000000	 0.000000	 -0.000000	 0.000000	 -63.849724	 0.000000	 -0.968314	 0.968314	 -90.000000	 0.305327	 -0.057092	 0.310619	 -10.591166	 13890.938678	
115.000000	 1.000000	 0.000000	 -0.000000	 0.000000	 -90.000000	 0.000000	 -0.000000	 0.000000	 -46.241893	 0.000000	 -0.968441	 0.968441	 -90.000000	 0.305745	 -0.057293	 0.311066	 -10.613451	 13892.360900	
114.000000	 1.000000	 0.000000	 -0.000000	 0.000000	 -90.000000	 0.000000	 -0.000000	 0.000000	 -88.114054	 0.000000	 -0.968716	 0.968716	 -90.000000	 0.306166	 -0.057508	 0.311520	 -10.638114	 13893.841485	
113.000000	 1.000000	 0.000000	 -0.000000	 0.000000	 -90.000000	 0.000000	 -0.000000	 0.000000	 -51.342256	 0.000000	 -0.968921	 0.968921	 -90.000000	 0.306617	 -0.057758	 0.312010	 -10.667995	 13895.294928	
112.000000	 1.000000	 0.000000	 -0.000000	 0.000000	 -90.000000	 0.000000	 0.000000	 0.000000	 21.122245	 0.000000	 -0.968961	 0.968961	 -90.000000	 0.307024	 -0.057982	 0.312451	 -10.694401	 13896.761063	
111.000000	 1.000000	 0.000000	 -0.000000	 0.000000	 -90.000000	 0.000000	 -0.000000	 0.000000	 -31.031004	 0.000000	 -0.969163	 0.969163	 -90.000000	 0.307467	 -0.058211	 0.312928	 -10.720583	 13898.224140	
110.000000	 1.000000	 0.000000	 -0.000000	 0.000000	 -90.000000	 -0.000000	 -0.000000	 0.000000	 -115.809370	 0.000000	 -0.969437	 0.969437	 -90.000000	 0.307913	 -0.058468	 0.313415	 -10.751635	 13899.687751	
109.000000	 1.000000	 0.000000	 -0.000000	 0.000000	 -90.000000	 0.000000	 -0.000000	 0.000000	 -58.928408	 0.000000	 -0.969600	 0.969600	 -90.000000	 0.308366	 -0.058675	 0.313899	 -10.773246	 13901.127463	
108.000000	 1.000000	 0.000000	 -0.000000	 0.000000	 -90.000000	 -0.000000	 -0.000000	 0.000000	 -131.986068	 0.000000	 -0.969835	 0.969835	 -90.000000	 0.308835	 -0.058887	 0.314399	 -10.795253	 13902.562531	
107.000000	 1.000000	 0.000000	 -0.000000	 0.000000	 -90.000000	 -0.000000	 0.000000	 0.000000	 105.199147	 0.000000	 -0.970133	 0.970133	 -90.000000	 0.309276	 -0.059112	 0.314875	 -10.820474	 13903.972056	
106.000000	 1.000000	 0.000000	 -0.000000	 0.000000	 -90.000000	 -0.000000	 0.000000	 0.000000	 112.910764	 0.000000	 -0.970409	 0.970409	 -90.000000	 0.309700	 -0.059331	 0.315332	 -10.845091	 13905.397598	
105.000000	 1.000000	 0.000000	 -0.000000	 0.000000	 -90.000000	 0.000000	 -0.000000	 0.000000	 -12.053474	 0.000000	 -0.970407	 0.970407	 -90.000000	 0.310214	 -0.059582	 0.315884	 -10.872283	 13906.838957	
104.000000	 1.000000	 0.000000	 -0.000000	 0.000000	 -90.000000	 -0.000000	 -0.000000	 0.000000	 -96.494377	 0.000000	 -0.970587	 0.970587	 -90.000000	 0.310680	 -0.059803	 0.316383	 -10.895561	 13908.297519	
103.000000	 1.000000	 0.000000	 -0.000000	 0.000000	 -90.000000	 -0.000000	 -0.000000	 0.000000	 -122.695963	 0.000000	 -0.971705	 0.971705	 -90.000000	 0.311072	 -0.059988	 0.316803	 -10.915025	 13909.799068	
102.000000	 1.000000	 0.000000	 -0.000000	 0.000000	 -90.000000	 0.000000	 -0.000000	 0.000000	 -26.179035	 0.000000	 -0.971707	 0.971707	 -90.000000	 0.311630	 -0.060173	 0.317386	 -10.928754	 13911.232286	
101.000000	 1.000000	 0.000000	 -0.000000	 0.000000	 -90.000000	 0.000000	 -0.000000	 0.000000	 -63.261170	 0.000000	 -0.972145	 0.972145	 -90.000000	 0.312012	 -0.060528	 0.317829	 -10.978537	 13912.707932	
100.000000	 1.000000	 0.000000	 -0.000000	 0.000000	 -90.000000	 0.000000	 0.000000	 0.000000	 35.840270	 0.000000	 -0.972572	 0.972572	 -90.000000	 0.312546	 -0.060628	 0.318372	 -10.978000	 13914.122354	
99.000000	 1.000000	 0.000000	 -0.000000	 0.000000	 -90.000000	 0.000000	 -0.000000	 0.000000	 -87.048584	 0.000000	 -0.972676	 0.972676	 -90.000000	 0.313022	 -0.060992	 0.318909	 -11.025820	 13915.573248	
98.000000	 1.000000	 0.000000	 -0.000000	 0.000000	 -90.000000	 -0.000000	 0.000000	 0.000000	 171.775216	 0.000000	 -0.972480	 0.972480	 -90.000000	 0.313604	 -0.061135	 0.319507	 -11.031100	 13916.983688	
97.000000	 1.000000	 0.000000	 -0.000000	 0.000000	 -90.000000	 -0.000000	 0.000000	 0.000000	 159.644802	 0.000000	 -0.972848	 0.972848	 -90.000000	 0.314096	 -0.061389	 0.320039	 -11.058818	 13918.410696	
96.000000	 1.000000	 0.000000	 -0.000000	 0.000000	 -90.000000	 0.000000	 -0.000000	 0.000000	 -59.087613	 0.000000	 -0.972818	 0.972818	 -90.000000	 0.314644	 -0.061746	 0.320646	 -11.102759	 13919.868569	
95.000000	 1.000000	 0.000000	 -0.000000	 0.000000	 -90.000000	 0.000000	 0.000000	 0.000000	 44.046524	 0.000000	 -0.973255	 0.973255	 -90.000000	 0.315157	 -0.061949	 0.321188	 -11.120594	 13921.302627	
94.000000	 1.000000	 0.000000	 -0.000000	 0.000000	 -90.000000	 0.000000	 0.000000	 0.000000	 13.584983	 0.000000	 -0.973793	 0.973793	 -90.000000	 0.315650	 -0.062151	 0.321710	 -11.138957	 13922.774359	
93.000000	 1.000000	 0.000000	 -0.000000	 0.000000	 -90.000000	 0.000000	 -0.000000	 0.000000	 -3.852716	 0.000000	 -0.974068	 0.974068	 -90.000000	 0.316207	 -0.062403	 0.322306	 -11.163756	 13924.221739	
92.000000	 1.000000	 0.000000	 -0.000000	 0.000000	 -90.000000	 -0.000000	 -0.000000	 0.000000	 -111.663082	 0.000000	 -0.974349	 0.974349	 -90.000000	 0.316768	 -0.062643	 0.322903	 -11.186277	 13925.633177	
91.000000	 1.000000	 0.000000	 -0.000000	 0.000000	 -90.000000	 -0.000000	 0.000000	 0.000000	 94.114729	 0.000000	 -0.974742	 0.974742	 -90.000000	 0.317309	 -0.062861	 0.323475	 -11.205535	 13927.058451	
90.000000	 1.000000	 0.000000	 -0.000000	 0.000000	 -90.000000	 -0.000000	 -0.000000	 0.000000	 -125.408785	 0.000000	 -0.975045	 0.975045	 -90.000000	 0.317873	 -0.063125	 0.324080	 -11.232077	 13928.464073	
89.000000	 1.000000	 0.000000	 -0.000000	 0.000000	 -90.000000	 -0.000000	 0.000000	 0.000000	 120.449640	 0.000000	 -0.975411	 0.975411	 -90.000000	 0.318436	 -0.063369	 0.324680	 -11.254828	 13929.896342	
88.000000	 1.000000	 0.000000	 -0.000000	 0.000000	 -90.000000	 0.000000	 -0.000000	 0.000000	 -12.609326	 0.000000	 -0.975828	 0.975828	 -90.000000	 0.319014	 -0.063617	 0.325295	 -11.277768	 13931.332153	
87.000000	 1.000000	 0.000000	 -0.000000	 0.000000	 -90.000000	 0.000000	 0.000000	 0.000000	 49.504827	 0.000000	 -0.976402	 0.976402	 -90.000000	 0.319589	 -0.063877	 0.325910	 -11.302978	 13932.778552	
86.000000	 1.000000	 0.000000	 -0.000000	 0.000000	 -90.000000	 0.000000	 0.000000	 0.000000	 14.735502	 0.000000	 -0.976182	 0.976182	 -90.000000	 0.320231	 -0.064139	 0.326591	 -11.325826	 13934.217716	
85.000000	 1.000000	 0.000000	 -0.000000	 0.000000	 -90.000000	 -0.000000	 -0.000000	 0.000000	 -97.844707	 0.000000	 -0.976711	 0.976711	 -90.000000	 0.320791	 -0.064289	 0.327169	 -11.332358	 13935.690787	
84.000000	 1.000000	 0.000000	 -0.000000	 0.000000	 -90.000000	 0.000000	 -0.000000	 0.000000	 -7.010879	 0.000000	 -0.977071	 0.977071	 -90.000000	 0.321417	 -0.064534	 0.327831	 -11.352903	 13937.155979	
83.000000	 1.000000	 0.000000	 -0.000000	 0.000000	 -90.000000	 -0.000000	 0.000000	 0.000000	 118.175032	 0.000000	 -0.977510	 0.977510	 -90.000000	 0.321970	 -0.064877	 0.328442	 -11.392545	 13938.597883	
82.000000	 1.000000	 0.000000	 -0.000000	 0.000000	 -90.000000	 0.000000	 0.000000	 0.000000	 85.372852	 0.000000	 -0.977833	 0.977833	 -90.000000	 0.322556	 -0.065101	 0.329060	 -11.410734	 13940.013023	
81.000000	 1.000000	 0.000000	 -0.000000	 0.000000	 -90.000000	 -0.000000	 0.000000	 0.000000	 125.359666	 0.000000	 -0.978149	 0.978149	 -90.000000	 0.323331	 -0.065212	 0.329841	 -11.402919	 13941.441616	
80.000000	 1.000000	 0.000000	 -0.000000	 0.000000	 -90.000000	 -0.000000	 -0.000000	 0.000000	 -119.256208	 0.000000	 -0.978571	 0.978571	 -90.000000	 0.323838	 -0.065481	 0.330392	 -11.431315	 13942.885950	
79.000000	 1.000000	 0.000000	 -0.000000	 0.000000	 -90.000000	 0.000000	 0.000000	 0.000000	 50.968403	 0.000000	 -0.978987	 0.978987	 -90.000000	 0.324572	 -0.065841	 0.331182	 -11.467147	 13944.318052	
78.000000	 1.000000	 0.000000	 -0.000000	 0.000000	 -90.000000	 -0.000000	 0.000000	 0.000000	 95.029328	 0.000000	 -0.979325	 0.979325	 -90.000000	 0.325140	 -0.066004	 0.331772	 -11.475174	 13945.785458	
77.000000	 1.000000	 0.000000	 -0.000000	 0.000000	 -90.000000	 -0.000000	 0.000000	 0.000000	 105.529090	 0.000000	 -0.979718	 0.979718	 -90.000000	 0.326045	 -0.066376	 0.332733	 -11.507004	 13947.206412	
76.000000	 1.000000	 0.000000	 -0.000000	 0.000000	 -90.000000	 -0.000000	 0.000000	 0.000000	 123.161816	 0.000000	 -0.979977	 0.979977	 -90.000000	 0.326592	 -0.066695	 0.333333	 -11.541957	 13948.663235	
75.000000	 1.000000	 0.000000	 -0.000000	 0.000000	 -90.000000	 0.000000	 -0.000000	 0.000000	 -26.739400	 0.000000	 -0.980365	 0.980365	 -90.000000	 0.327177	 -0.066782	 0.333923	 -11.536448	 13950.133853	
74.000000	 1.000000	 0.000000	 -0.000000	 0.000000	 -90.000000	 -0.000000	 0.000000	 0.000000	 142.737095	 0.000000	 -0.980847	 0.980847	 -90.000000	 0.327987	 -0.067133	 0.334787	 -11.567587	 13951.570781	
73.000000	 1.000000	 0.000000	 -0.000000	 0.000000	 -90.000000	 0.000000	 -0.000000	 0.000000	 -68.901699	 0.000000	 -0.981188	 0.981188	 -90.000000	 0.328887	 -0.067336	 0.335709	 -11.570772	 13952.990174	
72.000000	 1.000000	 0.000000	 -0.000000	 0.000000	 -90.000000	 0.000000	 0.000000	 0.000000	 11.651567	 0.000000	 -0.981591	 0.981591	 -90.000000	 0.329597	 -0.067557	 0.336449	 -11.583479	 13954.428335	
71.000000	 1.000000	 0.000000	 -0.000000	 0.000000	 -90.000000	 -0.000000	 -0.000000	 0.000000	 -167.135623	 0.000000	 -0.981992	 0.981992	 -90.000000	 0.330282	 -0.067760	 0.337161	 -11.593790	 13955.857647	
70.000000	 1.000000	 0.000000	 -0.000000	 0.000000	 -90.000000	 0.000000	 0.000000	 0.000000	 45.217629	 0.000000	 -0.982363	 0.982363	 -90.000000	 0.331077	 -0.068039	 0.337996	 -11.612998	 13957.281411	
69.000000	 1.000000	 0.000000	 -0.000000	 0.000000	 -90.000000	 -0.000000	 -0.000000	 0.000000	 -148.760105	 0.000000	 -0.982628	 0.982628	 -90.000000	 0.331878	 -0.068328	 0.338839	 -11.633725	 13958.718265	
68.000000	 1.000000	 0.000000	 -0.000000	 0.000000	 -90.000000	 0.000000	 -0.000000	 0.000000	 -63.604258	 0.000000	 -0.982997	 0.982997	 -90.000000	 0.332546	 -0.068499	 0.339528	 -11.639173	 13960.125346	
67.000000	 1.000000	 0.000000	 -0.000000	 0.000000	 -90.000000	 -0.000000	 0.000000	 0.000000	 171.030010	 0.000000	 -0.983507	 0.983507	 -90.000000	 0.333377	 -0.068843	 0.340411	 -11.667614	 13961.562920	
66.000000	 1.000000	 0.000000	 -0.000000	 0.000000	 -90.000000	 0.000000	 0.000000	 0.000000	 60.088465	 0.000000	 -0.983938	 0.983938	 -90.000000	 0.334220	 -0.069018	 0.341272	 -11.667836	 13963.008737	
65.000000	 1.000000	 0.000000	 -0.000000	 0.000000	 -90.000000	 -0.000000	 0.000000	 0.000000	 123.587920	 0.000000	 -0.984337	 0.984337	 -90.000000	 0.335049	 -0.069249	 0.342130	 -11.677618	 13964.439477	
64.000000	 1.000000	 0.000000	 -0.000000	 0.000000	 -90.000000	 -0.000000	 -0.000000	 0.000000	 -176.761527	 0.000000	 -0.984684	 0.984684	 -90.000000	 0.335836	 -0.069656	 0.342983	 -11.717598	 13965.897565	
63.000000	 1.000000	 0.000000	 -0.000000	 0.000000	 -90.000000	 -0.000000	 -0.000000	 0.000000	 -129.879610	 0.000000	 -0.985162	 0.985162	 -90.000000	 0.336958	 -0.069563	 0.344064	 -11.664475	 13967.352818	
62.000000	 1.000000	 0.000000	 -0.000000	 0.000000	 -90.000000	 0.000000	 0.000000	 0.000000	 12.788266	 0.000000	 -0.985497	 0.985497	 -90.000000	 0.337539	 -0.070426	 0.344808	 -11.785517	 13968.807663	
61.000000	 1.000000	 0.000000	 -0.000000	 0.000000	 -90.000000	 -0.000000	 0.000000	 0.000000	 123.293275	 0.000000	 -0.985967	 0.985967	 -90.000000	 0.337592	 -0.070251	 0.344824	 -11.755107	 13970.252799	
60.000000	 1.000000	 0.000000	 -0.000000	 0.000000	 -90.000000	 -0.000000	 -0.000000	 0.000000	 -153.847188	 0.000000	 -0.986012	 0.986012	 -90.000000	 0.340999	 -0.069612	 0.348032	 -11.537983	 13971.683531	
59.000000	 1.000000	 0.000000	 -0.000000	 0.000000	 -90.000000	 -0.000000	 -0.000000	 0.000000	 -145.018365	 0.000000	 -0.986233	 0.986233	 -90.000000	 0.343026	 -0.072295	 0.350561	 -11.901222	 13973.124488	
58.000000	 1.000000	 0.000000	 -0.000000	 0.000000	 -90.000000	 -0.000000	 0.000000	 0.000000	 115.051197	 0.000000	 -0.986575	 0.986575	 -90.000000	 0.345738	 -0.068755	 0.352508	 -11.247329	 13974.579222	
57.000000	 1.000000	 0.000000	 -0.000000	 0.000000	 -90.000000	 -0.000000	 -0.000000	 0.000000	 -172.870594	 0.000000	 -0.986321	 0.986321	 -90.000000	 0.349658	 -0.070610	 0.356716	 -11.416821	 13975.990804	
56.000000	 1.000000	 0.000000	 -0.000000	 0.000000	 -90.000000	 0.000000	 0.000000	 0.000000	 33.999932	 0.000000	 -0.988372	 0.988372	 -90.000000	 0.342756	 -0.059885	 0.347948	 -9.910418	 13977.420220	
55.000000	 1.000000	 0.000000	 -0.000000	 0.000000	 -90.000000	 -0.000000	 0.000000	 0.000000	 92.352502	 0.000000	 -0.986466	 0.986466	 -90.000000	 0.350391	 -0.087624	 0.361181	 -14.040245	 13978.866782	
54.000000	 1.000000	 0.000000	 -0.000000	 0.000000	 -90.000000	 0.000000	 -0.000000	 0.000000	 -46.847155	 0.000000	 -0.984032	 0.984032	 -90.000000	 0.366175	 -0.087335	 0.376445	 -13.414736	 13980.294877	
53.000000	 1.000000	 0.000000	 -0.000000	 0.000000	 -90.000000	 -0.000000	 0.000000	 0.000000	 172.224360	 0.000000	 -0.994684	 0.994684	 -90.000000	 0.322563	 -0.049333	 0.326314	 -8.695538	 13981.738021	
52.000000	 1.000000	 0.000000	 -0.000000	 0.000000	 -90.000000	 -0.000000	 -0.000000	 0.000000	 -156.332333	 0.000000	 -0.988306	 0.988306	 -90.000000	 0.353696	 -0.032093	 0.355149	 -5.184563	 13983.177539	
51.000000	 1.000000	 0.000000	 -0.000000	 0.000000	 -90.000000	 -0.000000	 0.000000	 0.000000	 170.461671	 0.000000	 -1.000455	 1.000455	 -90.000000	 0.309154	 -0.094472	 0.323267	 -16.992251	 13984.606995	
50.000000	 1.000000	 0.000000	 -0.000000	 0.000000	 -90.000000	 -0.000000	 -0.000000	 0.000000	 -141.818113	 0.000000	 -0.995071	 0.995071	 -90.000000	 0.319097	 -0.036353	 0.321161	 -6.499303	 13986.039655	
49.000000	 1.000000	 0.000000	 -0.000000	 0.000000	 -90.000000	 -0.000000	 -0.000000	 0.000000	 -165.497582	 0.000000	 -1.002065	 1.002065	 -90.000000	 0.309643	 -0.091380	 0.322845	 -16.441990	 13987.510156	
48.000000	 1.000000	 0.000000	 -0.000000	 0.000000	 -90.000000	 0.000000	 0.000000	 0.000000	 10.059722	 0.000000	 -0.987761	 0.987761	 -90.000000	 0.339424	 -0.034879	 0.341211	 -5.867039	 13988.986495	
47.000000	 1.000000	 0.000000	 -0.000000	 0.000000	 -90.000000	 -0.000000	 -0.000000	 0.000000	 -173.026592	 0.000000	 -0.992551	 0.992551	 -90.000000	 0.327180	 -0.055355	 0.331830	 -9.602806	 13990.422127	
46.000000	 1.000000	 0.000000	 -0.000000	 0.000000	 -90.000000	 0.000000	 -0.000000	 0.000000	 -40.890235	 0.000000	 -0.991220	 0.991220	 -90.000000	 0.374153	 -0.087783	 0.384313	 -13.203858	 13991.852539	
45.000000	 1.000000	 0.000000	 -0.000000	 0.000000	 -90.000000	 0.000000	 0.000000	 0.000000	 3.097508	 0.000000	 -0.992264	 0.992264	 -90.000000	 0.369530	 -0.086122	 0.379433	 -13.119148	 13993.298684	
44.000000	 1.000000	 0.000000	 -0.000000	 0.000000	 -90.000000	 -0.000000	 0.000000	 0.000000	 160.276625	 0.000000	 -0.991441	 0.991441	 -90.000000	 0.351768	 -0.063049	 0.357374	 -10.161452	 13994.725925	
43.000000	 1.000000	 0.000000	 -0.000000	 0.000000	 -90.000000	 0.000000	 0.000000	 0.000000	 5.747148	 0.000000	 -0.992499	 0.992499	 -90.000000	 0.355350	 -0.066259	 0.361474	 -10.562110	 13996.181557	
42.000000	 1.000000	 0.000000	 -0.000000	 0.000000	 -90.000000	 -0.000000	 0.000000	 0.000000	 174.456126	 0.000000	 -0.993563	 0.993563	 -90.000000	 0.355128	 -0.074461	 0.362850	 -11.841893	 13997.605319	
41.000000	 1.000000	 0.000000	 -0.000000	 0.000000	 -90.000000	 0.000000	 -0.000000	 0.000000	 -20.043910	 0.000000	 -0.993195	 0.993195	 -90.000000	 0.362824	 -0.071835	 0.369866	 -11.199099	 13999.029356	
40.000000	 1.000000	 0.000000	 -0.000000	 0.000000	 -90.000000	 -0.000000	 -0.000000	 0.000000	 -128.697875	 0.000000	 -0.993756	 0.993756	 -90.000000	 0.363022	 -0.073018	 0.370292	 -11.372696	 14000.451493	
39.000000	 1.000000	 0.000000	 -0.000000	 0.000000	 -90.000000	 0.000000	 0.000000	 0.000000	 79.226853	 0.000000	 -0.994532	 0.994532	 -90.000000	 0.364156	 -0.075245	 0.371848	 -11.674711	 14001.889675	
38.000000	 1.000000	 0.000000	 -0.000000	 0.000000	 -90.000000	 -0.000000	 0.000000	 0.000000	 100.303603	 0.000000	 -0.994678	 0.994678	 -90.000000	 0.366190	 -0.074149	 0.373622	 -11.446991	 14003.351146	
37.000000	 1.000000	 0.000000	 -0.000000	 0.000000	 -90.000000	 0.000000	 0.000000	 0.000000	 43.397201	 0.000000	 -0.995053	 0.995053	 -90.000000	 0.367407	 -0.074983	 0.374981	 -11.534920	 14004.774641	
36.000000	 1.000000	 0.000000	 -0.000000	 0.000000	 -90.000000	 0.000000	 -0.000000	 0.000000	 -43.969593	 0.000000	 -0.995340	 0.995340	 -90.000000	 0.369150	 -0.074946	 0.376681	 -11.476439	 14006.230782	
35.000000	 1.000000	 0.000000	 -0.000000	 0.000000	 -90.000000	 0.000000	 -0.000000	 0.000000	 -26.984819	 0.000000	 -0.995677	 0.995677	 -90.000000	 0.370858	 -0.074885	 0.378343	 -11.415923	 14007.657232	
34.000000	 1.000000	 0.000000	 -0.000000	 0.000000	 -90.000000	 0.000000	 0.000000	 0.000000	 26.288405	 0.000000	 -0.996099	 0.996099	 -90.000000	 0.372574	 -0.074934	 0.380035	 -11.371940	 14009.160617	
33.000000	 1.000000	 0.000000	 -0.000000	 0.000000	 -90.000000	 0.000000	 0.000000	 0.000000	 15.090800	 0.000000	 -0.996485	 0.996485	 -90.000000	 0.374351	 -0.074890	 0.381768	 -11.312825	 14010.599153	
32.000000	 1.000000	 0.000000	 -0.000000	 0.000000	 -90.000000	 0.000000	 -0.000000	 0.000000	 -79.979926	 0.000000	 -0.996632	 0.996632	 -90.000000	 0.376082	 -0.074801	 0.383449	 -11.249129	 14012.037232	
31.000000	 1.000000	 0.000000	 -0.000000	 0.000000	 -90.000000	 -0.000000	 -0.000000	 0.000000	 -113.566430	 0.000000	 -0.996988	 0.996988	 -90.000000	 0.378117	 -0.074826	 0.385449	 -11.193719	 14013.482148	
30.000000	 1.000000	 0.000000	 -0.000000	 0.000000	 -90.000000	 -0.000000	 -0.000000	 0.000000	 -123.596572	 0.000000	 -0.997335	 0.997335	 -90.000000	 0.380207	 -0.074793	 0.387494	 -11.128954	 14014.903554	
29.000000	 1.000000	 0.000000	 -0.000000	 0.000000	 -90.000000	 -0.000000	 0.000000	 0.000000	 125.069588	 0.000000	 -0.997480	 0.997480	 -90.000000	 0.382182	 -0.074493	 0.389374	 -11.029509	 14016.340215	
28.000000	 1.000000	 0.000000	 -0.000000	 0.000000	 -90.000000	 -0.000000	 -0.000000	 0.000000	 -170.085082	 0.000000	 -0.997504	 0.997504	 -90.000000	 0.384425	 -0.073993	 0.391481	 -10.894940	 14017.762027	
27.000000	 1.000000	 0.000000	 -0.000000	 0.000000	 -90.000000	 -0.000000	 0.000000	 0.000000	 161.808008	 0.000000	 -0.998804	 0.998804	 -90.000000	 0.387356	 -0.073792	 0.394322	 -10.785655	 14019.201319	
26.000000	 1.000000	 0.000000	 -0.000000	 0.000000	 -90.000000	 0.000000	 0.000000	 0.000000	 31.654422	 0.000000	 -0.999931	 0.999931	 -90.000000	 0.388623	 -0.075746	 0.395936	 -11.029239	 14020.639525	
25.000000	 1.000000	 0.000000	 -0.000000	 0.000000	 -90.000000	 -0.000000	 -0.000000	 0.000000	 -165.618283	 0.000000	 -0.995134	 0.995134	 -90.000000	 0.390007	 -0.072235	 0.396640	 -10.493098	 14022.077516	
24.000000	 1.000000	 0.000000	 -0.000000	 0.000000	 -90.000000	 -0.000000	 -0.000000	 0.000000	 -103.657150	 0.000000	 -0.999127	 0.999127	 -90.000000	 0.393121	 -0.075164	 0.400242	 -10.824171	 14023.515208	
23.000000	 1.000000	 0.000000	 -0.000000	 0.000000	 -90.000000	 -0.000000	 -0.000000	 0.000000	 -177.544700	 0.000000	 -0.999770	 0.999770	 -90.000000	 0.396401	 -0.072054	 0.402896	 -10.302224	 14024.964144	
22.000000	 1.000000	 0.000000	 -0.000000	 0.000000	 -90.000000	 0.000000	 -0.000000	 0.000000	 -33.926052	 0.000000	 -0.998891	 0.998891	 -90.000000	 0.398553	 -0.072112	 0.405025	 -10.255823	 14026.373303	
21.000000	 1.000000	 0.000000	 -0.000000	 0.000000	 -90.000000	 0.000000	 -0.000000	 0.000000	 -24.951929	 0.000000	 -0.998540	 0.998540	 -90.000000	 0.400976	 -0.071822	 0.407358	 -10.154968	 14027.844841	
20.000000	 1.000000	 0.000000	 -0.000000	 0.000000	 -90.000000	 -0.000000	 0.000000	 0.000000	 118.275505	 0.000000	 -0.998624	 0.998624	 -90.000000	 0.403674	 -0.071595	 0.409974	 -10.057309	 14029.286690	
19.000000	 1.000000	 0.000000	 -0.000000	 0.000000	 -90.000000	 -0.000000	 0.000000	 0.000000	 132.612471	 0.000000	 -0.998619	 0.998619	 -90.000000	 0.406646	 -0.070899	 0.412780	 -9.890146	 14030.712901	
18.000000	 1.000000	 0.000000	 -0.000000	 0.000000	 -90.000000	 0.000000	 0.000000	 0.000000	 77.230987	 0.000000	 -0.998971	 0.998971	 -90.000000	 0.410743	 -0.070587	 0.416764	 -9.751202	 14032.149037	
17.000000	 1.000000	 0.000000	 -0.000000	 0.000000	 -90.000000	 0.000000	 0.000000	 0.000000	 80.204144	 0.000000	 -0.998438	 0.998438	 -90.000000	 0.412658	 -0.069444	 0.418461	 -9.552493	 14033.595944	
16.000000	 1.000000	 0.000000	 -0.000000	 0.000000	 -90.000000	 0.000000	 0.000000	 0.000000	 60.383594	 0.000000	 -0.998875	 0.998875	 -90.000000	 0.417817	 -0.068765	 0.423438	 -9.346067	 14035.037802	
15.000000	 1.000000	 0.000000	 -0.000000	 0.000000	 -90.000000	 -0.000000	 0.000000	 0.000000	 149.198020	 0.000000	 -0.997221	 0.997221	 -90.000000	 0.417952	 -0.066518	 0.423212	 -9.042924	 14036.495309	
14.000000	 1.000000	 0.000000	 -0.000000	 0.000000	 -90.000000	 0.000000	 -0.000000	 0.000000	 -85.564758	 0.000000	 -1.002418	 1.002418	 -90.000000	 0.428535	 -0.063656	 0.433237	 -8.449100	 14037.959101	
13.000000	 1.000000	 0.000000	 -0.000000	 0.000000	 -90.000000	 0.000000	 -0.000000	 0.000000	 -10.762761	 0.000000	 -1.001431	 1.001431	 -90.000000	 0.431246	 -0.064382	 0.436026	 -8.491177	 14039.380268	
12.000000	 1.000000	 0.000000	 -0.000000	 0.000000	 -90.000000	 -0.000000	 0.000000	 0.000000	 124.163995	 0.000000	 -0.992651	 0.992651	 -90.000000	 0.426398	 -0.055763	 0.430029	 -7.450633	 14040.859745	
11.000000	 1.000000	 0.000000	 -0.000000	 0.000000	 -90.000000	 -0.000000	 0.000000	 0.000000	 122.746520	 0.000000	 -0.984702	 0.984702	 -90.000000	 0.424319	 -0.036421	 0.425879	 -4.905858	 14042.285208	
10.000000	 1.000000	 0.000000	 -0.000000	 0.000000	 -90.000000	 0.000000	 -0.000000	 0.000000	 -67.036645	 0.000000	 -1.050366	 1.050366	 -90.000000	 0.499740	 -0.065678	 0.504037	 -7.487119	 14043.712954	
9.000000	 1.000000	 0.000000	 -0.000000	 0.000000	 -90.000000	 0.000000	 -0.000000	 0.000000	 -58.903235	 0.000000	 -1.034366	 1.034366	 -90.000000	 0.479498	 -0.124125	 0.495303	 -14.513319	 14045.150630	
8.000000	 1.000000	 0.000000	 -0.000000	 0.000000	 -90.000000	 0.000000	 0.000000	 0.000000	 14.487224	 0.000000	 -1.079310	 1.079310	 -90.000000	 0.544216	 -0.038460	 0.545573	 -4.042379	 14046.598146	
7.000000	 1.000000	 0.000000	 -0.000000	 0.000000	 -90.000000	 -0.000000	 -0.000000	 0.000000	 -107.931519	 0.000000	 -0.952699	 0.952699	 -90.000000	 0.394561	 -0.189967	 0.437911	 -25.709183	 14048.042794	
6.000000	 1.000000	 0.000000	 -0.000000	 0.000000	 -90.000000	 0.000000	 0.000000	 0.000000	 8.661557	 0.000000	 -1.208983	 1.208983	 -90.000000	 0.701152	 -0.015098	 0.701315	 -1.233554	 14049.450997	
5.000000	 1.000000	 0.000000	 -0.000000	 0.000000	 -90.000000	 -0.000000	 -0.000000	 0.000000	 -117.768596	 0.000000	 -0.853923	 0.853923	 -90.000000	 0.294692	 -0.339604	 0.449638	 -49.050080	 14050.886561	
4.000000	 1.000000	 0.000000	 -0.000000	 0.000000	 -90.000000	 -0.000000	 -0.000000	 0.000000	 -128.138545	 0.000000	 -0.729052	 0.729052	 -90.000000	 0.201653	 -0.425345	 0.470725	 -64.634723	 14052.328042	
3.000000	 1.000000	 0.000000	 -0.000000	 0.000000	 -90.000000	 0.000000	 0.000000	 0.000000	 57.558997	 0.000000	 -1.269978	 1.269978	 -90.000000	 0.761224	 0.674846	 1.017291	 41.557864	 14053.752105	
2.000000	 1.000000	 0.000000	 -0.000000	 0.000000	 -90.000000	 0.000000	 0.000000	 0.000000	 11.672257	 0.000000	 -1.765557	 1.765557	 -90.000000	 1.519812	 0.240417	 1.538710	 8.989057	 14055.202550	
1.000000	 1.000000	 0.000000	 -0.000000	 0.000000	 -90.000000	 -0.000000	 0.000000	 0.000000	 147.363799	 0.000000	 -0.246378	 0.246378	 -90.000000	 -0.181202	 0.154138	 0.237892	 139.614152	 14056.613385	
