# Oscilator_frequency (Hz)	DemodAll_A (-)	Demod_1_X_A (A)	Demod_1_Y_A (A)	Demod_1__R_A (A)	Demod_1__Theta_A (deg)	Demod_2_X_A (A)	Demod_2_Y_A (A)	Demod_2__R_A (A)	Demod_2__Theta_A (deg)	Demod_3_X_A (V)	Demod_3_Y_A (V)	Demod_3__R_A (V)	Demod_3__Theta_A (deg)	Demod_4_X_A (V)	Demod_4_Y_A (V)	Demod_4__R_A (V)	Demod_4__Theta_A (deg)	Timer_GET (s)	
500000.000000	 1.000000	 0.000000	 -0.000000	 0.000000	 -90.000000	 0.538319	 -0.255639	 0.595935	 -25.402293	 0.000000	 0.016051	 0.016051	 90.000000	 0.538319	 -0.255639	 0.595935	 -25.402293	 255844.629419	
495000.000000	 1.000000	 0.000000	 -0.000000	 0.000000	 -90.000000	 0.539644	 -0.253823	 0.596357	 -25.190043	 0.000000	 0.017911	 0.017911	 90.000000	 0.539644	 -0.253823	 0.596357	 -25.190043	 255846.139325	
490000.000000	 1.000000	 0.000000	 -0.000000	 0.000000	 -90.000000	 0.540982	 -0.252022	 0.596806	 -24.978961	 0.000000	 0.014524	 0.014524	 90.000000	 0.540982	 -0.252022	 0.596806	 -24.978961	 255847.571200	
485000.000000	 1.000000	 0.000000	 -0.000000	 0.000000	 -90.000000	 0.542313	 -0.250185	 0.597240	 -24.765268	 0.000000	 0.012801	 0.012801	 90.000000	 0.542313	 -0.250185	 0.597240	 -24.765268	 255849.075442	
480000.000000	 1.000000	 0.000000	 -0.000000	 0.000000	 -90.000000	 0.543578	 -0.248349	 0.597624	 -24.554645	 0.000000	 0.011729	 0.011729	 90.000000	 0.543577	 -0.248349	 0.597623	 -24.554669	 255850.544768	
475000.000000	 1.000000	 0.000000	 -0.000000	 0.000000	 -90.000000	 0.544878	 -0.246455	 0.598024	 -24.337770	 0.000000	 0.012304	 0.012304	 90.000000	 0.544878	 -0.246455	 0.598024	 -24.337770	 255851.973533	
470000.000000	 1.000000	 0.000000	 -0.000000	 0.000000	 -90.000000	 0.546134	 -0.244582	 0.598400	 -24.124810	 0.000000	 0.011512	 0.011512	 90.000000	 0.546134	 -0.244582	 0.598400	 -24.124810	 255853.430523	
465000.000000	 1.000000	 0.000000	 -0.000000	 0.000000	 -90.000000	 0.547466	 -0.242710	 0.598855	 -23.909361	 0.000000	 0.010326	 0.010326	 90.000000	 0.547466	 -0.242710	 0.598855	 -23.909361	 255854.883735	
460000.000000	 1.000000	 0.000000	 -0.000000	 0.000000	 -90.000000	 0.548780	 -0.240840	 0.599302	 -23.694955	 0.000000	 0.009443	 0.009443	 90.000000	 0.548780	 -0.240840	 0.599302	 -23.694955	 255856.356289	
455000.000000	 1.000000	 0.000000	 -0.000000	 0.000000	 -90.000000	 0.550115	 -0.238965	 0.599775	 -23.479746	 0.000000	 0.008899	 0.008899	 90.000000	 0.550115	 -0.238966	 0.599776	 -23.479744	 255857.792050	
450000.000000	 1.000000	 0.000000	 -0.000000	 0.000000	 -90.000000	 0.551368	 -0.237075	 0.600176	 -23.266559	 0.000000	 0.008467	 0.008467	 90.000000	 0.551368	 -0.237075	 0.600176	 -23.266558	 255859.239734	
445000.000000	 1.000000	 0.000000	 -0.000000	 0.000000	 -90.000000	 0.552638	 -0.235192	 0.600604	 -23.053685	 0.000000	 0.008055	 0.008055	 90.000000	 0.552638	 -0.235192	 0.600604	 -23.053685	 255860.652989	
440000.000000	 1.000000	 0.000000	 -0.000000	 0.000000	 -90.000000	 0.553904	 -0.233283	 0.601025	 -22.838961	 0.000000	 0.007447	 0.007447	 90.000000	 0.553904	 -0.233283	 0.601025	 -22.838961	 255862.095345	
435000.000000	 1.000000	 0.000000	 -0.000000	 0.000000	 -90.000000	 0.555190	 -0.231391	 0.601480	 -22.625323	 0.000000	 0.006138	 0.006138	 90.000000	 0.555190	 -0.231391	 0.601480	 -22.625323	 255863.565407	
430000.000000	 1.000000	 0.000000	 -0.000000	 0.000000	 -90.000000	 0.556500	 -0.229494	 0.601963	 -22.410657	 0.000000	 0.006123	 0.006123	 90.000000	 0.556500	 -0.229494	 0.601963	 -22.410657	 255865.034589	
425000.000000	 1.000000	 0.000000	 -0.000000	 0.000000	 -90.000000	 0.557800	 -0.227585	 0.602442	 -22.195664	 0.000000	 0.007248	 0.007248	 90.000000	 0.557800	 -0.227585	 0.602442	 -22.195668	 255866.492443	
420000.000000	 1.000000	 0.000000	 -0.000000	 0.000000	 -90.000000	 0.559077	 -0.225671	 0.602905	 -21.981424	 0.000000	 0.006550	 0.006550	 90.000000	 0.559077	 -0.225671	 0.602905	 -21.981424	 255867.937271	
415000.000000	 1.000000	 0.000000	 -0.000000	 0.000000	 -90.000000	 0.560389	 -0.223771	 0.603415	 -21.767517	 0.000000	 0.006343	 0.006343	 90.000000	 0.560389	 -0.223771	 0.603415	 -21.767517	 255869.377190	
410000.000000	 1.000000	 0.000000	 -0.000000	 0.000000	 -90.000000	 0.561654	 -0.221832	 0.603875	 -21.552132	 0.000000	 0.006052	 0.006052	 90.000000	 0.561654	 -0.221832	 0.603875	 -21.552132	 255870.858821	
405000.000000	 1.000000	 0.000000	 -0.000000	 0.000000	 -90.000000	 0.562936	 -0.219898	 0.604361	 -21.337009	 0.000000	 0.001265	 0.001265	 90.000000	 0.562936	 -0.219898	 0.604361	 -21.337009	 255872.329238	
400000.000000	 1.000000	 0.000000	 -0.000000	 0.000000	 -90.000000	 0.564163	 -0.217946	 0.604798	 -21.122447	 0.000000	 0.007308	 0.007308	 90.000000	 0.564164	 -0.217947	 0.604799	 -21.122447	 255873.776447	
395000.000000	 1.000000	 0.000000	 -0.000000	 0.000000	 -90.000000	 0.565376	 -0.216001	 0.605233	 -20.909251	 0.000000	 0.006372	 0.006372	 90.000000	 0.565376	 -0.216001	 0.605233	 -20.909251	 255875.243817	
390000.000000	 1.000000	 0.000000	 -0.000000	 0.000000	 -90.000000	 0.566610	 -0.214059	 0.605696	 -20.696056	 0.000000	 0.005628	 0.005628	 90.000000	 0.566610	 -0.214059	 0.605696	 -20.696056	 255876.695047	
385000.000000	 1.000000	 0.000000	 -0.000000	 0.000000	 -90.000000	 0.567837	 -0.212107	 0.606159	 -20.482427	 0.000000	 0.005160	 0.005160	 90.000000	 0.567837	 -0.212107	 0.606159	 -20.482427	 255878.118419	
380000.000000	 1.000000	 0.000000	 -0.000000	 0.000000	 -90.000000	 0.569088	 -0.210161	 0.606653	 -20.268919	 0.000000	 0.004996	 0.004996	 90.000000	 0.569088	 -0.210161	 0.606653	 -20.268919	 255879.559951	
375000.000000	 1.000000	 0.000000	 -0.000000	 0.000000	 -90.000000	 0.570272	 -0.208184	 0.607084	 -20.055142	 0.000000	 0.006182	 0.006182	 90.000000	 0.570272	 -0.208184	 0.607084	 -20.055142	 255881.002299	
370000.000000	 1.000000	 0.000000	 -0.000000	 0.000000	 -90.000000	 0.571502	 -0.206230	 0.607573	 -19.842285	 0.000000	 0.005178	 0.005178	 90.000000	 0.571502	 -0.206230	 0.607573	 -19.842285	 255882.453416	
365000.000000	 1.000000	 0.000000	 -0.000000	 0.000000	 -90.000000	 0.572757	 -0.204266	 0.608091	 -19.628057	 0.000000	 0.004844	 0.004844	 90.000000	 0.572757	 -0.204266	 0.608091	 -19.628057	 255883.892130	
360000.000000	 1.000000	 0.000000	 -0.000000	 0.000000	 -90.000000	 0.574008	 -0.202292	 0.608611	 -19.413518	 0.000000	 0.004757	 0.004757	 90.000000	 0.574008	 -0.202292	 0.608611	 -19.413518	 255885.328964	
355000.000000	 1.000000	 0.000000	 -0.000000	 0.000000	 -90.000000	 0.575264	 -0.200321	 0.609145	 -19.199396	 0.000000	 0.004623	 0.004623	 90.000000	 0.575264	 -0.200321	 0.609145	 -19.199396	 255886.759040	
350000.000000	 1.000000	 0.000000	 -0.000000	 0.000000	 -90.000000	 0.576509	 -0.198334	 0.609672	 -18.984527	 0.000000	 0.004541	 0.004541	 90.000000	 0.576509	 -0.198334	 0.609672	 -18.984527	 255888.254927	
345000.000000	 1.000000	 0.000000	 -0.000000	 0.000000	 -90.000000	 0.577742	 -0.196346	 0.610195	 -18.770379	 0.000000	 0.004293	 0.004293	 90.000000	 0.577742	 -0.196346	 0.610195	 -18.770379	 255889.666557	
340000.000000	 1.000000	 0.000000	 -0.000000	 0.000000	 -90.000000	 0.578967	 -0.194352	 0.610717	 -18.556307	 0.000000	 0.002620	 0.002620	 90.000000	 0.578967	 -0.194352	 0.610717	 -18.556307	 255891.100391	
335000.000000	 1.000000	 0.000000	 -0.000000	 0.000000	 -90.000000	 0.580167	 -0.192346	 0.611221	 -18.342170	 0.000000	 0.005117	 0.005117	 90.000000	 0.580167	 -0.192346	 0.611221	 -18.342171	 255892.559048	
330000.000000	 1.000000	 0.000000	 -0.000000	 0.000000	 -90.000000	 0.581371	 -0.190334	 0.611734	 -18.127816	 0.000000	 0.004508	 0.004508	 90.000000	 0.581371	 -0.190334	 0.611734	 -18.127816	 255893.999349	
325000.000000	 1.000000	 0.000000	 -0.000000	 0.000000	 -90.000000	 0.582531	 -0.188305	 0.612210	 -17.913626	 0.000000	 0.004256	 0.004256	 90.000000	 0.582531	 -0.188305	 0.612210	 -17.913626	 255895.475792	
320000.000000	 1.000000	 0.000000	 -0.000000	 0.000000	 -90.000000	 0.583731	 -0.186283	 0.612734	 -17.699142	 0.000000	 0.004119	 0.004119	 90.000000	 0.583731	 -0.186283	 0.612734	 -17.699143	 255896.887161	
315000.000000	 1.000000	 0.000000	 -0.000000	 0.000000	 -90.000000	 0.584929	 -0.184262	 0.613266	 -17.485214	 0.000000	 0.004050	 0.004050	 90.000000	 0.584929	 -0.184262	 0.613266	 -17.485214	 255898.327749	
310000.000000	 1.000000	 0.000000	 -0.000000	 0.000000	 -90.000000	 0.586140	 -0.182235	 0.613815	 -17.270837	 0.000000	 0.004030	 0.004030	 90.000000	 0.586140	 -0.182235	 0.613815	 -17.270836	 255899.787859	
305000.000000	 1.000000	 0.000000	 -0.000000	 0.000000	 -90.000000	 0.587376	 -0.180212	 0.614399	 -17.056438	 0.000000	 0.003678	 0.003678	 90.000000	 0.587376	 -0.180212	 0.614399	 -17.056438	 255901.219611	
300000.000000	 1.000000	 0.000000	 -0.000000	 0.000000	 -90.000000	 0.588635	 -0.178182	 0.615012	 -16.841251	 0.000000	 0.002500	 0.002500	 90.000000	 0.588635	 -0.178182	 0.615012	 -16.841251	 255902.666109	
295000.000000	 1.000000	 0.000000	 -0.000000	 0.000000	 -90.000000	 0.589850	 -0.176140	 0.615588	 -16.626567	 0.000000	 0.005109	 0.005109	 90.000000	 0.589850	 -0.176140	 0.615588	 -16.626567	 255904.103308	
290000.000000	 1.000000	 0.000000	 -0.000000	 0.000000	 -90.000000	 0.591056	 -0.174086	 0.616160	 -16.411510	 0.000000	 0.004094	 0.004094	 90.000000	 0.591056	 -0.174086	 0.616160	 -16.411510	 255905.532026	
285000.000000	 1.000000	 0.000000	 -0.000000	 0.000000	 -90.000000	 0.592286	 -0.172032	 0.616764	 -16.196151	 0.000000	 0.003862	 0.003862	 90.000000	 0.592286	 -0.172032	 0.616764	 -16.196153	 255906.942081	
280000.000000	 1.000000	 0.000000	 -0.000000	 0.000000	 -90.000000	 0.593475	 -0.169963	 0.617333	 -15.980989	 0.000000	 0.003672	 0.003672	 90.000000	 0.593475	 -0.169963	 0.617333	 -15.980989	 255908.396350	
275000.000000	 1.000000	 0.000000	 -0.000000	 0.000000	 -90.000000	 0.594712	 -0.167899	 0.617958	 -15.765426	 0.000000	 0.001229	 0.001229	 90.000000	 0.594712	 -0.167899	 0.617958	 -15.765426	 255909.837743	
270000.000000	 1.000000	 0.000000	 -0.000000	 0.000000	 -90.000000	 0.595963	 -0.165833	 0.618606	 -15.549828	 0.000000	 0.005227	 0.005227	 90.000000	 0.595963	 -0.165833	 0.618606	 -15.549828	 255911.267758	
265000.000000	 1.000000	 0.000000	 -0.000000	 0.000000	 -90.000000	 0.597194	 -0.163758	 0.619240	 -15.334321	 0.000000	 0.010621	 0.010621	 90.000000	 0.597194	 -0.163758	 0.619240	 -15.334321	 255912.709793	
260000.000000	 1.000000	 0.000000	 -0.000000	 0.000000	 -90.000000	 0.598400	 -0.161673	 0.619855	 -15.118910	 0.000000	 0.009962	 0.009962	 90.000000	 0.598400	 -0.161673	 0.619855	 -15.118910	 255914.147525	
255000.000000	 1.000000	 0.000000	 -0.000000	 0.000000	 -90.000000	 0.599621	 -0.159577	 0.620492	 -14.902719	 0.000000	 0.004736	 0.004736	 90.000000	 0.599621	 -0.159577	 0.620492	 -14.902719	 255915.588486	
250000.000000	 1.000000	 0.000000	 -0.000000	 0.000000	 -90.000000	 0.600879	 -0.157484	 0.621174	 -14.686281	 0.000000	 0.003760	 0.003760	 90.000000	 0.600879	 -0.157484	 0.621174	 -14.686281	 255917.024126	
245000.000000	 1.000000	 0.000000	 -0.000000	 0.000000	 -90.000000	 0.602146	 -0.155393	 0.621874	 -14.470320	 0.000000	 0.003608	 0.003608	 90.000000	 0.602146	 -0.155393	 0.621874	 -14.470320	 255918.472689	
240000.000000	 1.000000	 0.000000	 -0.000000	 0.000000	 -90.000000	 0.603403	 -0.153287	 0.622569	 -14.253740	 0.000000	 0.003278	 0.003278	 90.000000	 0.603403	 -0.153287	 0.622569	 -14.253740	 255919.928006	
235000.000000	 1.000000	 0.000000	 -0.000000	 0.000000	 -90.000000	 0.604653	 -0.151174	 0.623264	 -14.037195	 0.000000	 0.004238	 0.004238	 90.000000	 0.604652	 -0.151174	 0.623263	 -14.037198	 255921.387063	
230000.000000	 1.000000	 0.000000	 -0.000000	 0.000000	 -90.000000	 0.605925	 -0.149060	 0.623990	 -13.820536	 0.000000	 0.004343	 0.004343	 90.000000	 0.605925	 -0.149060	 0.623990	 -13.820536	 255922.816288	
225000.000000	 1.000000	 0.000000	 -0.000000	 0.000000	 -90.000000	 0.607188	 -0.146933	 0.624713	 -13.603460	 0.000000	 0.003645	 0.003645	 90.000000	 0.607188	 -0.146933	 0.624713	 -13.603460	 255924.241738	
220000.000000	 1.000000	 0.000000	 -0.000000	 0.000000	 -90.000000	 0.608437	 -0.144798	 0.625430	 -13.386451	 0.000000	 0.003586	 0.003586	 90.000000	 0.608437	 -0.144798	 0.625430	 -13.386451	 255925.711576	
215000.000000	 1.000000	 0.000000	 -0.000000	 0.000000	 -90.000000	 0.609698	 -0.142656	 0.626165	 -13.169088	 0.000000	 0.003533	 0.003533	 90.000000	 0.609698	 -0.142656	 0.626165	 -13.169088	 255927.144087	
210000.000000	 1.000000	 0.000000	 -0.000000	 0.000000	 -90.000000	 0.610945	 -0.140500	 0.626893	 -12.951231	 0.000000	 0.003467	 0.003467	 90.000000	 0.610945	 -0.140500	 0.626893	 -12.951231	 255928.583920	
205000.000000	 1.000000	 0.000000	 -0.000000	 0.000000	 -90.000000	 0.612208	 -0.138340	 0.627644	 -12.733199	 0.000000	 0.003443	 0.003443	 90.000000	 0.612208	 -0.138340	 0.627644	 -12.733199	 255930.041036	
200000.000000	 1.000000	 0.000000	 -0.000000	 0.000000	 -90.000000	 0.613504	 -0.136181	 0.628437	 -12.515199	 0.000000	 0.003175	 0.003175	 90.000000	 0.613504	 -0.136181	 0.628437	 -12.515199	 255931.434897	
195000.000000	 1.000000	 0.000000	 -0.000000	 0.000000	 -90.000000	 0.614791	 -0.134007	 0.629226	 -12.296538	 0.000000	 0.001768	 0.001768	 90.000000	 0.614791	 -0.134007	 0.629226	 -12.296538	 255932.871659	
190000.000000	 1.000000	 0.000000	 -0.000000	 0.000000	 -90.000000	 0.616075	 -0.131826	 0.630021	 -12.077816	 0.000000	 0.004574	 0.004574	 90.000000	 0.616075	 -0.131826	 0.630021	 -12.077816	 255934.308561	
185000.000000	 1.000000	 0.000000	 -0.000000	 0.000000	 -90.000000	 0.617393	 -0.129641	 0.630858	 -11.858702	 0.000000	 0.003842	 0.003842	 90.000000	 0.617393	 -0.129641	 0.630858	 -11.858702	 255935.792256	
180000.000000	 1.000000	 0.000000	 -0.000000	 0.000000	 -90.000000	 0.618721	 -0.127449	 0.631711	 -11.639425	 0.000000	 0.003448	 0.003448	 90.000000	 0.618721	 -0.127449	 0.631711	 -11.639425	 255937.221610	
175000.000000	 1.000000	 0.000000	 -0.000000	 0.000000	 -90.000000	 0.620059	 -0.125246	 0.632582	 -11.419571	 0.000000	 0.003374	 0.003374	 90.000000	 0.620059	 -0.125246	 0.632582	 -11.419571	 255938.743813	
170000.000000	 1.000000	 0.000000	 -0.000000	 0.000000	 -90.000000	 0.621436	 -0.123042	 0.633500	 -11.199489	 0.000000	 0.003329	 0.003329	 90.000000	 0.621436	 -0.123042	 0.633500	 -11.199489	 255940.157653	
165000.000000	 1.000000	 0.000000	 -0.000000	 0.000000	 -90.000000	 0.622797	 -0.120821	 0.634408	 -10.978832	 0.000000	 0.003319	 0.003319	 90.000000	 0.622797	 -0.120821	 0.634408	 -10.978832	 255941.587320	
160000.000000	 1.000000	 0.000000	 -0.000000	 0.000000	 -90.000000	 0.624179	 -0.118595	 0.635345	 -10.758046	 0.000000	 0.003323	 0.003323	 90.000000	 0.624179	 -0.118595	 0.635345	 -10.758046	 255943.031984	
155000.000000	 1.000000	 0.000000	 -0.000000	 0.000000	 -90.000000	 0.625578	 -0.116359	 0.636307	 -10.536727	 0.000000	 0.003274	 0.003274	 90.000000	 0.625578	 -0.116359	 0.636307	 -10.536727	 255944.437287	
150000.000000	 1.000000	 0.000000	 -0.000000	 0.000000	 -90.000000	 0.626983	 -0.114110	 0.637282	 -10.314855	 0.000000	 0.003265	 0.003265	 90.000000	 0.626983	 -0.114110	 0.637282	 -10.314855	 255945.887319	
145000.000000	 1.000000	 0.000000	 -0.000000	 0.000000	 -90.000000	 0.628399	 -0.111854	 0.638277	 -10.092811	 0.000000	 0.003203	 0.003203	 90.000000	 0.628399	 -0.111854	 0.638277	 -10.092812	 255947.316349	
140000.000000	 1.000000	 0.000000	 -0.000000	 0.000000	 -90.000000	 0.629863	 -0.109588	 0.639326	 -9.869922	 0.000000	 0.002592	 0.002592	 90.000000	 0.629864	 -0.109588	 0.639326	 -9.869925	 255948.752854	
135000.000000	 1.000000	 0.000000	 -0.000000	 0.000000	 -90.000000	 0.631311	 -0.107307	 0.640366	 -9.646660	 0.000000	 0.002275	 0.002275	 90.000000	 0.631311	 -0.107307	 0.640366	 -9.646660	 255950.188116	
130000.000000	 1.000000	 0.000000	 -0.000000	 0.000000	 -90.000000	 0.632825	 -0.105022	 0.641480	 -9.422799	 0.000000	 -0.002952	 0.002952	 -90.000000	 0.632825	 -0.105022	 0.641480	 -9.422799	 255951.626928	
125000.000000	 1.000000	 0.000000	 -0.000000	 0.000000	 -90.000000	 0.634323	 -0.102718	 0.642585	 -9.198251	 0.000000	 0.016807	 0.016807	 90.000000	 0.634323	 -0.102718	 0.642585	 -9.198251	 255953.041669	
120000.000000	 1.000000	 0.000000	 -0.000000	 0.000000	 -90.000000	 0.635913	 -0.100413	 0.643792	 -8.973107	 0.000000	 0.004465	 0.004465	 90.000000	 0.635913	 -0.100413	 0.643792	 -8.973107	 255954.513673	
115000.000000	 1.000000	 0.000000	 -0.000000	 0.000000	 -90.000000	 0.637506	 -0.098091	 0.645009	 -8.747283	 0.000000	 0.001647	 0.001647	 90.000000	 0.637507	 -0.098091	 0.645009	 -8.747283	 255955.934753	
110000.000000	 1.000000	 0.000000	 -0.000000	 0.000000	 -90.000000	 0.639172	 -0.095760	 0.646305	 -8.520576	 0.000000	 0.002506	 0.002506	 90.000000	 0.639172	 -0.095760	 0.646305	 -8.520576	 255957.399628	
105000.000000	 1.000000	 0.000000	 -0.000000	 0.000000	 -90.000000	 0.640860	 -0.093411	 0.647632	 -8.292936	 0.000000	 0.001400	 0.001400	 90.000000	 0.640860	 -0.093411	 0.647632	 -8.292936	 255958.837214	
100000.000000	 1.000000	 0.000000	 -0.000000	 0.000000	 -90.000000	 0.642636	 -0.091054	 0.649054	 -8.064468	 0.000000	 0.003744	 0.003744	 90.000000	 0.642636	 -0.091054	 0.649054	 -8.064468	 255960.280450	
95000.000000	 1.000000	 0.000000	 -0.000000	 0.000000	 -90.000000	 0.644464	 -0.088678	 0.650536	 -7.834658	 0.000000	 0.003226	 0.003226	 90.000000	 0.644464	 -0.088678	 0.650536	 -7.834658	 255961.701500	
90000.000000	 1.000000	 0.000000	 -0.000000	 0.000000	 -90.000000	 0.646354	 -0.086285	 0.652088	 -7.603770	 0.000000	 -0.001274	 0.001274	 -90.000000	 0.646354	 -0.086285	 0.652088	 -7.603769	 255963.128456	
85000.000000	 1.000000	 0.000000	 -0.000000	 0.000000	 -90.000000	 0.648300	 -0.083876	 0.653704	 -7.371874	 0.000000	 0.002090	 0.002090	 90.000000	 0.648300	 -0.083876	 0.653704	 -7.371874	 255964.552664	
80000.000000	 1.000000	 0.000000	 -0.000000	 0.000000	 -90.000000	 0.650276	 -0.081442	 0.655356	 -7.138715	 0.000000	 0.003179	 0.003179	 90.000000	 0.650276	 -0.081442	 0.655356	 -7.138717	 255965.990770	
75000.000000	 1.000000	 0.000000	 -0.000000	 0.000000	 -90.000000	 0.652383	 -0.078990	 0.657147	 -6.903722	 0.000000	 0.003164	 0.003164	 90.000000	 0.652383	 -0.078990	 0.657147	 -6.903722	 255967.440848	
70000.000000	 1.000000	 0.000000	 -0.000000	 0.000000	 -90.000000	 0.654540	 -0.076510	 0.658996	 -6.667100	 0.000000	 0.003182	 0.003182	 90.000000	 0.654540	 -0.076510	 0.658996	 -6.667100	 255968.846480	
65000.000000	 1.000000	 0.000000	 -0.000000	 0.000000	 -90.000000	 0.656865	 -0.074008	 0.661021	 -6.428298	 0.000000	 0.003146	 0.003146	 90.000000	 0.656865	 -0.074008	 0.661021	 -6.428298	 255970.283483	
60000.000000	 1.000000	 0.000000	 -0.000000	 0.000000	 -90.000000	 0.659278	 -0.071472	 0.663141	 -6.187282	 0.000000	 0.000615	 0.000615	 90.000000	 0.659278	 -0.071472	 0.663141	 -6.187282	 255971.693679	
55000.000000	 1.000000	 0.000000	 -0.000000	 0.000000	 -90.000000	 0.661899	 -0.068909	 0.665477	 -5.943510	 0.000000	 0.010601	 0.010601	 90.000000	 0.661899	 -0.068909	 0.665477	 -5.943510	 255973.156847	
50000.000000	 1.000000	 0.000000	 -0.000000	 0.000000	 -90.000000	 0.664722	 -0.066305	 0.668021	 -5.696314	 0.000000	 0.002916	 0.002916	 90.000000	 0.664722	 -0.066305	 0.668021	 -5.696314	 255974.578101	
45000.000000	 1.000000	 0.000000	 -0.000000	 0.000000	 -90.000000	 0.667829	 -0.063662	 0.670856	 -5.445391	 0.000000	 -0.000398	 0.000398	 -90.000000	 0.667829	 -0.063662	 0.670856	 -5.445391	 255976.005592	
40000.000000	 1.000000	 0.000000	 -0.000000	 0.000000	 -90.000000	 0.671229	 -0.060964	 0.673992	 -5.189621	 0.000000	 0.006784	 0.006784	 90.000000	 0.671229	 -0.060964	 0.673992	 -5.189621	 255977.440525	
35000.000000	 1.000000	 0.000000	 -0.000000	 0.000000	 -90.000000	 0.674965	 -0.058198	 0.677470	 -4.928060	 0.000000	 0.003279	 0.003279	 90.000000	 0.674965	 -0.058198	 0.677470	 -4.928060	 255978.928611	
30000.000000	 1.000000	 0.000000	 -0.000000	 0.000000	 -90.000000	 0.679209	 -0.055352	 0.681461	 -4.658995	 0.000000	 0.003153	 0.003153	 90.000000	 0.679209	 -0.055352	 0.681461	 -4.658995	 255980.352102	
25000.000000	 1.000000	 0.000000	 -0.000000	 0.000000	 -90.000000	 0.684031	 -0.052398	 0.686035	 -4.380430	 0.000000	 0.003125	 0.003125	 90.000000	 0.684031	 -0.052398	 0.686035	 -4.380430	 255981.800043	
20000.000000	 1.000000	 0.000000	 -0.000000	 0.000000	 -90.000000	 0.689784	 -0.049311	 0.691545	 -4.088939	 0.000000	 0.000462	 0.000462	 90.000000	 0.689784	 -0.049311	 0.691545	 -4.088939	 255983.284178	
15000.000000	 1.000000	 0.000000	 -0.000000	 0.000000	 -90.000000	 0.696860	 -0.046039	 0.698380	 -3.779863	 0.000000	 -0.008680	 0.008680	 -90.000000	 0.696861	 -0.046039	 0.698381	 -3.779859	 255984.707325	
10000.000000	 1.000000	 0.000000	 -0.000000	 0.000000	 -90.000000	 0.706372	 -0.042580	 0.707655	 -3.449643	 0.000000	 -0.006578	 0.006578	 -90.000000	 0.706372	 -0.042580	 0.707655	 -3.449643	 255986.138446	
5000.000000	 1.000000	 0.000000	 -0.000000	 0.000000	 -90.000000	 0.721831	 -0.039210	 0.722895	 -3.109224	 0.000000	 -0.007324	 0.007324	 -90.000000	 0.721831	 -0.039210	 0.722895	 -3.109224	 255987.585243	
