# Oscilator_frequency (Hz)	DemodAll_A (-)	Demod_1_X_A (A)	Demod_1_Y_A (A)	Demod_1__R_A (A)	Demod_1__Theta_A (deg)	Demod_2_X_A (A)	Demod_2_Y_A (A)	Demod_2__R_A (A)	Demod_2__Theta_A (deg)	Demod_3_X_A (V)	Demod_3_Y_A (V)	Demod_3__R_A (V)	Demod_3__Theta_A (deg)	Demod_4_X_A (V)	Demod_4_Y_A (V)	Demod_4__R_A (V)	Demod_4__Theta_A (deg)	Timer_GET (s)	
200.000000	 1.000000	 0.000000	 -0.000000	 0.000000	 -90.000000	 -0.000000	 0.000000	 0.000000	 160.653885	 0.000000	 2.676239	 2.676239	 90.000000	 0.111634	 -0.016122	 0.112792	 -8.217906	 91798.133279	
199.000000	 1.000000	 0.000000	 -0.000000	 0.000000	 -90.000000	 -0.000000	 -0.000000	 0.000000	 -148.888803	 0.000000	 2.676438	 2.676438	 90.000000	 0.111679	 -0.016241	 0.112853	 -8.274055	 91799.609511	
198.000000	 1.000000	 0.000000	 -0.000000	 0.000000	 -90.000000	 0.000000	 0.000000	 0.000000	 23.309079	 0.000000	 2.700359	 2.700359	 90.000000	 0.112033	 -0.016499	 0.113241	 -8.377916	 91801.050389	
197.000000	 1.000000	 0.000000	 -0.000000	 0.000000	 -90.000000	 0.000000	 0.000000	 0.000000	 0.942670	 0.000000	 2.684100	 2.684100	 90.000000	 0.112106	 -0.016657	 0.113336	 -8.451115	 91802.589309	
196.000000	 1.000000	 0.000000	 -0.000000	 0.000000	 -90.000000	 -0.000000	 0.000000	 0.000000	 108.505374	 0.000000	 2.689591	 2.689591	 90.000000	 0.112160	 -0.016765	 0.113406	 -8.501497	 91804.008744	
195.000000	 1.000000	 0.000000	 -0.000000	 0.000000	 -90.000000	 0.000000	 -0.000000	 0.000000	 -3.285043	 0.000000	 2.685994	 2.685994	 90.000000	 0.112188	 -0.016901	 0.113454	 -8.567277	 91805.421457	
194.000000	 1.000000	 0.000000	 -0.000000	 0.000000	 -90.000000	 0.000000	 -0.000000	 0.000000	 -81.920584	 0.000000	 2.673817	 2.673817	 90.000000	 0.112304	 -0.016724	 0.113543	 -8.470242	 91806.849928	
193.000000	 1.000000	 0.000000	 -0.000000	 0.000000	 -90.000000	 0.000000	 -0.000000	 0.000000	 -19.259584	 0.000000	 2.687122	 2.687122	 90.000000	 0.112440	 -0.017214	 0.113751	 -8.704092	 91808.324218	
192.000000	 1.000000	 0.000000	 -0.000000	 0.000000	 -90.000000	 -0.000000	 0.000000	 0.000000	 100.187383	 0.000000	 2.680861	 2.680861	 90.000000	 0.112485	 -0.017214	 0.113794	 -8.700813	 91809.748128	
191.000000	 1.000000	 0.000000	 -0.000000	 0.000000	 -90.000000	 -0.000000	 0.000000	 0.000000	 104.156397	 0.000000	 2.673746	 2.673746	 90.000000	 0.112509	 -0.017273	 0.113828	 -8.727942	 91811.189875	
190.000000	 1.000000	 0.000000	 -0.000000	 0.000000	 -90.000000	 -0.000000	 -0.000000	 0.000000	 -152.995774	 0.000000	 2.676112	 2.676112	 90.000000	 0.112662	 -0.017457	 0.114006	 -8.807887	 91812.688396	
189.000000	 1.000000	 0.000000	 -0.000000	 0.000000	 -90.000000	 -0.000000	 0.000000	 0.000000	 128.111218	 0.000000	 2.674788	 2.674788	 90.000000	 0.112651	 -0.017359	 0.113981	 -8.760112	 91814.139030	
188.000000	 1.000000	 0.000000	 -0.000000	 0.000000	 -90.000000	 0.000000	 0.000000	 0.000000	 81.165084	 0.000000	 2.675076	 2.675076	 90.000000	 0.112737	 -0.017572	 0.114098	 -8.859172	 91815.616469	
187.000000	 1.000000	 0.000000	 -0.000000	 0.000000	 -90.000000	 -0.000000	 0.000000	 0.000000	 171.908058	 0.000000	 2.676991	 2.676991	 90.000000	 0.112843	 -0.017834	 0.114244	 -8.980786	 91817.063844	
186.000000	 1.000000	 0.000000	 -0.000000	 0.000000	 -90.000000	 0.000000	 0.000000	 0.000000	 88.769681	 0.000000	 2.672422	 2.672422	 90.000000	 0.112787	 -0.017455	 0.114129	 -8.797399	 91818.487960	
185.000000	 1.000000	 0.000000	 -0.000000	 0.000000	 -90.000000	 0.000000	 0.000000	 0.000000	 86.348119	 0.000000	 2.675291	 2.675291	 90.000000	 0.112910	 -0.017788	 0.114303	 -8.952813	 91819.936278	
184.000000	 1.000000	 0.000000	 -0.000000	 0.000000	 -90.000000	 -0.000000	 -0.000000	 0.000000	 -145.181515	 0.000000	 2.660039	 2.660039	 90.000000	 0.112896	 -0.017651	 0.114268	 -8.885980	 91821.381005	
183.000000	 1.000000	 0.000000	 -0.000000	 0.000000	 -90.000000	 0.000000	 0.000000	 0.000000	 7.966853	 0.000000	 2.642695	 2.642695	 90.000000	 0.112939	 -0.017469	 0.114282	 -8.792702	 91822.833739	
182.000000	 1.000000	 0.000000	 -0.000000	 0.000000	 -90.000000	 0.000000	 -0.000000	 0.000000	 -32.176616	 0.000000	 2.636417	 2.636417	 90.000000	 0.112933	 -0.017341	 0.114256	 -8.729910	 91824.259404	
181.000000	 1.000000	 0.000000	 -0.000000	 0.000000	 -90.000000	 -0.000000	 0.000000	 0.000000	 111.181917	 0.000000	 2.642877	 2.642877	 90.000000	 0.113060	 -0.017654	 0.114430	 -8.874968	 91825.715904	
180.000000	 1.000000	 0.000000	 -0.000000	 0.000000	 -90.000000	 0.000000	 0.000000	 0.000000	 14.908010	 0.000000	 2.646064	 2.646064	 90.000000	 0.113155	 -0.017770	 0.114542	 -8.924886	 91827.157934	
179.000000	 1.000000	 0.000000	 -0.000000	 0.000000	 -90.000000	 -0.000000	 0.000000	 0.000000	 112.453560	 0.000000	 2.644131	 2.644131	 90.000000	 0.113241	 -0.018044	 0.114670	 -9.053700	 91828.638114	
178.000000	 1.000000	 0.000000	 -0.000000	 0.000000	 -90.000000	 -0.000000	 -0.000000	 0.000000	 -164.967140	 0.000000	 2.651113	 2.651113	 90.000000	 0.113351	 -0.018158	 0.114796	 -9.100962	 91830.077617	
177.000000	 1.000000	 0.000000	 -0.000000	 0.000000	 -90.000000	 -0.000000	 0.000000	 0.000000	 112.189447	 0.000000	 2.649615	 2.649615	 90.000000	 0.113393	 -0.018290	 0.114858	 -9.162892	 91831.527578	
176.000000	 1.000000	 0.000000	 -0.000000	 0.000000	 -90.000000	 0.000000	 -0.000000	 0.000000	 -45.879163	 0.000000	 2.650833	 2.650833	 90.000000	 0.113502	 -0.018863	 0.115059	 -9.435942	 91832.956517	
175.000000	 1.000000	 0.000000	 -0.000000	 0.000000	 -90.000000	 -0.000000	 -0.000000	 0.000000	 -162.638567	 0.000000	 2.665434	 2.665434	 90.000000	 0.113648	 -0.018968	 0.115220	 -9.475235	 91834.422608	
174.000000	 1.000000	 0.000000	 -0.000000	 0.000000	 -90.000000	 0.000000	 0.000000	 0.000000	 72.245339	 0.000000	 2.663923	 2.663923	 90.000000	 0.113681	 -0.018984	 0.115255	 -9.480742	 91835.876659	
173.000000	 1.000000	 0.000000	 -0.000000	 0.000000	 -90.000000	 -0.000000	 0.000000	 0.000000	 170.118518	 0.000000	 2.661951	 2.661951	 90.000000	 0.113806	 -0.019048	 0.115389	 -9.501526	 91837.328254	
172.000000	 1.000000	 0.000000	 -0.000000	 0.000000	 -90.000000	 0.000000	 0.000000	 0.000000	 14.999904	 0.000000	 2.661205	 2.661205	 90.000000	 0.113800	 -0.019176	 0.115404	 -9.565000	 91838.782408	
171.000000	 1.000000	 0.000000	 -0.000000	 0.000000	 -90.000000	 -0.000000	 -0.000000	 0.000000	 -137.361458	 0.000000	 2.648109	 2.648109	 90.000000	 0.113825	 -0.019209	 0.115434	 -9.578800	 91840.195443	
170.000000	 1.000000	 0.000000	 -0.000000	 0.000000	 -90.000000	 0.000000	 -0.000000	 0.000000	 -74.533879	 0.000000	 2.672457	 2.672457	 90.000000	 0.114051	 -0.019813	 0.115759	 -9.855077	 91841.643803	
169.000000	 1.000000	 0.000000	 -0.000000	 0.000000	 -90.000000	 0.000000	 -0.000000	 0.000000	 -24.497279	 0.000000	 2.649107	 2.649107	 90.000000	 0.113946	 -0.019285	 0.115566	 -9.606213	 91843.091415	
168.000000	 1.000000	 0.000000	 -0.000000	 0.000000	 -90.000000	 0.000000	 -0.000000	 0.000000	 -66.999359	 0.000000	 2.647785	 2.647785	 90.000000	 0.114017	 -0.019390	 0.115655	 -9.651662	 91844.550299	
167.000000	 1.000000	 0.000000	 -0.000000	 0.000000	 -90.000000	 -0.000000	 -0.000000	 0.000000	 -168.682508	 0.000000	 2.649438	 2.649438	 90.000000	 0.114085	 -0.019595	 0.115756	 -9.745848	 91845.990214	
166.000000	 1.000000	 0.000000	 -0.000000	 0.000000	 -90.000000	 -0.000000	 -0.000000	 0.000000	 -125.023554	 0.000000	 2.662995	 2.662995	 90.000000	 0.114247	 -0.019895	 0.115967	 -9.878402	 91847.441204	
165.000000	 1.000000	 0.000000	 -0.000000	 0.000000	 -90.000000	 0.000000	 0.000000	 0.000000	 30.547909	 0.000000	 2.662829	 2.662829	 90.000000	 0.114346	 -0.020140	 0.116106	 -9.989351	 91848.887274	
164.000000	 1.000000	 0.000000	 -0.000000	 0.000000	 -90.000000	 -0.000000	 -0.000000	 0.000000	 -159.706928	 0.000000	 2.670131	 2.670131	 90.000000	 0.114424	 -0.020209	 0.116194	 -10.015820	 91850.343241	
163.000000	 1.000000	 0.000000	 -0.000000	 0.000000	 -90.000000	 -0.000000	 -0.000000	 0.000000	 -122.109158	 0.000000	 2.664820	 2.664820	 90.000000	 0.114434	 -0.020318	 0.116224	 -10.067920	 91851.783901	
162.000000	 1.000000	 0.000000	 -0.000000	 0.000000	 -90.000000	 0.000000	 0.000000	 0.000000	 59.975485	 0.000000	 2.664530	 2.664530	 90.000000	 0.114529	 -0.020316	 0.116317	 -10.058852	 91853.208863	
161.000000	 1.000000	 0.000000	 -0.000000	 0.000000	 -90.000000	 -0.000000	 0.000000	 0.000000	 140.824694	 0.000000	 2.664286	 2.664286	 90.000000	 0.114527	 -0.020403	 0.116331	 -10.101168	 91854.653711	
160.000000	 1.000000	 0.000000	 -0.000000	 0.000000	 -90.000000	 0.000000	 0.000000	 0.000000	 72.997444	 0.000000	 2.662524	 2.662524	 90.000000	 0.114668	 -0.020612	 0.116506	 -10.190496	 91856.118089	
159.000000	 1.000000	 0.000000	 -0.000000	 0.000000	 -90.000000	 0.000000	 0.000000	 0.000000	 84.500390	 0.000000	 2.660867	 2.660867	 90.000000	 0.114639	 -0.020483	 0.116454	 -10.130518	 91857.595003	
158.000000	 1.000000	 0.000000	 -0.000000	 0.000000	 -90.000000	 0.000000	 -0.000000	 0.000000	 -34.457682	 0.000000	 2.663152	 2.663152	 90.000000	 0.114740	 -0.021005	 0.116647	 -10.374233	 91859.047371	
157.000000	 1.000000	 0.000000	 -0.000000	 0.000000	 -90.000000	 -0.000000	 0.000000	 0.000000	 134.852366	 0.000000	 2.654742	 2.654742	 90.000000	 0.114724	 -0.020493	 0.116540	 -10.127764	 91860.498352	
156.000000	 1.000000	 0.000000	 -0.000000	 0.000000	 -90.000000	 -0.000000	 -0.000000	 0.000000	 -97.127078	 0.000000	 2.657170	 2.657170	 90.000000	 0.114917	 -0.020631	 0.116755	 -10.177635	 91861.958934	
155.000000	 1.000000	 0.000000	 -0.000000	 0.000000	 -90.000000	 -0.000000	 0.000000	 0.000000	 118.635960	 0.000000	 2.635870	 2.635870	 90.000000	 0.114402	 -0.020558	 0.116234	 -10.187496	 91863.411619	
154.000000	 1.000000	 0.000000	 -0.000000	 0.000000	 -90.000000	 -0.000000	 -0.000000	 0.000000	 -102.384431	 0.000000	 2.644318	 2.644318	 90.000000	 0.114218	 -0.020606	 0.116062	 -10.226593	 91864.875145	
153.000000	 1.000000	 0.000000	 -0.000000	 0.000000	 -90.000000	 0.000000	 -0.000000	 0.000000	 -48.460229	 0.000000	 2.613536	 2.613536	 90.000000	 0.115092	 -0.019851	 0.116791	 -9.786233	 91866.312456	
152.000000	 1.000000	 0.000000	 -0.000000	 0.000000	 -90.000000	 0.000000	 -0.000000	 0.000000	 -85.982666	 0.000000	 2.615252	 2.615252	 90.000000	 0.114712	 -0.020613	 0.116550	 -10.187051	 91867.752566	
151.000000	 1.000000	 0.000000	 -0.000000	 0.000000	 -90.000000	 0.000000	 -0.000000	 0.000000	 -4.321121	 0.000000	 2.619794	 2.619794	 90.000000	 0.115590	 -0.019522	 0.117227	 -9.586307	 91869.196477	
150.000000	 1.000000	 0.000000	 -0.000000	 0.000000	 -90.000000	 -0.000000	 0.000000	 0.000000	 136.580168	 0.000000	 2.620867	 2.620867	 90.000000	 0.115047	 -0.021119	 0.116970	 -10.402034	 91870.641832	
149.000000	 1.000000	 0.000000	 -0.000000	 0.000000	 -90.000000	 0.000000	 -0.000000	 0.000000	 -47.203986	 0.000000	 2.640210	 2.640210	 90.000000	 0.115972	 -0.020780	 0.117819	 -10.158779	 91872.085129	
148.000000	 1.000000	 0.000000	 -0.000000	 0.000000	 -90.000000	 -0.000000	 -0.000000	 0.000000	 -143.624890	 0.000000	 2.630348	 2.630348	 90.000000	 0.114201	 -0.020958	 0.116109	 -10.399261	 91873.533914	
147.000000	 1.000000	 0.000000	 -0.000000	 0.000000	 -90.000000	 -0.000000	 -0.000000	 0.000000	 -105.695526	 0.000000	 2.622413	 2.622413	 90.000000	 0.114430	 -0.020778	 0.116301	 -10.291504	 91874.970921	
146.000000	 1.000000	 0.000000	 -0.000000	 0.000000	 -90.000000	 -0.000000	 -0.000000	 0.000000	 -129.700141	 0.000000	 2.672184	 2.672184	 90.000000	 0.116013	 -0.021689	 0.118023	 -10.589593	 91876.430774	
145.000000	 1.000000	 0.000000	 -0.000000	 0.000000	 -90.000000	 0.000000	 0.000000	 0.000000	 87.961098	 0.000000	 2.687096	 2.687096	 90.000000	 0.116091	 -0.022203	 0.118195	 -10.827476	 91877.871983	
144.000000	 1.000000	 0.000000	 -0.000000	 0.000000	 -90.000000	 -0.000000	 -0.000000	 0.000000	 -148.761308	 0.000000	 2.683038	 2.683038	 90.000000	 0.115527	 -0.022284	 0.117656	 -10.917540	 91879.335906	
143.000000	 1.000000	 0.000000	 -0.000000	 0.000000	 -90.000000	 0.000000	 0.000000	 0.000000	 79.218184	 0.000000	 2.674448	 2.674448	 90.000000	 0.115527	 -0.021891	 0.117583	 -10.729606	 91880.781533	
142.000000	 1.000000	 0.000000	 -0.000000	 0.000000	 -90.000000	 -0.000000	 0.000000	 0.000000	 173.249689	 0.000000	 2.680122	 2.680122	 90.000000	 0.115892	 -0.022560	 0.118067	 -11.015914	 91882.218160	
141.000000	 1.000000	 0.000000	 -0.000000	 0.000000	 -90.000000	 -0.000000	 0.000000	 0.000000	 155.412641	 0.000000	 2.674784	 2.674784	 90.000000	 0.115923	 -0.022395	 0.118067	 -10.934028	 91883.665234	
140.000000	 1.000000	 0.000000	 -0.000000	 0.000000	 -90.000000	 -0.000000	 -0.000000	 0.000000	 -96.735465	 0.000000	 2.676121	 2.676121	 90.000000	 0.116027	 -0.022664	 0.118220	 -11.052553	 91885.092968	
139.000000	 1.000000	 0.000000	 -0.000000	 0.000000	 -90.000000	 -0.000000	 -0.000000	 0.000000	 -141.638912	 0.000000	 2.669688	 2.669688	 90.000000	 0.116031	 -0.022505	 0.118193	 -10.976674	 91886.578078	
138.000000	 1.000000	 0.000000	 -0.000000	 0.000000	 -90.000000	 -0.000000	 -0.000000	 0.000000	 -175.693126	 0.000000	 2.623898	 2.623898	 90.000000	 0.115393	 -0.020819	 0.117256	 -10.227134	 91888.012734	
137.000000	 1.000000	 0.000000	 -0.000000	 0.000000	 -90.000000	 -0.000000	 0.000000	 0.000000	 102.132331	 0.000000	 2.682497	 2.682497	 90.000000	 0.116404	 -0.023234	 0.118700	 -11.287629	 91889.449668	
136.000000	 1.000000	 0.000000	 -0.000000	 0.000000	 -90.000000	 0.000000	 0.000000	 0.000000	 3.337630	 0.000000	 2.677611	 2.677611	 90.000000	 0.116442	 -0.023223	 0.118735	 -11.278745	 91890.891004	
135.000000	 1.000000	 0.000000	 -0.000000	 0.000000	 -90.000000	 -0.000000	 -0.000000	 0.000000	 -122.300983	 0.000000	 2.675433	 2.675433	 90.000000	 0.116393	 -0.023135	 0.118670	 -11.241948	 91892.346459	
134.000000	 1.000000	 0.000000	 -0.000000	 0.000000	 -90.000000	 -0.000000	 0.000000	 0.000000	 119.477260	 0.000000	 2.674052	 2.674052	 90.000000	 0.116496	 -0.023211	 0.118786	 -11.268076	 91893.788913	
133.000000	 1.000000	 0.000000	 -0.000000	 0.000000	 -90.000000	 -0.000000	 0.000000	 0.000000	 149.756303	 0.000000	 2.671747	 2.671747	 90.000000	 0.116565	 -0.023352	 0.118881	 -11.328484	 91895.223953	
132.000000	 1.000000	 0.000000	 -0.000000	 0.000000	 -90.000000	 -0.000000	 -0.000000	 0.000000	 -125.649633	 0.000000	 2.672303	 2.672303	 90.000000	 0.116611	 -0.023425	 0.118941	 -11.358266	 91896.662163	
131.000000	 1.000000	 0.000000	 -0.000000	 0.000000	 -90.000000	 0.000000	 0.000000	 0.000000	 79.979716	 0.000000	 2.787947	 2.787947	 90.000000	 0.118980	 -0.027383	 0.122091	 -12.960602	 91898.079224	
130.000000	 1.000000	 0.000000	 -0.000000	 0.000000	 -90.000000	 -0.000000	 0.000000	 0.000000	 153.243134	 0.000000	 2.847711	 2.847711	 90.000000	 0.119992	 -0.027317	 0.123062	 -12.825046	 91899.513145	
129.000000	 1.000000	 0.000000	 -0.000000	 0.000000	 -90.000000	 0.000000	 -0.000000	 0.000000	 -65.193639	 0.000000	 2.607438	 2.607438	 90.000000	 0.115772	 -0.021580	 0.117766	 -10.558695	 91900.953766	
128.000000	 1.000000	 0.000000	 -0.000000	 0.000000	 -90.000000	 -0.000000	 -0.000000	 0.000000	 -115.001581	 0.000000	 2.613996	 2.613996	 90.000000	 0.116091	 -0.021754	 0.118111	 -10.613507	 91902.402032	
127.000000	 1.000000	 0.000000	 -0.000000	 0.000000	 -90.000000	 -0.000000	 0.000000	 0.000000	 140.504312	 0.000000	 2.659481	 2.659481	 90.000000	 0.116642	 -0.023082	 0.118904	 -11.193683	 91903.877550	
126.000000	 1.000000	 0.000000	 -0.000000	 0.000000	 -90.000000	 0.000000	 -0.000000	 0.000000	 -56.982405	 0.000000	 2.643526	 2.643526	 90.000000	 0.116619	 -0.022852	 0.118837	 -11.087116	 91905.315104	
125.000000	 1.000000	 0.000000	 -0.000000	 0.000000	 -90.000000	 -0.000000	 0.000000	 0.000000	 153.526145	 0.000000	 2.657932	 2.657932	 90.000000	 0.116797	 -0.022830	 0.119007	 -11.060152	 91906.784797	
124.000000	 1.000000	 0.000000	 -0.000000	 0.000000	 -90.000000	 -0.000000	 0.000000	 0.000000	 145.561725	 0.000000	 2.655040	 2.655040	 90.000000	 0.116827	 -0.022973	 0.119065	 -11.124954	 91908.215624	
123.000000	 1.000000	 0.000000	 -0.000000	 0.000000	 -90.000000	 0.000000	 -0.000000	 0.000000	 -62.405229	 0.000000	 2.650608	 2.650608	 90.000000	 0.116990	 -0.023025	 0.119234	 -11.134149	 91909.679840	
122.000000	 1.000000	 0.000000	 -0.000000	 0.000000	 -90.000000	 -0.000000	 0.000000	 0.000000	 176.319620	 0.000000	 2.643907	 2.643907	 90.000000	 0.117002	 -0.023290	 0.119297	 -11.258172	 91911.106164	
121.000000	 1.000000	 0.000000	 -0.000000	 0.000000	 -90.000000	 -0.000000	 -0.000000	 0.000000	 -111.880218	 0.000000	 2.639530	 2.639530	 90.000000	 0.117003	 -0.023222	 0.119285	 -11.225822	 91912.512799	
120.000000	 1.000000	 0.000000	 -0.000000	 0.000000	 -90.000000	 0.000000	 -0.000000	 0.000000	 -73.211709	 0.000000	 2.641152	 2.641152	 90.000000	 0.117434	 -0.024064	 0.119874	 -11.580383	 91913.948073	
119.000000	 1.000000	 0.000000	 -0.000000	 0.000000	 -90.000000	 0.000000	 -0.000000	 0.000000	 -82.426161	 0.000000	 2.625366	 2.625366	 90.000000	 0.116922	 -0.022827	 0.119130	 -11.047198	 91915.430516	
118.000000	 1.000000	 0.000000	 -0.000000	 0.000000	 -90.000000	 -0.000000	 -0.000000	 0.000000	 -103.205074	 0.000000	 2.610523	 2.610523	 90.000000	 0.117031	 -0.022917	 0.119254	 -11.079240	 91916.854589	
117.000000	 1.000000	 0.000000	 -0.000000	 0.000000	 -90.000000	 0.000000	 0.000000	 0.000000	 79.900558	 0.000000	 2.622123	 2.622123	 90.000000	 0.117107	 -0.023015	 0.119347	 -11.118725	 91918.316364	
116.000000	 1.000000	 0.000000	 -0.000000	 0.000000	 -90.000000	 -0.000000	 0.000000	 0.000000	 165.167653	 0.000000	 2.628480	 2.628480	 90.000000	 0.117311	 -0.023364	 0.119615	 -11.263582	 91919.747068	
115.000000	 1.000000	 0.000000	 -0.000000	 0.000000	 -90.000000	 -0.000000	 -0.000000	 0.000000	 -143.807863	 0.000000	 2.628009	 2.628009	 90.000000	 0.117434	 -0.023509	 0.119764	 -11.320390	 91921.168741	
114.000000	 1.000000	 0.000000	 -0.000000	 0.000000	 -90.000000	 -0.000000	 0.000000	 0.000000	 169.777018	 0.000000	 2.628317	 2.628317	 90.000000	 0.117594	 -0.023772	 0.119972	 -11.428533	 91922.651015	
113.000000	 1.000000	 0.000000	 -0.000000	 0.000000	 -90.000000	 0.000000	 0.000000	 0.000000	 26.648391	 0.000000	 2.632138	 2.632138	 90.000000	 0.118058	 -0.024707	 0.120615	 -11.820190	 91924.087252	
112.000000	 1.000000	 0.000000	 -0.000000	 0.000000	 -90.000000	 0.000000	 0.000000	 0.000000	 83.638247	 0.000000	 2.626113	 2.626113	 90.000000	 0.118113	 -0.024725	 0.120673	 -11.823399	 91925.530842	
111.000000	 1.000000	 0.000000	 -0.000000	 0.000000	 -90.000000	 0.000000	 -0.000000	 0.000000	 -14.922891	 0.000000	 2.628089	 2.628089	 90.000000	 0.118202	 -0.024946	 0.120805	 -11.917400	 91926.976466	
110.000000	 1.000000	 0.000000	 -0.000000	 0.000000	 -90.000000	 0.000000	 -0.000000	 0.000000	 -88.358431	 0.000000	 2.646345	 2.646345	 90.000000	 0.118888	 -0.026304	 0.121763	 -12.475771	 91928.406822	
109.000000	 1.000000	 0.000000	 -0.000000	 0.000000	 -90.000000	 0.000000	 0.000000	 0.000000	 4.582258	 0.000000	 2.625789	 2.625789	 90.000000	 0.118414	 -0.025231	 0.121072	 -12.028458	 91929.845706	
108.000000	 1.000000	 0.000000	 -0.000000	 0.000000	 -90.000000	 0.000000	 0.000000	 0.000000	 44.199632	 0.000000	 2.627406	 2.627406	 90.000000	 0.118679	 -0.025531	 0.121394	 -12.140830	 91931.279711	
107.000000	 1.000000	 0.000000	 -0.000000	 0.000000	 -90.000000	 0.000000	 0.000000	 0.000000	 73.282476	 0.000000	 2.657173	 2.657173	 90.000000	 0.119116	 -0.026217	 0.121968	 -12.412868	 91932.748832	
106.000000	 1.000000	 0.000000	 -0.000000	 0.000000	 -90.000000	 0.000000	 -0.000000	 0.000000	 -11.200282	 0.000000	 2.646536	 2.646536	 90.000000	 0.119151	 -0.026310	 0.122022	 -12.451775	 91934.203988	
105.000000	 1.000000	 0.000000	 -0.000000	 0.000000	 -90.000000	 -0.000000	 0.000000	 0.000000	 158.069803	 0.000000	 2.644874	 2.644874	 90.000000	 0.118841	 -0.025983	 0.121648	 -12.332790	 91935.643053	
104.000000	 1.000000	 0.000000	 -0.000000	 0.000000	 -90.000000	 0.000000	 0.000000	 0.000000	 52.418630	 0.000000	 2.646015	 2.646015	 90.000000	 0.118829	 -0.026016	 0.121643	 -12.349163	 91937.076835	
103.000000	 1.000000	 0.000000	 -0.000000	 0.000000	 -90.000000	 -0.000000	 -0.000000	 0.000000	 -96.799918	 0.000000	 2.644290	 2.644290	 90.000000	 0.119490	 -0.026288	 0.122348	 -12.407455	 91938.529896	
102.000000	 1.000000	 0.000000	 -0.000000	 0.000000	 -90.000000	 0.000000	 -0.000000	 0.000000	 -81.522443	 0.000000	 2.648237	 2.648237	 90.000000	 0.119573	 -0.026999	 0.122583	 -12.723916	 91939.980024	
101.000000	 1.000000	 0.000000	 -0.000000	 0.000000	 -90.000000	 0.000000	 -0.000000	 0.000000	 -29.188975	 0.000000	 2.643233	 2.643233	 90.000000	 0.119745	 -0.026431	 0.122627	 -12.447369	 91941.430564	
100.000000	 1.000000	 0.000000	 -0.000000	 0.000000	 -90.000000	 -0.000000	 -0.000000	 0.000000	 -155.057697	 0.000000	 2.649658	 2.649658	 90.000000	 0.120035	 -0.027160	 0.123069	 -12.749318	 91942.898208	
99.000000	 1.000000	 0.000000	 -0.000000	 0.000000	 -90.000000	 0.000000	 -0.000000	 0.000000	 -19.324553	 0.000000	 2.648326	 2.648326	 90.000000	 0.120324	 -0.027144	 0.123348	 -12.712722	 91944.338148	
98.000000	 1.000000	 0.000000	 -0.000000	 0.000000	 -90.000000	 -0.000000	 0.000000	 0.000000	 90.269077	 0.000000	 2.645144	 2.645144	 90.000000	 0.119856	 -0.027521	 0.122975	 -12.931867	 91945.766858	
97.000000	 1.000000	 0.000000	 -0.000000	 0.000000	 -90.000000	 0.000000	 -0.000000	 0.000000	 -10.859887	 0.000000	 2.644942	 2.644942	 90.000000	 0.120172	 -0.027688	 0.123321	 -12.974483	 91947.201007	
96.000000	 1.000000	 0.000000	 -0.000000	 0.000000	 -90.000000	 -0.000000	 -0.000000	 0.000000	 -118.043644	 0.000000	 2.650740	 2.650740	 90.000000	 0.120584	 -0.027714	 0.123728	 -12.943692	 91948.647374	
95.000000	 1.000000	 0.000000	 -0.000000	 0.000000	 -90.000000	 -0.000000	 0.000000	 0.000000	 148.226999	 0.000000	 2.648837	 2.648837	 90.000000	 0.120820	 -0.028196	 0.124066	 -13.136025	 91950.077186	
94.000000	 1.000000	 0.000000	 -0.000000	 0.000000	 -90.000000	 -0.000000	 -0.000000	 0.000000	 -99.246006	 0.000000	 2.651814	 2.651814	 90.000000	 0.120638	 -0.028268	 0.123906	 -13.187552	 91951.568443	
93.000000	 1.000000	 0.000000	 -0.000000	 0.000000	 -90.000000	 -0.000000	 0.000000	 0.000000	 148.877291	 0.000000	 2.646725	 2.646725	 90.000000	 0.120863	 -0.028565	 0.124193	 -13.297540	 91953.001573	
92.000000	 1.000000	 0.000000	 -0.000000	 0.000000	 -90.000000	 0.000000	 -0.000000	 0.000000	 -38.521578	 0.000000	 2.636101	 2.636101	 90.000000	 0.121011	 -0.028371	 0.124292	 -13.194666	 91954.458885	
91.000000	 1.000000	 0.000000	 -0.000000	 0.000000	 -90.000000	 -0.000000	 0.000000	 0.000000	 143.664207	 0.000000	 2.644647	 2.644647	 90.000000	 0.121149	 -0.028738	 0.124511	 -13.344525	 91955.898083	
90.000000	 1.000000	 0.000000	 -0.000000	 0.000000	 -90.000000	 0.000000	 -0.000000	 0.000000	 -27.758011	 0.000000	 2.644816	 2.644816	 90.000000	 0.121387	 -0.029245	 0.124860	 -13.545752	 91957.400333	
89.000000	 1.000000	 0.000000	 -0.000000	 0.000000	 -90.000000	 0.000000	 -0.000000	 0.000000	 -74.154449	 0.000000	 2.641298	 2.641298	 90.000000	 0.121294	 -0.028550	 0.124608	 -13.245185	 91958.818664	
88.000000	 1.000000	 0.000000	 -0.000000	 0.000000	 -90.000000	 0.000000	 -0.000000	 0.000000	 -87.011448	 0.000000	 2.639881	 2.639881	 90.000000	 0.121500	 -0.028789	 0.124864	 -13.330287	 91960.247224	
87.000000	 1.000000	 0.000000	 -0.000000	 0.000000	 -90.000000	 -0.000000	 0.000000	 0.000000	 143.715694	 0.000000	 2.604420	 2.604420	 90.000000	 0.121118	 -0.027842	 0.124277	 -12.945826	 91961.691231	
86.000000	 1.000000	 0.000000	 -0.000000	 0.000000	 -90.000000	 -0.000000	 -0.000000	 0.000000	 -172.613338	 0.000000	 2.604053	 2.604053	 90.000000	 0.121246	 -0.028147	 0.124470	 -13.069534	 91963.127400	
85.000000	 1.000000	 0.000000	 -0.000000	 0.000000	 -90.000000	 -0.000000	 0.000000	 0.000000	 126.887697	 0.000000	 2.587212	 2.587212	 90.000000	 0.120906	 -0.027687	 0.124036	 -12.898177	 91964.586051	
84.000000	 1.000000	 0.000000	 -0.000000	 0.000000	 -90.000000	 0.000000	 0.000000	 0.000000	 56.992910	 0.000000	 2.602455	 2.602455	 90.000000	 0.121345	 -0.027978	 0.124528	 -12.983370	 91965.998303	
83.000000	 1.000000	 0.000000	 -0.000000	 0.000000	 -90.000000	 0.000000	 -0.000000	 0.000000	 -51.616431	 0.000000	 2.596877	 2.596877	 90.000000	 0.121482	 -0.027780	 0.124618	 -12.880843	 91967.452958	
82.000000	 1.000000	 0.000000	 -0.000000	 0.000000	 -90.000000	 0.000000	 -0.000000	 0.000000	 -28.991969	 0.000000	 2.598591	 2.598591	 90.000000	 0.122199	 -0.028882	 0.125565	 -13.298201	 91968.896963	
81.000000	 1.000000	 0.000000	 -0.000000	 0.000000	 -90.000000	 -0.000000	 -0.000000	 0.000000	 -165.229714	 0.000000	 2.596148	 2.596148	 90.000000	 0.122456	 -0.029696	 0.126005	 -13.631111	 91970.335401	
80.000000	 1.000000	 0.000000	 -0.000000	 0.000000	 -90.000000	 0.000000	 0.000000	 0.000000	 69.686573	 0.000000	 2.600440	 2.600440	 90.000000	 0.122436	 -0.029644	 0.125974	 -13.610218	 91971.783235	
79.000000	 1.000000	 0.000000	 -0.000000	 0.000000	 -90.000000	 0.000000	 0.000000	 0.000000	 17.294003	 0.000000	 2.592422	 2.592422	 90.000000	 0.123085	 -0.030185	 0.126732	 -13.779159	 91973.233798	
78.000000	 1.000000	 0.000000	 -0.000000	 0.000000	 -90.000000	 0.000000	 0.000000	 0.000000	 31.260418	 0.000000	 2.590518	 2.590518	 90.000000	 0.123333	 -0.030550	 0.127060	 -13.912418	 91974.668044	
77.000000	 1.000000	 0.000000	 -0.000000	 0.000000	 -90.000000	 0.000000	 0.000000	 0.000000	 42.264246	 0.000000	 2.594805	 2.594805	 90.000000	 0.123081	 -0.030245	 0.126742	 -13.805872	 91976.155232	
76.000000	 1.000000	 0.000000	 -0.000000	 0.000000	 -90.000000	 -0.000000	 -0.000000	 0.000000	 -131.707010	 0.000000	 2.597971	 2.597971	 90.000000	 0.123351	 -0.030583	 0.127086	 -13.924855	 91977.590574	
75.000000	 1.000000	 0.000000	 -0.000000	 0.000000	 -90.000000	 0.000000	 0.000000	 0.000000	 20.249407	 0.000000	 2.584856	 2.584856	 90.000000	 0.123397	 -0.030370	 0.127080	 -13.826615	 91979.050487	
74.000000	 1.000000	 0.000000	 -0.000000	 0.000000	 -90.000000	 0.000000	 0.000000	 0.000000	 62.240092	 0.000000	 2.591038	 2.591038	 90.000000	 0.123853	 -0.030802	 0.127626	 -13.966038	 91980.483241	
73.000000	 1.000000	 0.000000	 -0.000000	 0.000000	 -90.000000	 0.000000	 -0.000000	 0.000000	 -87.713215	 0.000000	 2.587517	 2.587517	 90.000000	 0.124148	 -0.031097	 0.127983	 -14.062414	 91981.910991	
72.000000	 1.000000	 0.000000	 -0.000000	 0.000000	 -90.000000	 -0.000000	 -0.000000	 0.000000	 -144.191771	 0.000000	 2.593181	 2.593181	 90.000000	 0.124504	 -0.031917	 0.128530	 -14.378239	 91983.342956	
71.000000	 1.000000	 0.000000	 -0.000000	 0.000000	 -90.000000	 0.000000	 -0.000000	 0.000000	 -86.233275	 0.000000	 2.588672	 2.588672	 90.000000	 0.124860	 -0.032054	 0.128909	 -14.398183	 91984.785757	
70.000000	 1.000000	 0.000000	 -0.000000	 0.000000	 -90.000000	 0.000000	 -0.000000	 0.000000	 -72.461650	 0.000000	 2.588630	 2.588630	 90.000000	 0.125053	 -0.032116	 0.129111	 -14.403323	 91986.229361	
69.000000	 1.000000	 0.000000	 -0.000000	 0.000000	 -90.000000	 0.000000	 0.000000	 0.000000	 81.594439	 0.000000	 2.607567	 2.607567	 90.000000	 0.126084	 -0.033733	 0.130518	 -14.978535	 91987.641868	
68.000000	 1.000000	 0.000000	 -0.000000	 0.000000	 -90.000000	 -0.000000	 -0.000000	 0.000000	 -175.049886	 0.000000	 2.601869	 2.601869	 90.000000	 0.126454	 -0.033833	 0.130902	 -14.978832	 91989.126530	
67.000000	 1.000000	 0.000000	 -0.000000	 0.000000	 -90.000000	 0.000000	 -0.000000	 0.000000	 -35.754905	 0.000000	 2.594292	 2.594292	 90.000000	 0.126462	 -0.034164	 0.130996	 -15.117608	 91990.573378	
66.000000	 1.000000	 0.000000	 -0.000000	 0.000000	 -90.000000	 -0.000000	 -0.000000	 0.000000	 -113.336853	 0.000000	 2.601736	 2.601736	 90.000000	 0.127083	 -0.034789	 0.131759	 -15.309884	 91992.046562	
65.000000	 1.000000	 0.000000	 -0.000000	 0.000000	 -90.000000	 0.000000	 0.000000	 0.000000	 71.432339	 0.000000	 2.595937	 2.595937	 90.000000	 0.127304	 -0.034907	 0.132003	 -15.333612	 91993.471774	
64.000000	 1.000000	 0.000000	 -0.000000	 0.000000	 -90.000000	 -0.000000	 0.000000	 0.000000	 123.456560	 0.000000	 2.599417	 2.599417	 90.000000	 0.127696	 -0.035776	 0.132613	 -15.650984	 91994.913640	
63.000000	 1.000000	 0.000000	 -0.000000	 0.000000	 -90.000000	 -0.000000	 0.000000	 0.000000	 110.152376	 0.000000	 2.625478	 2.625478	 90.000000	 0.128473	 -0.036468	 0.133548	 -15.846848	 91996.351302	
62.000000	 1.000000	 0.000000	 -0.000000	 0.000000	 -90.000000	 -0.000000	 0.000000	 0.000000	 168.341346	 0.000000	 2.622906	 2.622906	 90.000000	 0.128941	 -0.035450	 0.133725	 -15.372801	 91997.778514	
61.000000	 1.000000	 0.000000	 -0.000000	 0.000000	 -90.000000	 0.000000	 -0.000000	 0.000000	 -11.221754	 0.000000	 2.619858	 2.619858	 90.000000	 0.128480	 -0.035730	 0.133355	 -15.541092	 91999.241950	
60.000000	 1.000000	 0.000000	 -0.000000	 0.000000	 -90.000000	 0.000000	 -0.000000	 0.000000	 -11.786461	 0.000000	 2.563270	 2.563270	 90.000000	 0.129757	 -0.034908	 0.134371	 -15.057493	 92000.717944	
59.000000	 1.000000	 0.000000	 -0.000000	 0.000000	 -90.000000	 0.000000	 0.000000	 0.000000	 51.279843	 0.000000	 2.578775	 2.578775	 90.000000	 0.126097	 -0.037499	 0.131554	 -16.561793	 92002.182004	
58.000000	 1.000000	 0.000000	 -0.000000	 0.000000	 -90.000000	 0.000000	 0.000000	 0.000000	 74.652664	 0.000000	 2.567229	 2.567229	 90.000000	 0.132096	 -0.039252	 0.137805	 -16.549136	 92003.648508	
57.000000	 1.000000	 0.000000	 -0.000000	 0.000000	 -90.000000	 0.000000	 -0.000000	 0.000000	 -81.014025	 0.000000	 2.576752	 2.576752	 90.000000	 0.122955	 -0.030754	 0.126743	 -14.043123	 92005.085977	
56.000000	 1.000000	 0.000000	 -0.000000	 0.000000	 -90.000000	 0.000000	 -0.000000	 0.000000	 -69.582809	 0.000000	 2.573085	 2.573085	 90.000000	 0.115181	 -0.036127	 0.120713	 -17.414220	 92006.534713	
55.000000	 1.000000	 0.000000	 -0.000000	 0.000000	 -90.000000	 -0.000000	 0.000000	 0.000000	 168.630876	 0.000000	 2.563417	 2.563417	 90.000000	 0.151713	 -0.037740	 0.156336	 -13.969197	 92007.993272	
54.000000	 1.000000	 0.000000	 -0.000000	 0.000000	 -90.000000	 0.000000	 -0.000000	 0.000000	 -51.441781	 0.000000	 2.575819	 2.575819	 90.000000	 0.148671	 -0.010983	 0.149076	 -4.225009	 92009.404995	
53.000000	 1.000000	 0.000000	 -0.000000	 0.000000	 -90.000000	 -0.000000	 0.000000	 0.000000	 160.608286	 0.000000	 2.573650	 2.573650	 90.000000	 0.090950	 -0.051111	 0.104327	 -29.334708	 92010.849460	
52.000000	 1.000000	 0.000000	 -0.000000	 0.000000	 -90.000000	 0.000000	 0.000000	 0.000000	 8.266611	 0.000000	 2.575811	 2.575811	 90.000000	 0.086942	 -0.014688	 0.088174	 -9.589360	 92012.291317	
51.000000	 1.000000	 0.000000	 -0.000000	 0.000000	 -90.000000	 0.000000	 -0.000000	 0.000000	 -20.601658	 0.000000	 2.574957	 2.574957	 90.000000	 0.109295	 -0.092389	 0.143112	 -40.208277	 92013.746438	
50.000000	 1.000000	 0.000000	 -0.000000	 0.000000	 -90.000000	 0.000000	 -0.000000	 0.000000	 -87.154785	 0.000000	 2.589900	 2.589900	 90.000000	 0.078467	 -0.011577	 0.079316	 -8.392819	 92015.190690	
49.000000	 1.000000	 0.000000	 -0.000000	 0.000000	 -90.000000	 -0.000000	 -0.000000	 0.000000	 -156.529696	 0.000000	 2.607063	 2.607063	 90.000000	 0.092126	 -0.080227	 0.122162	 -41.050572	 92016.614618	
48.000000	 1.000000	 0.000000	 -0.000000	 0.000000	 -90.000000	 0.000000	 0.000000	 0.000000	 82.086772	 0.000000	 2.582928	 2.582928	 90.000000	 0.140560	 0.009032	 0.140850	 3.676777	 92018.058461	
47.000000	 1.000000	 0.000000	 -0.000000	 0.000000	 -90.000000	 -0.000000	 -0.000000	 0.000000	 -137.533560	 0.000000	 2.592339	 2.592339	 90.000000	 0.111657	 -0.008030	 0.111945	 -4.113304	 92019.497574	
46.000000	 1.000000	 0.000000	 -0.000000	 0.000000	 -90.000000	 -0.000000	 -0.000000	 0.000000	 -169.628349	 0.000000	 2.586026	 2.586026	 90.000000	 0.165001	 -0.055712	 0.174153	 -18.656884	 92020.950801	
45.000000	 1.000000	 0.000000	 -0.000000	 0.000000	 -90.000000	 0.000000	 0.000000	 0.000000	 16.813720	 0.000000	 2.575991	 2.575991	 90.000000	 0.156070	 -0.043681	 0.162067	 -15.635779	 92022.417109	
44.000000	 1.000000	 0.000000	 -0.000000	 0.000000	 -90.000000	 0.000000	 0.000000	 0.000000	 16.967194	 0.000000	 2.571026	 2.571026	 90.000000	 0.127500	 -0.029164	 0.130793	 -12.884103	 92023.829803	
43.000000	 1.000000	 0.000000	 -0.000000	 0.000000	 -90.000000	 0.000000	 0.000000	 0.000000	 22.821658	 0.000000	 2.565466	 2.565466	 90.000000	 0.142716	 -0.033515	 0.146599	 -13.215590	 92025.255669	
42.000000	 1.000000	 0.000000	 -0.000000	 0.000000	 -90.000000	 0.000000	 -0.000000	 0.000000	 -14.952628	 0.000000	 2.546552	 2.546552	 90.000000	 0.131616	 -0.044051	 0.138792	 -18.505231	 92026.720315	
41.000000	 1.000000	 0.000000	 -0.000000	 0.000000	 -90.000000	 -0.000000	 -0.000000	 0.000000	 -146.531941	 0.000000	 2.551731	 2.551731	 90.000000	 0.134893	 -0.041001	 0.140986	 -16.906856	 92028.164595	
40.000000	 1.000000	 0.000000	 -0.000000	 0.000000	 -90.000000	 0.000000	 0.000000	 0.000000	 43.800518	 0.000000	 2.550277	 2.550277	 90.000000	 0.137150	 -0.044178	 0.144090	 -17.854443	 92029.588911	
39.000000	 1.000000	 0.000000	 -0.000000	 0.000000	 -90.000000	 -0.000000	 0.000000	 0.000000	 99.797335	 0.000000	 2.548113	 2.548113	 90.000000	 0.140781	 -0.043589	 0.147374	 -17.203733	 92031.059193	
38.000000	 1.000000	 0.000000	 -0.000000	 0.000000	 -90.000000	 -0.000000	 -0.000000	 0.000000	 -90.745548	 0.000000	 2.573183	 2.573183	 90.000000	 0.139717	 -0.044756	 0.146710	 -17.762007	 92032.511371	
37.000000	 1.000000	 0.000000	 -0.000000	 0.000000	 -90.000000	 0.000000	 0.000000	 0.000000	 13.924759	 0.000000	 2.549312	 2.549312	 90.000000	 0.141530	 -0.045269	 0.148593	 -17.737148	 92033.923623	
36.000000	 1.000000	 0.000000	 -0.000000	 0.000000	 -90.000000	 0.000000	 -0.000000	 0.000000	 -14.889508	 0.000000	 2.544598	 2.544598	 90.000000	 0.141169	 -0.044708	 0.148080	 -17.572848	 92035.348722	
35.000000	 1.000000	 0.000000	 -0.000000	 0.000000	 -90.000000	 -0.000000	 -0.000000	 0.000000	 -147.934411	 0.000000	 2.549894	 2.549894	 90.000000	 0.143691	 -0.046421	 0.151003	 -17.903522	 92036.820234	
34.000000	 1.000000	 0.000000	 -0.000000	 0.000000	 -90.000000	 0.000000	 0.000000	 0.000000	 38.157607	 0.000000	 2.551882	 2.551882	 90.000000	 0.143987	 -0.046793	 0.151400	 -18.003118	 92038.297459	
33.000000	 1.000000	 0.000000	 -0.000000	 0.000000	 -90.000000	 -0.000000	 0.000000	 0.000000	 165.921217	 0.000000	 2.544224	 2.544224	 90.000000	 0.142738	 -0.045149	 0.149708	 -17.552642	 92039.740125	
32.000000	 1.000000	 0.000000	 -0.000000	 0.000000	 -90.000000	 -0.000000	 -0.000000	 0.000000	 -158.154534	 0.000000	 2.549693	 2.549693	 90.000000	 0.144372	 -0.045800	 0.151463	 -17.600761	 92041.164350	
31.000000	 1.000000	 0.000000	 -0.000000	 0.000000	 -90.000000	 0.000000	 0.000000	 0.000000	 35.310885	 0.000000	 2.546179	 2.546179	 90.000000	 0.145720	 -0.046926	 0.153089	 -17.850016	 92042.631326	
30.000000	 1.000000	 0.000000	 -0.000000	 0.000000	 -90.000000	 -0.000000	 -0.000000	 0.000000	 -153.558899	 0.000000	 2.538179	 2.538179	 90.000000	 0.145917	 -0.046823	 0.153245	 -17.790823	 92044.092922	
29.000000	 1.000000	 0.000000	 -0.000000	 0.000000	 -90.000000	 0.000000	 0.000000	 0.000000	 35.740210	 0.000000	 2.537492	 2.537492	 90.000000	 0.147947	 -0.047830	 0.155486	 -17.915499	 92045.542761	
28.000000	 1.000000	 0.000000	 -0.000000	 0.000000	 -90.000000	 -0.000000	 -0.000000	 0.000000	 -177.314763	 0.000000	 2.538205	 2.538205	 90.000000	 0.149754	 -0.049060	 0.157585	 -18.138972	 92046.973035	
27.000000	 1.000000	 0.000000	 -0.000000	 0.000000	 -90.000000	 0.000000	 -0.000000	 0.000000	 -57.738163	 0.000000	 2.543324	 2.543324	 90.000000	 0.149047	 -0.049615	 0.157088	 -18.411577	 92048.399285	
26.000000	 1.000000	 0.000000	 -0.000000	 0.000000	 -90.000000	 0.000000	 0.000000	 0.000000	 36.262458	 0.000000	 2.531828	 2.531828	 90.000000	 0.151138	 -0.047303	 0.158367	 -17.378894	 92049.870722	
25.000000	 1.000000	 0.000000	 -0.000000	 0.000000	 -90.000000	 0.000000	 -0.000000	 0.000000	 -48.439705	 0.000000	 2.547532	 2.547532	 90.000000	 0.154528	 -0.052260	 0.163126	 -18.685147	 92051.300215	
24.000000	 1.000000	 0.000000	 -0.000000	 0.000000	 -90.000000	 -0.000000	 0.000000	 0.000000	 161.016886	 0.000000	 2.549976	 2.549976	 90.000000	 0.157056	 -0.048907	 0.164495	 -17.296615	 92052.756370	
23.000000	 1.000000	 0.000000	 -0.000000	 0.000000	 -90.000000	 0.000000	 0.000000	 0.000000	 49.664883	 0.000000	 2.531498	 2.531498	 90.000000	 0.155982	 -0.049685	 0.163704	 -17.668247	 92054.201900	
22.000000	 1.000000	 0.000000	 -0.000000	 0.000000	 -90.000000	 0.000000	 -0.000000	 0.000000	 -22.801902	 0.000000	 2.537605	 2.537605	 90.000000	 0.160624	 -0.053313	 0.169241	 -18.361744	 92055.672245	
21.000000	 1.000000	 0.000000	 -0.000000	 0.000000	 -90.000000	 0.000000	 0.000000	 0.000000	 0.839539	 0.000000	 2.538905	 2.538905	 90.000000	 0.163966	 -0.054484	 0.172781	 -18.380908	 92057.090829	
20.000000	 1.000000	 0.000000	 -0.000000	 0.000000	 -90.000000	 0.000000	 0.000000	 0.000000	 66.109613	 0.000000	 2.542865	 2.542865	 90.000000	 0.166482	 -0.054292	 0.175112	 -18.061866	 92058.541043	
19.000000	 1.000000	 0.000000	 -0.000000	 0.000000	 -90.000000	 -0.000000	 -0.000000	 0.000000	 -174.189254	 0.000000	 2.539350	 2.539350	 90.000000	 0.170376	 -0.055271	 0.179117	 -17.973400	 92059.977242	
18.000000	 1.000000	 0.000000	 -0.000000	 0.000000	 -90.000000	 0.000000	 -0.000000	 0.000000	 -30.843228	 0.000000	 2.543172	 2.543172	 90.000000	 0.171726	 -0.053137	 0.179759	 -17.193643	 92061.407676	
17.000000	 1.000000	 0.000000	 -0.000000	 0.000000	 -90.000000	 0.000000	 0.000000	 0.000000	 76.636010	 0.000000	 2.544289	 2.544289	 90.000000	 0.173560	 -0.054384	 0.181881	 -17.398103	 92062.863032	
16.000000	 1.000000	 0.000000	 -0.000000	 0.000000	 -90.000000	 -0.000000	 -0.000000	 0.000000	 -173.072937	 0.000000	 2.546586	 2.546586	 90.000000	 0.178269	 -0.053435	 0.186105	 -16.685838	 92064.287511	
15.000000	 1.000000	 0.000000	 -0.000000	 0.000000	 -90.000000	 -0.000000	 -0.000000	 0.000000	 -136.520592	 0.000000	 2.538773	 2.538773	 90.000000	 0.182249	 -0.055366	 0.190474	 -16.898475	 92065.751762	
14.000000	 1.000000	 0.000000	 -0.000000	 0.000000	 -90.000000	 0.000000	 -0.000000	 0.000000	 -67.798560	 0.000000	 2.537581	 2.537581	 90.000000	 0.177305	 -0.051201	 0.184550	 -16.107373	 92067.187426	
13.000000	 1.000000	 0.000000	 -0.000000	 0.000000	 -90.000000	 -0.000000	 0.000000	 0.000000	 135.514311	 0.000000	 2.542056	 2.542056	 90.000000	 0.175127	 -0.057612	 0.184360	 -18.209916	 92068.649321	
12.000000	 1.000000	 0.000000	 -0.000000	 0.000000	 -90.000000	 0.000000	 0.000000	 0.000000	 5.729207	 0.000000	 2.538670	 2.538670	 90.000000	 0.145089	 -0.045938	 0.152188	 -17.568662	 92070.056170	
11.000000	 1.000000	 0.000000	 -0.000000	 0.000000	 -90.000000	 -0.000000	 -0.000000	 0.000000	 -133.186148	 0.000000	 2.538627	 2.538627	 90.000000	 0.198379	 -0.022423	 0.199642	 -6.448711	 92071.499520	
10.000000	 1.000000	 0.000000	 -0.000000	 0.000000	 -90.000000	 -0.000000	 0.000000	 0.000000	 96.985047	 0.000000	 2.537860	 2.537860	 90.000000	 0.174611	 -0.143464	 0.225989	 -39.407125	 92072.942580	
9.000000	 1.000000	 0.000000	 -0.000000	 0.000000	 -90.000000	 -0.000000	 0.000000	 0.000000	 138.573128	 0.000000	 2.563903	 2.563903	 90.000000	 0.333287	 -0.143163	 0.362734	 -23.245904	 92074.347444	
8.000000	 1.000000	 0.000000	 -0.000000	 0.000000	 -90.000000	 -0.000000	 -0.000000	 0.000000	 -94.788388	 0.000000	 2.536548	 2.536548	 90.000000	 0.242534	 0.163125	 0.292289	 33.924260	 92075.774665	
7.000000	 1.000000	 0.000000	 -0.000000	 0.000000	 -90.000000	 -0.000000	 0.000000	 0.000000	 177.004096	 0.000000	 2.599573	 2.599573	 90.000000	 0.588445	 0.017147	 0.588695	 1.669137	 92077.220664	
6.000000	 1.000000	 0.000000	 -0.000000	 0.000000	 -90.000000	 0.000000	 -0.000000	 0.000000	 -53.301751	 0.000000	 2.445047	 2.445047	 90.000000	 -0.235767	 0.551408	 0.599697	 113.150224	 92078.645340	
5.000000	 1.000000	 0.000000	 -0.000000	 0.000000	 -90.000000	 -0.000000	 0.000000	 0.000000	 171.426407	 0.000000	 2.706508	 2.706508	 90.000000	 1.226689	 -0.183933	 1.240402	 -8.527572	 92080.065467	
4.000000	 1.000000	 0.000000	 -0.000000	 0.000000	 -90.000000	 -0.000000	 -0.000000	 0.000000	 -158.637645	 0.000000	 2.746727	 2.746727	 90.000000	 1.512813	 0.458911	 1.580887	 16.875135	 92081.489237	
3.000000	 1.000000	 0.000000	 -0.000000	 0.000000	 -90.000000	 0.000000	 0.000000	 0.000000	 7.634332	 0.000000	 2.216646	 2.216646	 90.000000	 -1.425895	 -0.313391	 1.459928	 -167.604302	 92082.919375	
2.000000	 1.000000	 0.000000	 -0.000000	 0.000000	 -90.000000	 0.000000	 -0.000000	 0.000000	 -52.373528	 0.000000	 2.261837	 2.261837	 90.000000	 -1.110975	 1.541520	 1.900144	 125.780327	 92084.397693	
1.000000	 1.000000	 0.000000	 -0.000000	 0.000000	 -90.000000	 0.000000	 0.000000	 0.000000	 56.423571	 0.000000	 2.281704	 2.281704	 90.000000	 -1.131457	 -1.879133	 2.193476	 -121.052842	 92085.828444	
