# Oscilator_frequency (Hz)	DemodAll_A (-)	Demod_1_X_A (A)	Demod_1_Y_A (A)	Demod_1__R_A (A)	Demod_1__Theta_A (deg)	Demod_2_X_A (A)	Demod_2_Y_A (A)	Demod_2__R_A (A)	Demod_2__Theta_A (deg)	Demod_3_X_A (V)	Demod_3_Y_A (V)	Demod_3__R_A (V)	Demod_3__Theta_A (deg)	Demod_4_X_A (V)	Demod_4_Y_A (V)	Demod_4__R_A (V)	Demod_4__Theta_A (deg)	Timer_GET (s)
1.0	1.0	0.0	0.0	0.0	-90.0	0.0	0.0	0.0	126.568834	0.0	1.881677	1.881677	90.0	1.105552	-1.414743	1.795479	-51.994135	17064.926965
2.0	1.0	0.0	0.0	0.0	-90.0	0.0	0.0	0.0	12.430371	0.0	1.474693	1.474693	90.0	-1.181811	-0.320864	1.224594	-164.810245	17063.465093
3.0	1.0	0.0	0.0	0.0	-90.0	0.0	0.0	0.0	55.952276	0.0	1.59174	1.59174	90.0	-0.53341	-0.900197	1.046365	-120.648761	17062.020036
4.0	1.0	0.0	0.0	0.0	-90.0	0.0	0.0	0.0	-116.022847	0.0	1.792553	1.792553	90.0	0.479715	0.837908	0.965514	60.208233	17060.58874
5.0	1.0	0.0	0.0	0.0	-90.0	0.0	0.0	0.0	-138.226728	0.0	1.811413	1.811413	90.0	0.61791	0.424961	0.749937	34.517841	17059.156513
6.0	1.0	0.0	0.0	0.0	-90.0	0.0	0.0	0.0	50.744637	0.0	1.66649	1.66649	90.0	-0.150743	-0.330929	0.363645	-114.489915	17057.711516
7.0	1.0	0.0	0.0	0.0	-90.0	0.0	0.0	0.0	12.865592	0.0	1.680696	1.680696	90.0	-0.077523	-0.033199	0.084333	-156.817476	17056.256422
8.0	1.0	0.0	0.0	0.0	-90.0	0.0	0.0	0.0	133.348696	0.0	1.746562	1.746562	90.0	0.27873	-0.104505	0.297677	-20.552707	17054.803979
9.0	1.0	0.0	0.0	0.0	-90.0	0.0	0.0	0.0	-27.558466	0.0	1.703658	1.703658	90.0	0.05329	0.024434	0.058624	24.631839	17053.380539
10.0	1.0	0.0	0.0	0.0	-90.0	0.0	0.0	0.0	111.491308	0.0	1.722764	1.722764	90.0	0.156573	-0.063049	0.168791	-21.933547	17051.933892
11.0	1.0	0.0	0.0	0.0	-90.0	0.0	0.0	0.0	-53.493622	0.0	1.716583	1.716583	90.0	0.127581	-0.016686	0.128668	-7.451162	17050.465417
12.0	1.0	0.0	0.0	0.0	-90.0	0.0	0.0	0.0	-176.99647	0.0	1.719222	1.719222	90.0	0.144884	-0.008506	0.145133	-3.359884	17049.017088
13.0	1.0	0.0	0.0	0.0	-90.0	0.0	0.0	0.0	122.256254	0.0	1.722539	1.722539	90.0	0.165269	-0.014334	0.165889	-4.956942	17047.58203
14.0	1.0	0.0	0.0	0.0	-90.0	0.0	0.0	0.0	19.277479	0.0	1.719643	1.719643	90.0	0.153067	-0.007715	0.153261	-2.885615	17046.1817
15.0	1.0	0.0	0.0	0.0	-90.0	0.0	0.0	0.0	-12.823208	0.0	1.719258	1.719258	90.0	0.153122	-0.010044	0.153451	-3.753083	17044.755438
16.0	1.0	0.0	0.0	0.0	-90.0	0.0	0.0	0.0	-144.739877	0.0	1.718802	1.718802	90.0	0.154013	-0.010708	0.154385	-3.97726	17043.26732
17.0	1.0	0.0	0.0	0.0	-90.0	0.0	0.0	0.0	164.241098	0.0	1.717913	1.717913	90.0	0.151841	-0.01152	0.152278	-4.338462	17041.831769
18.0	1.0	0.0	0.0	0.0	-90.0	0.0	0.0	0.0	-176.416285	0.0	1.717542	1.717542	90.0	0.15211	-0.011133	0.152517	-4.186045	17040.398584
19.0	1.0	0.0	0.0	0.0	-90.0	0.0	0.0	0.0	25.299262	0.0	1.716589	1.716589	90.0	0.150508	-0.011668	0.15096	-4.432989	17038.941729
20.0	1.0	0.0	0.0	0.0	-90.0	0.0	0.0	0.0	61.705043	0.0	1.715965	1.715965	90.0	0.150338	-0.013011	0.1509	-4.946173	17037.513684
21.0	1.0	0.0	0.0	0.0	-90.0	0.0	0.0	0.0	-146.198163	0.0	1.715542	1.715542	90.0	0.149335	-0.013068	0.149906	-5.001281	17036.068963
22.0	1.0	0.0	0.0	0.0	-90.0	0.0	0.0	0.0	66.771378	0.0	1.714572	1.714572	90.0	0.148839	-0.013193	0.149423	-5.065441	17034.662664
23.0	1.0	0.0	0.0	0.0	-90.0	0.0	0.0	0.0	57.609115	0.0	1.713482	1.713482	90.0	0.147859	-0.013461	0.14847	-5.201724	17033.223133
24.0	1.0	0.0	0.0	0.0	-90.0	0.0	0.0	0.0	-122.07653	0.0	1.712936	1.712936	90.0	0.147599	-0.012604	0.148137	-4.880956	17031.791815
25.0	1.0	0.0	0.0	0.0	-90.0	0.0	0.0	0.0	-168.12021	0.0	1.712227	1.712227	90.0	0.148009	-0.013992	0.148669	-5.400518	17030.333522
26.0	1.0	0.0	0.0	0.0	-90.0	0.0	0.0	0.0	-155.066854	0.0	1.711611	1.711611	90.0	0.146293	-0.013128	0.146881	-5.128043	17028.89434
27.0	1.0	0.0	0.0	0.0	-90.0	0.0	0.0	0.0	-88.05447	0.0	1.711017	1.711017	90.0	0.146195	-0.01425	0.146887	-5.567343	17027.439528
28.0	1.0	0.0	0.0	0.0	-90.0	0.0	0.0	0.0	-22.854813	0.0	1.710607	1.710607	90.0	0.14605	-0.013886	0.146709	-5.431228	17025.982451
29.0	1.0	0.0	0.0	0.0	-90.0	0.0	0.0	0.0	-157.425961	0.0	1.709127	1.709127	90.0	0.145299	-0.013948	0.145967	-5.483313	17024.536896
30.0	1.0	0.0	0.0	0.0	-90.0	0.0	0.0	0.0	-36.086386	0.0	1.708547	1.708547	90.0	0.144761	-0.013929	0.145429	-5.495993	17023.063466
31.0	1.0	0.0	0.0	0.0	-90.0	0.0	0.0	0.0	-94.44811	0.0	1.707698	1.707698	90.0	0.144376	-0.013866	0.14504	-5.486103	17021.606314
32.0	1.0	0.0	0.0	0.0	-90.0	0.0	0.0	0.0	-100.47172	0.0	1.706938	1.706938	90.0	0.143905	-0.014139	0.144598	-5.611315	17020.139458
33.0	1.0	0.0	0.0	0.0	-90.0	0.0	0.0	0.0	135.317663	0.0	1.70576	1.70576	90.0	0.143464	-0.014089	0.144154	-5.608865	17018.670873
34.0	1.0	0.0	0.0	0.0	-90.0	0.0	0.0	0.0	40.060128	0.0	1.70466	1.70466	90.0	0.143164	-0.0139	0.143837	-5.545635	17017.227974
35.0	1.0	0.0	0.0	0.0	-90.0	0.0	0.0	0.0	-6.357909	0.0	1.703793	1.703793	90.0	0.142547	-0.014138	0.143246	-5.664005	17015.767345
36.0	1.0	0.0	0.0	0.0	-90.0	0.0	0.0	0.0	-38.625099	0.0	1.703029	1.703029	90.0	0.142296	-0.014251	0.143008	-5.719118	17014.324633
37.0	1.0	0.0	0.0	0.0	-90.0	0.0	0.0	0.0	-20.625622	0.0	1.701939	1.701939	90.0	0.141271	-0.013828	0.141946	-5.590297	17012.890972
38.0	1.0	0.0	0.0	0.0	-90.0	0.0	0.0	0.0	166.193724	0.0	1.701266	1.701266	90.0	0.141903	-0.013601	0.142554	-5.475027	17011.438359
39.0	1.0	0.0	0.0	0.0	-90.0	0.0	0.0	0.0	-25.815397	0.0	1.700159	1.700159	90.0	0.141684	-0.013567	0.142332	-5.469773	17010.021463
40.0	1.0	0.0	0.0	0.0	-90.0	0.0	0.0	0.0	-39.714389	0.0	1.699339	1.699339	90.0	0.142108	-0.01209	0.142621	-4.862757	17008.552069
41.0	1.0	0.0	0.0	0.0	-90.0	0.0	0.0	0.0	174.108649	0.0	1.698746	1.698746	90.0	0.143173	-0.017158	0.144198	-6.833765	17007.102317
42.0	1.0	0.0	0.0	0.0	-90.0	0.0	0.0	0.0	13.739653	0.0	1.697248	1.697248	90.0	0.141282	-0.009092	0.141574	-3.682104	17005.669913
43.0	1.0	0.0	0.0	0.0	-90.0	0.0	0.0	0.0	63.538694	0.0	1.696562	1.696562	90.0	0.148446	-0.013542	0.149063	-5.212466	17004.263998
44.0	1.0	0.0	0.0	0.0	-90.0	0.0	0.0	0.0	135.714901	0.0	1.695275	1.695275	90.0	0.151911	-0.007243	0.152083	-2.729654	17002.805525
45.0	1.0	0.0	0.0	0.0	-90.0	0.0	0.0	0.0	73.091189	0.0	1.693995	1.693995	90.0	0.124266	-0.028472	0.127486	-12.905111	17001.370295
46.0	1.0	0.0	0.0	0.0	-90.0	0.0	0.0	0.0	24.652336	0.0	1.692812	1.692812	90.0	0.118582	-0.034802	0.123584	-16.355957	16999.917278
47.0	1.0	0.0	0.0	0.0	-90.0	0.0	0.0	0.0	17.848292	0.0	1.691325	1.691325	90.0	0.166237	0.013195	0.16676	4.538335	16998.500122
48.0	1.0	0.0	0.0	0.0	-90.0	0.0	0.0	0.0	-35.231962	0.0	1.690048	1.690048	90.0	0.181209	0.004882	0.181275	1.543153	16997.063962
49.0	1.0	0.0	0.0	0.0	-90.0	0.0	0.0	0.0	112.471735	0.0	1.689516	1.689516	90.0	0.097406	0.020498	0.099539	11.884033	16995.616125
50.0	1.0	0.0	0.0	0.0	-90.0	0.0	0.0	0.0	62.743297	0.0	1.687764	1.687764	90.0	0.163478	0.035666	0.167324	12.307502	16994.158923
51.0	1.0	0.0	0.0	0.0	-90.0	0.0	0.0	0.0	140.757355	0.0	1.68872	1.68872	90.0	0.092063	0.013972	0.093117	8.629376	16992.749661
52.0	1.0	0.0	0.0	0.0	-90.0	0.0	0.0	0.0	169.723689	0.0	1.686733	1.686733	90.0	0.178359	0.009137	0.178592	2.932511	16991.265359
53.0	1.0	0.0	0.0	0.0	-90.0	0.0	0.0	0.0	55.755126	0.0	1.686194	1.686194	90.0	0.155284	0.020046	0.156572	7.35579	16989.825968
54.0	1.0	0.0	0.0	0.0	-90.0	0.0	0.0	0.0	-80.222746	0.0	1.682961	1.682961	90.0	0.131466	-0.041995	0.138011	-17.715482	16988.378277
55.0	1.0	0.0	0.0	0.0	-90.0	0.0	0.0	0.0	-27.306184	0.0	1.682321	1.682321	90.0	0.134305	-0.032758	0.138242	-13.707439	16986.945151
56.0	1.0	0.0	0.0	0.0	-90.0	0.0	0.0	0.0	-159.166258	0.0	1.681807	1.681807	90.0	0.144801	-0.001033	0.144805	-0.40861	16985.498856
57.0	1.0	0.0	0.0	0.0	-90.0	0.0	0.0	0.0	141.097061	0.0	1.680447	1.680447	90.0	0.144006	-0.008764	0.144272	-3.482766	16984.055185
58.0	1.0	0.0	0.0	0.0	-90.0	0.0	0.0	0.0	-150.704034	0.0	1.678936	1.678936	90.0	0.131366	-0.009886	0.131737	-4.303695	16982.597841
59.0	1.0	0.0	0.0	0.0	-90.0	0.0	0.0	0.0	-161.39556	0.0	1.677758	1.677758	90.0	0.139327	-0.012633	0.139898	-5.180932	16981.160847
60.0	1.0	0.0	0.0	0.0	-90.0	0.0	0.0	0.0	-140.442125	0.0	1.676477	1.676477	90.0	0.133804	-0.009881	0.134168	-4.22365	16979.730684
61.0	1.0	0.0	0.0	0.0	-90.0	0.0	0.0	0.0	-18.592943	0.0	1.675451	1.675451	90.0	0.136157	-0.01295	0.136771	-5.43314	16978.260321
62.0	1.0	0.0	0.0	0.0	-90.0	0.0	0.0	0.0	122.928701	0.0	1.674408	1.674408	90.0	0.135915	-0.012794	0.136516	-5.377467	16976.830534
63.0	1.0	0.0	0.0	0.0	-90.0	0.0	0.0	0.0	-46.355258	0.0	1.672596	1.672596	90.0	0.134866	-0.012752	0.135467	-5.40131	16975.384605
64.0	1.0	0.0	0.0	0.0	-90.0	0.0	0.0	0.0	-139.408009	0.0	1.671649	1.671649	90.0	0.135244	-0.013148	0.135881	-5.552547	16973.927328
65.0	1.0	0.0	0.0	0.0	-90.0	0.0	0.0	0.0	127.787144	0.0	1.669979	1.669979	90.0	0.134875	-0.012607	0.135463	-5.339965	16972.458402
66.0	1.0	0.0	0.0	0.0	-90.0	0.0	0.0	0.0	-147.891889	0.0	1.668937	1.668937	90.0	0.134602	-0.01264	0.135194	-5.364651	16971.027968
67.0	1.0	0.0	0.0	0.0	-90.0	0.0	0.0	0.0	105.607402	0.0	1.667533	1.667533	90.0	0.13432	-0.012601	0.13491	-5.359211	16969.578615
68.0	1.0	0.0	0.0	0.0	-90.0	0.0	0.0	0.0	157.336618	0.0	1.666281	1.666281	90.0	0.13433	-0.012526	0.134912	-5.327273	16968.140012
69.0	1.0	0.0	0.0	0.0	-90.0	0.0	0.0	0.0	9.933347	0.0	1.664716	1.664716	90.0	0.13419	-0.012383	0.134761	-5.27234	16966.705873
70.0	1.0	0.0	0.0	0.0	-90.0	0.0	0.0	0.0	-37.846449	0.0	1.663815	1.663815	90.0	0.133875	-0.012376	0.134446	-5.2818	16965.28277
71.0	1.0	0.0	0.0	0.0	-90.0	0.0	0.0	0.0	46.098604	0.0	1.662774	1.662774	90.0	0.133791	-0.012463	0.134371	-5.321753	16963.83946
72.0	1.0	0.0	0.0	0.0	-90.0	0.0	0.0	0.0	112.15302	0.0	1.661008	1.661008	90.0	0.13368	-0.012354	0.134249	-5.279826	16962.350247
73.0	1.0	0.0	0.0	0.0	-90.0	0.0	0.0	0.0	102.385716	0.0	1.659304	1.659304	90.0	0.133492	-0.012156	0.134045	-5.203281	16960.897807
74.0	1.0	0.0	0.0	0.0	-90.0	0.0	0.0	0.0	-139.419922	0.0	1.657554	1.657554	90.0	0.133365	-0.012244	0.133926	-5.245426	16959.404814
75.0	1.0	0.0	0.0	0.0	-90.0	0.0	0.0	0.0	113.011202	0.0	1.656054	1.656054	90.0	0.133128	-0.012028	0.13367	-5.162568	16957.92776
76.0	1.0	0.0	0.0	0.0	-90.0	0.0	0.0	0.0	-144.00308	0.0	1.654764	1.654764	90.0	0.133123	-0.01204	0.133667	-5.167729	16956.507334
77.0	1.0	0.0	0.0	0.0	-90.0	0.0	0.0	0.0	-118.758119	0.0	1.653465	1.653465	90.0	0.132876	-0.011891	0.133407	-5.113782	16955.046795
78.0	1.0	0.0	0.0	0.0	-90.0	0.0	0.0	0.0	79.333458	0.0	1.651758	1.651758	90.0	0.132773	-0.011883	0.133304	-5.114193	16953.625575
79.0	1.0	0.0	0.0	0.0	-90.0	0.0	0.0	0.0	-51.037889	0.0	1.650658	1.650658	90.0	0.132712	-0.011952	0.133249	-5.146166	16952.175021
80.0	1.0	0.0	0.0	0.0	-90.0	0.0	0.0	0.0	70.49049	0.0	1.648878	1.648878	90.0	0.132591	-0.01177	0.133113	-5.072757	16950.710957
81.0	1.0	0.0	0.0	0.0	-90.0	0.0	0.0	0.0	96.133286	0.0	1.647302	1.647302	90.0	0.132483	-0.011712	0.133	-5.05214	16949.262677
82.0	1.0	0.0	0.0	0.0	-90.0	0.0	0.0	0.0	112.538418	0.0	1.645825	1.645825	90.0	0.132288	-0.01174	0.132808	-5.071537	16947.818733
83.0	1.0	0.0	0.0	0.0	-90.0	0.0	0.0	0.0	136.534257	0.0	1.644028	1.644028	90.0	0.132132	-0.011624	0.132642	-5.027349	16946.373157
84.0	1.0	0.0	0.0	0.0	-90.0	0.0	0.0	0.0	85.378051	0.0	1.642104	1.642104	90.0	0.132044	-0.011638	0.132556	-5.036771	16944.906435
85.0	1.0	0.0	0.0	0.0	-90.0	0.0	0.0	0.0	-39.490299	0.0	1.640371	1.640371	90.0	0.131925	-0.011545	0.132429	-5.001302	16943.469625
86.0	1.0	0.0	0.0	0.0	-90.0	0.0	0.0	0.0	-135.252759	0.0	1.638617	1.638617	90.0	0.131808	-0.011461	0.132306	-4.969418	16942.013172
87.0	1.0	0.0	0.0	0.0	-90.0	0.0	0.0	0.0	-70.338723	0.0	1.636482	1.636482	90.0	0.131692	-0.011429	0.132187	-4.959891	16940.599949
88.0	1.0	0.0	0.0	0.0	-90.0	0.0	0.0	0.0	164.373681	0.0	1.634711	1.634711	90.0	0.131547	-0.011353	0.132036	-4.932653	16939.123134
89.0	1.0	0.0	0.0	0.0	-90.0	0.0	0.0	0.0	-63.491164	0.0	1.632999	1.632999	90.0	0.131458	-0.011274	0.13194	-4.901597	16937.682142
90.0	1.0	0.0	0.0	0.0	-90.0	0.0	0.0	0.0	-68.920117	0.0	1.631008	1.631008	90.0	0.13138	-0.011234	0.13186	-4.887291	16936.258397
91.0	1.0	0.0	0.0	0.0	-90.0	0.0	0.0	0.0	8.875977	0.0	1.628962	1.628962	90.0	0.131248	-0.011193	0.131724	-4.874335	16934.830115
92.0	1.0	0.0	0.0	0.0	-90.0	0.0	0.0	0.0	80.659939	0.0	1.626986	1.626986	90.0	0.131121	-0.011146	0.131593	-4.858849	16933.373434
93.0	1.0	0.0	0.0	0.0	-90.0	0.0	0.0	0.0	95.845259	0.0	1.624769	1.624769	90.0	0.131035	-0.011092	0.131504	-4.838647	16931.92744
94.0	1.0	0.0	0.0	0.0	-90.0	0.0	0.0	0.0	-107.434682	0.0	1.622999	1.622999	90.0	0.13096	-0.010999	0.131421	-4.800997	16930.51413
95.0	1.0	0.0	0.0	0.0	-90.0	0.0	0.0	0.0	140.891842	0.0	1.620861	1.620861	90.0	0.130869	-0.011031	0.131333	-4.818209	16929.071327
96.0	1.0	0.0	0.0	0.0	-90.0	0.0	0.0	0.0	-136.492603	0.0	1.619084	1.619084	90.0	0.130763	-0.011016	0.131226	-4.815344	16927.63416
97.0	1.0	0.0	0.0	0.0	-90.0	0.0	0.0	0.0	-97.577277	0.0	1.616651	1.616651	90.0	0.130713	-0.010799	0.131159	-4.722744	16926.181201
98.0	1.0	0.0	0.0	0.0	-90.0	0.0	0.0	0.0	-80.072896	0.0	1.614162	1.614162	90.0	0.13068	-0.010836	0.131128	-4.7403	16924.734255
99.0	1.0	0.0	0.0	0.0	-90.0	0.0	0.0	0.0	-116.740962	0.0	1.61208	1.61208	90.0	0.13043	-0.010624	0.130862	-4.656618	16923.280497
100.0	1.0	0.0	0.0	0.0	-90.0	0.0	0.0	0.0	6.863441	0.0	1.609563	1.609563	90.0	0.130516	-0.010686	0.130953	-4.680695	16921.860454
101.0	1.0	0.0	0.0	0.0	-90.0	0.0	0.0	0.0	-73.68852	0.0	1.607034	1.607034	90.0	0.130293	-0.010502	0.130716	-4.608109	16920.408749
102.0	1.0	0.0	0.0	0.0	-90.0	0.0	0.0	0.0	168.654237	0.0	1.604742	1.604742	90.0	0.130277	-0.010693	0.130715	-4.692352	16918.947406
103.0	1.0	0.0	0.0	0.0	-90.0	0.0	0.0	0.0	179.841051	0.0	1.602028	1.602028	90.0	0.130179	-0.010571	0.130608	-4.642414	16917.499193
104.0	1.0	0.0	0.0	0.0	-90.0	0.0	0.0	0.0	-131.178389	0.0	1.599712	1.599712	90.0	0.129919	-0.01049	0.130342	-4.616076	16916.049851
105.0	1.0	0.0	0.0	0.0	-90.0	0.0	0.0	0.0	15.934707	0.0	1.597125	1.597125	90.0	0.129875	-0.010387	0.13029	-4.572539	16914.650132
106.0	1.0	0.0	0.0	0.0	-90.0	0.0	0.0	0.0	-152.230062	0.0	1.594342	1.594342	90.0	0.129842	-0.010399	0.130258	-4.578906	16913.17266
107.0	1.0	0.0	0.0	0.0	-90.0	0.0	0.0	0.0	-15.113052	0.0	1.591329	1.591329	90.0	0.129752	-0.010351	0.130164	-4.561016	16911.714378
108.0	1.0	0.0	0.0	0.0	-90.0	0.0	0.0	0.0	27.768666	0.0	1.588737	1.588737	90.0	0.129666	-0.010264	0.130072	-4.525982	16910.291476
109.0	1.0	0.0	0.0	0.0	-90.0	0.0	0.0	0.0	172.620264	0.0	1.586395	1.586395	90.0	0.129552	-0.010216	0.129954	-4.509002	16908.863552
110.0	1.0	0.0	0.0	0.0	-90.0	0.0	0.0	0.0	-169.474351	0.0	1.583606	1.583606	90.0	0.129482	-0.010162	0.12988	-4.487703	16907.404939
111.0	1.0	0.0	0.0	0.0	-90.0	0.0	0.0	0.0	122.809719	0.0	1.580442	1.580442	90.0	0.129382	-0.010111	0.129777	-4.468625	16905.95256
112.0	1.0	0.0	0.0	0.0	-90.0	0.0	0.0	0.0	-59.747085	0.0	1.577398	1.577398	90.0	0.129321	-0.01006	0.129712	-4.448205	16904.535583
113.0	1.0	0.0	0.0	0.0	-90.0	0.0	0.0	0.0	17.23389	0.0	1.574588	1.574588	90.0	0.12927	-0.010023	0.129658	-4.433478	16903.092984
114.0	1.0	0.0	0.0	0.0	-90.0	0.0	0.0	0.0	-74.374502	0.0	1.571648	1.571648	90.0	0.129151	-0.009955	0.129535	-4.407657	16901.657389
115.0	1.0	0.0	0.0	0.0	-90.0	0.0	0.0	0.0	1.49433	0.0	1.568381	1.568381	90.0	0.129056	-0.009896	0.129435	-4.384718	16900.218633
116.0	1.0	0.0	0.0	0.0	-90.0	0.0	0.0	0.0	109.36501	0.0	1.564998	1.564998	90.0	0.129044	-0.009848	0.12942	-4.364255	16898.739924
117.0	1.0	0.0	0.0	0.0	-90.0	0.0	0.0	0.0	-114.653851	0.0	1.561667	1.561667	90.0	0.128959	-0.00975	0.129327	-4.323591	16897.302565
118.0	1.0	0.0	0.0	0.0	-90.0	0.0	0.0	0.0	17.117077	0.0	1.558132	1.558132	90.0	0.128895	-0.009753	0.129263	-4.327263	16895.870827
119.0	1.0	0.0	0.0	0.0	-90.0	0.0	0.0	0.0	-49.712768	0.0	1.554573	1.554573	90.0	0.128818	-0.009681	0.129181	-4.297979	16894.442112
120.0	1.0	0.0	0.0	0.0	-90.0	0.0	0.0	0.0	13.759227	0.0	1.551199	1.551199	90.0	0.128711	-0.009617	0.12907	-4.273082	16893.005065
121.0	1.0	0.0	0.0	0.0	-90.0	0.0	0.0	0.0	7.660641	0.0	1.547591	1.547591	90.0	0.128608	-0.00959	0.128965	-4.26438	16891.591683
122.0	1.0	0.0	0.0	0.0	-90.0	0.0	0.0	0.0	-97.977561	0.0	1.544351	1.544351	90.0	0.128564	-0.009522	0.128916	-4.236006	16890.157461
123.0	1.0	0.0	0.0	0.0	-90.0	0.0	0.0	0.0	67.722416	0.0	1.540244	1.540244	90.0	0.128505	-0.009445	0.128852	-4.203778	16888.722853
124.0	1.0	0.0	0.0	0.0	-90.0	0.0	0.0	0.0	148.115221	0.0	1.536268	1.536268	90.0	0.128411	-0.009441	0.128758	-4.204897	16887.317212
125.0	1.0	0.0	0.0	0.0	-90.0	0.0	0.0	0.0	-113.606552	0.0	1.532491	1.532491	90.0	0.128383	-0.009396	0.128727	-4.186043	16885.894211
126.0	1.0	0.0	0.0	0.0	-90.0	0.0	0.0	0.0	161.597628	0.0	1.52889	1.52889	90.0	0.128287	-0.009334	0.128626	-4.161612	16884.467922
127.0	1.0	0.0	0.0	0.0	-90.0	0.0	0.0	0.0	-119.261788	0.0	1.524673	1.524673	90.0	0.128243	-0.009299	0.128579	-4.147107	16883.028289
128.0	1.0	0.0	0.0	0.0	-90.0	0.0	0.0	0.0	128.770291	0.0	1.520597	1.520597	90.0	0.12818	-0.009223	0.128512	-4.115472	16881.56096
129.0	1.0	0.0	0.0	0.0	-90.0	0.0	0.0	0.0	-36.287561	0.0	1.515779	1.515779	90.0	0.128106	-0.009142	0.128431	-4.082056	16880.113505
130.0	1.0	0.0	0.0	0.0	-90.0	0.0	0.0	0.0	-48.040283	0.0	1.511369	1.511369	90.0	0.128021	-0.009093	0.128343	-4.062882	16878.670825
131.0	1.0	0.0	0.0	0.0	-90.0	0.0	0.0	0.0	51.520385	0.0	1.506595	1.506595	90.0	0.127968	-0.009044	0.128287	-4.042809	16877.214571
132.0	1.0	0.0	0.0	0.0	-90.0	0.0	0.0	0.0	-124.384232	0.0	1.50185	1.50185	90.0	0.127893	-0.009009	0.12821	-4.029546	16875.756477
133.0	1.0	0.0	0.0	0.0	-90.0	0.0	0.0	0.0	145.0567	0.0	1.496936	1.496936	90.0	0.127834	-0.00896	0.128147	-4.00957	16874.322144
134.0	1.0	0.0	0.0	0.0	-90.0	0.0	0.0	0.0	-97.097553	0.0	1.492268	1.492268	90.0	0.127777	-0.008916	0.128088	-3.991633	16872.891382
135.0	1.0	0.0	0.0	0.0	-90.0	0.0	0.0	0.0	130.544725	0.0	1.487115	1.487115	90.0	0.127692	-0.008878	0.128001	-3.977204	16871.453073
136.0	1.0	0.0	0.0	0.0	-90.0	0.0	0.0	0.0	-115.693858	0.0	1.481989	1.481989	90.0	0.127641	-0.008825	0.127946	-3.955112	16870.010518
137.0	1.0	0.0	0.0	0.0	-90.0	0.0	0.0	0.0	-113.41367	0.0	1.476436	1.476436	90.0	0.127574	-0.008773	0.127876	-3.933748	16868.563607
138.0	1.0	0.0	0.0	0.0	-90.0	0.0	0.0	0.0	-167.125601	0.0	1.47074	1.47074	90.0	0.127499	-0.008697	0.127795	-3.902292	16867.124214
139.0	1.0	0.0	0.0	0.0	-90.0	0.0	0.0	0.0	123.30181	0.0	1.465043	1.465043	90.0	0.127443	-0.008654	0.127737	-3.884636	16865.667768
140.0	1.0	0.0	0.0	0.0	-90.0	0.0	0.0	0.0	-27.849544	0.0	1.45929	1.45929	90.0	0.127372	-0.008601	0.127662	-3.86308	16864.219249
141.0	1.0	0.0	0.0	0.0	-90.0	0.0	0.0	0.0	89.92284	0.0	1.453084	1.453084	90.0	0.127318	-0.008515	0.127603	-3.82625	16862.77793
142.0	1.0	0.0	0.0	0.0	-90.0	0.0	0.0	0.0	7.928946	0.0	1.446662	1.446662	90.0	0.127175	-0.008497	0.127458	-3.822469	16861.341992
143.0	1.0	0.0	0.0	0.0	-90.0	0.0	0.0	0.0	104.092785	0.0	1.440585	1.440585	90.0	0.127275	-0.008305	0.127546	-3.733472	16859.906732
144.0	1.0	0.0	0.0	0.0	-90.0	0.0	0.0	0.0	-137.732856	0.0	1.434116	1.434116	90.0	0.127369	-0.00844	0.127649	-3.791129	16858.392155
145.0	1.0	0.0	0.0	0.0	-90.0	0.0	0.0	0.0	-161.146093	0.0	1.426966	1.426966	90.0	0.126775	-0.00816	0.127037	-3.682732	16856.936159
146.0	1.0	0.0	0.0	0.0	-90.0	0.0	0.0	0.0	38.223587	0.0	1.419794	1.419794	90.0	0.126497	-0.008249	0.126766	-3.731148	16855.508647
147.0	1.0	0.0	0.0	0.0	-90.0	0.0	0.0	0.0	150.86861	0.0	1.412785	1.412785	90.0	0.127621	-0.008337	0.127893	-3.737825	16854.06485
148.0	1.0	0.0	0.0	0.0	-90.0	0.0	0.0	0.0	-3.716566	0.0	1.406001	1.406001	90.0	0.127704	-0.008348	0.127977	-3.740285	16852.657736
149.0	1.0	0.0	0.0	0.0	-90.0	0.0	0.0	0.0	123.295599	0.0	1.398288	1.398288	90.0	0.126109	-0.007561	0.126336	-3.431151	16851.216297
150.0	1.0	0.0	0.0	0.0	-90.0	0.0	0.0	0.0	-103.469769	0.0	1.390174	1.390174	90.0	0.126889	-0.007139	0.12709	-3.220352	16849.786772
151.0	1.0	0.0	0.0	0.0	-90.0	0.0	0.0	0.0	-67.372125	0.0	1.382503	1.382503	90.0	0.125805	-0.007962	0.126056	-3.621467	16848.353461
152.0	1.0	0.0	0.0	0.0	-90.0	0.0	0.0	0.0	3.902742	0.0	1.373975	1.373975	90.0	0.126796	-0.007177	0.126999	-3.239716	16846.902324
153.0	1.0	0.0	0.0	0.0	-90.0	0.0	0.0	0.0	46.978992	0.0	1.366169	1.366169	90.0	0.126167	-0.007458	0.126387	-3.382884	16845.490036
154.0	1.0	0.0	0.0	0.0	-90.0	0.0	0.0	0.0	76.42036	0.0	1.357325	1.357325	90.0	0.126994	-0.00807	0.12725	-3.636275	16844.034785
155.0	1.0	0.0	0.0	0.0	-90.0	0.0	0.0	0.0	147.563932	0.0	1.348994	1.348994	90.0	0.126488	-0.008232	0.126756	-3.723462	16842.632406
156.0	1.0	0.0	0.0	0.0	-90.0	0.0	0.0	0.0	105.839916	0.0	1.340574	1.340574	90.0	0.126621	-0.007682	0.126854	-3.471707	16841.208998
157.0	1.0	0.0	0.0	0.0	-90.0	0.0	0.0	0.0	-111.043549	0.0	1.330711	1.330711	90.0	0.126439	-0.007662	0.126671	-3.467888	16839.744878
158.0	1.0	0.0	0.0	0.0	-90.0	0.0	0.0	0.0	-107.585924	0.0	1.321796	1.321796	90.0	0.126335	-0.007644	0.126566	-3.462475	16838.342013
159.0	1.0	0.0	0.0	0.0	-90.0	0.0	0.0	0.0	131.398361	0.0	1.312506	1.312506	90.0	0.126331	-0.007706	0.126566	-3.490718	16836.911554
160.0	1.0	0.0	0.0	0.0	-90.0	0.0	0.0	0.0	172.074406	0.0	1.302761	1.302761	90.0	0.126234	-0.007636	0.126464	-3.46161	16835.479209
161.0	1.0	0.0	0.0	0.0	-90.0	0.0	0.0	0.0	-90.616553	0.0	1.292786	1.292786	90.0	0.12613	-0.007612	0.126359	-3.453821	16834.036068
162.0	1.0	0.0	0.0	0.0	-90.0	0.0	0.0	0.0	-7.072005	0.0	1.282363	1.282363	90.0	0.126033	-0.007551	0.126259	-3.428459	16832.530075
163.0	1.0	0.0	0.0	0.0	-90.0	0.0	0.0	0.0	156.528928	0.0	1.272577	1.272577	90.0	0.125995	-0.007497	0.126218	-3.405035	16831.098656
164.0	1.0	0.0	0.0	0.0	-90.0	0.0	0.0	0.0	-165.767523	0.0	1.262371	1.262371	90.0	0.125963	-0.007469	0.126184	-3.393289	16829.633923
165.0	1.0	0.0	0.0	0.0	-90.0	0.0	0.0	0.0	-63.620761	0.0	1.251536	1.251536	90.0	0.125882	-0.007439	0.126102	-3.381778	16828.123294
166.0	1.0	0.0	0.0	0.0	-90.0	0.0	0.0	0.0	160.627175	0.0	1.241417	1.241417	90.0	0.125813	-0.007402	0.12603	-3.366829	16826.642949
167.0	1.0	0.0	0.0	0.0	-90.0	0.0	0.0	0.0	167.741561	0.0	1.231469	1.231469	90.0	0.125771	-0.00737	0.125987	-3.353547	16825.194154
168.0	1.0	0.0	0.0	0.0	-90.0	0.0	0.0	0.0	151.574102	0.0	1.221198	1.221198	90.0	0.125703	-0.007317	0.125915	-3.33158	16823.754237
169.0	1.0	0.0	0.0	0.0	-90.0	0.0	0.0	0.0	28.880803	0.0	1.210926	1.210926	90.0	0.125647	-0.007267	0.125857	-3.309886	16822.329727
170.0	1.0	0.0	0.0	0.0	-90.0	0.0	0.0	0.0	-90.045905	0.0	1.20133	1.20133	90.0	0.125577	-0.007275	0.125787	-3.315609	16820.897397
171.0	1.0	0.0	0.0	0.0	-90.0	0.0	0.0	0.0	127.109218	0.0	1.191291	1.191291	90.0	0.125513	-0.007213	0.125721	-3.288982	16819.475422
172.0	1.0	0.0	0.0	0.0	-90.0	0.0	0.0	0.0	130.21625	0.0	1.181302	1.181302	90.0	0.125466	-0.007184	0.125672	-3.277037	16818.030415
173.0	1.0	0.0	0.0	0.0	-90.0	0.0	0.0	0.0	-14.407718	0.0	1.171694	1.171694	90.0	0.12541	-0.007188	0.125615	-3.280506	16816.597606
174.0	1.0	0.0	0.0	0.0	-90.0	0.0	0.0	0.0	43.73375	0.0	1.162196	1.162196	90.0	0.125361	-0.007156	0.125565	-3.266937	16815.171626
175.0	1.0	0.0	0.0	0.0	-90.0	0.0	0.0	0.0	-167.916887	0.0	1.152738	1.152738	90.0	0.125289	-0.007138	0.125492	-3.260742	16813.710412
176.0	1.0	0.0	0.0	0.0	-90.0	0.0	0.0	0.0	149.467692	0.0	1.14358	1.14358	90.0	0.125268	-0.007093	0.125469	-3.240853	16812.25999
177.0	1.0	0.0	0.0	0.0	-90.0	0.0	0.0	0.0	-67.180574	0.0	1.134635	1.134635	90.0	0.125178	-0.007086	0.125379	-3.239828	16810.813809
178.0	1.0	0.0	0.0	0.0	-90.0	0.0	0.0	0.0	108.963821	0.0	1.125421	1.125421	90.0	0.125109	-0.007058	0.125308	-3.228737	16809.342088
179.0	1.0	0.0	0.0	0.0	-90.0	0.0	0.0	0.0	-134.890406	0.0	1.116969	1.116969	90.0	0.125059	-0.007033	0.125256	-3.218578	16807.88323
180.0	1.0	0.0	0.0	0.0	-90.0	0.0	0.0	0.0	-155.564045	0.0	1.108628	1.108628	90.0	0.125021	-0.007026	0.125218	-3.216742	16806.456697
181.0	1.0	0.0	0.0	0.0	-90.0	0.0	0.0	0.0	-168.760241	0.0	1.100168	1.100168	90.0	0.124967	-0.007006	0.125164	-3.208908	16805.008777
182.0	1.0	0.0	0.0	0.0	-90.0	0.0	0.0	0.0	-178.108635	0.0	1.092742	1.092742	90.0	0.124914	-0.006968	0.125109	-3.192724	16803.561109
183.0	1.0	0.0	0.0	0.0	-90.0	0.0	0.0	0.0	-115.381051	0.0	1.085376	1.085376	90.0	0.124881	-0.006961	0.125075	-3.190437	16802.147491
184.0	1.0	0.0	0.0	0.0	-90.0	0.0	0.0	0.0	-61.011511	0.0	1.078553	1.078553	90.0	0.12481	-0.006923	0.125002	-3.174712	16800.713343
185.0	1.0	0.0	0.0	0.0	-90.0	0.0	0.0	0.0	145.820701	0.0	1.071412	1.071412	90.0	0.124779	-0.006898	0.12497	-3.164083	16799.271561
186.0	1.0	0.0	0.0	0.0	-90.0	0.0	0.0	0.0	2.1196	0.0	1.064821	1.064821	90.0	0.124716	-0.006912	0.124908	-3.172332	16797.831647
187.0	1.0	0.0	0.0	0.0	-90.0	0.0	0.0	0.0	31.623317	0.0	1.058404	1.058404	90.0	0.124668	-0.006888	0.124858	-3.162309	16796.415978
188.0	1.0	0.0	0.0	0.0	-90.0	0.0	0.0	0.0	-24.35369	0.0	1.05203	1.05203	90.0	0.124636	-0.006865	0.124825	-3.1528	16794.959095
189.0	1.0	0.0	0.0	0.0	-90.0	0.0	0.0	0.0	100.441936	0.0	1.046622	1.046622	90.0	0.124581	-0.00685	0.124769	-3.14708	16793.531651
190.0	1.0	0.0	0.0	0.0	-90.0	0.0	0.0	0.0	-72.607852	0.0	1.04099	1.04099	90.0	0.124566	-0.006833	0.124753	-3.13997	16792.078456
191.0	1.0	0.0	0.0	0.0	-90.0	0.0	0.0	0.0	102.339498	0.0	1.035526	1.035526	90.0	0.124513	-0.006805	0.124699	-3.128263	16790.653782
192.0	1.0	0.0	0.0	0.0	-90.0	0.0	0.0	0.0	179.966223	0.0	1.03043	1.03043	90.0	0.124476	-0.006793	0.124661	-3.123907	16789.167096
193.0	1.0	0.0	0.0	0.0	-90.0	0.0	0.0	0.0	140.244844	0.0	1.025077	1.025077	90.0	0.124419	-0.006779	0.124603	-3.118795	16787.739826
194.0	1.0	0.0	0.0	0.0	-90.0	0.0	0.0	0.0	-31.363823	0.0	1.020216	1.020216	90.0	0.124414	-0.006754	0.124597	-3.107506	16786.306728
195.0	1.0	0.0	0.0	0.0	-90.0	0.0	0.0	0.0	-57.891835	0.0	1.015607	1.015607	90.0	0.124313	-0.00671	0.124494	-3.089612	16784.862425
196.0	1.0	0.0	0.0	0.0	-90.0	0.0	0.0	0.0	9.696525	0.0	1.010823	1.010823	90.0	0.124272	-0.006714	0.124453	-3.092276	16783.41473
197.0	1.0	0.0	0.0	0.0	-90.0	0.0	0.0	0.0	159.087064	0.0	1.006389	1.006389	90.0	0.124355	-0.006639	0.124532	-3.055832	16781.990734
198.0	1.0	0.0	0.0	0.0	-90.0	0.0	0.0	0.0	-31.619086	0.0	1.002056	1.002056	90.0	0.124335	-0.006674	0.124514	-3.072343	16780.529016
199.0	1.0	0.0	0.0	0.0	-90.0	0.0	0.0	0.0	-93.258477	0.0	1.001117	1.001117	90.0	0.124153	-0.006542	0.124325	-3.016471	16779.05711
200.0	1.0	0.0	0.0	0.0	-90.0	0.0	0.0	0.0	-87.33958750000001	0.0	1.2988805	1.2988805	90.0	0.1249595	-0.00782	0.1252105	-3.576904	17367.388717499998
250.0	1.0	0.0	0.0	0.0	-90.0	0.0	0.0	0.0	70.202663	0.0	1.604574	1.604574	90.0	0.125313	-0.00935	0.125662	-4.267119	17955.69393
300.0	1.0	0.0	0.0	0.0	-90.0	0.0	0.0	0.0	-154.81362	0.0	1.601945	1.601945	90.0	0.123758	-0.008178	0.124028	-3.780709	17954.260188
350.0	1.0	0.0	0.0	0.0	-90.0	0.0	0.0	0.0	117.289064	0.0	1.598777	1.598777	90.0	0.123169	-0.008539	0.123464	-3.965666	17952.826957
400.0	1.0	0.0	0.0	0.0	-90.0	0.0	0.0	0.0	164.29905	0.0	1.59552	1.59552	90.0	0.122371	-0.007585	0.122606	-3.546764	17951.400682
450.0	1.0	0.0	0.0	0.0	-90.0	0.0	0.0	0.0	59.959913	0.0	1.592601	1.592601	90.0	0.121556	-0.007125	0.121765	-3.354702	17949.948324
500.0	1.0	0.0	0.0	0.0	-90.0	0.0	0.0	0.0	-88.46135	0.0	1.589654	1.589654	90.0	0.121337	-0.007198	0.121551	-3.395043	17948.50496
550.0	1.0	0.0	0.0	0.0	-90.0	0.0	0.0	0.0	-173.622214	0.0	1.586193	1.586193	90.0	0.121005	-0.006951	0.121204	-3.287753	17947.026249
600.0	1.0	0.0	0.0	0.0	-90.0	0.0	0.0	0.0	-123.695178	0.0	1.582849	1.582849	90.0	0.120582	-0.006918	0.12078	-3.283701	17945.548568
650.0	1.0	0.0	0.0	0.0	-90.0	0.0	0.0	0.0	-157.544078	0.0	1.579538	1.579538	90.0	0.120386	-0.006779	0.120577	-3.223045	17944.082142
700.0	1.0	0.0	0.0	0.0	-90.0	0.0	0.0	0.0	-67.223505	0.0	1.576672	1.576672	90.0	0.119936	-0.006659	0.120121	-3.178041	17942.661815
750.0	1.0	0.0	0.0	0.0	-90.0	0.0	0.0	0.0	-46.008393	0.0	1.573213	1.573213	90.0	0.119816	-0.006459	0.11999	-3.085842	17941.229124
800.0	1.0	0.0	0.0	0.0	-90.0	0.0	0.0	0.0	157.464331	0.0	1.569666	1.569666	90.0	0.119403	-0.006399	0.119575	-3.067403	17939.806569
850.0	1.0	0.0	0.0	0.0	-90.0	0.0	0.0	0.0	-115.467255	0.0	1.566	1.566	90.0	0.119183	-0.006398	0.119354	-3.072994	17938.360103
900.0	1.0	0.0	0.0	0.0	-90.0	0.0	0.0	0.0	-67.375242	0.0	1.562416	1.562416	90.0	0.119009	-0.006214	0.119171	-2.988858	17936.924075
950.0	1.0	0.0	0.0	0.0	-90.0	0.0	0.0	0.0	-164.988008	0.0	1.558489	1.558489	90.0	0.118797	-0.006161	0.118956	-2.968562	17935.469823
1000.0	1.0	0.0	0.0	0.0	-90.0	0.0	0.0	0.0	134.497665	0.0	1.554375	1.554375	90.0	0.118581	-0.006061	0.118736	-2.925944	17934.032137
1050.0	1.0	0.0	0.0	0.0	-90.0	0.0	0.0	0.0	123.915786	0.0	1.550497	1.550497	90.0	0.118451	-0.006027	0.118604	-2.912769	17932.612863
1100.0	1.0	0.0	0.0	0.0	-90.0	0.0	0.0	0.0	93.388778	0.0	1.546555	1.546555	90.0	0.118229	-0.005951	0.118378	-2.881614	17931.136875
1150.0	1.0	0.0	0.0	0.0	-90.0	0.0	0.0	0.0	135.799177	0.0	1.542779	1.542779	90.0	0.118045	-0.005866	0.118191	-2.844931	17929.682007
1200.0	1.0	0.0	0.0	0.0	-90.0	0.0	0.0	0.0	-175.568404	0.0	1.538433	1.538433	90.0	0.117947	-0.005804	0.11809	-2.817145	17928.185622
1250.0	1.0	0.0	0.0	0.0	-90.0	0.0	0.0	0.0	26.099311	0.0	1.534226	1.534226	90.0	0.117794	-0.005791	0.117936	-2.81448	17926.763406
1300.0	1.0	0.0	0.0	0.0	-90.0	0.0	0.0	0.0	-137.040715	0.0	1.52978	1.52978	90.0	0.117687	-0.005753	0.117828	-2.798774	17925.328672
1350.0	1.0	0.0	0.0	0.0	-90.0	0.0	0.0	0.0	-151.079919	0.0	1.525425	1.525425	90.0	0.117571	-0.00569	0.117708	-2.770535	17923.891482
1400.0	1.0	0.0	0.0	0.0	-90.0	0.0	0.0	0.0	66.785861	0.0	1.520269	1.520269	90.0	0.117438	-0.00565	0.117574	-2.754378	17922.455051
1450.0	1.0	0.0	0.0	0.0	-90.0	0.0	0.0	0.0	-176.743086	0.0	1.515633	1.515633	90.0	0.11728	-0.005611	0.117414	-2.739193	17921.002446
1500.0	1.0	0.0	0.0	0.0	-90.0	0.0	0.0	0.0	109.968704	0.0	1.510467	1.510467	90.0	0.117216	-0.005562	0.117348	-2.716583	17919.55143
1550.0	1.0	0.0	0.0	0.0	-90.0	0.0	0.0	0.0	-93.449083	0.0	1.505633	1.505633	90.0	0.117114	-0.005547	0.117245	-2.711653	17918.094328
1600.0	1.0	0.0	0.0	0.0	-90.0	0.0	0.0	0.0	39.296279	0.0	1.500176	1.500176	90.0	0.116986	-0.005497	0.117115	-2.690432	17916.62553
1650.0	1.0	0.0	0.0	0.0	-90.0	0.0	0.0	0.0	-75.324247	0.0	1.494568	1.494568	90.0	0.1169	-0.005411	0.117025	-2.650189	17915.14609
1700.0	1.0	0.0	0.0	0.0	-90.0	0.0	0.0	0.0	-119.365401	0.0	1.488825	1.488825	90.0	0.116808	-0.005423	0.116934	-2.658299	17913.723602
1750.0	1.0	0.0	0.0	0.0	-90.0	0.0	0.0	0.0	-109.158158	0.0	1.483067	1.483067	90.0	0.116733	-0.005388	0.116858	-2.642485	17912.254145
1800.0	1.0	0.0	0.0	0.0	-90.0	0.0	0.0	0.0	-71.393214	0.0	1.477307	1.477307	90.0	0.116641	-0.00536	0.116764	-2.631081	17910.83411
1850.0	1.0	0.0	0.0	0.0	-90.0	0.0	0.0	0.0	-35.794928	0.0	1.471268	1.471268	90.0	0.116555	-0.005345	0.116677	-2.625818	17909.414417
1900.0	1.0	0.0	0.0	0.0	-90.0	0.0	0.0	0.0	-158.117374	0.0	1.465005	1.465005	90.0	0.116469	-0.005305	0.11659	-2.60799	17907.945375
1950.0	1.0	0.0	0.0	0.0	-90.0	0.0	0.0	0.0	135.211471	0.0	1.458908	1.458908	90.0	0.11641	-0.00528	0.11653	-2.596825	17906.51764
2000.0	1.0	0.0	0.0	0.0	-90.0	0.0	0.0	0.0	-110.398246	0.0	1.452514	1.452514	90.0	0.116329	-0.005266	0.116448	-2.591793	17905.07517
2050.0	1.0	0.0	0.0	0.0	-90.0	0.0	0.0	0.0	-106.011149	0.0	1.445448	1.445448	90.0	0.116239	-0.005244	0.116358	-2.582958	17903.650354
2100.0	1.0	0.0	0.0	0.0	-90.0	0.0	0.0	0.0	127.25898	0.0	1.438573	1.438573	90.0	0.116186	-0.005217	0.116303	-2.570954	17902.201578
2150.0	1.0	0.0	0.0	0.0	-90.0	0.0	0.0	0.0	137.940283	0.0	1.431457	1.431457	90.0	0.116109	-0.005208	0.116226	-2.568206	17900.772173
2200.0	1.0	0.0	0.0	0.0	-90.0	0.0	0.0	0.0	174.096734	0.0	1.424034	1.424034	90.0	0.116041	-0.00518	0.116156	-2.556117	17899.328322
2250.0	1.0	0.0	0.0	0.0	-90.0	0.0	0.0	0.0	-56.649127	0.0	1.416945	1.416945	90.0	0.115978	-0.005152	0.116092	-2.543498	17897.890911
2300.0	1.0	0.0	0.0	0.0	-90.0	0.0	0.0	0.0	-101.092412	0.0	1.408821	1.408821	90.0	0.115913	-0.005148	0.116028	-2.542975	17896.449286
2350.0	1.0	0.0	0.0	0.0	-90.0	0.0	0.0	0.0	174.574446	0.0	1.401265	1.401265	90.0	0.115831	-0.005125	0.115944	-2.533442	17895.003179
2400.0	1.0	0.0	0.0	0.0	-90.0	0.0	0.0	0.0	78.741604	0.0	1.392843	1.392843	90.0	0.115784	-0.005112	0.115897	-2.528132	17893.566956
2450.0	1.0	0.0	0.0	0.0	-90.0	0.0	0.0	0.0	116.622921	0.0	1.384786	1.384786	90.0	0.115732	-0.005097	0.115844	-2.521913	17892.125797
2500.0	1.0	0.0	0.0	0.0	-90.0	0.0	0.0	0.0	-86.032441	0.0	1.375968	1.375968	90.0	0.115678	-0.005089	0.11579	-2.519111	17890.644597
2550.0	1.0	0.0	0.0	0.0	-90.0	0.0	0.0	0.0	85.889241	0.0	1.367139	1.367139	90.0	0.115623	-0.005075	0.115734	-2.513388	17889.221129
2600.0	1.0	0.0	0.0	0.0	-90.0	0.0	0.0	0.0	130.287193	0.0	1.358112	1.358112	90.0	0.115569	-0.005064	0.11568	-2.508834	17887.806189
2650.0	1.0	0.0	0.0	0.0	-90.0	0.0	0.0	0.0	-138.261472	0.0	1.349069	1.349069	90.0	0.115518	-0.005049	0.115628	-2.502642	17886.364252
2700.0	1.0	0.0	0.0	0.0	-90.0	0.0	0.0	0.0	112.572705	0.0	1.339489	1.339489	90.0	0.11546	-0.005039	0.11557	-2.498758	17884.917436
2750.0	1.0	0.0	0.0	0.0	-90.0	0.0	0.0	0.0	-170.561484	0.0	1.329638	1.329638	90.0	0.115398	-0.005024	0.115508	-2.492772	17883.435531
2800.0	1.0	0.0	0.0	0.0	-90.0	0.0	0.0	0.0	-39.653054	0.0	1.319678	1.319678	90.0	0.115349	-0.005017	0.115458	-2.490372	17882.010281
2850.0	1.0	0.0	0.0	0.0	-90.0	0.0	0.0	0.0	124.803285	0.0	1.309525	1.309525	90.0	0.1153	-0.005004	0.115408	-2.48486	17880.550651
2900.0	1.0	0.0	0.0	0.0	-90.0	0.0	0.0	0.0	122.789018	0.0	1.298796	1.298796	90.0	0.115247	-0.004998	0.115355	-2.483082	17879.074454
2950.0	1.0	0.0	0.0	0.0	-90.0	0.0	0.0	0.0	-138.286311	0.0	1.288872	1.288872	90.0	0.115197	-0.004992	0.115305	-2.481474	17877.640362
3000.0	1.0	0.0	0.0	0.0	-90.0	0.0	0.0	0.0	114.353981	0.0	1.277689	1.277689	90.0	0.115152	-0.004978	0.115259	-2.475461	17876.21243
3050.0	1.0	0.0	0.0	0.0	-90.0	0.0	0.0	0.0	-172.059217	0.0	1.26706	1.26706	90.0	0.115103	-0.004968	0.11521	-2.4716	17874.787625
3100.0	1.0	0.0	0.0	0.0	-90.0	0.0	0.0	0.0	-106.700235	0.0	1.256291	1.256291	90.0	0.115063	-0.004967	0.11517	-2.471876	17873.344548
3150.0	1.0	0.0	0.0	0.0	-90.0	0.0	0.0	0.0	-41.536801	0.0	1.245349	1.245349	90.0	0.115021	-0.004962	0.115128	-2.470243	17871.880454
3200.0	1.0	0.0	0.0	0.0	-90.0	0.0	0.0	0.0	176.602301	0.0	1.233759	1.233759	90.0	0.11497	-0.004951	0.115076	-2.465804	17870.416264
3250.0	1.0	0.0	0.0	0.0	-90.0	0.0	0.0	0.0	30.994696	0.0	1.222818	1.222818	90.0	0.11493	-0.004946	0.115036	-2.464405	17868.974442
3300.0	1.0	0.0	0.0	0.0	-90.0	0.0	0.0	0.0	78.896864	0.0	1.211917	1.211917	90.0	0.1149	-0.004941	0.115006	-2.462455	17867.536528
3350.0	1.0	0.0	0.0	0.0	-90.0	0.0	0.0	0.0	177.886914	0.0	1.201074	1.201074	90.0	0.114862	-0.004936	0.114968	-2.460792	17866.118722
3400.0	1.0	0.0	0.0	0.0	-90.0	0.0	0.0	0.0	59.906251	0.0	1.190302	1.190302	90.0	0.114815	-0.004933	0.114921	-2.460069	17864.695802
3450.0	1.0	0.0	0.0	0.0	-90.0	0.0	0.0	0.0	-73.560335	0.0	1.179434	1.179434	90.0	0.114778	-0.00493	0.114884	-2.459521	17863.267145
3500.0	1.0	0.0	0.0	0.0	-90.0	0.0	0.0	0.0	109.313845	0.0	1.168622	1.168622	90.0	0.114739	-0.004919	0.114844	-2.455061	17861.818219
3550.0	1.0	0.0	0.0	0.0	-90.0	0.0	0.0	0.0	-61.16056	0.0	1.157608	1.157608	90.0	0.114711	-0.004914	0.114816	-2.452834	17860.347247
3600.0	1.0	0.0	0.0	0.0	-90.0	0.0	0.0	0.0	168.169464	0.0	1.146835	1.146835	90.0	0.114661	-0.00491	0.114766	-2.451786	17858.894463
3650.0	1.0	0.0	0.0	0.0	-90.0	0.0	0.0	0.0	76.083725	0.0	1.136664	1.136664	90.0	0.114632	-0.004909	0.114737	-2.452146	17857.44524
3700.0	1.0	0.0	0.0	0.0	-90.0	0.0	0.0	0.0	-10.256159	0.0	1.126856	1.126856	90.0	0.114598	-0.004904	0.114702	-2.450557	17855.979073
3750.0	1.0	0.0	0.0	0.0	-90.0	0.0	0.0	0.0	-90.472657	0.0	1.116331	1.116331	90.0	0.114556	-0.004902	0.114661	-2.450397	17854.488416
3800.0	1.0	0.0	0.0	0.0	-90.0	0.0	0.0	0.0	98.829156	0.0	1.10701	1.10701	90.0	0.114522	-0.004901	0.114627	-2.450588	17853.059515
3850.0	1.0	0.0	0.0	0.0	-90.0	0.0	0.0	0.0	-37.495654	0.0	1.097472	1.097472	90.0	0.114489	-0.004897	0.114593	-2.449288	17851.602371
3900.0	1.0	0.0	0.0	0.0	-90.0	0.0	0.0	0.0	-91.252862	0.0	1.088322	1.088322	90.0	0.114455	-0.004895	0.11456	-2.448952	17850.150764
3950.0	1.0	0.0	0.0	0.0	-90.0	0.0	0.0	0.0	142.441958	0.0	1.079302	1.079302	90.0	0.114421	-0.004893	0.114526	-2.448496	17848.730213
4000.0	1.0	0.0	0.0	0.0	-90.0	0.0	0.0	0.0	-79.844671	0.0	1.070719	1.070719	90.0	0.114383	-0.004892	0.114488	-2.448716	17847.299481
4050.0	1.0	0.0	0.0	0.0	-90.0	0.0	0.0	0.0	179.918407	0.0	1.0625	1.0625	90.0	0.114346	-0.004891	0.114451	-2.449229	17845.855129
4100.0	1.0	0.0	0.0	0.0	-90.0	0.0	0.0	0.0	-57.679787	0.0	1.05439	1.05439	90.0	0.114315	-0.004889	0.114419	-2.448769	17844.419025
4150.0	1.0	0.0	0.0	0.0	-90.0	0.0	0.0	0.0	-103.984581	0.0	1.046623	1.046623	90.0	0.114281	-0.004883	0.114385	-2.446449	17842.95209
4200.0	1.0	0.0	0.0	0.0	-90.0	0.0	0.0	0.0	135.484764	0.0	1.038893	1.038893	90.0	0.114253	-0.004885	0.114357	-2.448245	17841.525906
4250.0	1.0	0.0	0.0	0.0	-90.0	0.0	0.0	0.0	-175.192231	0.0	1.031959	1.031959	90.0	0.114215	-0.004881	0.114319	-2.446864	17840.077388
4300.0	1.0	0.0	0.0	0.0	-90.0	0.0	0.0	0.0	-62.546908	0.0	1.025236	1.025236	90.0	0.114188	-0.004881	0.114292	-2.447853	17838.658166
4350.0	1.0	0.0	0.0	0.0	-90.0	0.0	0.0	0.0	-85.720361	0.0	1.018688	1.018688	90.0	0.114152	-0.004881	0.114256	-2.448215	17837.242108
4400.0	1.0	0.0	0.0	0.0	-90.0	0.0	0.0	0.0	-146.631502	0.0	1.012314	1.012314	90.0	0.114118	-0.004879	0.114222	-2.44801	17835.82633
4450.0	1.0	0.0	0.0	0.0	-90.0	0.0	0.0	0.0	-171.083561	0.0	1.005991	1.005991	90.0	0.114085	-0.004879	0.11419	-2.448908	17834.378729
4500.0	1.0	0.0	0.0	0.0	-90.0	0.0	0.0	0.0	-43.773627	0.0	1.000164	1.000164	90.0	0.114054	-0.004876	0.114158	-2.44781	17832.937505
4550.0	1.0	0.0	0.0	0.0	-90.0	0.0	0.0	0.0	109.708503	0.0	0.994134	0.994134	90.0	0.114018	-0.004875	0.114123	-2.448257	17831.506692
4600.0	1.0	0.0	0.0	0.0	-90.0	0.0	0.0	0.0	-168.881201	0.0	0.98821	0.98821	90.0	0.113998	-0.004875	0.114103	-2.448938	17830.077047
4650.0	1.0	0.0	0.0	0.0	-90.0	0.0	0.0	0.0	27.714815	0.0	0.982702	0.982702	90.0	0.113965	-0.004873	0.114069	-2.448656	17828.643323
4700.0	1.0	0.0	0.0	0.0	-90.0	0.0	0.0	0.0	71.541125	0.0	0.97687	0.97687	90.0	0.113931	-0.004874	0.114035	-2.449616	17827.17498
4750.0	1.0	0.0	0.0	0.0	-90.0	0.0	0.0	0.0	-85.529745	0.0	0.976973	0.976973	90.0	0.113909	-0.00487	0.114013	-2.448063	17825.74648
4800.0	1.0	0.0	0.0	0.0	-90.0	0.0	0.0	0.0	-85.39833	0.0	0.971918	0.971918	90.0	0.113875	-0.004869	0.113979	-2.448388	17824.293529
4850.0	1.0	0.0	0.0	0.0	-90.0	0.0	0.0	0.0	-159.51655	0.0	0.958244	0.958244	90.0	0.113844	-0.004868	0.113948	-2.448274	17822.829593
4900.0	1.0	0.0	0.0	0.0	-90.0	0.0	0.0	0.0	122.156872	0.0	0.953351	0.953351	90.0	0.113811	-0.004869	0.113915	-2.449656	17821.398797
4950.0	1.0	0.0	0.0	0.0	-90.0	0.0	0.0	0.0	-57.536197	0.0	0.948205	0.948205	90.0	0.113777	-0.00487	0.113881	-2.451188	17819.991368
5000.0	1.0	0.0	0.0	0.0	-90.0	0.0	0.0	0.0	-50.7155595	0.0	1.2780875	1.2780875	90.0	0.1137625	-0.0050030000000000005	0.1138725	-2.518107	18395.836641
10000.0	1.0	0.0	0.0	0.0	-90.0	0.0	0.0	0.0	-171.713981	0.0	1.609991	1.609991	90.0	0.111931	-0.005539	0.112068	-2.832815	18971.652677
15000.0	1.0	0.0	0.0	0.0	-90.0	0.0	0.0	0.0	-170.025503	0.0	1.607276	1.607276	90.0	0.110789	-0.006073	0.110956	-3.137401	18970.221333
20000.0	1.0	0.0	0.0	0.0	-90.0	0.0	0.0	0.0	153.980892	0.0	1.604344	1.604344	90.0	0.109914	-0.006604	0.110113	-3.43837	18968.759431
25000.0	1.0	0.0	0.0	0.0	-90.0	0.0	0.0	0.0	31.343685	0.0	1.601561	1.601561	90.0	0.109227	-0.007128	0.10946	-3.733881	18967.320891
30000.0	1.0	0.0	0.0	0.0	-90.0	0.0	0.0	0.0	28.653085	0.0	1.598744	1.598744	90.0	0.108629	-0.007635	0.108897	-4.020356	18965.850109
35000.0	1.0	0.0	0.0	0.0	-90.0	0.0	0.0	0.0	124.136221	0.0	1.595798	1.595798	90.0	0.108103	-0.008131	0.108409	-4.30147	18964.409451
40000.0	1.0	0.0	0.0	0.0	-90.0	0.0	0.0	0.0	34.762823	0.0	1.592873	1.592873	90.0	0.107627	-0.008616	0.107971	-4.576908	18962.971221
45000.0	1.0	0.0	0.0	0.0	-90.0	0.0	0.0	0.0	-153.504606	0.0	1.589789	1.589789	90.0	0.107198	-0.009093	0.107583	-4.848301	18961.533602
50000.0	1.0	0.0	0.0	0.0	-90.0	0.0	0.0	0.0	-100.467049	0.0	1.586838	1.586838	90.0	0.106805	-0.009563	0.107232	-5.11637	18960.081399
55000.0	1.0	0.0	0.0	0.0	-90.0	0.0	0.0	0.0	-113.832658	0.0	1.583465	1.583465	90.0	0.106436	-0.010025	0.106908	-5.380896	18958.606607
60000.0	1.0	0.0	0.0	0.0	-90.0	0.0	0.0	0.0	140.735786	0.0	1.580195	1.580195	90.0	0.106091	-0.010482	0.106608	-5.642784	18957.158221
65000.0	1.0	0.0	0.0	0.0	-90.0	0.0	0.0	0.0	105.202158	0.0	1.577135	1.577135	90.0	0.105767	-0.010935	0.106331	-5.902649	18955.724276
70000.0	1.0	0.0	0.0	0.0	-90.0	0.0	0.0	0.0	55.313886	0.0	1.57367	1.57367	90.0	0.105454	-0.011383	0.106067	-6.16067	18954.281485
75000.0	1.0	0.0	0.0	0.0	-90.0	0.0	0.0	0.0	155.757511	0.0	1.570117	1.570117	90.0	0.105154	-0.011825	0.105817	-6.416346	18952.841785
80000.0	1.0	0.0	0.0	0.0	-90.0	0.0	0.0	0.0	-95.785016	0.0	1.56682	1.56682	90.0	0.104867	-0.012264	0.105582	-6.670342	18951.415031
85000.0	1.0	0.0	0.0	0.0	-90.0	0.0	0.0	0.0	-89.228245	0.0	1.563097	1.563097	90.0	0.104586	-0.012698	0.105354	-6.922623	18949.928958
90000.0	1.0	0.0	0.0	0.0	-90.0	0.0	0.0	0.0	-179.43235	0.0	1.559354	1.559354	90.0	0.104322	-0.01313	0.105145	-7.173743	18948.470308
95000.0	1.0	0.0	0.0	0.0	-90.0	0.0	0.0	0.0	133.791147	0.0	1.555735	1.555735	90.0	0.104058	-0.013559	0.104938	-7.423986	18947.021063
100000.0	1.0	0.0	0.0	0.0	-90.0	0.0	0.0	0.0	-46.806402	0.0	1.551719	1.551719	90.0	0.103811	-0.013986	0.104749	-7.673189	18945.590108
105000.0	1.0	0.0	0.0	0.0	-90.0	0.0	0.0	0.0	121.01594	0.0	1.547655	1.547655	90.0	0.103566	-0.014408	0.104563	-7.920332	18944.166848
110000.0	1.0	0.0	0.0	0.0	-90.0	0.0	0.0	0.0	-168.436025	0.0	1.543081	1.543081	90.0	0.103324	-0.014828	0.104382	-8.166686	18942.716967
115000.0	1.0	0.0	0.0	0.0	-90.0	0.0	0.0	0.0	-139.614215	0.0	1.538823	1.538823	90.0	0.103086	-0.015246	0.104208	-8.412873	18941.276091
120000.0	1.0	0.0	0.0	0.0	-90.0	0.0	0.0	0.0	152.350028	0.0	1.53448	1.53448	90.0	0.102855	-0.015661	0.10404	-8.657787	18939.840137
125000.0	1.0	0.0	0.0	0.0	-90.0	0.0	0.0	0.0	-112.765657	0.0	1.529597	1.529597	90.0	0.102624	-0.016074	0.103876	-8.901837	18938.3974
130000.0	1.0	0.0	0.0	0.0	-90.0	0.0	0.0	0.0	-153.731232	0.0	1.525121	1.525121	90.0	0.102396	-0.016485	0.103714	-9.145827	18936.93015
135000.0	1.0	0.0	0.0	0.0	-90.0	0.0	0.0	0.0	122.58036	0.0	1.520576	1.520576	90.0	0.102169	-0.016891	0.103556	-9.387541	18935.488176
140000.0	1.0	0.0	0.0	0.0	-90.0	0.0	0.0	0.0	-163.414109	0.0	1.514975	1.514975	90.0	0.101949	-0.017297	0.103406	-9.629419	18934.028489
145000.0	1.0	0.0	0.0	0.0	-90.0	0.0	0.0	0.0	54.950781	0.0	1.5099	1.5099	90.0	0.101728	-0.017701	0.103256	-9.871002	18932.569791
150000.0	1.0	0.0	0.0	0.0	-90.0	0.0	0.0	0.0	96.173722	0.0	1.504832	1.504832	90.0	0.101505	-0.018102	0.103107	-10.111748	18931.12192
155000.0	1.0	0.0	0.0	0.0	-90.0	0.0	0.0	0.0	-179.876379	0.0	1.499727	1.499727	90.0	0.101291	-0.018503	0.102967	-10.351949	18929.69538
160000.0	1.0	0.0	0.0	0.0	-90.0	0.0	0.0	0.0	-154.335638	0.0	1.494026	1.494026	90.0	0.10107	-0.018901	0.102823	-10.592281	18928.268877
165000.0	1.0	0.0	0.0	0.0	-90.0	0.0	0.0	0.0	-154.361794	0.0	1.488327	1.488327	90.0	0.100865	-0.019297	0.102694	-10.830615	18926.842191
170000.0	1.0	0.0	0.0	0.0	-90.0	0.0	0.0	0.0	-56.607907	0.0	1.48293	1.48293	90.0	0.100648	-0.019689	0.102556	-11.068617	18925.40564
175000.0	1.0	0.0	0.0	0.0	-90.0	0.0	0.0	0.0	-149.957447	0.0	1.476671	1.476671	90.0	0.100433	-0.020082	0.102421	-11.307187	18923.959293
180000.0	1.0	0.0	0.0	0.0	-90.0	0.0	0.0	0.0	-84.660707	0.0	1.470776	1.470776	90.0	0.100222	-0.020473	0.102292	-11.545543	18922.516645
185000.0	1.0	0.0	0.0	0.0	-90.0	0.0	0.0	0.0	109.222794	0.0	1.464279	1.464279	90.0	0.100014	-0.02086	0.102166	-11.781482	18921.098097
190000.0	1.0	0.0	0.0	0.0	-90.0	0.0	0.0	0.0	29.196011	0.0	1.457536	1.457536	90.0	0.099809	-0.021249	0.102046	-12.018506	18919.684101
195000.0	1.0	0.0	0.0	0.0	-90.0	0.0	0.0	0.0	93.656717	0.0	1.450923	1.450923	90.0	0.099601	-0.021634	0.101923	-12.254433	18918.218339
200000.0	1.0	0.0	0.0	0.0	-90.0	0.0	0.0	0.0	-11.875024	0.0	1.443765	1.443765	90.0	0.099382	-0.022019	0.101792	-12.49287	18916.792676
205000.0	1.0	0.0	0.0	0.0	-90.0	0.0	0.0	0.0	71.609486	0.0	1.436708	1.436708	90.0	0.099186	-0.022398	0.101683	-12.725106	18915.349319
210000.0	1.0	0.0	0.0	0.0	-90.0	0.0	0.0	0.0	-165.184175	0.0	1.428997	1.428997	90.0	0.09898	-0.022778	0.101567	-12.959623	18913.895117
215000.0	1.0	0.0	0.0	0.0	-90.0	0.0	0.0	0.0	-51.356886	0.0	1.421583	1.421583	90.0	0.098774	-0.023157	0.101452	-13.194646	18912.447524
220000.0	1.0	0.0	0.0	0.0	-90.0	0.0	0.0	0.0	161.680298	0.0	1.414024	1.414024	90.0	0.098567	-0.023535	0.101338	-13.429408	18911.013114
225000.0	1.0	0.0	0.0	0.0	-90.0	0.0	0.0	0.0	124.487797	0.0	1.406223	1.406223	90.0	0.098364	-0.023911	0.101228	-13.662955	18909.596519
230000.0	1.0	0.0	0.0	0.0	-90.0	0.0	0.0	0.0	-172.355071	0.0	1.397621	1.397621	90.0	0.098158	-0.024283	0.101117	-13.895276	18908.136074
235000.0	1.0	0.0	0.0	0.0	-90.0	0.0	0.0	0.0	-29.958077	0.0	1.389326	1.389326	90.0	0.097957	-0.024658	0.101013	-14.129068	18906.715003
240000.0	1.0	0.0	0.0	0.0	-90.0	0.0	0.0	0.0	-169.96448	0.0	1.380839	1.380839	90.0	0.097743	-0.025028	0.100896	-14.36276	18905.292857
245000.0	1.0	0.0	0.0	0.0	-90.0	0.0	0.0	0.0	-41.21208	0.0	1.372115	1.372115	90.0	0.09754	-0.025399	0.100793	-14.595504	18903.844405
250000.0	1.0	0.0	0.0	0.0	-90.0	0.0	0.0	0.0	-36.501147	0.0	1.363006	1.363006	90.0	0.097338	-0.025768	0.100691	-14.827397	18902.402571
255000.0	1.0	0.0	0.0	0.0	-90.0	0.0	0.0	0.0	-75.303662	0.0	1.354329	1.354329	90.0	0.097132	-0.026133	0.100586	-15.058724	18900.992047
260000.0	1.0	0.0	0.0	0.0	-90.0	0.0	0.0	0.0	-50.298272	0.0	1.344509	1.344509	90.0	0.096927	-0.0265	0.100485	-15.291054	18899.548729
265000.0	1.0	0.0	0.0	0.0	-90.0	0.0	0.0	0.0	-62.21269	0.0	1.33443	1.33443	90.0	0.096724	-0.026866	0.100386	-15.523033	18898.1138
270000.0	1.0	0.0	0.0	0.0	-90.0	0.0	0.0	0.0	-161.585208	0.0	1.324588	1.324588	90.0	0.096517	-0.027229	0.100285	-15.754526	18896.651567
275000.0	1.0	0.0	0.0	0.0	-90.0	0.0	0.0	0.0	-178.018871	0.0	1.314716	1.314716	90.0	0.096313	-0.027593	0.100188	-15.986655	18895.212167
280000.0	1.0	0.0	0.0	0.0	-90.0	0.0	0.0	0.0	-140.229223	0.0	1.304518	1.304518	90.0	0.096104	-0.027953	0.100087	-16.217817	18893.766277
285000.0	1.0	0.0	0.0	0.0	-90.0	0.0	0.0	0.0	175.294896	0.0	1.294318	1.294318	90.0	0.095898	-0.028314	0.099991	-16.449065	18892.361128
290000.0	1.0	0.0	0.0	0.0	-90.0	0.0	0.0	0.0	166.024765	0.0	1.284299	1.284299	90.0	0.095686	-0.028673	0.099889	-16.681105	18890.932556
295000.0	1.0	0.0	0.0	0.0	-90.0	0.0	0.0	0.0	152.271421	0.0	1.273634	1.273634	90.0	0.095475	-0.029033	0.099791	-16.913838	18889.508353
300000.0	1.0	0.0	0.0	0.0	-90.0	0.0	0.0	0.0	-140.956515	0.0	1.262448	1.262448	90.0	0.095261	-0.029387	0.099691	-17.144459	18888.081295
305000.0	1.0	0.0	0.0	0.0	-90.0	0.0	0.0	0.0	-82.757827	0.0	1.251341	1.251341	90.0	0.095052	-0.029742	0.099596	-17.37485	18886.638841
310000.0	1.0	0.0	0.0	0.0	-90.0	0.0	0.0	0.0	46.042004	0.0	1.240463	1.240463	90.0	0.094842	-0.030094	0.099502	-17.604455	18885.204394
315000.0	1.0	0.0	0.0	0.0	-90.0	0.0	0.0	0.0	47.33944	0.0	1.228838	1.228838	90.0	0.094635	-0.030446	0.099412	-17.834167	18883.719268
320000.0	1.0	0.0	0.0	0.0	-90.0	0.0	0.0	0.0	128.310155	0.0	1.218044	1.218044	90.0	0.094423	-0.030794	0.099318	-18.062793	18882.28434
325000.0	1.0	0.0	0.0	0.0	-90.0	0.0	0.0	0.0	95.377242	0.0	1.206725	1.206725	90.0	0.094213	-0.031145	0.099228	-18.292591	18880.860239
330000.0	1.0	0.0	0.0	0.0	-90.0	0.0	0.0	0.0	-50.164782	0.0	1.195382	1.195382	90.0	0.093998	-0.031493	0.099134	-18.523006	18879.369046
335000.0	1.0	0.0	0.0	0.0	-90.0	0.0	0.0	0.0	63.854897	0.0	1.184506	1.184506	90.0	0.093789	-0.03184	0.099046	-18.751663	18877.935171
340000.0	1.0	0.0	0.0	0.0	-90.0	0.0	0.0	0.0	173.826081	0.0	1.173289	1.173289	90.0	0.093581	-0.032187	0.098962	-18.980815	18876.49602
345000.0	1.0	0.0	0.0	0.0	-90.0	0.0	0.0	0.0	-120.557818	0.0	1.162621	1.162621	90.0	0.093357	-0.032532	0.098862	-19.211752	18875.061121
350000.0	1.0	0.0	0.0	0.0	-90.0	0.0	0.0	0.0	-119.645435	0.0	1.151571	1.151571	90.0	0.093143	-0.032876	0.098774	-19.441029	18873.622189
355000.0	1.0	0.0	0.0	0.0	-90.0	0.0	0.0	0.0	96.395343	0.0	1.140953	1.140953	90.0	0.092929	-0.033219	0.098688	-19.670383	18872.204388
360000.0	1.0	0.0	0.0	0.0	-90.0	0.0	0.0	0.0	131.514995	0.0	1.130204	1.130204	90.0	0.092707	-0.033557	0.098594	-19.898881	18870.792931
365000.0	1.0	0.0	0.0	0.0	-90.0	0.0	0.0	0.0	-169.632485	0.0	1.119907	1.119907	90.0	0.092493	-0.033897	0.098508	-20.126893	18869.330859
370000.0	1.0	0.0	0.0	0.0	-90.0	0.0	0.0	0.0	-102.671123	0.0	1.109207	1.109207	90.0	0.09228	-0.034234	0.098425	-20.353649	18867.813167
375000.0	1.0	0.0	0.0	0.0	-90.0	0.0	0.0	0.0	-162.585728	0.0	1.099345	1.099345	90.0	0.092053	-0.034568	0.09833	-20.582057	18866.409903
380000.0	1.0	0.0	0.0	0.0	-90.0	0.0	0.0	0.0	177.746937	0.0	1.089479	1.089479	90.0	0.091838	-0.034905	0.098248	-20.81012	18864.990237
385000.0	1.0	0.0	0.0	0.0	-90.0	0.0	0.0	0.0	-166.90327	0.0	1.080022	1.080022	90.0	0.091614	-0.035241	0.098158	-21.04029	18863.534228
390000.0	1.0	0.0	0.0	0.0	-90.0	0.0	0.0	0.0	-24.559545	0.0	1.070448	1.070448	90.0	0.09138	-0.035582	0.098064	-21.27522	18862.07042
395000.0	1.0	0.0	0.0	0.0	-90.0	0.0	0.0	0.0	104.290415	0.0	1.061544	1.061544	90.0	0.091163	-0.035912	0.097981	-21.501293	18860.623604
400000.0	1.0	0.0	0.0	0.0	-90.0	0.0	0.0	0.0	40.267984	0.0	1.052748	1.052748	90.0	0.090944	-0.036244	0.0979	-21.728995	18859.17718
405000.0	1.0	0.0	0.0	0.0	-90.0	0.0	0.0	0.0	-56.911995	0.0	1.043994	1.043994	90.0	0.090707	-0.036567	0.0978	-21.956342	18857.738581
410000.0	1.0	0.0	0.0	0.0	-90.0	0.0	0.0	0.0	-154.609816	0.0	1.035483	1.035483	90.0	0.090486	-0.036897	0.097719	-22.183863	18856.283059
415000.0	1.0	0.0	0.0	0.0	-90.0	0.0	0.0	0.0	130.125079	0.0	1.027762	1.027762	90.0	0.090259	-0.037223	0.097633	-22.411279	18854.870819
420000.0	1.0	0.0	0.0	0.0	-90.0	0.0	0.0	0.0	-77.120367	0.0	1.01985	1.01985	90.0	0.090037	-0.037549	0.097553	-22.638134	18853.454409
425000.0	1.0	0.0	0.0	0.0	-90.0	0.0	0.0	0.0	158.528809	0.0	1.012345	1.012345	90.0	0.089809	-0.037871	0.097468	-22.86412	18852.025519
430000.0	1.0	0.0	0.0	0.0	-90.0	0.0	0.0	0.0	93.898215	0.0	1.005189	1.005189	90.0	0.089582	-0.038196	0.097385	-23.092172	18850.59784
435000.0	1.0	0.0	0.0	0.0	-90.0	0.0	0.0	0.0	86.723798	0.0	0.998639	0.998639	90.0	0.08936	-0.038511	0.097306	-23.314384	18849.152179
440000.0	1.0	0.0	0.0	0.0	-90.0	0.0	0.0	0.0	141.488741	0.0	0.991864	0.991864	90.0	0.089131	-0.038831	0.097222	-23.540952	18847.722942
445000.0	1.0	0.0	0.0	0.0	-90.0	0.0	0.0	0.0	-35.014949	0.0	0.984839	0.984839	90.0	0.088892	-0.039155	0.097133	-23.772366	18846.287312
450000.0	1.0	0.0	0.0	0.0	-90.0	0.0	0.0	0.0	-62.800198	0.0	0.978481	0.978481	90.0	0.088678	-0.039463	0.097063	-23.990054	18844.864477
455000.0	1.0	0.0	0.0	0.0	-90.0	0.0	0.0	0.0	107.198782	0.0	0.971876	0.971876	90.0	0.088437	-0.039776	0.09697	-24.216715	18843.39428
460000.0	1.0	0.0	0.0	0.0	-90.0	0.0	0.0	0.0	-168.893076	0.0	0.965316	0.965316	90.0	0.088213	-0.04008	0.096892	-24.435014	18841.954451
465000.0	1.0	0.0	0.0	0.0	-90.0	0.0	0.0	0.0	-4.6078	0.0	0.959319	0.959319	90.0	0.087978	-0.040396	0.096809	-24.662606	18840.529018
470000.0	1.0	0.0	0.0	0.0	-90.0	0.0	0.0	0.0	27.468041	0.0	0.952865	0.952865	90.0	0.087743	-0.040704	0.096725	-24.886469	18839.073306
475000.0	1.0	0.0	0.0	0.0	-90.0	0.0	0.0	0.0	132.932534	0.0	0.946132	0.946132	90.0	0.087508	-0.041011	0.096641	-25.110427	18837.557909
480000.0	1.0	0.0	0.0	0.0	-90.0	0.0	0.0	0.0	163.637293	0.0	0.93971	0.93971	90.0	0.087261	-0.04133	0.096554	-25.344093	18836.148042
485000.0	1.0	0.0	0.0	0.0	-90.0	0.0	0.0	0.0	-94.817721	0.0	0.932361	0.932361	90.0	0.087018	-0.041647	0.09647	-25.575891	18834.710125
490000.0	1.0	0.0	0.0	0.0	-90.0	0.0	0.0	0.0	129.489716	0.0	0.92659	0.92659	90.0	0.086777	-0.041952	0.096386	-25.801075	18833.291183
495000.0	1.0	0.0	0.0	0.0	-90.0	0.0	0.0	0.0	173.624603	0.0	0.924398	0.924398	90.0	0.086546	-0.042243	0.096305	-26.016702	18831.862071
500000.0	1.0	0.0	0.0	0.0	-90.0	0.0	0.0	0.0	176.3475	0.0	0.913247	0.913247	90.0	0.08627	-0.04256	0.096197	-26.25904	18830.412204
