# Oscilator_frequency (Hz)	DemodAll_A (-)	Demod_1_X_A (A)	Demod_1_Y_A (A)	Demod_1__R_A (A)	Demod_1__Theta_A (deg)	Demod_2_X_A (A)	Demod_2_Y_A (A)	Demod_2__R_A (A)	Demod_2__Theta_A (deg)	Demod_3_X_A (V)	Demod_3_Y_A (V)	Demod_3__R_A (V)	Demod_3__Theta_A (deg)	Demod_4_X_A (V)	Demod_4_Y_A (V)	Demod_4__R_A (V)	Demod_4__Theta_A (deg)	Timer_GET (s)	
500000.000000	 1.000000	 0.000000	 -0.000000	 0.000000	 -90.000000	 -0.000000	 0.000000	 0.000000	 90.762301	 0.000000	 2.069394	 2.069394	 90.000000	 0.050831	 -0.023288	 0.055911	 -24.614471	 1231692.785708	
495000.000000	 1.000000	 0.000000	 -0.000000	 0.000000	 -90.000000	 0.000000	 -0.000000	 0.000000	 -11.133437	 0.000000	 2.069903	 2.069903	 90.000000	 0.050961	 -0.023107	 0.055955	 -24.391058	 1231694.246730	
490000.000000	 1.000000	 0.000000	 -0.000000	 0.000000	 -90.000000	 0.000000	 0.000000	 0.000000	 54.145048	 0.000000	 2.070934	 2.070934	 90.000000	 0.051087	 -0.022927	 0.055995	 -24.169773	 1231695.732964	
485000.000000	 1.000000	 0.000000	 -0.000000	 0.000000	 -90.000000	 0.000000	 -0.000000	 0.000000	 -26.158865	 0.000000	 2.067781	 2.067781	 90.000000	 0.051211	 -0.022745	 0.056035	 -23.947978	 1231697.193971	
480000.000000	 1.000000	 0.000000	 -0.000000	 0.000000	 -90.000000	 0.000000	 0.000000	 0.000000	 18.987994	 0.000000	 2.066731	 2.066731	 90.000000	 0.051339	 -0.022563	 0.056078	 -23.725232	 1231698.645786	
475000.000000	 1.000000	 0.000000	 -0.000000	 0.000000	 -90.000000	 0.000000	 -0.000000	 0.000000	 -66.662192	 0.000000	 2.068114	 2.068114	 90.000000	 0.051451	 -0.022379	 0.056107	 -23.506896	 1231700.092126	
470000.000000	 1.000000	 0.000000	 -0.000000	 0.000000	 -90.000000	 -0.000000	 0.000000	 0.000000	 104.007141	 0.000000	 2.066427	 2.066427	 90.000000	 0.051570	 -0.022196	 0.056144	 -23.286756	 1231701.549922	
465000.000000	 1.000000	 0.000000	 -0.000000	 0.000000	 -90.000000	 -0.000000	 -0.000000	 0.000000	 -171.832034	 0.000000	 2.068150	 2.068150	 90.000000	 0.051688	 -0.022012	 0.056180	 -23.067603	 1231703.003298	
460000.000000	 1.000000	 0.000000	 -0.000000	 0.000000	 -90.000000	 0.000000	 0.000000	 0.000000	 6.367818	 0.000000	 2.070598	 2.070598	 90.000000	 0.051808	 -0.021828	 0.056219	 -22.847069	 1231704.430811	
455000.000000	 1.000000	 0.000000	 -0.000000	 0.000000	 -90.000000	 -0.000000	 -0.000000	 0.000000	 -134.264494	 0.000000	 2.069868	 2.069868	 90.000000	 0.051928	 -0.021643	 0.056257	 -22.625952	 1231705.864740	
450000.000000	 1.000000	 0.000000	 -0.000000	 0.000000	 -90.000000	 -0.000000	 0.000000	 0.000000	 170.979580	 0.000000	 2.070134	 2.070134	 90.000000	 0.052039	 -0.021458	 0.056290	 -22.408415	 1231707.302688	
445000.000000	 1.000000	 0.000000	 -0.000000	 0.000000	 -90.000000	 -0.000000	 0.000000	 0.000000	 166.367613	 0.000000	 2.068792	 2.068792	 90.000000	 0.052162	 -0.021270	 0.056332	 -22.184398	 1231708.720390	
440000.000000	 1.000000	 0.000000	 -0.000000	 0.000000	 -90.000000	 -0.000000	 0.000000	 0.000000	 90.416520	 0.000000	 2.072177	 2.072177	 90.000000	 0.052276	 -0.021085	 0.056368	 -21.966331	 1231710.167399	
435000.000000	 1.000000	 0.000000	 -0.000000	 0.000000	 -90.000000	 -0.000000	 0.000000	 0.000000	 162.055509	 0.000000	 2.070274	 2.070274	 90.000000	 0.052394	 -0.020895	 0.056407	 -21.742663	 1231711.668416	
430000.000000	 1.000000	 0.000000	 -0.000000	 0.000000	 -90.000000	 -0.000000	 0.000000	 0.000000	 150.521757	 0.000000	 2.069129	 2.069129	 90.000000	 0.052512	 -0.020708	 0.056448	 -21.521893	 1231713.074917	
425000.000000	 1.000000	 0.000000	 -0.000000	 0.000000	 -90.000000	 0.000000	 0.000000	 0.000000	 61.319169	 0.000000	 2.069807	 2.069807	 90.000000	 0.052629	 -0.020523	 0.056489	 -21.303258	 1231714.546801	
420000.000000	 1.000000	 0.000000	 -0.000000	 0.000000	 -90.000000	 -0.000000	 -0.000000	 0.000000	 -91.363169	 0.000000	 2.070441	 2.070441	 90.000000	 0.052743	 -0.020329	 0.056525	 -21.077925	 1231715.994810	
415000.000000	 1.000000	 0.000000	 -0.000000	 0.000000	 -90.000000	 0.000000	 -0.000000	 0.000000	 -82.300141	 0.000000	 2.071150	 2.071150	 90.000000	 0.052854	 -0.020141	 0.056561	 -20.860337	 1231717.444532	
410000.000000	 1.000000	 0.000000	 -0.000000	 0.000000	 -90.000000	 -0.000000	 -0.000000	 0.000000	 -165.644521	 0.000000	 2.071564	 2.071564	 90.000000	 0.052968	 -0.019951	 0.056601	 -20.639649	 1231718.910555	
405000.000000	 1.000000	 0.000000	 -0.000000	 0.000000	 -90.000000	 0.000000	 -0.000000	 0.000000	 -62.292951	 0.000000	 2.066034	 2.066034	 90.000000	 0.053083	 -0.019758	 0.056641	 -20.415492	 1231720.336707	
400000.000000	 1.000000	 0.000000	 -0.000000	 0.000000	 -90.000000	 -0.000000	 0.000000	 0.000000	 133.023670	 0.000000	 2.067697	 2.067697	 90.000000	 0.053191	 -0.019567	 0.056676	 -20.196918	 1231721.776283	
395000.000000	 1.000000	 0.000000	 -0.000000	 0.000000	 -90.000000	 -0.000000	 -0.000000	 0.000000	 -145.458492	 0.000000	 2.067445	 2.067445	 90.000000	 0.053303	 -0.019375	 0.056715	 -19.975499	 1231723.229204	
390000.000000	 1.000000	 0.000000	 -0.000000	 0.000000	 -90.000000	 -0.000000	 0.000000	 0.000000	 95.976494	 0.000000	 2.064372	 2.064372	 90.000000	 0.053414	 -0.019182	 0.056754	 -19.753957	 1231724.677874	
385000.000000	 1.000000	 0.000000	 -0.000000	 0.000000	 -90.000000	 -0.000000	 0.000000	 0.000000	 168.393987	 0.000000	 2.068190	 2.068190	 90.000000	 0.053525	 -0.018990	 0.056794	 -19.533858	 1231726.107439	
380000.000000	 1.000000	 0.000000	 -0.000000	 0.000000	 -90.000000	 -0.000000	 -0.000000	 0.000000	 -176.231734	 0.000000	 2.068854	 2.068854	 90.000000	 0.053634	 -0.018796	 0.056832	 -19.313540	 1231727.536507	
375000.000000	 1.000000	 0.000000	 -0.000000	 0.000000	 -90.000000	 -0.000000	 -0.000000	 0.000000	 -128.772647	 0.000000	 2.067203	 2.067203	 90.000000	 0.053743	 -0.018603	 0.056872	 -19.093506	 1231728.976685	
370000.000000	 1.000000	 0.000000	 -0.000000	 0.000000	 -90.000000	 -0.000000	 0.000000	 0.000000	 144.583553	 0.000000	 2.067742	 2.067742	 90.000000	 0.053852	 -0.018407	 0.056910	 -18.870657	 1231730.418636	
365000.000000	 1.000000	 0.000000	 -0.000000	 0.000000	 -90.000000	 -0.000000	 -0.000000	 0.000000	 -91.964319	 0.000000	 2.067424	 2.067424	 90.000000	 0.053957	 -0.018210	 0.056947	 -18.649182	 1231731.856749	
360000.000000	 1.000000	 0.000000	 -0.000000	 0.000000	 -90.000000	 0.000000	 -0.000000	 0.000000	 -50.243786	 0.000000	 2.067085	 2.067085	 90.000000	 0.054068	 -0.018016	 0.056990	 -18.428939	 1231733.310313	
355000.000000	 1.000000	 0.000000	 -0.000000	 0.000000	 -90.000000	 -0.000000	 -0.000000	 0.000000	 -129.383222	 0.000000	 2.065491	 2.065491	 90.000000	 0.054173	 -0.017818	 0.057028	 -18.206469	 1231734.760982	
350000.000000	 1.000000	 0.000000	 -0.000000	 0.000000	 -90.000000	 0.000000	 0.000000	 0.000000	 34.521771	 0.000000	 2.066430	 2.066430	 90.000000	 0.054278	 -0.017621	 0.057066	 -17.985893	 1231736.207680	
345000.000000	 1.000000	 0.000000	 -0.000000	 0.000000	 -90.000000	 -0.000000	 -0.000000	 0.000000	 -175.713060	 0.000000	 2.065616	 2.065616	 90.000000	 0.054380	 -0.017422	 0.057103	 -17.763676	 1231737.669775	
340000.000000	 1.000000	 0.000000	 -0.000000	 0.000000	 -90.000000	 -0.000000	 -0.000000	 0.000000	 -90.096384	 0.000000	 2.067459	 2.067459	 90.000000	 0.054486	 -0.017225	 0.057144	 -17.543855	 1231739.115567	
335000.000000	 1.000000	 0.000000	 -0.000000	 0.000000	 -90.000000	 -0.000000	 -0.000000	 0.000000	 -140.209930	 0.000000	 2.066293	 2.066293	 90.000000	 0.054590	 -0.017026	 0.057183	 -17.321765	 1231740.551884	
330000.000000	 1.000000	 0.000000	 -0.000000	 0.000000	 -90.000000	 -0.000000	 -0.000000	 0.000000	 -148.579850	 0.000000	 2.067241	 2.067241	 90.000000	 0.054694	 -0.016826	 0.057224	 -17.100289	 1231741.983287	
325000.000000	 1.000000	 0.000000	 -0.000000	 0.000000	 -90.000000	 0.000000	 -0.000000	 0.000000	 -44.691085	 0.000000	 2.071446	 2.071446	 90.000000	 0.054793	 -0.016625	 0.057260	 -16.878333	 1231743.416519	
320000.000000	 1.000000	 0.000000	 -0.000000	 0.000000	 -90.000000	 -0.000000	 0.000000	 0.000000	 132.780763	 0.000000	 2.070831	 2.070831	 90.000000	 0.054897	 -0.016430	 0.057303	 -16.661456	 1231744.844917	
315000.000000	 1.000000	 0.000000	 -0.000000	 0.000000	 -90.000000	 -0.000000	 -0.000000	 0.000000	 -163.604882	 0.000000	 2.069818	 2.069818	 90.000000	 0.055000	 -0.016226	 0.057343	 -16.437540	 1231746.279319	
310000.000000	 1.000000	 0.000000	 -0.000000	 0.000000	 -90.000000	 -0.000000	 -0.000000	 0.000000	 -96.210342	 0.000000	 2.069037	 2.069037	 90.000000	 0.055102	 -0.016024	 0.057385	 -16.215133	 1231747.721597	
305000.000000	 1.000000	 0.000000	 -0.000000	 0.000000	 -90.000000	 -0.000000	 0.000000	 0.000000	 141.252747	 0.000000	 2.069887	 2.069887	 90.000000	 0.055202	 -0.015822	 0.057424	 -15.993614	 1231749.190176	
300000.000000	 1.000000	 0.000000	 -0.000000	 0.000000	 -90.000000	 -0.000000	 0.000000	 0.000000	 156.099623	 0.000000	 2.068623	 2.068623	 90.000000	 0.055303	 -0.015619	 0.057466	 -15.771375	 1231750.632534	
295000.000000	 1.000000	 0.000000	 -0.000000	 0.000000	 -90.000000	 -0.000000	 0.000000	 0.000000	 138.815451	 0.000000	 2.067303	 2.067303	 90.000000	 0.055401	 -0.015415	 0.057506	 -15.549214	 1231752.074912	
290000.000000	 1.000000	 0.000000	 -0.000000	 0.000000	 -90.000000	 0.000000	 -0.000000	 0.000000	 -81.676740	 0.000000	 2.068357	 2.068357	 90.000000	 0.055503	 -0.015213	 0.057550	 -15.327712	 1231753.510521	
285000.000000	 1.000000	 0.000000	 -0.000000	 0.000000	 -90.000000	 -0.000000	 -0.000000	 0.000000	 -105.585699	 0.000000	 2.067053	 2.067053	 90.000000	 0.055604	 -0.015007	 0.057594	 -15.104045	 1231754.924762	
280000.000000	 1.000000	 0.000000	 -0.000000	 0.000000	 -90.000000	 0.000000	 0.000000	 0.000000	 72.310843	 0.000000	 2.066910	 2.066910	 90.000000	 0.055702	 -0.014803	 0.057635	 -14.882359	 1231756.395365	
275000.000000	 1.000000	 0.000000	 -0.000000	 0.000000	 -90.000000	 -0.000000	 -0.000000	 0.000000	 -130.391323	 0.000000	 2.069772	 2.069772	 90.000000	 0.055803	 -0.014598	 0.057680	 -14.660349	 1231757.814986	
270000.000000	 1.000000	 0.000000	 -0.000000	 0.000000	 -90.000000	 -0.000000	 -0.000000	 0.000000	 -146.044854	 0.000000	 2.068073	 2.068073	 90.000000	 0.055898	 -0.014391	 0.057720	 -14.436961	 1231759.244320	
265000.000000	 1.000000	 0.000000	 -0.000000	 0.000000	 -90.000000	 -0.000000	 -0.000000	 0.000000	 -136.722097	 0.000000	 2.067699	 2.067699	 90.000000	 0.055998	 -0.014185	 0.057767	 -14.215114	 1231760.716205	
260000.000000	 1.000000	 0.000000	 -0.000000	 0.000000	 -90.000000	 -0.000000	 -0.000000	 0.000000	 -140.078797	 0.000000	 2.068935	 2.068935	 90.000000	 0.056092	 -0.013979	 0.057808	 -13.994042	 1231762.187491	
255000.000000	 1.000000	 0.000000	 -0.000000	 0.000000	 -90.000000	 -0.000000	 0.000000	 0.000000	 132.022849	 0.000000	 2.068516	 2.068516	 90.000000	 0.056187	 -0.013771	 0.057849	 -13.771001	 1231763.638133	
250000.000000	 1.000000	 0.000000	 -0.000000	 0.000000	 -90.000000	 -0.000000	 -0.000000	 0.000000	 -118.011944	 0.000000	 2.067270	 2.067270	 90.000000	 0.056289	 -0.013564	 0.057901	 -13.548579	 1231765.083370	
245000.000000	 1.000000	 0.000000	 -0.000000	 0.000000	 -90.000000	 0.000000	 0.000000	 0.000000	 29.830273	 0.000000	 2.068935	 2.068935	 90.000000	 0.056378	 -0.013354	 0.057938	 -13.325295	 1231766.537885	
240000.000000	 1.000000	 0.000000	 -0.000000	 0.000000	 -90.000000	 0.000000	 -0.000000	 0.000000	 -27.054634	 0.000000	 2.066024	 2.066024	 90.000000	 0.056473	 -0.013143	 0.057982	 -13.100980	 1231767.997693	
235000.000000	 1.000000	 0.000000	 -0.000000	 0.000000	 -90.000000	 -0.000000	 -0.000000	 0.000000	 -114.969258	 0.000000	 2.067433	 2.067433	 90.000000	 0.056567	 -0.012933	 0.058027	 -12.877886	 1231769.446466	
230000.000000	 1.000000	 0.000000	 -0.000000	 0.000000	 -90.000000	 0.000000	 0.000000	 0.000000	 24.489778	 0.000000	 2.067045	 2.067045	 90.000000	 0.056659	 -0.012721	 0.058069	 -12.654409	 1231770.894454	
225000.000000	 1.000000	 0.000000	 -0.000000	 0.000000	 -90.000000	 -0.000000	 0.000000	 0.000000	 179.986846	 0.000000	 2.068167	 2.068167	 90.000000	 0.056750	 -0.012510	 0.058112	 -12.431582	 1231772.325726	
220000.000000	 1.000000	 0.000000	 -0.000000	 0.000000	 -90.000000	 -0.000000	 -0.000000	 0.000000	 -110.614677	 0.000000	 2.067148	 2.067148	 90.000000	 0.056832	 -0.012297	 0.058147	 -12.208816	 1231773.789169	
215000.000000	 1.000000	 0.000000	 -0.000000	 0.000000	 -90.000000	 -0.000000	 0.000000	 0.000000	 124.658975	 0.000000	 2.067358	 2.067358	 90.000000	 0.056928	 -0.012084	 0.058196	 -11.984048	 1231775.228193	
210000.000000	 1.000000	 0.000000	 -0.000000	 0.000000	 -90.000000	 -0.000000	 -0.000000	 0.000000	 -174.936818	 0.000000	 2.065804	 2.065804	 90.000000	 0.057027	 -0.011872	 0.058249	 -11.760168	 1231776.672383	
205000.000000	 1.000000	 0.000000	 -0.000000	 0.000000	 -90.000000	 -0.000000	 0.000000	 0.000000	 91.755971	 0.000000	 2.067418	 2.067418	 90.000000	 0.057124	 -0.011660	 0.058302	 -11.536839	 1231778.116908	
200000.000000	 1.000000	 0.000000	 -0.000000	 0.000000	 -90.000000	 0.000000	 0.000000	 0.000000	 65.494861	 0.000000	 2.068978	 2.068978	 90.000000	 0.057224	 -0.011444	 0.058357	 -11.309362	 1231779.557688	
195000.000000	 1.000000	 0.000000	 -0.000000	 0.000000	 -90.000000	 0.000000	 -0.000000	 0.000000	 -80.764971	 0.000000	 2.068677	 2.068677	 90.000000	 0.057315	 -0.011234	 0.058406	 -11.089640	 1231781.047475	
190000.000000	 1.000000	 0.000000	 -0.000000	 0.000000	 -90.000000	 0.000000	 -0.000000	 0.000000	 -15.307095	 0.000000	 2.069416	 2.069416	 90.000000	 0.057411	 -0.011019	 0.058459	 -10.864782	 1231782.493775	
185000.000000	 1.000000	 0.000000	 -0.000000	 0.000000	 -90.000000	 0.000000	 -0.000000	 0.000000	 -45.425047	 0.000000	 2.069179	 2.069179	 90.000000	 0.057504	 -0.010804	 0.058510	 -10.640328	 1231783.953618	
180000.000000	 1.000000	 0.000000	 -0.000000	 0.000000	 -90.000000	 0.000000	 0.000000	 0.000000	 41.364755	 0.000000	 2.068738	 2.068738	 90.000000	 0.057601	 -0.010590	 0.058567	 -10.417167	 1231785.404558	
175000.000000	 1.000000	 0.000000	 -0.000000	 0.000000	 -90.000000	 0.000000	 0.000000	 0.000000	 55.242702	 0.000000	 2.068410	 2.068410	 90.000000	 0.057698	 -0.010372	 0.058623	 -10.191047	 1231786.840191	
170000.000000	 1.000000	 0.000000	 -0.000000	 0.000000	 -90.000000	 0.000000	 -0.000000	 0.000000	 -85.011557	 0.000000	 2.071129	 2.071129	 90.000000	 0.057793	 -0.010157	 0.058679	 -9.967852	 1231788.248281	
165000.000000	 1.000000	 0.000000	 -0.000000	 0.000000	 -90.000000	 -0.000000	 -0.000000	 0.000000	 -143.536483	 0.000000	 2.069850	 2.069850	 90.000000	 0.057889	 -0.009939	 0.058736	 -9.741761	 1231789.689109	
160000.000000	 1.000000	 0.000000	 -0.000000	 0.000000	 -90.000000	 -0.000000	 -0.000000	 0.000000	 -91.120728	 0.000000	 2.065208	 2.065208	 90.000000	 0.057987	 -0.009714	 0.058795	 -9.510187	 1231791.141068	
155000.000000	 1.000000	 0.000000	 -0.000000	 0.000000	 -90.000000	 0.000000	 0.000000	 0.000000	 52.978286	 0.000000	 2.069241	 2.069241	 90.000000	 0.058079	 -0.009501	 0.058851	 -9.290099	 1231792.581738	
150000.000000	 1.000000	 0.000000	 -0.000000	 0.000000	 -90.000000	 0.000000	 -0.000000	 0.000000	 -56.576200	 0.000000	 2.068505	 2.068505	 90.000000	 0.058177	 -0.009281	 0.058912	 -9.063979	 1231794.005443	
145000.000000	 1.000000	 0.000000	 -0.000000	 0.000000	 -90.000000	 -0.000000	 0.000000	 0.000000	 150.850564	 0.000000	 2.069995	 2.069995	 90.000000	 0.058267	 -0.009061	 0.058967	 -8.839393	 1231795.451841	
140000.000000	 1.000000	 0.000000	 -0.000000	 0.000000	 -90.000000	 -0.000000	 -0.000000	 0.000000	 -146.075586	 0.000000	 2.065656	 2.065656	 90.000000	 0.058366	 -0.008837	 0.059031	 -8.609492	 1231796.904864	
135000.000000	 1.000000	 0.000000	 -0.000000	 0.000000	 -90.000000	 -0.000000	 -0.000000	 0.000000	 -133.378916	 0.000000	 2.065647	 2.065647	 90.000000	 0.058465	 -0.008615	 0.059096	 -8.382579	 1231798.358702	
130000.000000	 1.000000	 0.000000	 -0.000000	 0.000000	 -90.000000	 -0.000000	 -0.000000	 0.000000	 -168.750723	 0.000000	 2.069005	 2.069005	 90.000000	 0.058565	 -0.008398	 0.059165	 -8.160365	 1231799.783182	
125000.000000	 1.000000	 0.000000	 -0.000000	 0.000000	 -90.000000	 -0.000000	 0.000000	 0.000000	 110.646462	 0.000000	 2.065638	 2.065638	 90.000000	 0.058666	 -0.008172	 0.059233	 -7.930198	 1231801.230180	
120000.000000	 1.000000	 0.000000	 -0.000000	 0.000000	 -90.000000	 -0.000000	 -0.000000	 0.000000	 -161.885238	 0.000000	 2.069180	 2.069180	 90.000000	 0.058762	 -0.007954	 0.059298	 -7.709064	 1231802.674183	
115000.000000	 1.000000	 0.000000	 -0.000000	 0.000000	 -90.000000	 -0.000000	 -0.000000	 0.000000	 -179.723191	 0.000000	 2.068975	 2.068975	 90.000000	 0.058859	 -0.007729	 0.059365	 -7.481164	 1231804.115424	
110000.000000	 1.000000	 0.000000	 -0.000000	 0.000000	 -90.000000	 -0.000000	 0.000000	 0.000000	 145.166148	 0.000000	 2.070303	 2.070303	 90.000000	 0.058963	 -0.007507	 0.059439	 -7.256147	 1231805.558482	
105000.000000	 1.000000	 0.000000	 -0.000000	 0.000000	 -90.000000	 -0.000000	 -0.000000	 0.000000	 -102.223236	 0.000000	 2.069180	 2.069180	 90.000000	 0.059068	 -0.007281	 0.059515	 -7.027391	 1231807.002190	
100000.000000	 1.000000	 0.000000	 -0.000000	 0.000000	 -90.000000	 -0.000000	 0.000000	 0.000000	 163.731328	 0.000000	 2.069436	 2.069436	 90.000000	 0.059180	 -0.007054	 0.059599	 -6.797692	 1231808.451028	
95000.000000	 1.000000	 0.000000	 -0.000000	 0.000000	 -90.000000	 0.000000	 0.000000	 0.000000	 10.625318	 0.000000	 2.068644	 2.068644	 90.000000	 0.059288	 -0.006830	 0.059680	 -6.571301	 1231809.876043	
90000.000000	 1.000000	 0.000000	 -0.000000	 0.000000	 -90.000000	 -0.000000	 0.000000	 0.000000	 112.808914	 0.000000	 2.069781	 2.069781	 90.000000	 0.059397	 -0.006606	 0.059763	 -6.346312	 1231811.309493	
85000.000000	 1.000000	 0.000000	 -0.000000	 0.000000	 -90.000000	 -0.000000	 0.000000	 0.000000	 92.466314	 0.000000	 2.071241	 2.071241	 90.000000	 0.059511	 -0.006383	 0.059852	 -6.121735	 1231812.757383	
80000.000000	 1.000000	 0.000000	 -0.000000	 0.000000	 -90.000000	 -0.000000	 -0.000000	 0.000000	 -147.246058	 0.000000	 2.070504	 2.070504	 90.000000	 0.059626	 -0.006156	 0.059943	 -5.894949	 1231814.211567	
75000.000000	 1.000000	 0.000000	 -0.000000	 0.000000	 -90.000000	 0.000000	 -0.000000	 0.000000	 -61.498420	 0.000000	 2.072985	 2.072985	 90.000000	 0.059748	 -0.005935	 0.060042	 -5.673179	 1231815.629277	
70000.000000	 1.000000	 0.000000	 -0.000000	 0.000000	 -90.000000	 -0.000000	 0.000000	 0.000000	 107.186329	 0.000000	 2.069839	 2.069839	 90.000000	 0.059873	 -0.005705	 0.060144	 -5.442550	 1231817.084353	
65000.000000	 1.000000	 0.000000	 -0.000000	 0.000000	 -90.000000	 -0.000000	 -0.000000	 0.000000	 -161.993655	 0.000000	 2.068753	 2.068753	 90.000000	 0.060008	 -0.005478	 0.060257	 -5.216193	 1231818.518063	
60000.000000	 1.000000	 0.000000	 -0.000000	 0.000000	 -90.000000	 -0.000000	 -0.000000	 0.000000	 -137.352206	 0.000000	 2.068993	 2.068993	 90.000000	 0.060143	 -0.005257	 0.060373	 -4.995646	 1231819.953160	
55000.000000	 1.000000	 0.000000	 -0.000000	 0.000000	 -90.000000	 -0.000000	 -0.000000	 0.000000	 -146.100011	 0.000000	 2.068117	 2.068117	 90.000000	 0.060290	 -0.005032	 0.060499	 -4.770594	 1231821.391935	
50000.000000	 1.000000	 0.000000	 -0.000000	 0.000000	 -90.000000	 0.000000	 -0.000000	 0.000000	 -58.714573	 0.000000	 2.068587	 2.068587	 90.000000	 0.060443	 -0.004809	 0.060634	 -4.548584	 1231822.836609	
45000.000000	 1.000000	 0.000000	 -0.000000	 0.000000	 -90.000000	 -0.000000	 -0.000000	 0.000000	 -120.208280	 0.000000	 2.067400	 2.067400	 90.000000	 0.060611	 -0.004590	 0.060784	 -4.331070	 1231824.287799	
40000.000000	 1.000000	 0.000000	 -0.000000	 0.000000	 -90.000000	 0.000000	 -0.000000	 0.000000	 -74.998690	 0.000000	 2.069910	 2.069910	 90.000000	 0.060796	 -0.004382	 0.060954	 -4.122795	 1231825.731241	
35000.000000	 1.000000	 0.000000	 -0.000000	 0.000000	 -90.000000	 0.000000	 0.000000	 0.000000	 68.139911	 0.000000	 2.067091	 2.067091	 90.000000	 0.061000	 -0.004163	 0.061142	 -3.904224	 1231827.160497	
30000.000000	 1.000000	 0.000000	 -0.000000	 0.000000	 -90.000000	 -0.000000	 0.000000	 0.000000	 156.396742	 0.000000	 2.064981	 2.064981	 90.000000	 0.061227	 -0.003954	 0.061354	 -3.695287	 1231828.630621	
25000.000000	 1.000000	 0.000000	 -0.000000	 0.000000	 -90.000000	 0.000000	 -0.000000	 0.000000	 -82.942254	 0.000000	 2.067893	 2.067893	 90.000000	 0.061488	 -0.003791	 0.061604	 -3.527966	 1231830.100037	
20000.000000	 1.000000	 0.000000	 -0.000000	 0.000000	 -90.000000	 -0.000000	 -0.000000	 0.000000	 -170.134969	 0.000000	 2.065688	 2.065688	 90.000000	 0.061808	 -0.003624	 0.061914	 -3.355791	 1231831.550556	
15000.000000	 1.000000	 0.000000	 -0.000000	 0.000000	 -90.000000	 -0.000000	 -0.000000	 0.000000	 -164.836618	 0.000000	 2.067595	 2.067595	 90.000000	 0.062190	 -0.003580	 0.062293	 -3.294515	 1231832.983107	
10000.000000	 1.000000	 0.000000	 -0.000000	 0.000000	 -90.000000	 0.000000	 0.000000	 0.000000	 29.904465	 0.000000	 2.066028	 2.066028	 90.000000	 0.062735	 -0.003672	 0.062842	 -3.349593	 1231834.418781	
5000.000000	 1.000000	 0.000000	 -0.000000	 0.000000	 -90.000000	 -0.000000	 0.000000	 0.000000	 131.317820	 0.000000	 2.064200	 2.064200	 90.000000	 0.063683	 -0.004502	 0.063841	 -4.044170	 1231835.861489	
