# Oscilator_frequency (Hz)	DemodAll_A (-)	Demod_1_X_A (A)	Demod_1_Y_A (A)	Demod_1__R_A (A)	Demod_1__Theta_A (deg)	Demod_2_X_A (A)	Demod_2_Y_A (A)	Demod_2__R_A (A)	Demod_2__Theta_A (deg)	Demod_3_X_A (V)	Demod_3_Y_A (V)	Demod_3__R_A (V)	Demod_3__Theta_A (deg)	Demod_4_X_A (V)	Demod_4_Y_A (V)	Demod_4__R_A (V)	Demod_4__Theta_A (deg)	Timer_GET (s)	
500.000000	 1.000000	 0.000000	 -0.000000	 0.000000	 -90.000000	 1.298686	 -0.001621	 1.298687	 -0.071522	 0.000000	 0.004473	 0.004473	 90.000000	 1.298687	 -0.001621	 1.298688	 -0.071525	 155085.099131	
497.995984	 1.000000	 0.000000	 -0.000000	 0.000000	 -90.000000	 1.298668	 -0.001735	 1.298669	 -0.076529	 0.000000	 0.004566	 0.004566	 90.000000	 1.298668	 -0.001735	 1.298669	 -0.076529	 155086.506109	
495.991968	 1.000000	 0.000000	 -0.000000	 0.000000	 -90.000000	 1.298871	 -0.001700	 1.298872	 -0.075005	 0.000000	 0.004344	 0.004344	 90.000000	 1.298871	 -0.001700	 1.298872	 -0.075005	 155087.962817	
493.987952	 1.000000	 0.000000	 -0.000000	 0.000000	 -90.000000	 1.298843	 -0.001607	 1.298844	 -0.070908	 0.000000	 0.004301	 0.004301	 90.000000	 1.298843	 -0.001607	 1.298844	 -0.070908	 155089.420570	
491.983936	 1.000000	 0.000000	 -0.000000	 0.000000	 -90.000000	 1.298965	 -0.001570	 1.298966	 -0.069260	 0.000000	 0.004146	 0.004146	 90.000000	 1.298965	 -0.001570	 1.298966	 -0.069260	 155090.936707	
489.979920	 1.000000	 0.000000	 -0.000000	 0.000000	 -90.000000	 1.299020	 -0.001515	 1.299020	 -0.066812	 0.000000	 0.004009	 0.004009	 90.000000	 1.299020	 -0.001515	 1.299020	 -0.066812	 155092.378741	
487.975904	 1.000000	 0.000000	 -0.000000	 0.000000	 -90.000000	 1.299055	 -0.001464	 1.299056	 -0.064574	 0.000000	 0.003918	 0.003918	 90.000000	 1.299055	 -0.001464	 1.299056	 -0.064574	 155093.809882	
485.971888	 1.000000	 0.000000	 -0.000000	 0.000000	 -90.000000	 1.299063	 -0.001401	 1.299064	 -0.061806	 0.000000	 0.003916	 0.003916	 90.000000	 1.299063	 -0.001401	 1.299064	 -0.061806	 155095.254880	
483.967871	 1.000000	 0.000000	 -0.000000	 0.000000	 -90.000000	 1.299120	 -0.001336	 1.299121	 -0.058900	 0.000000	 0.003985	 0.003985	 90.000000	 1.299120	 -0.001336	 1.299121	 -0.058900	 155096.687708	
481.963855	 1.000000	 0.000000	 -0.000000	 0.000000	 -90.000000	 1.299160	 -0.001270	 1.299161	 -0.056026	 0.000000	 0.003734	 0.003734	 90.000000	 1.299160	 -0.001270	 1.299161	 -0.056026	 155098.112171	
479.959839	 1.000000	 0.000000	 -0.000000	 0.000000	 -90.000000	 1.299233	 -0.001215	 1.299233	 -0.053600	 0.000000	 0.003653	 0.003653	 90.000000	 1.299233	 -0.001215	 1.299233	 -0.053600	 155099.546586	
477.955823	 1.000000	 0.000000	 -0.000000	 0.000000	 -90.000000	 1.299257	 -0.001169	 1.299258	 -0.051563	 0.000000	 0.003605	 0.003605	 90.000000	 1.299257	 -0.001169	 1.299258	 -0.051563	 155100.964857	
475.951807	 1.000000	 0.000000	 -0.000000	 0.000000	 -90.000000	 1.299284	 -0.001101	 1.299285	 -0.048564	 0.000000	 0.003547	 0.003547	 90.000000	 1.299284	 -0.001101	 1.299285	 -0.048564	 155102.394495	
473.947791	 1.000000	 0.000000	 -0.000000	 0.000000	 -90.000000	 1.299307	 -0.001052	 1.299308	 -0.046397	 0.000000	 0.003535	 0.003535	 90.000000	 1.299308	 -0.001052	 1.299308	 -0.046407	 155103.817680	
471.943775	 1.000000	 0.000000	 -0.000000	 0.000000	 -90.000000	 1.299345	 -0.000992	 1.299346	 -0.043729	 0.000000	 0.003469	 0.003469	 90.000000	 1.299345	 -0.000992	 1.299346	 -0.043729	 155105.253697	
469.939759	 1.000000	 0.000000	 -0.000000	 0.000000	 -90.000000	 1.299408	 -0.000936	 1.299408	 -0.041267	 0.000000	 0.003437	 0.003437	 90.000000	 1.299408	 -0.000936	 1.299408	 -0.041267	 155106.716302	
467.935743	 1.000000	 0.000000	 -0.000000	 0.000000	 -90.000000	 1.299457	 -0.000888	 1.299457	 -0.039139	 0.000000	 0.003382	 0.003382	 90.000000	 1.299457	 -0.000888	 1.299457	 -0.039139	 155108.156927	
465.931727	 1.000000	 0.000000	 -0.000000	 0.000000	 -90.000000	 1.299501	 -0.000840	 1.299501	 -0.037041	 0.000000	 0.003327	 0.003327	 90.000000	 1.299501	 -0.000840	 1.299501	 -0.037041	 155109.605927	
463.927711	 1.000000	 0.000000	 -0.000000	 0.000000	 -90.000000	 1.299530	 -0.000738	 1.299530	 -0.032550	 0.000000	 0.003220	 0.003220	 90.000000	 1.299530	 -0.000737	 1.299530	 -0.032507	 155111.033321	
461.923695	 1.000000	 0.000000	 -0.000000	 0.000000	 -90.000000	 1.299646	 -0.000708	 1.299646	 -0.031224	 0.000000	 0.003223	 0.003223	 90.000000	 1.299646	 -0.000708	 1.299646	 -0.031224	 155112.471321	
459.919679	 1.000000	 0.000000	 -0.000000	 0.000000	 -90.000000	 1.299592	 -0.000680	 1.299592	 -0.029963	 0.000000	 0.005381	 0.005381	 90.000000	 1.299585	 -0.000693	 1.299586	 -0.030561	 155113.907006	
457.915663	 1.000000	 0.000000	 -0.000000	 0.000000	 -90.000000	 1.299579	 -0.000612	 1.299579	 -0.026977	 0.000000	 0.002682	 0.002682	 90.000000	 1.299579	 -0.000612	 1.299579	 -0.026977	 155115.355441	
455.911647	 1.000000	 0.000000	 -0.000000	 0.000000	 -90.000000	 1.299600	 -0.000286	 1.299600	 -0.012603	 0.000000	 0.003025	 0.003025	 90.000000	 1.299600	 -0.000286	 1.299600	 -0.012603	 155116.787173	
453.907631	 1.000000	 0.000000	 -0.000000	 0.000000	 -90.000000	 1.300215	 -0.000006	 1.300215	 -0.000259	 0.000000	 0.002763	 0.002763	 90.000000	 1.300215	 -0.000006	 1.300215	 -0.000259	 155118.227549	
451.903614	 1.000000	 0.000000	 -0.000000	 0.000000	 -90.000000	 1.299245	 -0.001165	 1.299246	 -0.051397	 0.000000	 0.002679	 0.002679	 90.000000	 1.299245	 -0.001165	 1.299246	 -0.051397	 155119.662861	
449.899598	 1.000000	 0.000000	 -0.000000	 0.000000	 -90.000000	 1.300774	 0.000435	 1.300774	 0.019166	 0.000000	 0.005278	 0.005278	 90.000000	 1.300774	 0.000435	 1.300774	 0.019166	 155121.078058	
447.895582	 1.000000	 0.000000	 -0.000000	 0.000000	 -90.000000	 1.298946	 -0.000079	 1.298946	 -0.003466	 0.000000	 0.002989	 0.002989	 90.000000	 1.298946	 -0.000079	 1.298946	 -0.003466	 155122.521769	
445.891566	 1.000000	 0.000000	 -0.000000	 0.000000	 -90.000000	 1.299744	 -0.000761	 1.299744	 -0.033528	 0.000000	 0.003090	 0.003090	 90.000000	 1.299744	 -0.000761	 1.299744	 -0.033528	 155123.951144	
443.887550	 1.000000	 0.000000	 -0.000000	 0.000000	 -90.000000	 1.300135	 -0.000371	 1.300135	 -0.016367	 0.000000	 0.003006	 0.003006	 90.000000	 1.300102	 -0.000419	 1.300102	 -0.018474	 155125.381745	
441.883534	 1.000000	 0.000000	 -0.000000	 0.000000	 -90.000000	 1.300082	 -0.000176	 1.300082	 -0.007763	 0.000000	 0.003060	 0.003060	 90.000000	 1.300082	 -0.000176	 1.300082	 -0.007763	 155126.822862	
439.879518	 1.000000	 0.000000	 -0.000000	 0.000000	 -90.000000	 1.300124	 -0.000080	 1.300124	 -0.003504	 0.000000	 0.003097	 0.003097	 90.000000	 1.300124	 -0.000080	 1.300124	 -0.003504	 155128.270168	
437.875502	 1.000000	 0.000000	 -0.000000	 0.000000	 -90.000000	 1.300218	 0.000055	 1.300218	 0.002435	 0.000000	 0.003127	 0.003127	 90.000000	 1.300218	 0.000055	 1.300218	 0.002435	 155129.715766	
435.871486	 1.000000	 0.000000	 -0.000000	 0.000000	 -90.000000	 1.300224	 0.000136	 1.300224	 0.006006	 0.000000	 0.003028	 0.003028	 90.000000	 1.300222	 0.000134	 1.300222	 0.005907	 155131.150837	
433.867470	 1.000000	 0.000000	 -0.000000	 0.000000	 -90.000000	 1.300348	 0.000239	 1.300348	 0.010519	 0.000000	 0.002954	 0.002954	 90.000000	 1.300350	 0.000240	 1.300350	 0.010593	 155132.576008	
431.863454	 1.000000	 0.000000	 -0.000000	 0.000000	 -90.000000	 1.300307	 0.000285	 1.300307	 0.012536	 0.000000	 0.002971	 0.002971	 90.000000	 1.300307	 0.000285	 1.300307	 0.012536	 155133.998165	
429.859438	 1.000000	 0.000000	 -0.000000	 0.000000	 -90.000000	 1.300333	 0.000338	 1.300333	 0.014912	 0.000000	 0.003027	 0.003027	 90.000000	 1.300333	 0.000338	 1.300333	 0.014912	 155135.437120	
427.855422	 1.000000	 0.000000	 -0.000000	 0.000000	 -90.000000	 1.300388	 0.000422	 1.300388	 0.018608	 0.000000	 0.002906	 0.002906	 90.000000	 1.300393	 0.000422	 1.300393	 0.018586	 155136.874147	
425.851406	 1.000000	 0.000000	 -0.000000	 0.000000	 -90.000000	 1.300427	 0.000480	 1.300427	 0.021153	 0.000000	 0.002940	 0.002940	 90.000000	 1.300427	 0.000480	 1.300427	 0.021153	 155138.332615	
423.847390	 1.000000	 0.000000	 -0.000000	 0.000000	 -90.000000	 1.300428	 0.000545	 1.300428	 0.024027	 0.000000	 0.002941	 0.002941	 90.000000	 1.300428	 0.000545	 1.300428	 0.024027	 155139.774368	
421.843373	 1.000000	 0.000000	 -0.000000	 0.000000	 -90.000000	 1.300490	 0.000646	 1.300490	 0.028455	 0.000000	 0.002931	 0.002931	 90.000000	 1.300490	 0.000646	 1.300490	 0.028455	 155141.196863	
419.839357	 1.000000	 0.000000	 -0.000000	 0.000000	 -90.000000	 1.300503	 0.000722	 1.300504	 0.031795	 0.000000	 0.002908	 0.002908	 90.000000	 1.300503	 0.000723	 1.300503	 0.031844	 155142.632656	
417.835341	 1.000000	 0.000000	 -0.000000	 0.000000	 -90.000000	 1.300580	 0.000803	 1.300580	 0.035358	 0.000000	 0.002896	 0.002896	 90.000000	 1.300578	 0.000804	 1.300578	 0.035408	 155144.105610	
415.831325	 1.000000	 0.000000	 -0.000000	 0.000000	 -90.000000	 1.300621	 0.000885	 1.300622	 0.039004	 0.000000	 0.002889	 0.002889	 90.000000	 1.300621	 0.000885	 1.300622	 0.039004	 155145.511701	
413.827309	 1.000000	 0.000000	 -0.000000	 0.000000	 -90.000000	 1.300669	 0.000926	 1.300669	 0.040785	 0.000000	 0.002893	 0.002893	 90.000000	 1.300668	 0.000926	 1.300668	 0.040774	 155146.956866	
411.823293	 1.000000	 0.000000	 -0.000000	 0.000000	 -90.000000	 1.300746	 0.001009	 1.300747	 0.044462	 0.000000	 0.002829	 0.002829	 90.000000	 1.300746	 0.001009	 1.300746	 0.044443	 155148.389637	
409.819277	 1.000000	 0.000000	 -0.000000	 0.000000	 -90.000000	 1.300767	 0.001105	 1.300767	 0.048690	 0.000000	 0.002942	 0.002942	 90.000000	 1.300767	 0.001105	 1.300767	 0.048690	 155149.821424	
407.815261	 1.000000	 0.000000	 -0.000000	 0.000000	 -90.000000	 1.300813	 0.001168	 1.300814	 0.051443	 0.000000	 0.002695	 0.002695	 90.000000	 1.300813	 0.001168	 1.300814	 0.051443	 155151.298637	
405.811245	 1.000000	 0.000000	 -0.000000	 0.000000	 -90.000000	 1.300860	 0.001256	 1.300861	 0.055323	 0.000000	 0.002760	 0.002760	 90.000000	 1.300860	 0.001256	 1.300861	 0.055323	 155152.717955	
403.807229	 1.000000	 0.000000	 -0.000000	 0.000000	 -90.000000	 1.300914	 0.001322	 1.300915	 0.058243	 0.000000	 0.002795	 0.002795	 90.000000	 1.300914	 0.001322	 1.300915	 0.058243	 155154.164003	
401.803213	 1.000000	 0.000000	 -0.000000	 0.000000	 -90.000000	 1.300901	 0.001399	 1.300902	 0.061623	 0.000000	 0.002820	 0.002820	 90.000000	 1.300901	 0.001399	 1.300902	 0.061623	 155155.613289	
399.799197	 1.000000	 0.000000	 -0.000000	 0.000000	 -90.000000	 1.300961	 0.001507	 1.300961	 0.066391	 0.000000	 0.002733	 0.002733	 90.000000	 1.300961	 0.001507	 1.300961	 0.066391	 155157.069722	
397.795181	 1.000000	 0.000000	 -0.000000	 0.000000	 -90.000000	 1.301047	 0.001611	 1.301048	 0.070935	 0.000000	 0.002764	 0.002764	 90.000000	 1.301047	 0.001611	 1.301048	 0.070935	 155158.518699	
395.791165	 1.000000	 0.000000	 -0.000000	 0.000000	 -90.000000	 1.301053	 0.001663	 1.301054	 0.073245	 0.000000	 0.002709	 0.002709	 90.000000	 1.301053	 0.001663	 1.301054	 0.073245	 155159.972881	
393.787149	 1.000000	 0.000000	 -0.000000	 0.000000	 -90.000000	 1.301080	 0.001768	 1.301081	 0.077867	 0.000000	 0.002716	 0.002716	 90.000000	 1.301080	 0.001768	 1.301081	 0.077867	 155161.409777	
391.783133	 1.000000	 0.000000	 -0.000000	 0.000000	 -90.000000	 1.301150	 0.001853	 1.301151	 0.081603	 0.000000	 0.002691	 0.002691	 90.000000	 1.301150	 0.001853	 1.301151	 0.081603	 155162.846322	
389.779116	 1.000000	 0.000000	 -0.000000	 0.000000	 -90.000000	 1.301233	 0.001940	 1.301234	 0.085415	 0.000000	 0.002687	 0.002687	 90.000000	 1.301233	 0.001939	 1.301234	 0.085385	 155164.295430	
387.775100	 1.000000	 0.000000	 -0.000000	 0.000000	 -90.000000	 1.301243	 0.002040	 1.301244	 0.089803	 0.000000	 0.002691	 0.002691	 90.000000	 1.301243	 0.002040	 1.301244	 0.089803	 155165.727373	
385.771084	 1.000000	 0.000000	 -0.000000	 0.000000	 -90.000000	 1.301288	 0.002125	 1.301290	 0.093550	 0.000000	 0.002627	 0.002627	 90.000000	 1.301288	 0.002125	 1.301290	 0.093550	 155167.183960	
383.767068	 1.000000	 0.000000	 -0.000000	 0.000000	 -90.000000	 1.301390	 0.002192	 1.301392	 0.096509	 0.000000	 0.002637	 0.002637	 90.000000	 1.301391	 0.002191	 1.301393	 0.096484	 155168.600582	
381.763052	 1.000000	 0.000000	 -0.000000	 0.000000	 -90.000000	 1.301447	 0.002305	 1.301449	 0.101472	 0.000000	 0.002577	 0.002577	 90.000000	 1.301447	 0.002305	 1.301449	 0.101472	 155170.077689	
379.759036	 1.000000	 0.000000	 -0.000000	 0.000000	 -90.000000	 1.301407	 0.002386	 1.301409	 0.105040	 0.000000	 0.002660	 0.002660	 90.000000	 1.301405	 0.002386	 1.301407	 0.105064	 155171.516115	
377.755020	 1.000000	 0.000000	 -0.000000	 0.000000	 -90.000000	 1.301510	 0.002489	 1.301513	 0.109563	 0.000000	 0.002679	 0.002679	 90.000000	 1.301510	 0.002489	 1.301513	 0.109563	 155172.954941	
375.751004	 1.000000	 0.000000	 -0.000000	 0.000000	 -90.000000	 1.301594	 0.002577	 1.301597	 0.113417	 0.000000	 0.002650	 0.002650	 90.000000	 1.301594	 0.002577	 1.301597	 0.113417	 155174.385840	
373.746988	 1.000000	 0.000000	 -0.000000	 0.000000	 -90.000000	 1.301573	 0.002697	 1.301576	 0.118732	 0.000000	 0.002637	 0.002637	 90.000000	 1.301573	 0.002697	 1.301576	 0.118732	 155175.845614	
371.742972	 1.000000	 0.000000	 -0.000000	 0.000000	 -90.000000	 1.301712	 0.002774	 1.301715	 0.122110	 0.000000	 0.002660	 0.002660	 90.000000	 1.301712	 0.002774	 1.301715	 0.122110	 155177.272861	
369.738956	 1.000000	 0.000000	 -0.000000	 0.000000	 -90.000000	 1.301658	 0.002848	 1.301661	 0.125345	 0.000000	 0.002305	 0.002305	 90.000000	 1.301658	 0.002848	 1.301661	 0.125345	 155178.728746	
367.734940	 1.000000	 0.000000	 -0.000000	 0.000000	 -90.000000	 1.301729	 0.002991	 1.301733	 0.131655	 0.000000	 0.002715	 0.002715	 90.000000	 1.301729	 0.002991	 1.301733	 0.131655	 155180.170815	
365.730924	 1.000000	 0.000000	 -0.000000	 0.000000	 -90.000000	 1.301782	 0.003075	 1.301785	 0.135356	 0.000000	 0.002441	 0.002441	 90.000000	 1.301782	 0.003075	 1.301785	 0.135356	 155181.585481	
363.726908	 1.000000	 0.000000	 -0.000000	 0.000000	 -90.000000	 1.301843	 0.003179	 1.301847	 0.139896	 0.000000	 0.002574	 0.002574	 90.000000	 1.301843	 0.003179	 1.301847	 0.139896	 155183.037491	
361.722892	 1.000000	 0.000000	 -0.000000	 0.000000	 -90.000000	 1.301865	 0.003309	 1.301870	 0.145637	 0.000000	 0.002385	 0.002385	 90.000000	 1.301872	 0.003304	 1.301876	 0.145428	 155184.444709	
359.718876	 1.000000	 0.000000	 -0.000000	 0.000000	 -90.000000	 1.301786	 0.003358	 1.301791	 0.147778	 0.000000	 0.002599	 0.002599	 90.000000	 1.301786	 0.003358	 1.301791	 0.147778	 155185.917303	
357.714859	 1.000000	 0.000000	 -0.000000	 0.000000	 -90.000000	 1.302101	 0.003265	 1.302105	 0.143656	 0.000000	 0.002582	 0.002582	 90.000000	 1.302101	 0.003265	 1.302105	 0.143656	 155187.364746	
355.710843	 1.000000	 0.000000	 -0.000000	 0.000000	 -90.000000	 1.301443	 0.003269	 1.301447	 0.143916	 0.000000	 0.002550	 0.002550	 90.000000	 1.301443	 0.003269	 1.301447	 0.143916	 155188.801595	
353.706827	 1.000000	 0.000000	 -0.000000	 0.000000	 -90.000000	 1.303352	 0.003692	 1.303357	 0.162282	 0.000000	 0.002508	 0.002508	 90.000000	 1.303386	 0.003902	 1.303392	 0.171524	 155190.212798	
351.702811	 1.000000	 0.000000	 -0.000000	 0.000000	 -90.000000	 1.301329	 0.005704	 1.301341	 0.251150	 0.000000	 0.002534	 0.002534	 90.000000	 1.301329	 0.005704	 1.301341	 0.251150	 155191.693676	
349.698795	 1.000000	 0.000000	 -0.000000	 0.000000	 -90.000000	 1.300138	 0.004876	 1.300148	 0.214898	 0.000000	 0.002494	 0.002494	 90.000000	 1.300157	 0.004918	 1.300166	 0.216744	 155193.140615	
347.694779	 1.000000	 0.000000	 -0.000000	 0.000000	 -90.000000	 1.300506	 0.004524	 1.300514	 0.199292	 0.000000	 0.002533	 0.002533	 90.000000	 1.300506	 0.004524	 1.300514	 0.199292	 155194.564654	
345.690763	 1.000000	 0.000000	 -0.000000	 0.000000	 -90.000000	 1.301489	 0.004848	 1.301498	 0.213441	 0.000000	 0.002538	 0.002538	 90.000000	 1.301489	 0.004848	 1.301498	 0.213441	 155195.997735	
343.686747	 1.000000	 0.000000	 -0.000000	 0.000000	 -90.000000	 1.301994	 0.004742	 1.302002	 0.208684	 0.000000	 0.002566	 0.002566	 90.000000	 1.301994	 0.004742	 1.302002	 0.208684	 155197.459761	
341.682731	 1.000000	 0.000000	 -0.000000	 0.000000	 -90.000000	 1.302436	 0.004483	 1.302443	 0.197214	 0.000000	 0.002414	 0.002414	 90.000000	 1.302436	 0.004483	 1.302443	 0.197214	 155198.901659	
339.678715	 1.000000	 0.000000	 -0.000000	 0.000000	 -90.000000	 1.302404	 0.004506	 1.302411	 0.198229	 0.000000	 0.002419	 0.002419	 90.000000	 1.302438	 0.004496	 1.302446	 0.197800	 155200.369046	
337.674699	 1.000000	 0.000000	 -0.000000	 0.000000	 -90.000000	 1.302386	 0.004610	 1.302395	 0.202805	 0.000000	 0.002459	 0.002459	 90.000000	 1.302386	 0.004610	 1.302395	 0.202805	 155201.793802	
335.670683	 1.000000	 0.000000	 -0.000000	 0.000000	 -90.000000	 1.302470	 0.004694	 1.302478	 0.206484	 0.000000	 0.002394	 0.002394	 90.000000	 1.302470	 0.004694	 1.302478	 0.206484	 155203.224477	
333.666667	 1.000000	 0.000000	 -0.000000	 0.000000	 -90.000000	 1.302462	 0.004837	 1.302471	 0.212759	 0.000000	 0.002413	 0.002413	 90.000000	 1.302464	 0.004836	 1.302473	 0.212731	 155204.643461	
331.662651	 1.000000	 0.000000	 -0.000000	 0.000000	 -90.000000	 1.302492	 0.004957	 1.302502	 0.218046	 0.000000	 0.002436	 0.002436	 90.000000	 1.302492	 0.004957	 1.302502	 0.218046	 155206.063843	
329.658635	 1.000000	 0.000000	 -0.000000	 0.000000	 -90.000000	 1.302637	 0.005071	 1.302647	 0.223034	 0.000000	 0.002432	 0.002432	 90.000000	 1.302638	 0.005072	 1.302648	 0.223077	 155207.512656	
327.654618	 1.000000	 0.000000	 -0.000000	 0.000000	 -90.000000	 1.302701	 0.005196	 1.302711	 0.228538	 0.000000	 0.002451	 0.002451	 90.000000	 1.302701	 0.005196	 1.302711	 0.228538	 155208.949017	
325.650602	 1.000000	 0.000000	 -0.000000	 0.000000	 -90.000000	 1.302731	 0.005324	 1.302742	 0.234156	 0.000000	 0.002485	 0.002485	 90.000000	 1.302731	 0.005324	 1.302742	 0.234156	 155210.403210	
323.646586	 1.000000	 0.000000	 -0.000000	 0.000000	 -90.000000	 1.302762	 0.005473	 1.302773	 0.240681	 0.000000	 0.002569	 0.002569	 90.000000	 1.302762	 0.005473	 1.302773	 0.240681	 155211.865086	
321.642570	 1.000000	 0.000000	 -0.000000	 0.000000	 -90.000000	 1.302821	 0.005593	 1.302833	 0.245955	 0.000000	 0.002254	 0.002254	 90.000000	 1.302821	 0.005593	 1.302833	 0.245955	 155213.318810	
319.638554	 1.000000	 0.000000	 -0.000000	 0.000000	 -90.000000	 1.302826	 0.005710	 1.302839	 0.251096	 0.000000	 0.002463	 0.002463	 90.000000	 1.302826	 0.005710	 1.302839	 0.251096	 155214.764422	
317.634538	 1.000000	 0.000000	 -0.000000	 0.000000	 -90.000000	 1.302899	 0.005848	 1.302912	 0.257163	 0.000000	 0.002387	 0.002387	 90.000000	 1.302899	 0.005847	 1.302913	 0.257133	 155216.216841	
315.630522	 1.000000	 0.000000	 -0.000000	 0.000000	 -90.000000	 1.302959	 0.005984	 1.302972	 0.263141	 0.000000	 0.002401	 0.002401	 90.000000	 1.302959	 0.005984	 1.302972	 0.263141	 155217.662372	
313.626506	 1.000000	 0.000000	 -0.000000	 0.000000	 -90.000000	 1.302970	 0.006105	 1.302984	 0.268438	 0.000000	 0.002431	 0.002431	 90.000000	 1.302969	 0.006102	 1.302983	 0.268335	 155219.107074	
311.622490	 1.000000	 0.000000	 -0.000000	 0.000000	 -90.000000	 1.303041	 0.006233	 1.303056	 0.274059	 0.000000	 0.002404	 0.002404	 90.000000	 1.303041	 0.006233	 1.303056	 0.274059	 155220.559073	
309.618474	 1.000000	 0.000000	 -0.000000	 0.000000	 -90.000000	 1.303088	 0.006375	 1.303103	 0.280316	 0.000000	 0.002414	 0.002414	 90.000000	 1.303089	 0.006373	 1.303105	 0.280226	 155221.976311	
307.614458	 1.000000	 0.000000	 -0.000000	 0.000000	 -90.000000	 1.303128	 0.006513	 1.303144	 0.286355	 0.000000	 0.002347	 0.002347	 90.000000	 1.303128	 0.006513	 1.303144	 0.286355	 155223.416493	
305.610442	 1.000000	 0.000000	 -0.000000	 0.000000	 -90.000000	 1.303245	 0.006707	 1.303262	 0.294858	 0.000000	 0.002383	 0.002383	 90.000000	 1.303245	 0.006707	 1.303262	 0.294858	 155224.868549	
303.606426	 1.000000	 0.000000	 -0.000000	 0.000000	 -90.000000	 1.303151	 0.006809	 1.303169	 0.299379	 0.000000	 0.002420	 0.002420	 90.000000	 1.303151	 0.006809	 1.303169	 0.299379	 155226.347842	
301.602410	 1.000000	 0.000000	 -0.000000	 0.000000	 -90.000000	 1.303310	 0.006813	 1.303328	 0.299491	 0.000000	 0.001731	 0.001731	 90.000000	 1.303318	 0.006815	 1.303336	 0.299610	 155227.789273	
299.598394	 1.000000	 0.000000	 -0.000000	 0.000000	 -90.000000	 1.303424	 0.007264	 1.303445	 0.319309	 0.000000	 0.002105	 0.002105	 90.000000	 1.303424	 0.007264	 1.303445	 0.319309	 155229.206888	
297.594378	 1.000000	 0.000000	 -0.000000	 0.000000	 -90.000000	 1.303334	 0.007390	 1.303355	 0.324882	 0.000000	 0.002270	 0.002270	 90.000000	 1.303334	 0.007390	 1.303355	 0.324882	 155230.632765	
295.590361	 1.000000	 0.000000	 -0.000000	 0.000000	 -90.000000	 1.303319	 0.007459	 1.303340	 0.327916	 0.000000	 0.002234	 0.002234	 90.000000	 1.303319	 0.007459	 1.303340	 0.327916	 155232.090775	
293.586345	 1.000000	 0.000000	 -0.000000	 0.000000	 -90.000000	 1.303421	 0.007584	 1.303443	 0.333384	 0.000000	 0.002259	 0.002259	 90.000000	 1.303421	 0.007584	 1.303443	 0.333384	 155233.537795	
291.582329	 1.000000	 0.000000	 -0.000000	 0.000000	 -90.000000	 1.303512	 0.007734	 1.303535	 0.339932	 0.000000	 0.002237	 0.002237	 90.000000	 1.303512	 0.007734	 1.303535	 0.339932	 155234.997797	
289.578313	 1.000000	 0.000000	 -0.000000	 0.000000	 -90.000000	 1.303535	 0.007871	 1.303559	 0.345949	 0.000000	 0.002257	 0.002257	 90.000000	 1.303535	 0.007871	 1.303559	 0.345949	 155236.413387	
287.574297	 1.000000	 0.000000	 -0.000000	 0.000000	 -90.000000	 1.303614	 0.008034	 1.303638	 0.353084	 0.000000	 0.002281	 0.002281	 90.000000	 1.303614	 0.008034	 1.303638	 0.353084	 155237.861557	
285.570281	 1.000000	 0.000000	 -0.000000	 0.000000	 -90.000000	 1.303647	 0.008205	 1.303673	 0.360624	 0.000000	 0.002267	 0.002267	 90.000000	 1.303647	 0.008205	 1.303673	 0.360624	 155239.311355	
283.566265	 1.000000	 0.000000	 -0.000000	 0.000000	 -90.000000	 1.303715	 0.008369	 1.303742	 0.367801	 0.000000	 0.002259	 0.002259	 90.000000	 1.303715	 0.008369	 1.303742	 0.367801	 155240.763987	
281.562249	 1.000000	 0.000000	 -0.000000	 0.000000	 -90.000000	 1.303684	 0.008509	 1.303712	 0.373942	 0.000000	 0.002279	 0.002279	 90.000000	 1.303684	 0.008509	 1.303712	 0.373942	 155242.195625	
279.558233	 1.000000	 0.000000	 -0.000000	 0.000000	 -90.000000	 1.303760	 0.008669	 1.303788	 0.380968	 0.000000	 0.002307	 0.002307	 90.000000	 1.303760	 0.008669	 1.303788	 0.380968	 155243.620955	
277.554217	 1.000000	 0.000000	 -0.000000	 0.000000	 -90.000000	 1.303830	 0.008854	 1.303860	 0.389057	 0.000000	 0.002309	 0.002309	 90.000000	 1.303831	 0.008855	 1.303861	 0.389105	 155245.075618	
275.550201	 1.000000	 0.000000	 -0.000000	 0.000000	 -90.000000	 1.303805	 0.009027	 1.303836	 0.396668	 0.000000	 0.002239	 0.002239	 90.000000	 1.303804	 0.009026	 1.303836	 0.396636	 155246.533308	
273.546185	 1.000000	 0.000000	 -0.000000	 0.000000	 -90.000000	 1.303928	 0.009208	 1.303961	 0.404602	 0.000000	 0.002283	 0.002283	 90.000000	 1.303928	 0.009208	 1.303961	 0.404602	 155247.954752	
271.542169	 1.000000	 0.000000	 -0.000000	 0.000000	 -90.000000	 1.303930	 0.009362	 1.303963	 0.411377	 0.000000	 0.002035	 0.002035	 90.000000	 1.303930	 0.009362	 1.303963	 0.411377	 155249.378594	
269.538153	 1.000000	 0.000000	 -0.000000	 0.000000	 -90.000000	 1.304005	 0.009550	 1.304040	 0.419604	 0.000000	 0.002100	 0.002100	 90.000000	 1.304005	 0.009550	 1.304040	 0.419604	 155250.819018	
267.534137	 1.000000	 0.000000	 -0.000000	 0.000000	 -90.000000	 1.304020	 0.009739	 1.304057	 0.427911	 0.000000	 0.002209	 0.002209	 90.000000	 1.304020	 0.009739	 1.304057	 0.427911	 155252.248789	
265.530120	 1.000000	 0.000000	 -0.000000	 0.000000	 -90.000000	 1.304086	 0.009923	 1.304124	 0.435948	 0.000000	 0.002298	 0.002298	 90.000000	 1.304087	 0.009928	 1.304125	 0.436191	 155253.684051	
263.526104	 1.000000	 0.000000	 -0.000000	 0.000000	 -90.000000	 1.304135	 0.010124	 1.304174	 0.444786	 0.000000	 0.002243	 0.002243	 90.000000	 1.304123	 0.010122	 1.304162	 0.444696	 155255.120382	
261.522088	 1.000000	 0.000000	 -0.000000	 0.000000	 -90.000000	 1.304189	 0.010326	 1.304230	 0.453648	 0.000000	 0.002084	 0.002084	 90.000000	 1.304189	 0.010326	 1.304230	 0.453648	 155256.584824	
259.518072	 1.000000	 0.000000	 -0.000000	 0.000000	 -90.000000	 1.304329	 0.010403	 1.304370	 0.456958	 0.000000	 0.002171	 0.002171	 90.000000	 1.304329	 0.010403	 1.304370	 0.456958	 155258.042234	
257.514056	 1.000000	 0.000000	 -0.000000	 0.000000	 -90.000000	 1.303886	 0.010659	 1.303929	 0.468366	 0.000000	 0.002143	 0.002143	 90.000000	 1.303886	 0.010659	 1.303929	 0.468366	 155259.494424	
255.510040	 1.000000	 0.000000	 -0.000000	 0.000000	 -90.000000	 1.305099	 0.010845	 1.305144	 0.476115	 0.000000	 0.000864	 0.000864	 90.000000	 1.305099	 0.010845	 1.305144	 0.476115	 155260.984461	
253.506024	 1.000000	 0.000000	 -0.000000	 0.000000	 -90.000000	 1.302577	 0.011812	 1.302630	 0.519542	 0.000000	 0.002279	 0.002279	 90.000000	 1.302577	 0.011812	 1.302630	 0.519542	 155262.421534	
251.502008	 1.000000	 0.000000	 -0.000000	 0.000000	 -90.000000	 1.305883	 0.008709	 1.305912	 0.382124	 0.000000	 0.002179	 0.002179	 90.000000	 1.305883	 0.008709	 1.305912	 0.382124	 155263.859823	
249.497992	 1.000000	 0.000000	 -0.000000	 0.000000	 -90.000000	 1.307406	 0.012701	 1.307467	 0.556605	 0.000000	 0.001267	 0.001267	 90.000000	 1.307415	 0.012679	 1.307477	 0.555621	 155265.288754	
247.493976	 1.000000	 0.000000	 -0.000000	 0.000000	 -90.000000	 1.304276	 0.014119	 1.304353	 0.620222	 0.000000	 0.002522	 0.002522	 90.000000	 1.304276	 0.014119	 1.304353	 0.620222	 155266.748354	
245.489960	 1.000000	 0.000000	 -0.000000	 0.000000	 -90.000000	 1.303164	 0.012071	 1.303220	 0.530726	 0.000000	 0.001633	 0.001633	 90.000000	 1.303164	 0.012071	 1.303220	 0.530726	 155268.202122	
243.485944	 1.000000	 0.000000	 -0.000000	 0.000000	 -90.000000	 1.304025	 0.012318	 1.304083	 0.541189	 0.000000	 0.002197	 0.002197	 90.000000	 1.304025	 0.012318	 1.304083	 0.541189	 155269.634132	
241.481928	 1.000000	 0.000000	 -0.000000	 0.000000	 -90.000000	 1.304571	 0.012621	 1.304632	 0.554306	 0.000000	 0.002189	 0.002189	 90.000000	 1.304571	 0.012621	 1.304632	 0.554306	 155271.042177	
239.477912	 1.000000	 0.000000	 -0.000000	 0.000000	 -90.000000	 1.304655	 0.012579	 1.304715	 0.552419	 0.000000	 0.001789	 0.001789	 90.000000	 1.304719	 0.012614	 1.304780	 0.553935	 155272.509821	
237.473896	 1.000000	 0.000000	 -0.000000	 0.000000	 -90.000000	 1.304645	 0.012825	 1.304708	 0.563211	 0.000000	 0.002274	 0.002274	 90.000000	 1.304659	 0.012819	 1.304722	 0.562927	 155273.938911	
235.469880	 1.000000	 0.000000	 -0.000000	 0.000000	 -90.000000	 1.304709	 0.013041	 1.304774	 0.572650	 0.000000	 0.002228	 0.002228	 90.000000	 1.304709	 0.013041	 1.304774	 0.572650	 155275.355981	
233.465863	 1.000000	 0.000000	 -0.000000	 0.000000	 -90.000000	 1.304702	 0.013248	 1.304769	 0.581760	 0.000000	 0.002228	 0.002228	 90.000000	 1.304702	 0.013248	 1.304769	 0.581760	 155276.789677	
231.461847	 1.000000	 0.000000	 -0.000000	 0.000000	 -90.000000	 1.304803	 0.013463	 1.304872	 0.591165	 0.000000	 0.002264	 0.002264	 90.000000	 1.304803	 0.013463	 1.304872	 0.591165	 155278.234682	
229.457831	 1.000000	 0.000000	 -0.000000	 0.000000	 -90.000000	 1.304798	 0.013707	 1.304870	 0.601870	 0.000000	 0.002219	 0.002219	 90.000000	 1.304806	 0.013697	 1.304878	 0.601424	 155279.687902	
227.453815	 1.000000	 0.000000	 -0.000000	 0.000000	 -90.000000	 1.304813	 0.013928	 1.304887	 0.611577	 0.000000	 0.002193	 0.002193	 90.000000	 1.304813	 0.013928	 1.304887	 0.611577	 155281.130909	
225.449799	 1.000000	 0.000000	 -0.000000	 0.000000	 -90.000000	 1.304882	 0.014166	 1.304959	 0.621977	 0.000000	 0.002165	 0.002165	 90.000000	 1.304882	 0.014166	 1.304959	 0.621977	 155282.567683	
223.445783	 1.000000	 0.000000	 -0.000000	 0.000000	 -90.000000	 1.304969	 0.014509	 1.305049	 0.636993	 0.000000	 0.002148	 0.002148	 90.000000	 1.304969	 0.014509	 1.305049	 0.636993	 155284.020541	
221.441767	 1.000000	 0.000000	 -0.000000	 0.000000	 -90.000000	 1.305098	 0.014702	 1.305181	 0.645420	 0.000000	 0.002189	 0.002189	 90.000000	 1.305098	 0.014702	 1.305181	 0.645420	 155285.440664	
219.437751	 1.000000	 0.000000	 -0.000000	 0.000000	 -90.000000	 1.305042	 0.015034	 1.305129	 0.660026	 0.000000	 0.002230	 0.002230	 90.000000	 1.305042	 0.015034	 1.305129	 0.660026	 155286.891596	
217.433735	 1.000000	 0.000000	 -0.000000	 0.000000	 -90.000000	 1.305105	 0.015264	 1.305194	 0.670062	 0.000000	 0.002147	 0.002147	 90.000000	 1.305105	 0.015264	 1.305194	 0.670062	 155288.333310	
215.429719	 1.000000	 0.000000	 -0.000000	 0.000000	 -90.000000	 1.305092	 0.015490	 1.305184	 0.680026	 0.000000	 0.002182	 0.002182	 90.000000	 1.305092	 0.015490	 1.305184	 0.680026	 155289.802853	
213.425703	 1.000000	 0.000000	 -0.000000	 0.000000	 -90.000000	 1.305195	 0.015807	 1.305290	 0.693847	 0.000000	 0.002098	 0.002098	 90.000000	 1.305195	 0.015807	 1.305290	 0.693847	 155291.224641	
211.421687	 1.000000	 0.000000	 -0.000000	 0.000000	 -90.000000	 1.305201	 0.016066	 1.305300	 0.705239	 0.000000	 0.002189	 0.002189	 90.000000	 1.305208	 0.016071	 1.305307	 0.705445	 155292.689107	
209.417671	 1.000000	 0.000000	 -0.000000	 0.000000	 -90.000000	 1.305268	 0.016377	 1.305371	 0.718826	 0.000000	 0.002140	 0.002140	 90.000000	 1.305268	 0.016377	 1.305371	 0.718826	 155294.089912	
207.413655	 1.000000	 0.000000	 -0.000000	 0.000000	 -90.000000	 1.305250	 0.016670	 1.305356	 0.731701	 0.000000	 0.002158	 0.002158	 90.000000	 1.305250	 0.016670	 1.305356	 0.731701	 155295.530332	
205.409639	 1.000000	 0.000000	 -0.000000	 0.000000	 -90.000000	 1.305387	 0.017033	 1.305499	 0.747580	 0.000000	 0.002140	 0.002140	 90.000000	 1.305387	 0.017033	 1.305499	 0.747580	 155296.965588	
203.405622	 1.000000	 0.000000	 -0.000000	 0.000000	 -90.000000	 1.305533	 0.017095	 1.305645	 0.750217	 0.000000	 0.002127	 0.002127	 90.000000	 1.305533	 0.017095	 1.305645	 0.750217	 155298.399502	
201.401606	 1.000000	 0.000000	 -0.000000	 0.000000	 -90.000000	 1.305141	 0.017433	 1.305257	 0.765281	 0.000000	 0.002131	 0.002131	 90.000000	 1.305141	 0.017421	 1.305257	 0.764758	 155299.810114	
199.397590	 1.000000	 0.000000	 -0.000000	 0.000000	 -90.000000	 1.305730	 0.017808	 1.305851	 0.781383	 0.000000	 0.002112	 0.002112	 90.000000	 1.305730	 0.017808	 1.305851	 0.781383	 155301.274389	
197.393574	 1.000000	 0.000000	 -0.000000	 0.000000	 -90.000000	 1.305320	 0.018375	 1.305449	 0.806480	 0.000000	 0.002134	 0.002134	 90.000000	 1.305320	 0.018375	 1.305449	 0.806480	 155302.711021	
195.389558	 1.000000	 0.000000	 -0.000000	 0.000000	 -90.000000	 1.305348	 0.018416	 1.305478	 0.808283	 0.000000	 0.002143	 0.002143	 90.000000	 1.305335	 0.018432	 1.305466	 0.808978	 155304.170319	
193.385542	 1.000000	 0.000000	 -0.000000	 0.000000	 -90.000000	 1.305432	 0.018756	 1.305567	 0.823144	 0.000000	 0.002182	 0.002182	 90.000000	 1.305415	 0.018768	 1.305550	 0.823671	 155305.600159	
191.381526	 1.000000	 0.000000	 -0.000000	 0.000000	 -90.000000	 1.305517	 0.019147	 1.305657	 0.840258	 0.000000	 0.002238	 0.002238	 90.000000	 1.305517	 0.019147	 1.305657	 0.840258	 155307.005954	
189.377510	 1.000000	 0.000000	 -0.000000	 0.000000	 -90.000000	 1.305597	 0.019479	 1.305743	 0.854752	 0.000000	 0.002165	 0.002165	 90.000000	 1.305597	 0.019479	 1.305743	 0.854752	 155308.438717	
187.373494	 1.000000	 0.000000	 -0.000000	 0.000000	 -90.000000	 1.305694	 0.019785	 1.305844	 0.868137	 0.000000	 0.002217	 0.002217	 90.000000	 1.305694	 0.019785	 1.305844	 0.868137	 155309.881273	
185.369478	 1.000000	 0.000000	 -0.000000	 0.000000	 -90.000000	 1.305639	 0.020159	 1.305795	 0.884568	 0.000000	 0.002186	 0.002186	 90.000000	 1.305639	 0.020159	 1.305795	 0.884568	 155311.324171	
183.365462	 1.000000	 0.000000	 -0.000000	 0.000000	 -90.000000	 1.305773	 0.020536	 1.305934	 0.901019	 0.000000	 0.001876	 0.001876	 90.000000	 1.305773	 0.020536	 1.305934	 0.901019	 155312.759991	
181.361446	 1.000000	 0.000000	 -0.000000	 0.000000	 -90.000000	 1.305721	 0.020975	 1.305889	 0.920304	 0.000000	 0.002177	 0.002177	 90.000000	 1.305721	 0.020975	 1.305889	 0.920304	 155314.210090	
179.357430	 1.000000	 0.000000	 -0.000000	 0.000000	 -90.000000	 1.305759	 0.021195	 1.305931	 0.929925	 0.000000	 0.002134	 0.002134	 90.000000	 1.305759	 0.021195	 1.305931	 0.929925	 155315.640890	
177.353414	 1.000000	 0.000000	 -0.000000	 0.000000	 -90.000000	 1.305765	 0.021717	 1.305946	 0.952832	 0.000000	 0.002236	 0.002236	 90.000000	 1.305765	 0.021717	 1.305946	 0.952832	 155317.138161	
175.349398	 1.000000	 0.000000	 -0.000000	 0.000000	 -90.000000	 1.305865	 0.021947	 1.306049	 0.962844	 0.000000	 0.002111	 0.002111	 90.000000	 1.305865	 0.021947	 1.306049	 0.962844	 155318.539282	
173.345382	 1.000000	 0.000000	 -0.000000	 0.000000	 -90.000000	 1.305847	 0.022485	 1.306041	 0.986473	 0.000000	 0.002119	 0.002119	 90.000000	 1.305843	 0.022490	 1.306036	 0.986704	 155319.990072	
171.341365	 1.000000	 0.000000	 -0.000000	 0.000000	 -90.000000	 1.305803	 0.022746	 1.306001	 0.997941	 0.000000	 0.002116	 0.002116	 90.000000	 1.305803	 0.022746	 1.306001	 0.997941	 155321.431260	
169.337349	 1.000000	 0.000000	 -0.000000	 0.000000	 -90.000000	 1.305865	 0.023250	 1.306072	 1.020021	 0.000000	 0.002081	 0.002081	 90.000000	 1.305865	 0.023250	 1.306072	 1.020021	 155322.869570	
167.333333	 1.000000	 0.000000	 -0.000000	 0.000000	 -90.000000	 1.305887	 0.023648	 1.306101	 1.037445	 0.000000	 0.002130	 0.002130	 90.000000	 1.305887	 0.023648	 1.306101	 1.037445	 155324.285600	
165.329317	 1.000000	 0.000000	 -0.000000	 0.000000	 -90.000000	 1.305938	 0.024075	 1.306160	 1.056149	 0.000000	 0.002096	 0.002096	 90.000000	 1.305938	 0.024075	 1.306160	 1.056149	 155325.717227	
163.325301	 1.000000	 0.000000	 -0.000000	 0.000000	 -90.000000	 1.305945	 0.024547	 1.306176	 1.076843	 0.000000	 0.002089	 0.002089	 90.000000	 1.305945	 0.024547	 1.306176	 1.076843	 155327.151290	
161.321285	 1.000000	 0.000000	 -0.000000	 0.000000	 -90.000000	 1.305881	 0.024974	 1.306120	 1.095590	 0.000000	 0.002125	 0.002125	 90.000000	 1.305881	 0.024974	 1.306120	 1.095590	 155328.554929	
159.317269	 1.000000	 0.000000	 -0.000000	 0.000000	 -90.000000	 1.305994	 0.025376	 1.306241	 1.113157	 0.000000	 0.002095	 0.002095	 90.000000	 1.306059	 0.025370	 1.306306	 1.112819	 155330.011475	
157.313253	 1.000000	 0.000000	 -0.000000	 0.000000	 -90.000000	 1.306382	 0.026032	 1.306641	 1.141555	 0.000000	 0.002095	 0.002095	 90.000000	 1.306382	 0.026032	 1.306641	 1.141555	 155331.439981	
155.309237	 1.000000	 0.000000	 -0.000000	 0.000000	 -90.000000	 1.306652	 0.027303	 1.306937	 1.197035	 0.000000	 0.002098	 0.002098	 90.000000	 1.306651	 0.027303	 1.306936	 1.197058	 155332.893452	
153.305221	 1.000000	 0.000000	 -0.000000	 0.000000	 -90.000000	 1.307733	 0.026150	 1.307994	 1.145553	 0.000000	 0.002074	 0.002074	 90.000000	 1.307831	 0.026300	 1.308095	 1.152058	 155334.326922	
151.301205	 1.000000	 0.000000	 -0.000000	 0.000000	 -90.000000	 1.306065	 0.024681	 1.306298	 1.082615	 0.000000	 0.002087	 0.002087	 90.000000	 1.306065	 0.024681	 1.306298	 1.082615	 155335.768698	
149.297189	 1.000000	 0.000000	 -0.000000	 0.000000	 -90.000000	 1.303734	 0.029585	 1.304069	 1.299980	 0.000000	 0.002143	 0.002143	 90.000000	 1.303734	 0.029585	 1.304069	 1.299980	 155337.208739	
147.293173	 1.000000	 0.000000	 -0.000000	 0.000000	 -90.000000	 1.307997	 0.027613	 1.308288	 1.209372	 0.000000	 0.002472	 0.002472	 90.000000	 1.307997	 0.027613	 1.308288	 1.209372	 155338.660811	
145.289157	 1.000000	 0.000000	 -0.000000	 0.000000	 -90.000000	 1.305716	 0.030123	 1.306063	 1.321576	 0.000000	 0.001040	 0.001040	 90.000000	 1.305716	 0.030123	 1.306063	 1.321576	 155340.076745	
143.285141	 1.000000	 0.000000	 -0.000000	 0.000000	 -90.000000	 1.305722	 0.029143	 1.306047	 1.278590	 0.000000	 0.002282	 0.002282	 90.000000	 1.305722	 0.029143	 1.306047	 1.278590	 155341.522188	
141.281124	 1.000000	 0.000000	 -0.000000	 0.000000	 -90.000000	 1.306129	 0.029997	 1.306474	 1.315663	 0.000000	 0.002271	 0.002271	 90.000000	 1.306102	 0.029943	 1.306445	 1.313299	 155342.957146	
139.277108	 1.000000	 0.000000	 -0.000000	 0.000000	 -90.000000	 1.306050	 0.030648	 1.306410	 1.344277	 0.000000	 0.002184	 0.002184	 90.000000	 1.306030	 0.030628	 1.306389	 1.343393	 155344.368066	
137.273092	 1.000000	 0.000000	 -0.000000	 0.000000	 -90.000000	 1.306099	 0.031307	 1.306474	 1.373115	 0.000000	 0.002070	 0.002070	 90.000000	 1.306101	 0.031317	 1.306476	 1.373525	 155345.870880	
135.269076	 1.000000	 0.000000	 -0.000000	 0.000000	 -90.000000	 1.305978	 0.031979	 1.306369	 1.402708	 0.000000	 0.002067	 0.002067	 90.000000	 1.305970	 0.031975	 1.306361	 1.402524	 155347.303977	
133.265060	 1.000000	 0.000000	 -0.000000	 0.000000	 -90.000000	 1.306043	 0.032550	 1.306449	 1.427680	 0.000000	 0.002084	 0.002084	 90.000000	 1.306043	 0.032550	 1.306449	 1.427680	 155348.750241	
131.261044	 1.000000	 0.000000	 -0.000000	 0.000000	 -90.000000	 1.306110	 0.033163	 1.306530	 1.454473	 0.000000	 0.002088	 0.002088	 90.000000	 1.306110	 0.033163	 1.306530	 1.454473	 155350.206016	
129.257028	 1.000000	 0.000000	 -0.000000	 0.000000	 -90.000000	 1.305977	 0.033852	 1.306416	 1.484809	 0.000000	 0.002122	 0.002122	 90.000000	 1.305977	 0.033852	 1.306416	 1.484809	 155351.640301	
127.253012	 1.000000	 0.000000	 -0.000000	 0.000000	 -90.000000	 1.305972	 0.034620	 1.306431	 1.518476	 0.000000	 0.002072	 0.002072	 90.000000	 1.305972	 0.034620	 1.306431	 1.518476	 155353.059797	
125.248996	 1.000000	 0.000000	 -0.000000	 0.000000	 -90.000000	 1.306077	 0.035325	 1.306555	 1.549299	 0.000000	 0.002066	 0.002066	 90.000000	 1.306077	 0.035325	 1.306555	 1.549299	 155354.504498	
123.244980	 1.000000	 0.000000	 -0.000000	 0.000000	 -90.000000	 1.306073	 0.036154	 1.306573	 1.585616	 0.000000	 0.002021	 0.002021	 90.000000	 1.306073	 0.036154	 1.306573	 1.585616	 155355.927363	
121.240964	 1.000000	 0.000000	 -0.000000	 0.000000	 -90.000000	 1.305901	 0.036693	 1.306417	 1.609463	 0.000000	 0.001999	 0.001999	 90.000000	 1.305901	 0.036693	 1.306417	 1.609463	 155357.384127	
119.236948	 1.000000	 0.000000	 -0.000000	 0.000000	 -90.000000	 1.305896	 0.037552	 1.306436	 1.647131	 0.000000	 0.002093	 0.002093	 90.000000	 1.305896	 0.037552	 1.306436	 1.647131	 155358.820338	
117.232932	 1.000000	 0.000000	 -0.000000	 0.000000	 -90.000000	 1.305927	 0.038373	 1.306491	 1.683100	 0.000000	 0.002018	 0.002018	 90.000000	 1.305927	 0.038373	 1.306491	 1.683100	 155360.271833	
115.228916	 1.000000	 0.000000	 -0.000000	 0.000000	 -90.000000	 1.305936	 0.039181	 1.306524	 1.718505	 0.000000	 0.002091	 0.002091	 90.000000	 1.305936	 0.039181	 1.306524	 1.718505	 155361.735493	
113.224900	 1.000000	 0.000000	 -0.000000	 0.000000	 -90.000000	 1.305814	 0.040048	 1.306428	 1.756636	 0.000000	 0.002097	 0.002097	 90.000000	 1.305814	 0.040048	 1.306428	 1.756636	 155363.160519	
111.220884	 1.000000	 0.000000	 -0.000000	 0.000000	 -90.000000	 1.305733	 0.040963	 1.306375	 1.796854	 0.000000	 0.002111	 0.002111	 90.000000	 1.305726	 0.040967	 1.306369	 1.797079	 155364.628627	
109.216867	 1.000000	 0.000000	 -0.000000	 0.000000	 -90.000000	 1.305699	 0.041860	 1.306370	 1.836262	 0.000000	 0.002113	 0.002113	 90.000000	 1.305699	 0.041860	 1.306370	 1.836262	 155366.069939	
107.212851	 1.000000	 0.000000	 -0.000000	 0.000000	 -90.000000	 1.305642	 0.042732	 1.306341	 1.874534	 0.000000	 0.002138	 0.002138	 90.000000	 1.305642	 0.042732	 1.306341	 1.874534	 155367.524596	
105.208835	 1.000000	 0.000000	 -0.000000	 0.000000	 -90.000000	 1.305699	 0.043725	 1.306431	 1.918005	 0.000000	 0.002099	 0.002099	 90.000000	 1.305699	 0.043725	 1.306431	 1.918005	 155368.953219	
103.204819	 1.000000	 0.000000	 -0.000000	 0.000000	 -90.000000	 1.305834	 0.044861	 1.306604	 1.967589	 0.000000	 0.002020	 0.002020	 90.000000	 1.305834	 0.044861	 1.306604	 1.967589	 155370.369518	
101.200803	 1.000000	 0.000000	 -0.000000	 0.000000	 -90.000000	 1.305776	 0.045504	 1.306568	 1.995869	 0.000000	 0.002225	 0.002225	 90.000000	 1.305776	 0.045504	 1.306568	 1.995869	 155371.817862	
99.196787	 1.000000	 0.000000	 -0.000000	 0.000000	 -90.000000	 1.304992	 0.046610	 1.305825	 2.045524	 0.000000	 0.002272	 0.002272	 90.000000	 1.304992	 0.046610	 1.305825	 2.045524	 155373.249647	
97.192771	 1.000000	 0.000000	 -0.000000	 0.000000	 -90.000000	 1.305250	 0.048400	 1.306147	 2.123612	 0.000000	 0.001912	 0.001912	 90.000000	 1.305277	 0.048410	 1.306174	 2.124022	 155374.707448	
95.188755	 1.000000	 0.000000	 -0.000000	 0.000000	 -90.000000	 1.305209	 0.049138	 1.306134	 2.156021	 0.000000	 0.002143	 0.002143	 90.000000	 1.305209	 0.049138	 1.306134	 2.156021	 155376.142634	
93.184739	 1.000000	 0.000000	 -0.000000	 0.000000	 -90.000000	 1.305096	 0.050546	 1.306075	 2.217927	 0.000000	 0.002022	 0.002022	 90.000000	 1.305096	 0.050546	 1.306075	 2.217927	 155377.558584	
91.180723	 1.000000	 0.000000	 -0.000000	 0.000000	 -90.000000	 1.304836	 0.051715	 1.305860	 2.269650	 0.000000	 0.002049	 0.002049	 90.000000	 1.304836	 0.051715	 1.305860	 2.269650	 155379.013579	
89.176707	 1.000000	 0.000000	 -0.000000	 0.000000	 -90.000000	 1.304721	 0.053063	 1.305800	 2.328946	 0.000000	 0.002051	 0.002051	 90.000000	 1.304721	 0.053063	 1.305800	 2.328946	 155380.488702	
87.172691	 1.000000	 0.000000	 -0.000000	 0.000000	 -90.000000	 1.304631	 0.054449	 1.305766	 2.389878	 0.000000	 0.001981	 0.001981	 90.000000	 1.304632	 0.054453	 1.305768	 2.390034	 155381.892764	
85.168675	 1.000000	 0.000000	 -0.000000	 0.000000	 -90.000000	 1.304497	 0.055890	 1.305694	 2.453297	 0.000000	 0.001987	 0.001987	 90.000000	 1.304499	 0.055897	 1.305696	 2.453569	 155383.351171	
83.164659	 1.000000	 0.000000	 -0.000000	 0.000000	 -90.000000	 1.304302	 0.057385	 1.305563	 2.519193	 0.000000	 0.002060	 0.002060	 90.000000	 1.304302	 0.057385	 1.305563	 2.519193	 155384.754621	
81.160643	 1.000000	 0.000000	 -0.000000	 0.000000	 -90.000000	 1.304047	 0.058865	 1.305375	 2.584598	 0.000000	 0.002071	 0.002071	 90.000000	 1.304047	 0.058865	 1.305375	 2.584598	 155386.209047	
79.156627	 1.000000	 0.000000	 -0.000000	 0.000000	 -90.000000	 1.303906	 0.060375	 1.305303	 2.651075	 0.000000	 0.002141	 0.002141	 90.000000	 1.303906	 0.060375	 1.305303	 2.651075	 155387.652070	
77.152610	 1.000000	 0.000000	 -0.000000	 0.000000	 -90.000000	 1.303904	 0.061982	 1.305377	 2.721524	 0.000000	 0.002021	 0.002021	 90.000000	 1.303904	 0.061982	 1.305377	 2.721524	 155389.088090	
75.148594	 1.000000	 0.000000	 -0.000000	 0.000000	 -90.000000	 1.303203	 0.063775	 1.304762	 2.801655	 0.000000	 0.002022	 0.002022	 90.000000	 1.303203	 0.063775	 1.304762	 2.801655	 155390.532513	
73.144578	 1.000000	 0.000000	 -0.000000	 0.000000	 -90.000000	 1.302776	 0.066257	 1.304460	 2.911465	 0.000000	 0.001998	 0.001998	 90.000000	 1.302776	 0.066257	 1.304460	 2.911465	 155391.946716	
71.140562	 1.000000	 0.000000	 -0.000000	 0.000000	 -90.000000	 1.302510	 0.068011	 1.304285	 2.988990	 0.000000	 0.001974	 0.001974	 90.000000	 1.302510	 0.068011	 1.304285	 2.988990	 155393.376596	
69.136546	 1.000000	 0.000000	 -0.000000	 0.000000	 -90.000000	 1.302430	 0.070231	 1.304322	 3.086569	 0.000000	 0.002019	 0.002019	 90.000000	 1.302430	 0.070231	 1.304322	 3.086569	 155394.810378	
67.132530	 1.000000	 0.000000	 -0.000000	 0.000000	 -90.000000	 1.302354	 0.072710	 1.304382	 3.195492	 0.000000	 0.002026	 0.002026	 90.000000	 1.302354	 0.072710	 1.304382	 3.195492	 155396.271767	
65.128514	 1.000000	 0.000000	 -0.000000	 0.000000	 -90.000000	 1.302082	 0.074590	 1.304217	 3.278618	 0.000000	 0.001989	 0.001989	 90.000000	 1.302474	 0.074645	 1.304611	 3.280059	 155397.659973	
63.124498	 1.000000	 0.000000	 -0.000000	 0.000000	 -90.000000	 1.300919	 0.077066	 1.303199	 3.390213	 0.000000	 0.001969	 0.001969	 90.000000	 1.300613	 0.076517	 1.302862	 3.366921	 155399.113681	
61.120482	 1.000000	 0.000000	 -0.000000	 0.000000	 -90.000000	 1.299179	 0.082930	 1.301823	 3.652387	 0.000000	 0.001989	 0.001989	 90.000000	 1.299179	 0.082930	 1.301823	 3.652387	 155400.541026	
59.116466	 1.000000	 0.000000	 -0.000000	 0.000000	 -90.000000	 1.310219	 0.080301	 1.312677	 3.507171	 0.000000	 0.001993	 0.001993	 90.000000	 1.310219	 0.080301	 1.312677	 3.507171	 155401.985429	
57.112450	 1.000000	 0.000000	 -0.000000	 0.000000	 -90.000000	 1.275930	 0.083633	 1.278669	 3.750201	 0.000000	 0.001936	 0.001936	 90.000000	 1.274101	 0.077982	 1.276485	 3.502443	 155403.393103	
55.108434	 1.000000	 0.000000	 -0.000000	 0.000000	 -90.000000	 1.328542	 0.035494	 1.329016	 1.530360	 0.000000	 0.001922	 0.001922	 90.000000	 1.328542	 0.035494	 1.329016	 1.530360	 155404.834268	
53.104418	 1.000000	 0.000000	 -0.000000	 0.000000	 -90.000000	 1.236668	 -0.001273	 1.236669	 -0.058986	 0.000000	 0.003247	 0.003247	 90.000000	 1.236668	 -0.001273	 1.236669	 -0.058986	 155406.332231	
51.100402	 1.000000	 0.000000	 -0.000000	 0.000000	 -90.000000	 1.212858	 -0.038822	 1.213479	 -1.833345	 0.000000	 0.001810	 0.001810	 90.000000	 1.212858	 -0.038822	 1.213479	 -1.833345	 155407.765855	
49.096386	 1.000000	 0.000000	 -0.000000	 0.000000	 -90.000000	 1.137789	 0.071561	 1.140037	 3.598848	 0.000000	 0.002023	 0.002023	 90.000000	 1.137789	 0.071561	 1.140037	 3.598848	 155409.219606	
47.092369	 1.000000	 0.000000	 -0.000000	 0.000000	 -90.000000	 1.287772	 0.220606	 1.306531	 9.720888	 0.000000	 0.002098	 0.002098	 90.000000	 1.287772	 0.220606	 1.306531	 9.720888	 155410.660155	
45.088353	 1.000000	 0.000000	 -0.000000	 0.000000	 -90.000000	 1.342623	 0.055614	 1.343774	 2.371961	 0.000000	 0.001942	 0.001942	 90.000000	 1.342623	 0.055614	 1.343774	 2.371962	 155412.112870	
43.084337	 1.000000	 0.000000	 -0.000000	 0.000000	 -90.000000	 1.320598	 0.121447	 1.326171	 5.254355	 0.000000	 0.001789	 0.001789	 90.000000	 1.320598	 0.121447	 1.326171	 5.254355	 155413.644794	
41.080321	 1.000000	 0.000000	 -0.000000	 0.000000	 -90.000000	 1.275707	 0.110784	 1.280508	 4.963170	 0.000000	 0.001802	 0.001802	 90.000000	 1.275707	 0.110784	 1.280508	 4.963170	 155415.121171	
39.076305	 1.000000	 0.000000	 -0.000000	 0.000000	 -90.000000	 1.288383	 0.129440	 1.294869	 5.737068	 0.000000	 0.001676	 0.001676	 90.000000	 1.288383	 0.129440	 1.294869	 5.737068	 155416.569387	
37.072289	 1.000000	 0.000000	 -0.000000	 0.000000	 -90.000000	 1.287142	 0.131982	 1.293891	 5.854562	 0.000000	 0.001738	 0.001738	 90.000000	 1.287142	 0.131982	 1.293891	 5.854562	 155417.994087	
35.068273	 1.000000	 0.000000	 -0.000000	 0.000000	 -90.000000	 1.285770	 0.138979	 1.293259	 6.169133	 0.000000	 0.002021	 0.002021	 90.000000	 1.285770	 0.138979	 1.293259	 6.169133	 155419.428400	
33.064257	 1.000000	 0.000000	 -0.000000	 0.000000	 -90.000000	 1.283325	 0.146939	 1.291709	 6.531865	 0.000000	 0.001975	 0.001975	 90.000000	 1.283325	 0.146939	 1.291709	 6.531865	 155420.850028	
31.060241	 1.000000	 0.000000	 -0.000000	 0.000000	 -90.000000	 1.280111	 0.155810	 1.289559	 6.939657	 0.000000	 0.001960	 0.001960	 90.000000	 1.280111	 0.155810	 1.289559	 6.939657	 155422.273436	
29.056225	 1.000000	 0.000000	 -0.000000	 0.000000	 -90.000000	 1.276086	 0.165505	 1.286774	 7.389870	 0.000000	 0.001990	 0.001990	 90.000000	 1.276086	 0.165505	 1.286774	 7.389870	 155423.711183	
27.052209	 1.000000	 0.000000	 -0.000000	 0.000000	 -90.000000	 1.271450	 0.176789	 1.283682	 7.915946	 0.000000	 0.001873	 0.001873	 90.000000	 1.271450	 0.176789	 1.283682	 7.915946	 155425.154191	
25.048193	 1.000000	 0.000000	 -0.000000	 0.000000	 -90.000000	 1.265974	 0.189535	 1.280083	 8.514789	 0.000000	 0.002096	 0.002096	 90.000000	 1.265974	 0.189535	 1.280083	 8.514789	 155426.604762	
23.044177	 1.000000	 0.000000	 -0.000000	 0.000000	 -90.000000	 1.259317	 0.204233	 1.275771	 9.211889	 0.000000	 0.002449	 0.002449	 90.000000	 1.259317	 0.204233	 1.275771	 9.211889	 155428.076918	
21.040161	 1.000000	 0.000000	 -0.000000	 0.000000	 -90.000000	 1.250590	 0.221199	 1.270002	 10.030484	 0.000000	 0.002025	 0.002025	 90.000000	 1.250590	 0.221199	 1.270002	 10.030484	 155429.513228	
19.036145	 1.000000	 0.000000	 -0.000000	 0.000000	 -90.000000	 1.239594	 0.240622	 1.262732	 10.985252	 0.000000	 0.002626	 0.002626	 90.000000	 1.239601	 0.240634	 1.262741	 10.985743	 155430.937095	
17.032129	 1.000000	 0.000000	 -0.000000	 0.000000	 -90.000000	 1.225349	 0.263864	 1.253437	 12.152369	 0.000000	 0.000796	 0.000796	 90.000000	 1.225349	 0.263864	 1.253437	 12.152369	 155432.454116	
15.028112	 1.000000	 0.000000	 -0.000000	 0.000000	 -90.000000	 1.206401	 0.291113	 1.241028	 13.566513	 0.000000	 0.001498	 0.001498	 90.000000	 1.206400	 0.291107	 1.241026	 13.566237	 155433.907894	
13.024096	 1.000000	 0.000000	 -0.000000	 0.000000	 -90.000000	 1.179882	 0.323819	 1.223512	 15.346982	 0.000000	 0.010405	 0.010405	 90.000000	 1.179870	 0.323787	 1.223491	 15.345684	 155435.333469	
11.020080	 1.000000	 0.000000	 -0.000000	 0.000000	 -90.000000	 1.142024	 0.363386	 1.198444	 17.650801	 0.000000	 -0.002304	 0.002304	 -90.000000	 1.142024	 0.363386	 1.198444	 17.650801	 155436.782986	
9.016064	 1.000000	 0.000000	 -0.000000	 0.000000	 -90.000000	 1.085485	 0.410069	 1.160360	 20.695306	 0.000000	 0.040344	 0.040344	 90.000000	 1.085485	 0.410069	 1.160360	 20.695306	 155438.235046	
7.012048	 1.000000	 0.000000	 -0.000000	 0.000000	 -90.000000	 1.000045	 0.468051	 1.104156	 25.081027	 0.000000	 -0.067465	 0.067465	 -90.000000	 1.000045	 0.468051	 1.104156	 25.081027	 155439.689162	
5.008032	 1.000000	 0.000000	 -0.000000	 0.000000	 -90.000000	 0.831984	 0.504894	 0.973198	 31.251699	 0.000000	 0.222943	 0.222943	 90.000000	 0.831984	 0.504894	 0.973198	 31.251699	 155441.155160	
3.004016	 1.000000	 0.000000	 -0.000000	 0.000000	 -90.000000	 0.754833	 0.641739	 0.990758	 40.370297	 0.000000	 1.055834	 1.055834	 90.000000	 0.754833	 0.641739	 0.990758	 40.370297	 155442.585877	
1.000000	 1.000000	 0.000000	 -0.000000	 0.000000	 -90.000000	 0.202192	 0.630817	 0.662429	 72.228091	 0.000000	 0.681609	 0.681609	 90.000000	 0.202192	 0.630817	 0.662429	 72.228091	 155444.038758	
