# Oscilator_frequency (Hz)	DemodAll_A (-)	Demod_1_X_A (A)	Demod_1_Y_A (A)	Demod_1__R_A (A)	Demod_1__Theta_A (deg)	Demod_2_X_A (A)	Demod_2_Y_A (A)	Demod_2__R_A (A)	Demod_2__Theta_A (deg)	Demod_3_X_A (V)	Demod_3_Y_A (V)	Demod_3__R_A (V)	Demod_3__Theta_A (deg)	Demod_4_X_A (V)	Demod_4_Y_A (V)	Demod_4__R_A (V)	Demod_4__Theta_A (deg)	Timer_GET (s)	
200.000000	 1.000000	 0.000000	 -0.000000	 0.000000	 -90.000000	 0.156891	 -0.005961	 0.157004	 -2.175962	 0.000000	 -0.000191	 0.000191	 -90.000000	 0.156891	 -0.005961	 0.157004	 -2.175962	 326865.061172	
199.000000	 1.000000	 0.000000	 -0.000000	 0.000000	 -90.000000	 0.156819	 -0.006053	 0.156936	 -2.210581	 0.000000	 -0.000214	 0.000214	 -90.000000	 0.156819	 -0.006053	 0.156936	 -2.210581	 326866.489964	
198.000000	 1.000000	 0.000000	 -0.000000	 0.000000	 -90.000000	 0.157102	 -0.006145	 0.157222	 -2.239903	 0.000000	 0.001118	 0.001118	 90.000000	 0.157102	 -0.006145	 0.157222	 -2.239903	 326867.908000	
197.000000	 1.000000	 0.000000	 -0.000000	 0.000000	 -90.000000	 0.157101	 -0.006144	 0.157221	 -2.239716	 0.000000	 0.000061	 0.000061	 90.000000	 0.157101	 -0.006144	 0.157221	 -2.239716	 326869.348932	
196.000000	 1.000000	 0.000000	 -0.000000	 0.000000	 -90.000000	 0.156982	 -0.006224	 0.157105	 -2.270395	 0.000000	 0.001095	 0.001095	 90.000000	 0.156982	 -0.006224	 0.157105	 -2.270395	 326870.793051	
195.000000	 1.000000	 0.000000	 -0.000000	 0.000000	 -90.000000	 0.157021	 -0.006238	 0.157145	 -2.274999	 0.000000	 0.000968	 0.000968	 90.000000	 0.157021	 -0.006238	 0.157145	 -2.274999	 326872.247434	
194.000000	 1.000000	 0.000000	 -0.000000	 0.000000	 -90.000000	 0.157121	 -0.006194	 0.157243	 -2.257538	 0.000000	 0.001530	 0.001530	 90.000000	 0.157121	 -0.006194	 0.157243	 -2.257537	 326873.679951	
193.000000	 1.000000	 0.000000	 -0.000000	 0.000000	 -90.000000	 0.157110	 -0.006220	 0.157233	 -2.267052	 0.000000	 0.001144	 0.001144	 90.000000	 0.157110	 -0.006220	 0.157233	 -2.267051	 326875.099063	
192.000000	 1.000000	 0.000000	 -0.000000	 0.000000	 -90.000000	 0.157147	 -0.006204	 0.157269	 -2.260806	 0.000000	 0.001206	 0.001206	 90.000000	 0.157147	 -0.006204	 0.157269	 -2.260806	 326876.545908	
191.000000	 1.000000	 0.000000	 -0.000000	 0.000000	 -90.000000	 0.157154	 -0.006212	 0.157277	 -2.263598	 0.000000	 0.001257	 0.001257	 90.000000	 0.157154	 -0.006212	 0.157277	 -2.263598	 326877.988020	
190.000000	 1.000000	 0.000000	 -0.000000	 0.000000	 -90.000000	 0.157183	 -0.006209	 0.157306	 -2.261949	 0.000000	 0.001241	 0.001241	 90.000000	 0.157183	 -0.006209	 0.157306	 -2.261949	 326879.407350	
189.000000	 1.000000	 0.000000	 -0.000000	 0.000000	 -90.000000	 0.157211	 -0.006209	 0.157334	 -2.261880	 0.000000	 0.001090	 0.001090	 90.000000	 0.157211	 -0.006209	 0.157334	 -2.261881	 326880.868090	
188.000000	 1.000000	 0.000000	 -0.000000	 0.000000	 -90.000000	 0.157221	 -0.006212	 0.157344	 -2.262568	 0.000000	 -0.000147	 0.000147	 -90.000000	 0.157221	 -0.006212	 0.157344	 -2.262568	 326882.311462	
187.000000	 1.000000	 0.000000	 -0.000000	 0.000000	 -90.000000	 0.157256	 -0.006220	 0.157379	 -2.264908	 0.000000	 -0.000188	 0.000188	 -90.000000	 0.157256	 -0.006220	 0.157379	 -2.264908	 326883.742141	
186.000000	 1.000000	 0.000000	 -0.000000	 0.000000	 -90.000000	 0.157303	 -0.006222	 0.157426	 -2.264974	 0.000000	 0.001879	 0.001879	 90.000000	 0.157304	 -0.006221	 0.157427	 -2.264716	 326885.176742	
185.000000	 1.000000	 0.000000	 -0.000000	 0.000000	 -90.000000	 0.157303	 -0.006221	 0.157426	 -2.264676	 0.000000	 0.001732	 0.001732	 90.000000	 0.157303	 -0.006221	 0.157426	 -2.264676	 326886.659495	
184.000000	 1.000000	 0.000000	 -0.000000	 0.000000	 -90.000000	 0.157349	 -0.006223	 0.157472	 -2.264817	 0.000000	 0.001482	 0.001482	 90.000000	 0.157349	 -0.006223	 0.157472	 -2.264817	 326888.108285	
183.000000	 1.000000	 0.000000	 -0.000000	 0.000000	 -90.000000	 0.157363	 -0.006229	 0.157486	 -2.266759	 0.000000	 0.001377	 0.001377	 90.000000	 0.157363	 -0.006229	 0.157486	 -2.266759	 326889.565912	
182.000000	 1.000000	 0.000000	 -0.000000	 0.000000	 -90.000000	 0.157388	 -0.006242	 0.157512	 -2.270975	 0.000000	 0.000971	 0.000971	 90.000000	 0.157388	 -0.006242	 0.157512	 -2.270975	 326890.998121	
181.000000	 1.000000	 0.000000	 -0.000000	 0.000000	 -90.000000	 0.157418	 -0.006241	 0.157541	 -2.270244	 0.000000	 0.001054	 0.001054	 90.000000	 0.157420	 -0.006238	 0.157543	 -2.269372	 326892.418924	
180.000000	 1.000000	 0.000000	 -0.000000	 0.000000	 -90.000000	 0.157446	 -0.006250	 0.157570	 -2.273120	 0.000000	 0.004754	 0.004754	 90.000000	 0.157446	 -0.006250	 0.157570	 -2.273120	 326893.857477	
179.000000	 1.000000	 0.000000	 -0.000000	 0.000000	 -90.000000	 0.157470	 -0.006249	 0.157594	 -2.272375	 0.000000	 0.002369	 0.002369	 90.000000	 0.157470	 -0.006249	 0.157594	 -2.272375	 326895.273608	
178.000000	 1.000000	 0.000000	 -0.000000	 0.000000	 -90.000000	 0.157450	 -0.006244	 0.157574	 -2.271031	 0.000000	 0.001707	 0.001707	 90.000000	 0.157450	 -0.006244	 0.157574	 -2.271031	 326896.683820	
177.000000	 1.000000	 0.000000	 -0.000000	 0.000000	 -90.000000	 0.157476	 -0.006206	 0.157598	 -2.256659	 0.000000	 0.001608	 0.001608	 90.000000	 0.157476	 -0.006206	 0.157598	 -2.256659	 326898.119137	
176.000000	 1.000000	 0.000000	 -0.000000	 0.000000	 -90.000000	 0.157556	 -0.006271	 0.157681	 -2.279435	 0.000000	 0.001640	 0.001640	 90.000000	 0.157556	 -0.006271	 0.157681	 -2.279435	 326899.572393	
175.000000	 1.000000	 0.000000	 -0.000000	 0.000000	 -90.000000	 0.157550	 -0.006255	 0.157674	 -2.273584	 0.000000	 0.001706	 0.001706	 90.000000	 0.157550	 -0.006255	 0.157674	 -2.273584	 326901.010953	
174.000000	 1.000000	 0.000000	 -0.000000	 0.000000	 -90.000000	 0.157612	 -0.006243	 0.157735	 -2.268405	 0.000000	 0.001657	 0.001657	 90.000000	 0.157612	 -0.006243	 0.157735	 -2.268405	 326902.443928	
173.000000	 1.000000	 0.000000	 -0.000000	 0.000000	 -90.000000	 0.157674	 -0.006248	 0.157798	 -2.269135	 0.000000	 0.001208	 0.001208	 90.000000	 0.157674	 -0.006250	 0.157798	 -2.269942	 326903.900791	
172.000000	 1.000000	 0.000000	 -0.000000	 0.000000	 -90.000000	 0.157660	 -0.006209	 0.157782	 -2.255243	 0.000000	 0.000685	 0.000685	 90.000000	 0.157660	 -0.006209	 0.157782	 -2.255243	 326905.380799	
171.000000	 1.000000	 0.000000	 -0.000000	 0.000000	 -90.000000	 0.157687	 -0.006264	 0.157811	 -2.274698	 0.000000	 0.002261	 0.002261	 90.000000	 0.157687	 -0.006264	 0.157811	 -2.274698	 326906.814730	
170.000000	 1.000000	 0.000000	 -0.000000	 0.000000	 -90.000000	 0.157688	 -0.006211	 0.157810	 -2.255509	 0.000000	 0.002092	 0.002092	 90.000000	 0.157688	 -0.006211	 0.157810	 -2.255509	 326908.240444	
169.000000	 1.000000	 0.000000	 -0.000000	 0.000000	 -90.000000	 0.157711	 -0.006213	 0.157833	 -2.255887	 0.000000	 0.001923	 0.001923	 90.000000	 0.157711	 -0.006213	 0.157833	 -2.255887	 326909.667973	
168.000000	 1.000000	 0.000000	 -0.000000	 0.000000	 -90.000000	 0.157751	 -0.006235	 0.157875	 -2.263571	 0.000000	 0.001773	 0.001773	 90.000000	 0.157752	 -0.006238	 0.157875	 -2.264533	 326911.105883	
167.000000	 1.000000	 0.000000	 -0.000000	 0.000000	 -90.000000	 0.157792	 -0.006231	 0.157915	 -2.261393	 0.000000	 0.001746	 0.001746	 90.000000	 0.157792	 -0.006231	 0.157915	 -2.261393	 326912.535971	
166.000000	 1.000000	 0.000000	 -0.000000	 0.000000	 -90.000000	 0.157831	 -0.006235	 0.157954	 -2.262427	 0.000000	 0.001824	 0.001824	 90.000000	 0.157831	 -0.006235	 0.157954	 -2.262427	 326914.009371	
165.000000	 1.000000	 0.000000	 -0.000000	 0.000000	 -90.000000	 0.157817	 -0.006226	 0.157940	 -2.259077	 0.000000	 0.001829	 0.001829	 90.000000	 0.157817	 -0.006226	 0.157940	 -2.259077	 326915.418464	
164.000000	 1.000000	 0.000000	 -0.000000	 0.000000	 -90.000000	 0.157882	 -0.006266	 0.158007	 -2.272792	 0.000000	 0.001864	 0.001864	 90.000000	 0.157882	 -0.006266	 0.158007	 -2.272792	 326916.860958	
163.000000	 1.000000	 0.000000	 -0.000000	 0.000000	 -90.000000	 0.157875	 -0.006259	 0.157999	 -2.270462	 0.000000	 0.001862	 0.001862	 90.000000	 0.157875	 -0.006259	 0.157999	 -2.270462	 326918.322024	
162.000000	 1.000000	 0.000000	 -0.000000	 0.000000	 -90.000000	 0.157921	 -0.006268	 0.158045	 -2.273051	 0.000000	 0.001912	 0.001912	 90.000000	 0.157921	 -0.006268	 0.158045	 -2.273051	 326919.793926	
161.000000	 1.000000	 0.000000	 -0.000000	 0.000000	 -90.000000	 0.157942	 -0.006204	 0.158063	 -2.249453	 0.000000	 0.001932	 0.001932	 90.000000	 0.157942	 -0.006204	 0.158063	 -2.249453	 326921.254844	
160.000000	 1.000000	 0.000000	 -0.000000	 0.000000	 -90.000000	 0.157973	 -0.006214	 0.158095	 -2.252740	 0.000000	 0.001935	 0.001935	 90.000000	 0.157973	 -0.006214	 0.158095	 -2.252740	 326922.709693	
159.000000	 1.000000	 0.000000	 -0.000000	 0.000000	 -90.000000	 0.158046	 -0.006181	 0.158167	 -2.239485	 0.000000	 0.001816	 0.001816	 90.000000	 0.158046	 -0.006181	 0.158167	 -2.239485	 326924.154499	
158.000000	 1.000000	 0.000000	 -0.000000	 0.000000	 -90.000000	 0.158077	 -0.006148	 0.158197	 -2.227302	 0.000000	 0.001560	 0.001560	 90.000000	 0.158077	 -0.006148	 0.158197	 -2.227302	 326925.625097	
157.000000	 1.000000	 0.000000	 -0.000000	 0.000000	 -90.000000	 0.158281	 -0.006265	 0.158405	 -2.266790	 0.000000	 0.002829	 0.002829	 90.000000	 0.158296	 -0.006221	 0.158419	 -2.250665	 326927.035623	
156.000000	 1.000000	 0.000000	 -0.000000	 0.000000	 -90.000000	 0.158206	 -0.005978	 0.158319	 -2.164127	 0.000000	 0.002863	 0.002863	 90.000000	 0.158164	 -0.005939	 0.158276	 -2.150276	 326928.477241	
155.000000	 1.000000	 0.000000	 -0.000000	 0.000000	 -90.000000	 0.158497	 -0.006607	 0.158634	 -2.387003	 0.000000	 0.002916	 0.002916	 90.000000	 0.158497	 -0.006607	 0.158634	 -2.387003	 326929.916164	
154.000000	 1.000000	 0.000000	 -0.000000	 0.000000	 -90.000000	 0.158575	 -0.006760	 0.158719	 -2.440937	 0.000000	 0.002234	 0.002234	 90.000000	 0.158575	 -0.006760	 0.158719	 -2.440937	 326931.379128	
153.000000	 1.000000	 0.000000	 -0.000000	 0.000000	 -90.000000	 0.158261	 -0.005365	 0.158352	 -1.941432	 0.000000	 0.002047	 0.002047	 90.000000	 0.158261	 -0.005365	 0.158352	 -1.941432	 326932.861224	
152.000000	 1.000000	 0.000000	 -0.000000	 0.000000	 -90.000000	 0.159224	 -0.006697	 0.159365	 -2.408566	 0.000000	 0.002042	 0.002042	 90.000000	 0.159224	 -0.006697	 0.159365	 -2.408566	 326934.376161	
151.000000	 1.000000	 0.000000	 -0.000000	 0.000000	 -90.000000	 0.158064	 -0.005011	 0.158143	 -1.815900	 0.000000	 0.001997	 0.001997	 90.000000	 0.158064	 -0.005011	 0.158143	 -1.815900	 326935.830971	
150.000000	 1.000000	 0.000000	 -0.000000	 0.000000	 -90.000000	 0.159490	 -0.005754	 0.159594	 -2.066165	 0.000000	 0.000667	 0.000667	 90.000000	 0.159492	 -0.005757	 0.159595	 -2.067091	 326937.267637	
149.000000	 1.000000	 0.000000	 -0.000000	 0.000000	 -90.000000	 0.157950	 -0.005063	 0.158031	 -1.836090	 0.000000	 0.001768	 0.001768	 90.000000	 0.157967	 -0.005057	 0.158048	 -1.833405	 326938.712440	
148.000000	 1.000000	 0.000000	 -0.000000	 0.000000	 -90.000000	 0.159429	 -0.006299	 0.159553	 -2.262515	 0.000000	 0.001305	 0.001305	 90.000000	 0.159432	 -0.006331	 0.159557	 -2.273840	 326940.173117	
147.000000	 1.000000	 0.000000	 -0.000000	 0.000000	 -90.000000	 0.159028	 -0.005652	 0.159128	 -2.035614	 0.000000	 0.003238	 0.003238	 90.000000	 0.159061	 -0.005675	 0.159162	 -2.043302	 326941.597453	
146.000000	 1.000000	 0.000000	 -0.000000	 0.000000	 -90.000000	 0.158238	 -0.006926	 0.158390	 -2.506345	 0.000000	 0.002291	 0.002291	 90.000000	 0.158238	 -0.006926	 0.158390	 -2.506345	 326943.070900	
145.000000	 1.000000	 0.000000	 -0.000000	 0.000000	 -90.000000	 0.158679	 -0.006685	 0.158820	 -2.412386	 0.000000	 0.002159	 0.002159	 90.000000	 0.158679	 -0.006685	 0.158820	 -2.412386	 326944.505689	
144.000000	 1.000000	 0.000000	 -0.000000	 0.000000	 -90.000000	 0.158599	 -0.005964	 0.158711	 -2.153628	 0.000000	 0.002128	 0.002128	 90.000000	 0.158599	 -0.005964	 0.158711	 -2.153628	 326945.922805	
143.000000	 1.000000	 0.000000	 -0.000000	 0.000000	 -90.000000	 0.158663	 -0.006164	 0.158783	 -2.224968	 0.000000	 0.002154	 0.002154	 90.000000	 0.158697	 -0.006191	 0.158818	 -2.234203	 326947.362865	
142.000000	 1.000000	 0.000000	 -0.000000	 0.000000	 -90.000000	 0.158425	 -0.006204	 0.158546	 -2.242491	 0.000000	 0.002188	 0.002188	 90.000000	 0.158425	 -0.006204	 0.158546	 -2.242491	 326948.801012	
141.000000	 1.000000	 0.000000	 -0.000000	 0.000000	 -90.000000	 0.158602	 -0.006165	 0.158722	 -2.225997	 0.000000	 0.002120	 0.002120	 90.000000	 0.158602	 -0.006165	 0.158722	 -2.225997	 326950.252868	
140.000000	 1.000000	 0.000000	 -0.000000	 0.000000	 -90.000000	 0.158611	 -0.006288	 0.158735	 -2.270226	 0.000000	 0.002185	 0.002185	 90.000000	 0.158611	 -0.006288	 0.158735	 -2.270226	 326951.712418	
139.000000	 1.000000	 0.000000	 -0.000000	 0.000000	 -90.000000	 0.158667	 -0.006294	 0.158791	 -2.271479	 0.000000	 0.002070	 0.002070	 90.000000	 0.158667	 -0.006294	 0.158791	 -2.271479	 326953.186558	
138.000000	 1.000000	 0.000000	 -0.000000	 0.000000	 -90.000000	 0.158693	 -0.006280	 0.158817	 -2.266020	 0.000000	 0.002025	 0.002025	 90.000000	 0.158693	 -0.006280	 0.158817	 -2.266020	 326954.624824	
137.000000	 1.000000	 0.000000	 -0.000000	 0.000000	 -90.000000	 0.158738	 -0.006252	 0.158861	 -2.255306	 0.000000	 0.002031	 0.002031	 90.000000	 0.158738	 -0.006252	 0.158861	 -2.255306	 326956.116299	
136.000000	 1.000000	 0.000000	 -0.000000	 0.000000	 -90.000000	 0.158748	 -0.006256	 0.158871	 -2.256854	 0.000000	 0.002940	 0.002940	 90.000000	 0.158755	 -0.006256	 0.158878	 -2.256490	 326957.554337	
135.000000	 1.000000	 0.000000	 -0.000000	 0.000000	 -90.000000	 0.158778	 -0.006280	 0.158902	 -2.265092	 0.000000	 0.002871	 0.002871	 90.000000	 0.158778	 -0.006280	 0.158902	 -2.265092	 326959.027774	
134.000000	 1.000000	 0.000000	 -0.000000	 0.000000	 -90.000000	 0.158813	 -0.006231	 0.158936	 -2.246721	 0.000000	 0.002278	 0.002278	 90.000000	 0.158813	 -0.006231	 0.158936	 -2.246721	 326960.464496	
133.000000	 1.000000	 0.000000	 -0.000000	 0.000000	 -90.000000	 0.158852	 -0.006245	 0.158975	 -2.251170	 0.000000	 0.002194	 0.002194	 90.000000	 0.158852	 -0.006245	 0.158975	 -2.251170	 326961.918682	
132.000000	 1.000000	 0.000000	 -0.000000	 0.000000	 -90.000000	 0.158906	 -0.006257	 0.159029	 -2.254907	 0.000000	 0.002154	 0.002154	 90.000000	 0.158906	 -0.006257	 0.159029	 -2.254907	 326963.375249	
131.000000	 1.000000	 0.000000	 -0.000000	 0.000000	 -90.000000	 0.158905	 -0.006215	 0.159027	 -2.239604	 0.000000	 0.002248	 0.002248	 90.000000	 0.158904	 -0.006217	 0.159026	 -2.240387	 326964.798486	
130.000000	 1.000000	 0.000000	 -0.000000	 0.000000	 -90.000000	 0.158954	 -0.006266	 0.159078	 -2.257360	 0.000000	 0.001985	 0.001985	 90.000000	 0.158954	 -0.006266	 0.159078	 -2.257360	 326966.270560	
129.000000	 1.000000	 0.000000	 -0.000000	 0.000000	 -90.000000	 0.159011	 -0.006272	 0.159135	 -2.258618	 0.000000	 0.001930	 0.001930	 90.000000	 0.159011	 -0.006272	 0.159135	 -2.258618	 326967.732221	
128.000000	 1.000000	 0.000000	 -0.000000	 0.000000	 -90.000000	 0.159059	 -0.006226	 0.159181	 -2.241553	 0.000000	 0.002993	 0.002993	 90.000000	 0.159059	 -0.006226	 0.159181	 -2.241553	 326969.230804	
127.000000	 1.000000	 0.000000	 -0.000000	 0.000000	 -90.000000	 0.159043	 -0.006243	 0.159166	 -2.247926	 0.000000	 0.001971	 0.001971	 90.000000	 0.159040	 -0.006241	 0.159162	 -2.247096	 326970.665614	
126.000000	 1.000000	 0.000000	 -0.000000	 0.000000	 -90.000000	 0.159110	 -0.006237	 0.159232	 -2.244706	 0.000000	 0.002686	 0.002686	 90.000000	 0.159110	 -0.006237	 0.159232	 -2.244706	 326972.110382	
125.000000	 1.000000	 0.000000	 -0.000000	 0.000000	 -90.000000	 0.159175	 -0.006213	 0.159296	 -2.235303	 0.000000	 0.002057	 0.002057	 90.000000	 0.159175	 -0.006213	 0.159296	 -2.235302	 326973.558826	
124.000000	 1.000000	 0.000000	 -0.000000	 0.000000	 -90.000000	 0.159153	 -0.006173	 0.159273	 -2.221098	 0.000000	 0.001964	 0.001964	 90.000000	 0.159153	 -0.006173	 0.159273	 -2.221098	 326975.001945	
123.000000	 1.000000	 0.000000	 -0.000000	 0.000000	 -90.000000	 0.159213	 -0.006235	 0.159335	 -2.242696	 0.000000	 0.000772	 0.000772	 90.000000	 0.159213	 -0.006235	 0.159335	 -2.242696	 326976.451143	
122.000000	 1.000000	 0.000000	 -0.000000	 0.000000	 -90.000000	 0.159229	 -0.006196	 0.159349	 -2.228430	 0.000000	 0.002698	 0.002698	 90.000000	 0.159226	 -0.006199	 0.159347	 -2.229340	 326977.899916	
121.000000	 1.000000	 0.000000	 -0.000000	 0.000000	 -90.000000	 0.159286	 -0.006212	 0.159407	 -2.233390	 0.000000	 0.004239	 0.004239	 90.000000	 0.159283	 -0.006213	 0.159404	 -2.233709	 326979.358866	
120.000000	 1.000000	 0.000000	 -0.000000	 0.000000	 -90.000000	 0.159378	 -0.006150	 0.159496	 -2.209767	 0.000000	 0.003023	 0.003023	 90.000000	 0.159378	 -0.006150	 0.159496	 -2.209767	 326980.848588	
119.000000	 1.000000	 0.000000	 -0.000000	 0.000000	 -90.000000	 0.159386	 -0.006158	 0.159505	 -2.212714	 0.000000	 0.003160	 0.003160	 90.000000	 0.159386	 -0.006158	 0.159505	 -2.212714	 326982.263879	
118.000000	 1.000000	 0.000000	 -0.000000	 0.000000	 -90.000000	 0.159382	 -0.006184	 0.159502	 -2.221917	 0.000000	 0.003640	 0.003640	 90.000000	 0.159382	 -0.006184	 0.159502	 -2.221917	 326983.707201	
117.000000	 1.000000	 0.000000	 -0.000000	 0.000000	 -90.000000	 0.159443	 -0.006215	 0.159564	 -2.232183	 0.000000	 0.002440	 0.002440	 90.000000	 0.159443	 -0.006215	 0.159564	 -2.232183	 326985.160194	
116.000000	 1.000000	 0.000000	 -0.000000	 0.000000	 -90.000000	 0.159501	 -0.006184	 0.159621	 -2.220465	 0.000000	 0.002359	 0.002359	 90.000000	 0.159501	 -0.006186	 0.159621	 -2.220880	 326986.606113	
115.000000	 1.000000	 0.000000	 -0.000000	 0.000000	 -90.000000	 0.159497	 -0.006195	 0.159618	 -2.224344	 0.000000	 0.002283	 0.002283	 90.000000	 0.159497	 -0.006195	 0.159618	 -2.224345	 326988.071203	
114.000000	 1.000000	 0.000000	 -0.000000	 0.000000	 -90.000000	 0.159637	 -0.006156	 0.159755	 -2.208444	 0.000000	 0.002378	 0.002378	 90.000000	 0.159637	 -0.006156	 0.159755	 -2.208444	 326989.510591	
113.000000	 1.000000	 0.000000	 -0.000000	 0.000000	 -90.000000	 0.159636	 -0.006159	 0.159755	 -2.209620	 0.000000	 0.002323	 0.002323	 90.000000	 0.159636	 -0.006159	 0.159755	 -2.209620	 326990.952126	
112.000000	 1.000000	 0.000000	 -0.000000	 0.000000	 -90.000000	 0.159698	 -0.006148	 0.159816	 -2.204583	 0.000000	 0.002310	 0.002310	 90.000000	 0.159699	 -0.006147	 0.159817	 -2.204313	 326992.411243	
111.000000	 1.000000	 0.000000	 -0.000000	 0.000000	 -90.000000	 0.159716	 -0.006191	 0.159836	 -2.219755	 0.000000	 0.002374	 0.002374	 90.000000	 0.159716	 -0.006191	 0.159836	 -2.219756	 326993.886090	
110.000000	 1.000000	 0.000000	 -0.000000	 0.000000	 -90.000000	 0.159771	 -0.006184	 0.159890	 -2.216554	 0.000000	 0.002339	 0.002339	 90.000000	 0.159771	 -0.006184	 0.159890	 -2.216554	 326995.324567	
109.000000	 1.000000	 0.000000	 -0.000000	 0.000000	 -90.000000	 0.159816	 -0.006160	 0.159934	 -2.207197	 0.000000	 0.002371	 0.002371	 90.000000	 0.159816	 -0.006160	 0.159934	 -2.207197	 326996.742737	
108.000000	 1.000000	 0.000000	 -0.000000	 0.000000	 -90.000000	 0.159855	 -0.006147	 0.159973	 -2.201966	 0.000000	 0.002211	 0.002211	 90.000000	 0.159855	 -0.006147	 0.159973	 -2.201966	 326998.217688	
107.000000	 1.000000	 0.000000	 -0.000000	 0.000000	 -90.000000	 0.159882	 -0.006200	 0.160002	 -2.220799	 0.000000	 0.003088	 0.003088	 90.000000	 0.159885	 -0.006207	 0.160006	 -2.223043	 326999.671625	
106.000000	 1.000000	 0.000000	 -0.000000	 0.000000	 -90.000000	 0.159932	 -0.006195	 0.160052	 -2.218139	 0.000000	 0.003982	 0.003982	 90.000000	 0.159932	 -0.006195	 0.160052	 -2.218139	 327001.134408	
105.000000	 1.000000	 0.000000	 -0.000000	 0.000000	 -90.000000	 0.160060	 -0.006084	 0.160176	 -2.176869	 0.000000	 0.002788	 0.002788	 90.000000	 0.160060	 -0.006084	 0.160176	 -2.176869	 327002.602924	
104.000000	 1.000000	 0.000000	 -0.000000	 0.000000	 -90.000000	 0.160111	 -0.006053	 0.160226	 -2.165160	 0.000000	 0.002072	 0.002072	 90.000000	 0.160111	 -0.006053	 0.160226	 -2.165160	 327004.094638	
103.000000	 1.000000	 0.000000	 -0.000000	 0.000000	 -90.000000	 0.159911	 -0.005952	 0.160022	 -2.131565	 0.000000	 0.001952	 0.001952	 90.000000	 0.159911	 -0.005952	 0.160022	 -2.131565	 327005.517065	
102.000000	 1.000000	 0.000000	 -0.000000	 0.000000	 -90.000000	 0.160059	 -0.005811	 0.160164	 -2.079291	 0.000000	 0.001870	 0.001870	 90.000000	 0.160047	 -0.005811	 0.160153	 -2.079407	 327006.965993	
101.000000	 1.000000	 0.000000	 -0.000000	 0.000000	 -90.000000	 0.159920	 -0.006046	 0.160034	 -2.165198	 0.000000	 0.001822	 0.001822	 90.000000	 0.159920	 -0.006046	 0.160034	 -2.165198	 327008.424525	
100.000000	 1.000000	 0.000000	 -0.000000	 0.000000	 -90.000000	 0.160080	 -0.005751	 0.160183	 -2.057530	 0.000000	 0.001628	 0.001628	 90.000000	 0.160080	 -0.005751	 0.160183	 -2.057530	 327009.854400	
99.000000	 1.000000	 0.000000	 -0.000000	 0.000000	 -90.000000	 0.160000	 -0.005960	 0.160111	 -2.133107	 0.000000	 0.001829	 0.001829	 90.000000	 0.159999	 -0.005932	 0.160109	 -2.123200	 327011.295637	
98.000000	 1.000000	 0.000000	 -0.000000	 0.000000	 -90.000000	 0.160402	 -0.005838	 0.160508	 -2.084298	 0.000000	 0.001879	 0.001879	 90.000000	 0.160402	 -0.005838	 0.160508	 -2.084298	 327012.724852	
97.000000	 1.000000	 0.000000	 -0.000000	 0.000000	 -90.000000	 0.160403	 -0.005849	 0.160510	 -2.088252	 0.000000	 0.001930	 0.001930	 90.000000	 0.160403	 -0.005849	 0.160510	 -2.088252	 327014.147445	
96.000000	 1.000000	 0.000000	 -0.000000	 0.000000	 -90.000000	 0.160263	 -0.006020	 0.160376	 -2.151198	 0.000000	 0.001926	 0.001926	 90.000000	 0.160263	 -0.006020	 0.160376	 -2.151198	 327015.581904	
95.000000	 1.000000	 0.000000	 -0.000000	 0.000000	 -90.000000	 0.160346	 -0.005945	 0.160456	 -2.123259	 0.000000	 0.001975	 0.001975	 90.000000	 0.160346	 -0.005945	 0.160456	 -2.123258	 327017.059261	
94.000000	 1.000000	 0.000000	 -0.000000	 0.000000	 -90.000000	 0.160499	 -0.005853	 0.160605	 -2.088530	 0.000000	 0.001846	 0.001846	 90.000000	 0.160499	 -0.005853	 0.160605	 -2.088530	 327018.495994	
93.000000	 1.000000	 0.000000	 -0.000000	 0.000000	 -90.000000	 0.160575	 -0.005849	 0.160682	 -2.086183	 0.000000	 0.000427	 0.000427	 90.000000	 0.160575	 -0.005849	 0.160682	 -2.086183	 327019.953915	
92.000000	 1.000000	 0.000000	 -0.000000	 0.000000	 -90.000000	 0.160643	 -0.005931	 0.160752	 -2.114513	 0.000000	 0.002006	 0.002006	 90.000000	 0.160643	 -0.005931	 0.160752	 -2.114513	 327021.409728	
91.000000	 1.000000	 0.000000	 -0.000000	 0.000000	 -90.000000	 0.160685	 -0.005944	 0.160795	 -2.118648	 0.000000	 0.002724	 0.002724	 90.000000	 0.160685	 -0.005944	 0.160795	 -2.118648	 327022.898371	
90.000000	 1.000000	 0.000000	 -0.000000	 0.000000	 -90.000000	 0.160691	 -0.006062	 0.160805	 -2.160488	 0.000000	 0.002442	 0.002442	 90.000000	 0.160691	 -0.006062	 0.160805	 -2.160488	 327024.349911	
89.000000	 1.000000	 0.000000	 -0.000000	 0.000000	 -90.000000	 0.160788	 -0.006006	 0.160900	 -2.139082	 0.000000	 0.002514	 0.002514	 90.000000	 0.160783	 -0.006000	 0.160895	 -2.137101	 327025.807121	
88.000000	 1.000000	 0.000000	 -0.000000	 0.000000	 -90.000000	 0.160874	 -0.005914	 0.160982	 -2.105323	 0.000000	 0.002515	 0.002515	 90.000000	 0.160865	 -0.005910	 0.160974	 -2.104114	 327027.255700	
87.000000	 1.000000	 0.000000	 -0.000000	 0.000000	 -90.000000	 0.160977	 -0.006068	 0.161092	 -2.158799	 0.000000	 0.002511	 0.002511	 90.000000	 0.160981	 -0.006066	 0.161095	 -2.158004	 327028.681190	
86.000000	 1.000000	 0.000000	 -0.000000	 0.000000	 -90.000000	 0.160959	 -0.005894	 0.161067	 -2.097142	 0.000000	 0.002537	 0.002537	 90.000000	 0.160959	 -0.005894	 0.161067	 -2.097142	 327030.115193	
85.000000	 1.000000	 0.000000	 -0.000000	 0.000000	 -90.000000	 0.160993	 -0.005851	 0.161099	 -2.081433	 0.000000	 0.002537	 0.002537	 90.000000	 0.160993	 -0.005851	 0.161099	 -2.081433	 327031.547547	
84.000000	 1.000000	 0.000000	 -0.000000	 0.000000	 -90.000000	 0.161049	 -0.005898	 0.161157	 -2.097425	 0.000000	 0.002519	 0.002519	 90.000000	 0.161049	 -0.005898	 0.161157	 -2.097425	 327032.969239	
83.000000	 1.000000	 0.000000	 -0.000000	 0.000000	 -90.000000	 0.161060	 -0.005889	 0.161168	 -2.093876	 0.000000	 0.002502	 0.002502	 90.000000	 0.161060	 -0.005889	 0.161168	 -2.093877	 327034.409059	
82.000000	 1.000000	 0.000000	 -0.000000	 0.000000	 -90.000000	 0.161258	 -0.005954	 0.161368	 -2.114443	 0.000000	 0.002535	 0.002535	 90.000000	 0.161258	 -0.005954	 0.161368	 -2.114443	 327035.852008	
81.000000	 1.000000	 0.000000	 -0.000000	 0.000000	 -90.000000	 0.161390	 -0.005827	 0.161495	 -2.067725	 0.000000	 0.002545	 0.002545	 90.000000	 0.161390	 -0.005827	 0.161495	 -2.067725	 327037.299255	
80.000000	 1.000000	 0.000000	 -0.000000	 0.000000	 -90.000000	 0.161326	 -0.005955	 0.161436	 -2.114007	 0.000000	 0.002509	 0.002509	 90.000000	 0.161326	 -0.005955	 0.161436	 -2.114007	 327038.783080	
79.000000	 1.000000	 0.000000	 -0.000000	 0.000000	 -90.000000	 0.161418	 -0.005845	 0.161524	 -2.073679	 0.000000	 0.002563	 0.002563	 90.000000	 0.161418	 -0.005845	 0.161524	 -2.073679	 327040.229302	
78.000000	 1.000000	 0.000000	 -0.000000	 0.000000	 -90.000000	 0.161413	 -0.005848	 0.161519	 -2.074814	 0.000000	 0.002528	 0.002528	 90.000000	 0.161413	 -0.005848	 0.161519	 -2.074814	 327041.685453	
77.000000	 1.000000	 0.000000	 -0.000000	 0.000000	 -90.000000	 0.161546	 -0.005797	 0.161650	 -2.055284	 0.000000	 0.002508	 0.002508	 90.000000	 0.161546	 -0.005797	 0.161650	 -2.055284	 327043.114804	
76.000000	 1.000000	 0.000000	 -0.000000	 0.000000	 -90.000000	 0.161602	 -0.005830	 0.161707	 -2.066104	 0.000000	 0.002530	 0.002530	 90.000000	 0.161602	 -0.005830	 0.161707	 -2.066104	 327044.557523	
75.000000	 1.000000	 0.000000	 -0.000000	 0.000000	 -90.000000	 0.161625	 -0.005583	 0.161721	 -1.978357	 0.000000	 0.002504	 0.002504	 90.000000	 0.161625	 -0.005583	 0.161721	 -1.978357	 327046.000713	
74.000000	 1.000000	 0.000000	 -0.000000	 0.000000	 -90.000000	 0.161610	 -0.005761	 0.161713	 -2.041649	 0.000000	 0.002547	 0.002547	 90.000000	 0.161610	 -0.005761	 0.161713	 -2.041649	 327047.445143	
73.000000	 1.000000	 0.000000	 -0.000000	 0.000000	 -90.000000	 0.161806	 -0.005877	 0.161913	 -2.079968	 0.000000	 0.002479	 0.002479	 90.000000	 0.161806	 -0.005877	 0.161913	 -2.079968	 327048.895596	
72.000000	 1.000000	 0.000000	 -0.000000	 0.000000	 -90.000000	 0.162065	 -0.005738	 0.162167	 -2.027712	 0.000000	 0.002521	 0.002521	 90.000000	 0.162065	 -0.005738	 0.162167	 -2.027712	 327050.364913	
71.000000	 1.000000	 0.000000	 -0.000000	 0.000000	 -90.000000	 0.162026	 -0.005620	 0.162123	 -1.986439	 0.000000	 0.002508	 0.002508	 90.000000	 0.162026	 -0.005620	 0.162123	 -1.986439	 327051.818796	
70.000000	 1.000000	 0.000000	 -0.000000	 0.000000	 -90.000000	 0.162052	 -0.005682	 0.162151	 -2.007983	 0.000000	 0.002582	 0.002582	 90.000000	 0.162052	 -0.005682	 0.162151	 -2.007983	 327053.264865	
69.000000	 1.000000	 0.000000	 -0.000000	 0.000000	 -90.000000	 0.162035	 -0.005614	 0.162133	 -1.984368	 0.000000	 0.002523	 0.002523	 90.000000	 0.162035	 -0.005614	 0.162133	 -1.984368	 327054.739806	
68.000000	 1.000000	 0.000000	 -0.000000	 0.000000	 -90.000000	 0.162142	 -0.005689	 0.162242	 -2.009432	 0.000000	 0.002539	 0.002539	 90.000000	 0.162138	 -0.005649	 0.162236	 -1.995534	 327056.178333	
67.000000	 1.000000	 0.000000	 -0.000000	 0.000000	 -90.000000	 0.162235	 -0.005711	 0.162335	 -2.016008	 0.000000	 0.002633	 0.002633	 90.000000	 0.162235	 -0.005711	 0.162335	 -2.016008	 327057.645085	
66.000000	 1.000000	 0.000000	 -0.000000	 0.000000	 -90.000000	 0.162392	 -0.005503	 0.162485	 -1.940752	 0.000000	 0.002627	 0.002627	 90.000000	 0.162392	 -0.005503	 0.162485	 -1.940752	 327059.088207	
65.000000	 1.000000	 0.000000	 -0.000000	 0.000000	 -90.000000	 0.162361	 -0.005417	 0.162451	 -1.911057	 0.000000	 0.002625	 0.002625	 90.000000	 0.162361	 -0.005417	 0.162451	 -1.911057	 327060.539431	
64.000000	 1.000000	 0.000000	 -0.000000	 0.000000	 -90.000000	 0.162804	 -0.005389	 0.162893	 -1.895751	 0.000000	 0.002598	 0.002598	 90.000000	 0.162804	 -0.005389	 0.162893	 -1.895751	 327061.953617	
63.000000	 1.000000	 0.000000	 -0.000000	 0.000000	 -90.000000	 0.162629	 -0.005164	 0.162711	 -1.818897	 0.000000	 0.002590	 0.002590	 90.000000	 0.162629	 -0.005164	 0.162711	 -1.818897	 327063.386180	
62.000000	 1.000000	 0.000000	 -0.000000	 0.000000	 -90.000000	 0.162850	 -0.006129	 0.162965	 -2.155435	 0.000000	 0.002556	 0.002556	 90.000000	 0.162850	 -0.006129	 0.162965	 -2.155435	 327064.824046	
61.000000	 1.000000	 0.000000	 -0.000000	 0.000000	 -90.000000	 0.163339	 -0.006487	 0.163468	 -2.274427	 0.000000	 0.002569	 0.002569	 90.000000	 0.163966	 -0.006826	 0.164108	 -2.383786	 327066.261295	
60.000000	 1.000000	 0.000000	 -0.000000	 0.000000	 -90.000000	 0.162049	 -0.002880	 0.162074	 -1.018111	 0.000000	 0.002558	 0.002558	 90.000000	 0.162049	 -0.002880	 0.162074	 -1.018111	 327067.701403	
59.000000	 1.000000	 0.000000	 -0.000000	 0.000000	 -90.000000	 0.165341	 -0.008197	 0.165544	 -2.838056	 0.000000	 0.002573	 0.002573	 90.000000	 0.166704	 -0.007991	 0.166895	 -2.744482	 327069.157499	
58.000000	 1.000000	 0.000000	 -0.000000	 0.000000	 -90.000000	 0.166749	 -0.012379	 0.167208	 -4.245690	 0.000000	 0.002544	 0.002544	 90.000000	 0.166749	 -0.012379	 0.167208	 -4.245690	 327070.660079	
57.000000	 1.000000	 0.000000	 -0.000000	 0.000000	 -90.000000	 0.158587	 0.005028	 0.158667	 1.816037	 0.000000	 0.002577	 0.002577	 90.000000	 0.158587	 0.005028	 0.158667	 1.816037	 327072.108174	
56.000000	 1.000000	 0.000000	 -0.000000	 0.000000	 -90.000000	 0.144179	 -0.000959	 0.144182	 -0.381180	 0.000000	 0.002529	 0.002529	 90.000000	 0.144179	 -0.000959	 0.144182	 -0.381180	 327073.554710	
55.000000	 1.000000	 0.000000	 -0.000000	 0.000000	 -90.000000	 0.187189	 -0.019046	 0.188156	 -5.809562	 0.000000	 0.002496	 0.002496	 90.000000	 0.187189	 -0.019046	 0.188156	 -5.809562	 327075.009912	
54.000000	 1.000000	 0.000000	 -0.000000	 0.000000	 -90.000000	 0.188273	 -0.037132	 0.191900	 -11.156988	 0.000000	 0.002561	 0.002561	 90.000000	 0.188273	 -0.037132	 0.191900	 -11.156988	 327076.472228	
53.000000	 1.000000	 0.000000	 -0.000000	 0.000000	 -90.000000	 0.150554	 0.045747	 0.157351	 16.901794	 0.000000	 0.002605	 0.002605	 90.000000	 0.150554	 0.045747	 0.157351	 16.901794	 327077.912029	
52.000000	 1.000000	 0.000000	 -0.000000	 0.000000	 -90.000000	 0.220068	 0.026409	 0.221647	 6.842872	 0.000000	 0.002096	 0.002096	 90.000000	 0.220068	 0.026409	 0.221647	 6.842872	 327079.370678	
51.000000	 1.000000	 0.000000	 -0.000000	 0.000000	 -90.000000	 0.103096	 0.036733	 0.109444	 19.610893	 0.000000	 0.001510	 0.001510	 90.000000	 0.103096	 0.036733	 0.109444	 19.610893	 327080.811426	
50.000000	 1.000000	 0.000000	 -0.000000	 0.000000	 -90.000000	 0.207205	 0.058808	 0.215389	 15.844699	 0.000000	 0.002596	 0.002596	 90.000000	 0.207205	 0.058808	 0.215389	 15.844699	 327082.259933	
49.000000	 1.000000	 0.000000	 -0.000000	 0.000000	 -90.000000	 0.126697	 0.059111	 0.139808	 25.011618	 0.000000	 0.002328	 0.002328	 90.000000	 0.126697	 0.059111	 0.139808	 25.011618	 327083.703330	
48.000000	 1.000000	 0.000000	 -0.000000	 0.000000	 -90.000000	 0.228259	 -0.013776	 0.228674	 -3.453838	 0.000000	 0.002967	 0.002967	 90.000000	 0.228137	 -0.017556	 0.228811	 -4.400363	 327085.106358	
47.000000	 1.000000	 0.000000	 -0.000000	 0.000000	 -90.000000	 0.219207	 -0.003025	 0.219228	 -0.790630	 0.000000	 0.002613	 0.002613	 90.000000	 0.219207	 -0.003025	 0.219228	 -0.790631	 327086.565241	
46.000000	 1.000000	 0.000000	 -0.000000	 0.000000	 -90.000000	 0.129627	 -0.022717	 0.131602	 -9.940168	 0.000000	 0.002567	 0.002567	 90.000000	 0.129627	 -0.022717	 0.131602	 -9.940168	 327088.002124	
45.000000	 1.000000	 0.000000	 -0.000000	 0.000000	 -90.000000	 0.139969	 -0.025042	 0.142191	 -10.143579	 0.000000	 0.002601	 0.002601	 90.000000	 0.139969	 -0.025042	 0.142191	 -10.143579	 327089.484921	
44.000000	 1.000000	 0.000000	 -0.000000	 0.000000	 -90.000000	 0.169626	 0.012236	 0.170067	 4.125913	 0.000000	 0.002584	 0.002584	 90.000000	 0.174691	 0.012361	 0.175128	 4.047592	 327090.927490	
43.000000	 1.000000	 0.000000	 -0.000000	 0.000000	 -90.000000	 0.173598	 0.001873	 0.173609	 0.617991	 0.000000	 0.002581	 0.002581	 90.000000	 0.173598	 0.001873	 0.173609	 0.617991	 327092.380494	
42.000000	 1.000000	 0.000000	 -0.000000	 0.000000	 -90.000000	 0.158057	 -0.003877	 0.158104	 -1.405055	 0.000000	 0.002526	 0.002526	 90.000000	 0.157302	 -0.001979	 0.157315	 -0.720906	 327093.815021	
41.000000	 1.000000	 0.000000	 -0.000000	 0.000000	 -90.000000	 0.168013	 -0.000947	 0.168016	 -0.322913	 0.000000	 0.002558	 0.002558	 90.000000	 0.168013	 -0.000947	 0.168016	 -0.322913	 327095.259509	
40.000000	 1.000000	 0.000000	 -0.000000	 0.000000	 -90.000000	 0.163587	 -0.005648	 0.163684	 -1.977576	 0.000000	 0.002531	 0.002531	 90.000000	 0.163587	 -0.005648	 0.163684	 -1.977576	 327096.707921	
39.000000	 1.000000	 0.000000	 -0.000000	 0.000000	 -90.000000	 0.164591	 -0.002856	 0.164616	 -0.994061	 0.000000	 0.002593	 0.002593	 90.000000	 0.164591	 -0.002856	 0.164616	 -0.994061	 327098.159404	
38.000000	 1.000000	 0.000000	 -0.000000	 0.000000	 -90.000000	 0.164903	 -0.003740	 0.164945	 -1.299403	 0.000000	 0.002627	 0.002627	 90.000000	 0.164903	 -0.003740	 0.164945	 -1.299404	 327099.589004	
37.000000	 1.000000	 0.000000	 -0.000000	 0.000000	 -90.000000	 0.166113	 -0.003909	 0.166159	 -1.348103	 0.000000	 0.002621	 0.002621	 90.000000	 0.166113	 -0.003909	 0.166159	 -1.348103	 327101.046068	
36.000000	 1.000000	 0.000000	 -0.000000	 0.000000	 -90.000000	 0.165778	 -0.003611	 0.165817	 -1.247748	 0.000000	 0.002550	 0.002550	 90.000000	 0.165663	 -0.003415	 0.165698	 -1.180942	 327102.516773	
35.000000	 1.000000	 0.000000	 -0.000000	 0.000000	 -90.000000	 0.166186	 -0.003665	 0.166226	 -1.263242	 0.000000	 0.002591	 0.002591	 90.000000	 0.166186	 -0.003665	 0.166226	 -1.263242	 327103.922126	
34.000000	 1.000000	 0.000000	 -0.000000	 0.000000	 -90.000000	 0.166341	 -0.003420	 0.166376	 -1.177789	 0.000000	 0.002614	 0.002614	 90.000000	 0.166341	 -0.003420	 0.166376	 -1.177789	 327105.374506	
33.000000	 1.000000	 0.000000	 -0.000000	 0.000000	 -90.000000	 0.166554	 -0.003291	 0.166586	 -1.131858	 0.000000	 0.002525	 0.002525	 90.000000	 0.166554	 -0.003291	 0.166586	 -1.131858	 327106.824551	
32.000000	 1.000000	 0.000000	 -0.000000	 0.000000	 -90.000000	 0.166562	 -0.003135	 0.166592	 -1.078269	 0.000000	 0.002541	 0.002541	 90.000000	 0.166562	 -0.003135	 0.166592	 -1.078269	 327108.248318	
31.000000	 1.000000	 0.000000	 -0.000000	 0.000000	 -90.000000	 0.166763	 -0.003061	 0.166791	 -1.051470	 0.000000	 0.002555	 0.002555	 90.000000	 0.166763	 -0.003061	 0.166791	 -1.051470	 327109.672350	
30.000000	 1.000000	 0.000000	 -0.000000	 0.000000	 -90.000000	 0.167034	 -0.002844	 0.167058	 -0.975508	 0.000000	 0.002569	 0.002569	 90.000000	 0.167058	 -0.002861	 0.167083	 -0.981305	 327111.134832	
29.000000	 1.000000	 0.000000	 -0.000000	 0.000000	 -90.000000	 0.167159	 -0.002675	 0.167180	 -0.916673	 0.000000	 0.002573	 0.002573	 90.000000	 0.167159	 -0.002675	 0.167180	 -0.916673	 327112.584354	
28.000000	 1.000000	 0.000000	 -0.000000	 0.000000	 -90.000000	 0.167311	 -0.002475	 0.167329	 -0.847360	 0.000000	 0.002663	 0.002663	 90.000000	 0.167311	 -0.002475	 0.167329	 -0.847360	 327114.005850	
27.000000	 1.000000	 0.000000	 -0.000000	 0.000000	 -90.000000	 0.167700	 -0.002190	 0.167715	 -0.748223	 0.000000	 0.002709	 0.002709	 90.000000	 0.167700	 -0.002190	 0.167715	 -0.748223	 327115.447905	
26.000000	 1.000000	 0.000000	 -0.000000	 0.000000	 -90.000000	 0.167904	 -0.001866	 0.167915	 -0.636657	 0.000000	 0.002309	 0.002309	 90.000000	 0.167904	 -0.001866	 0.167915	 -0.636657	 327116.890695	
25.000000	 1.000000	 0.000000	 -0.000000	 0.000000	 -90.000000	 0.168127	 -0.001519	 0.168134	 -0.517587	 0.000000	 0.002822	 0.002822	 90.000000	 0.168125	 -0.001512	 0.168132	 -0.515275	 327118.308044	
24.000000	 1.000000	 0.000000	 -0.000000	 0.000000	 -90.000000	 0.168574	 -0.001242	 0.168579	 -0.422163	 0.000000	 0.002247	 0.002247	 90.000000	 0.168574	 -0.001242	 0.168579	 -0.422164	 327119.743548	
23.000000	 1.000000	 0.000000	 -0.000000	 0.000000	 -90.000000	 0.168549	 -0.000941	 0.168551	 -0.319846	 0.000000	 0.002384	 0.002384	 90.000000	 0.168547	 -0.000936	 0.168550	 -0.318140	 327121.178827	
22.000000	 1.000000	 0.000000	 -0.000000	 0.000000	 -90.000000	 0.168943	 -0.000462	 0.168943	 -0.156680	 0.000000	 0.002683	 0.002683	 90.000000	 0.168943	 -0.000462	 0.168943	 -0.156680	 327122.643644	
21.000000	 1.000000	 0.000000	 -0.000000	 0.000000	 -90.000000	 0.169180	 0.000047	 0.169180	 0.015772	 0.000000	 0.002653	 0.002653	 90.000000	 0.169186	 0.000048	 0.169186	 0.016404	 327124.119184	
20.000000	 1.000000	 0.000000	 -0.000000	 0.000000	 -90.000000	 0.169495	 0.000406	 0.169495	 0.137088	 0.000000	 0.002624	 0.002624	 90.000000	 0.169495	 0.000406	 0.169495	 0.137088	 327125.520159	
19.000000	 1.000000	 0.000000	 -0.000000	 0.000000	 -90.000000	 0.169795	 0.001002	 0.169798	 0.338213	 0.000000	 0.003199	 0.003199	 90.000000	 0.169750	 0.001026	 0.169753	 0.346463	 327126.965844	
18.000000	 1.000000	 0.000000	 -0.000000	 0.000000	 -90.000000	 0.170100	 0.001561	 0.170107	 0.525895	 0.000000	 0.002676	 0.002676	 90.000000	 0.170096	 0.001564	 0.170103	 0.526901	 327128.414709	
17.000000	 1.000000	 0.000000	 -0.000000	 0.000000	 -90.000000	 0.170362	 0.002309	 0.170378	 0.776529	 0.000000	 0.002530	 0.002530	 90.000000	 0.170362	 0.002309	 0.170378	 0.776529	 327129.872740	
16.000000	 1.000000	 0.000000	 -0.000000	 0.000000	 -90.000000	 0.170749	 0.003122	 0.170777	 1.047423	 0.000000	 0.002709	 0.002709	 90.000000	 0.170747	 0.003117	 0.170776	 1.045858	 327131.290691	
15.000000	 1.000000	 0.000000	 -0.000000	 0.000000	 -90.000000	 0.171016	 0.004030	 0.171063	 1.349999	 0.000000	 0.002784	 0.002784	 90.000000	 0.171019	 0.004026	 0.171066	 1.348445	 327132.728391	
14.000000	 1.000000	 0.000000	 -0.000000	 0.000000	 -90.000000	 0.171297	 0.005069	 0.171372	 1.694999	 0.000000	 0.002598	 0.002598	 90.000000	 0.171297	 0.005069	 0.171372	 1.694999	 327134.169266	
13.000000	 1.000000	 0.000000	 -0.000000	 0.000000	 -90.000000	 0.171557	 0.006273	 0.171672	 2.094072	 0.000000	 0.003585	 0.003585	 90.000000	 0.171557	 0.006273	 0.171672	 2.094072	 327135.597387	
12.000000	 1.000000	 0.000000	 -0.000000	 0.000000	 -90.000000	 0.171823	 0.007706	 0.171996	 2.568043	 0.000000	 0.005747	 0.005747	 90.000000	 0.171823	 0.007706	 0.171996	 2.568043	 327137.013512	
11.000000	 1.000000	 0.000000	 -0.000000	 0.000000	 -90.000000	 0.172072	 0.009416	 0.172330	 3.132241	 0.000000	 0.009644	 0.009644	 90.000000	 0.172072	 0.009416	 0.172330	 3.132241	 327138.453381	
10.000000	 1.000000	 0.000000	 -0.000000	 0.000000	 -90.000000	 0.172100	 0.011393	 0.172476	 3.787505	 0.000000	 -0.005681	 0.005681	 -90.000000	 0.172101	 0.011408	 0.172479	 3.792463	 327139.878355	
9.000000	 1.000000	 0.000000	 -0.000000	 0.000000	 -90.000000	 0.171982	 0.013794	 0.172534	 4.585642	 0.000000	 -0.012938	 0.012938	 -90.000000	 0.171982	 0.013794	 0.172534	 4.585642	 327141.311765	
8.000000	 1.000000	 0.000000	 -0.000000	 0.000000	 -90.000000	 0.171589	 0.016542	 0.172385	 5.506549	 0.000000	 -0.003312	 0.003312	 -90.000000	 0.171589	 0.016542	 0.172385	 5.506549	 327142.752341	
7.000000	 1.000000	 0.000000	 -0.000000	 0.000000	 -90.000000	 0.170482	 0.020028	 0.171654	 6.700289	 0.000000	 -0.051145	 0.051145	 -90.000000	 0.170482	 0.020028	 0.171654	 6.700289	 327144.174880	
6.000000	 1.000000	 0.000000	 -0.000000	 0.000000	 -90.000000	 0.168786	 0.025336	 0.170677	 8.536817	 0.000000	 0.027984	 0.027984	 90.000000	 0.168365	 0.025403	 0.170271	 8.580201	 327145.604290	
5.000000	 1.000000	 0.000000	 -0.000000	 0.000000	 -90.000000	 0.170538	 0.021148	 0.171845	 7.068875	 0.000000	 -0.139693	 0.139693	 -90.000000	 0.170538	 0.021148	 0.171845	 7.068874	 327147.047856	
4.000000	 1.000000	 0.000000	 -0.000000	 0.000000	 -90.000000	 0.145634	 0.034041	 0.149559	 13.156293	 0.000000	 -0.060362	 0.060362	 -90.000000	 0.145634	 0.034041	 0.149559	 13.156293	 327148.505212	
3.000000	 1.000000	 0.000000	 -0.000000	 0.000000	 -90.000000	 0.115552	 0.037605	 0.121517	 18.026943	 0.000000	 0.028254	 0.028254	 90.000000	 0.115552	 0.037605	 0.121517	 18.026943	 327149.936104	
2.000000	 1.000000	 0.000000	 -0.000000	 0.000000	 -90.000000	 0.071154	 0.099350	 0.122202	 54.390021	 0.000000	 -0.106868	 0.106868	 -90.000000	 0.071154	 0.099350	 0.122202	 54.390021	 327151.366562	
1.000000	 1.000000	 0.000000	 -0.000000	 0.000000	 -90.000000	 0.182095	 0.092814	 0.204385	 27.008111	 0.000000	 0.213345	 0.213345	 90.000000	 0.181466	 0.095523	 0.205072	 27.762118	 327152.793341	
