# Oscilator_frequency (Hz)	DemodAll_A (-)	Demod_1_X_A (A)	Demod_1_Y_A (A)	Demod_1__R_A (A)	Demod_1__Theta_A (deg)	Demod_2_X_A (A)	Demod_2_Y_A (A)	Demod_2__R_A (A)	Demod_2__Theta_A (deg)	Demod_3_X_A (V)	Demod_3_Y_A (V)	Demod_3__R_A (V)	Demod_3__Theta_A (deg)	Demod_4_X_A (V)	Demod_4_Y_A (V)	Demod_4__R_A (V)	Demod_4__Theta_A (deg)	Timer_GET (s)
1.0	1.0	0.0	0.0	0.0	-90.0	0.0	0.0	0.0	147.363799	0.0	-0.246378	0.246378	-90.0	-0.181202	0.154138	0.237892	139.614152	14056.613385
2.0	1.0	0.0	0.0	0.0	-90.0	0.0	0.0	0.0	11.672257	0.0	-1.765557	1.765557	-90.0	1.519812	0.240417	1.53871	8.989057	14055.20255
3.0	1.0	0.0	0.0	0.0	-90.0	0.0	0.0	0.0	57.558997	0.0	-1.269978	1.269978	-90.0	0.761224	0.674846	1.017291	41.557864	14053.752105
4.0	1.0	0.0	0.0	0.0	-90.0	0.0	0.0	0.0	-128.138545	0.0	-0.729052	0.729052	-90.0	0.201653	-0.425345	0.470725	-64.634723	14052.328042
5.0	1.0	0.0	0.0	0.0	-90.0	0.0	0.0	0.0	-117.768596	0.0	-0.853923	0.853923	-90.0	0.294692	-0.339604	0.449638	-49.05008	14050.886561
6.0	1.0	0.0	0.0	0.0	-90.0	0.0	0.0	0.0	8.661557	0.0	-1.208983	1.208983	-90.0	0.701152	-0.015098	0.701315	-1.233554	14049.450997
7.0	1.0	0.0	0.0	0.0	-90.0	0.0	0.0	0.0	-107.931519	0.0	-0.952699	0.952699	-90.0	0.394561	-0.189967	0.437911	-25.709183	14048.042794
8.0	1.0	0.0	0.0	0.0	-90.0	0.0	0.0	0.0	14.487224	0.0	-1.07931	1.07931	-90.0	0.544216	-0.03846	0.545573	-4.042379	14046.598146
9.0	1.0	0.0	0.0	0.0	-90.0	0.0	0.0	0.0	-58.903235	0.0	-1.034366	1.034366	-90.0	0.479498	-0.124125	0.495303	-14.513319	14045.15063
10.0	1.0	0.0	0.0	0.0	-90.0	0.0	0.0	0.0	-67.036645	0.0	-1.050366	1.050366	-90.0	0.49974	-0.065678	0.504037	-7.487119	14043.712954
11.0	1.0	0.0	0.0	0.0	-90.0	0.0	0.0	0.0	122.74652	0.0	-0.984702	0.984702	-90.0	0.424319	-0.036421	0.425879	-4.905858	14042.285208
12.0	1.0	0.0	0.0	0.0	-90.0	0.0	0.0	0.0	124.163995	0.0	-0.992651	0.992651	-90.0	0.426398	-0.055763	0.430029	-7.450633	14040.859745
13.0	1.0	0.0	0.0	0.0	-90.0	0.0	0.0	0.0	-10.762761	0.0	-1.001431	1.001431	-90.0	0.431246	-0.064382	0.436026	-8.491177	14039.380268
14.0	1.0	0.0	0.0	0.0	-90.0	0.0	0.0	0.0	-85.564758	0.0	-1.002418	1.002418	-90.0	0.428535	-0.063656	0.433237	-8.4491	14037.959101
15.0	1.0	0.0	0.0	0.0	-90.0	0.0	0.0	0.0	149.19802	0.0	-0.997221	0.997221	-90.0	0.417952	-0.066518	0.423212	-9.042924	14036.495309
16.0	1.0	0.0	0.0	0.0	-90.0	0.0	0.0	0.0	60.383594	0.0	-0.998875	0.998875	-90.0	0.417817	-0.068765	0.423438	-9.346067	14035.037802
17.0	1.0	0.0	0.0	0.0	-90.0	0.0	0.0	0.0	80.204144	0.0	-0.998438	0.998438	-90.0	0.412658	-0.069444	0.418461	-9.552493	14033.595944
18.0	1.0	0.0	0.0	0.0	-90.0	0.0	0.0	0.0	77.230987	0.0	-0.998971	0.998971	-90.0	0.410743	-0.070587	0.416764	-9.751202	14032.149037
19.0	1.0	0.0	0.0	0.0	-90.0	0.0	0.0	0.0	132.612471	0.0	-0.998619	0.998619	-90.0	0.406646	-0.070899	0.41278	-9.890146	14030.712901
20.0	1.0	0.0	0.0	0.0	-90.0	0.0	0.0	0.0	118.275505	0.0	-0.998624	0.998624	-90.0	0.403674	-0.071595	0.409974	-10.057309	14029.28669
21.0	1.0	0.0	0.0	0.0	-90.0	0.0	0.0	0.0	-24.951929	0.0	-0.99854	0.99854	-90.0	0.400976	-0.071822	0.407358	-10.154968	14027.844841
22.0	1.0	0.0	0.0	0.0	-90.0	0.0	0.0	0.0	-33.926052	0.0	-0.998891	0.998891	-90.0	0.398553	-0.072112	0.405025	-10.255823	14026.373303
23.0	1.0	0.0	0.0	0.0	-90.0	0.0	0.0	0.0	-177.5447	0.0	-0.99977	0.99977	-90.0	0.396401	-0.072054	0.402896	-10.302224	14024.964144
24.0	1.0	0.0	0.0	0.0	-90.0	0.0	0.0	0.0	-103.65715	0.0	-0.999127	0.999127	-90.0	0.393121	-0.075164	0.400242	-10.824171	14023.515208
25.0	1.0	0.0	0.0	0.0	-90.0	0.0	0.0	0.0	-165.618283	0.0	-0.995134	0.995134	-90.0	0.390007	-0.072235	0.39664	-10.493098	14022.077516
26.0	1.0	0.0	0.0	0.0	-90.0	0.0	0.0	0.0	31.654422	0.0	-0.999931	0.999931	-90.0	0.388623	-0.075746	0.395936	-11.029239	14020.639525
27.0	1.0	0.0	0.0	0.0	-90.0	0.0	0.0	0.0	161.808008	0.0	-0.998804	0.998804	-90.0	0.387356	-0.073792	0.394322	-10.785655	14019.201319
28.0	1.0	0.0	0.0	0.0	-90.0	0.0	0.0	0.0	-170.085082	0.0	-0.997504	0.997504	-90.0	0.384425	-0.073993	0.391481	-10.89494	14017.762027
29.0	1.0	0.0	0.0	0.0	-90.0	0.0	0.0	0.0	125.069588	0.0	-0.99748	0.99748	-90.0	0.382182	-0.074493	0.389374	-11.029509	14016.340215
30.0	1.0	0.0	0.0	0.0	-90.0	0.0	0.0	0.0	-123.596572	0.0	-0.997335	0.997335	-90.0	0.380207	-0.074793	0.387494	-11.128954	14014.903554
31.0	1.0	0.0	0.0	0.0	-90.0	0.0	0.0	0.0	-113.56643	0.0	-0.996988	0.996988	-90.0	0.378117	-0.074826	0.385449	-11.193719	14013.482148
32.0	1.0	0.0	0.0	0.0	-90.0	0.0	0.0	0.0	-79.979926	0.0	-0.996632	0.996632	-90.0	0.376082	-0.074801	0.383449	-11.249129	14012.037232
33.0	1.0	0.0	0.0	0.0	-90.0	0.0	0.0	0.0	15.0908	0.0	-0.996485	0.996485	-90.0	0.374351	-0.07489	0.381768	-11.312825	14010.599153
34.0	1.0	0.0	0.0	0.0	-90.0	0.0	0.0	0.0	26.288405	0.0	-0.996099	0.996099	-90.0	0.372574	-0.074934	0.380035	-11.37194	14009.160617
35.0	1.0	0.0	0.0	0.0	-90.0	0.0	0.0	0.0	-26.984819	0.0	-0.995677	0.995677	-90.0	0.370858	-0.074885	0.378343	-11.415923	14007.657232
36.0	1.0	0.0	0.0	0.0	-90.0	0.0	0.0	0.0	-43.969593	0.0	-0.99534	0.99534	-90.0	0.36915	-0.074946	0.376681	-11.476439	14006.230782
37.0	1.0	0.0	0.0	0.0	-90.0	0.0	0.0	0.0	43.397201	0.0	-0.995053	0.995053	-90.0	0.367407	-0.074983	0.374981	-11.53492	14004.774641
38.0	1.0	0.0	0.0	0.0	-90.0	0.0	0.0	0.0	100.303603	0.0	-0.994678	0.994678	-90.0	0.36619	-0.074149	0.373622	-11.446991	14003.351146
39.0	1.0	0.0	0.0	0.0	-90.0	0.0	0.0	0.0	79.226853	0.0	-0.994532	0.994532	-90.0	0.364156	-0.075245	0.371848	-11.674711	14001.889675
40.0	1.0	0.0	0.0	0.0	-90.0	0.0	0.0	0.0	-128.697875	0.0	-0.993756	0.993756	-90.0	0.363022	-0.073018	0.370292	-11.372696	14000.451493
41.0	1.0	0.0	0.0	0.0	-90.0	0.0	0.0	0.0	-20.04391	0.0	-0.993195	0.993195	-90.0	0.362824	-0.071835	0.369866	-11.199099	13999.029356
42.0	1.0	0.0	0.0	0.0	-90.0	0.0	0.0	0.0	174.456126	0.0	-0.993563	0.993563	-90.0	0.355128	-0.074461	0.36285	-11.841893	13997.605319
43.0	1.0	0.0	0.0	0.0	-90.0	0.0	0.0	0.0	5.747148	0.0	-0.992499	0.992499	-90.0	0.35535	-0.066259	0.361474	-10.56211	13996.181557
44.0	1.0	0.0	0.0	0.0	-90.0	0.0	0.0	0.0	160.276625	0.0	-0.991441	0.991441	-90.0	0.351768	-0.063049	0.357374	-10.161452	13994.725925
45.0	1.0	0.0	0.0	0.0	-90.0	0.0	0.0	0.0	3.097508	0.0	-0.992264	0.992264	-90.0	0.36953	-0.086122	0.379433	-13.119148	13993.298684
46.0	1.0	0.0	0.0	0.0	-90.0	0.0	0.0	0.0	-40.890235	0.0	-0.99122	0.99122	-90.0	0.374153	-0.087783	0.384313	-13.203858	13991.852539
47.0	1.0	0.0	0.0	0.0	-90.0	0.0	0.0	0.0	-173.026592	0.0	-0.992551	0.992551	-90.0	0.32718	-0.055355	0.33183	-9.602806	13990.422127
48.0	1.0	0.0	0.0	0.0	-90.0	0.0	0.0	0.0	10.059722	0.0	-0.987761	0.987761	-90.0	0.339424	-0.034879	0.341211	-5.867039	13988.986495
49.0	1.0	0.0	0.0	0.0	-90.0	0.0	0.0	0.0	-165.497582	0.0	-1.002065	1.002065	-90.0	0.309643	-0.09138	0.322845	-16.44199	13987.510156
50.0	1.0	0.0	0.0	0.0	-90.0	0.0	0.0	0.0	-141.818113	0.0	-0.995071	0.995071	-90.0	0.319097	-0.036353	0.321161	-6.499303	13986.039655
51.0	1.0	0.0	0.0	0.0	-90.0	0.0	0.0	0.0	170.461671	0.0	-1.000455	1.000455	-90.0	0.309154	-0.094472	0.323267	-16.992251	13984.606995
52.0	1.0	0.0	0.0	0.0	-90.0	0.0	0.0	0.0	-156.332333	0.0	-0.988306	0.988306	-90.0	0.353696	-0.032093	0.355149	-5.184563	13983.177539
53.0	1.0	0.0	0.0	0.0	-90.0	0.0	0.0	0.0	172.22436	0.0	-0.994684	0.994684	-90.0	0.322563	-0.049333	0.326314	-8.695538	13981.738021
54.0	1.0	0.0	0.0	0.0	-90.0	0.0	0.0	0.0	-46.847155	0.0	-0.984032	0.984032	-90.0	0.366175	-0.087335	0.376445	-13.414736	13980.294877
55.0	1.0	0.0	0.0	0.0	-90.0	0.0	0.0	0.0	92.352502	0.0	-0.986466	0.986466	-90.0	0.350391	-0.087624	0.361181	-14.040245	13978.866782
56.0	1.0	0.0	0.0	0.0	-90.0	0.0	0.0	0.0	33.999932	0.0	-0.988372	0.988372	-90.0	0.342756	-0.059885	0.347948	-9.910418	13977.42022
57.0	1.0	0.0	0.0	0.0	-90.0	0.0	0.0	0.0	-172.870594	0.0	-0.986321	0.986321	-90.0	0.349658	-0.07061	0.356716	-11.416821	13975.990804
58.0	1.0	0.0	0.0	0.0	-90.0	0.0	0.0	0.0	115.051197	0.0	-0.986575	0.986575	-90.0	0.345738	-0.068755	0.352508	-11.247329	13974.579222
59.0	1.0	0.0	0.0	0.0	-90.0	0.0	0.0	0.0	-145.018365	0.0	-0.986233	0.986233	-90.0	0.343026	-0.072295	0.350561	-11.901222	13973.124488
60.0	1.0	0.0	0.0	0.0	-90.0	0.0	0.0	0.0	-153.847188	0.0	-0.986012	0.986012	-90.0	0.340999	-0.069612	0.348032	-11.537983	13971.683531
61.0	1.0	0.0	0.0	0.0	-90.0	0.0	0.0	0.0	123.293275	0.0	-0.985967	0.985967	-90.0	0.337592	-0.070251	0.344824	-11.755107	13970.252799
62.0	1.0	0.0	0.0	0.0	-90.0	0.0	0.0	0.0	12.788266	0.0	-0.985497	0.985497	-90.0	0.337539	-0.070426	0.344808	-11.785517	13968.807663
63.0	1.0	0.0	0.0	0.0	-90.0	0.0	0.0	0.0	-129.87961	0.0	-0.985162	0.985162	-90.0	0.336958	-0.069563	0.344064	-11.664475	13967.352818
64.0	1.0	0.0	0.0	0.0	-90.0	0.0	0.0	0.0	-176.761527	0.0	-0.984684	0.984684	-90.0	0.335836	-0.069656	0.342983	-11.717598	13965.897565
65.0	1.0	0.0	0.0	0.0	-90.0	0.0	0.0	0.0	123.58792	0.0	-0.984337	0.984337	-90.0	0.335049	-0.069249	0.34213	-11.677618	13964.439477
66.0	1.0	0.0	0.0	0.0	-90.0	0.0	0.0	0.0	60.088465	0.0	-0.983938	0.983938	-90.0	0.33422	-0.069018	0.341272	-11.667836	13963.008737
67.0	1.0	0.0	0.0	0.0	-90.0	0.0	0.0	0.0	171.03001	0.0	-0.983507	0.983507	-90.0	0.333377	-0.068843	0.340411	-11.667614	13961.56292
68.0	1.0	0.0	0.0	0.0	-90.0	0.0	0.0	0.0	-63.604258	0.0	-0.982997	0.982997	-90.0	0.332546	-0.068499	0.339528	-11.639173	13960.125346
69.0	1.0	0.0	0.0	0.0	-90.0	0.0	0.0	0.0	-148.760105	0.0	-0.982628	0.982628	-90.0	0.331878	-0.068328	0.338839	-11.633725	13958.718265
70.0	1.0	0.0	0.0	0.0	-90.0	0.0	0.0	0.0	45.217629	0.0	-0.982363	0.982363	-90.0	0.331077	-0.068039	0.337996	-11.612998	13957.281411
71.0	1.0	0.0	0.0	0.0	-90.0	0.0	0.0	0.0	-167.135623	0.0	-0.981992	0.981992	-90.0	0.330282	-0.06776	0.337161	-11.59379	13955.857647
72.0	1.0	0.0	0.0	0.0	-90.0	0.0	0.0	0.0	11.651567	0.0	-0.981591	0.981591	-90.0	0.329597	-0.067557	0.336449	-11.583479	13954.428335
73.0	1.0	0.0	0.0	0.0	-90.0	0.0	0.0	0.0	-68.901699	0.0	-0.981188	0.981188	-90.0	0.328887	-0.067336	0.335709	-11.570772	13952.990174
74.0	1.0	0.0	0.0	0.0	-90.0	0.0	0.0	0.0	142.737095	0.0	-0.980847	0.980847	-90.0	0.327987	-0.067133	0.334787	-11.567587	13951.570781
75.0	1.0	0.0	0.0	0.0	-90.0	0.0	0.0	0.0	-26.7394	0.0	-0.980365	0.980365	-90.0	0.327177	-0.066782	0.333923	-11.536448	13950.133853
76.0	1.0	0.0	0.0	0.0	-90.0	0.0	0.0	0.0	123.161816	0.0	-0.979977	0.979977	-90.0	0.326592	-0.066695	0.333333	-11.541957	13948.663235
77.0	1.0	0.0	0.0	0.0	-90.0	0.0	0.0	0.0	105.52909	0.0	-0.979718	0.979718	-90.0	0.326045	-0.066376	0.332733	-11.507004	13947.206412
78.0	1.0	0.0	0.0	0.0	-90.0	0.0	0.0	0.0	95.029328	0.0	-0.979325	0.979325	-90.0	0.32514	-0.066004	0.331772	-11.475174	13945.785458
79.0	1.0	0.0	0.0	0.0	-90.0	0.0	0.0	0.0	50.968403	0.0	-0.978987	0.978987	-90.0	0.324572	-0.065841	0.331182	-11.467147	13944.318052
80.0	1.0	0.0	0.0	0.0	-90.0	0.0	0.0	0.0	-119.256208	0.0	-0.978571	0.978571	-90.0	0.323838	-0.065481	0.330392	-11.431315	13942.88595
81.0	1.0	0.0	0.0	0.0	-90.0	0.0	0.0	0.0	125.359666	0.0	-0.978149	0.978149	-90.0	0.323331	-0.065212	0.329841	-11.402919	13941.441616
82.0	1.0	0.0	0.0	0.0	-90.0	0.0	0.0	0.0	85.372852	0.0	-0.977833	0.977833	-90.0	0.322556	-0.065101	0.32906	-11.410734	13940.013023
83.0	1.0	0.0	0.0	0.0	-90.0	0.0	0.0	0.0	118.175032	0.0	-0.97751	0.97751	-90.0	0.32197	-0.064877	0.328442	-11.392545	13938.597883
84.0	1.0	0.0	0.0	0.0	-90.0	0.0	0.0	0.0	-7.010879	0.0	-0.977071	0.977071	-90.0	0.321417	-0.064534	0.327831	-11.352903	13937.155979
85.0	1.0	0.0	0.0	0.0	-90.0	0.0	0.0	0.0	-97.844707	0.0	-0.976711	0.976711	-90.0	0.320791	-0.064289	0.327169	-11.332358	13935.690787
86.0	1.0	0.0	0.0	0.0	-90.0	0.0	0.0	0.0	14.735502	0.0	-0.976182	0.976182	-90.0	0.320231	-0.064139	0.326591	-11.325826	13934.217716
87.0	1.0	0.0	0.0	0.0	-90.0	0.0	0.0	0.0	49.504827	0.0	-0.976402	0.976402	-90.0	0.319589	-0.063877	0.32591	-11.302978	13932.778552
88.0	1.0	0.0	0.0	0.0	-90.0	0.0	0.0	0.0	-12.609326	0.0	-0.975828	0.975828	-90.0	0.319014	-0.063617	0.325295	-11.277768	13931.332153
89.0	1.0	0.0	0.0	0.0	-90.0	0.0	0.0	0.0	120.44964	0.0	-0.975411	0.975411	-90.0	0.318436	-0.063369	0.32468	-11.254828	13929.896342
90.0	1.0	0.0	0.0	0.0	-90.0	0.0	0.0	0.0	-125.408785	0.0	-0.975045	0.975045	-90.0	0.317873	-0.063125	0.32408	-11.232077	13928.464073
91.0	1.0	0.0	0.0	0.0	-90.0	0.0	0.0	0.0	94.114729	0.0	-0.974742	0.974742	-90.0	0.317309	-0.062861	0.323475	-11.205535	13927.058451
92.0	1.0	0.0	0.0	0.0	-90.0	0.0	0.0	0.0	-111.663082	0.0	-0.974349	0.974349	-90.0	0.316768	-0.062643	0.322903	-11.186277	13925.633177
93.0	1.0	0.0	0.0	0.0	-90.0	0.0	0.0	0.0	-3.852716	0.0	-0.974068	0.974068	-90.0	0.316207	-0.062403	0.322306	-11.163756	13924.221739
94.0	1.0	0.0	0.0	0.0	-90.0	0.0	0.0	0.0	13.584983	0.0	-0.973793	0.973793	-90.0	0.31565	-0.062151	0.32171	-11.138957	13922.774359
95.0	1.0	0.0	0.0	0.0	-90.0	0.0	0.0	0.0	44.046524	0.0	-0.973255	0.973255	-90.0	0.315157	-0.061949	0.321188	-11.120594	13921.302627
96.0	1.0	0.0	0.0	0.0	-90.0	0.0	0.0	0.0	-59.087613	0.0	-0.972818	0.972818	-90.0	0.314644	-0.061746	0.320646	-11.102759	13919.868569
97.0	1.0	0.0	0.0	0.0	-90.0	0.0	0.0	0.0	159.644802	0.0	-0.972848	0.972848	-90.0	0.314096	-0.061389	0.320039	-11.058818	13918.410696
98.0	1.0	0.0	0.0	0.0	-90.0	0.0	0.0	0.0	171.775216	0.0	-0.97248	0.97248	-90.0	0.313604	-0.061135	0.319507	-11.0311	13916.983688
99.0	1.0	0.0	0.0	0.0	-90.0	0.0	0.0	0.0	-87.048584	0.0	-0.972676	0.972676	-90.0	0.313022	-0.060992	0.318909	-11.02582	13915.573248
100.0	1.0	0.0	0.0	0.0	-90.0	0.0	0.0	0.0	35.84027	0.0	-0.972572	0.972572	-90.0	0.312546	-0.060628	0.318372	-10.978	13914.122354
101.0	1.0	0.0	0.0	0.0	-90.0	0.0	0.0	0.0	-63.26117	0.0	-0.972145	0.972145	-90.0	0.312012	-0.060528	0.317829	-10.978537	13912.707932
102.0	1.0	0.0	0.0	0.0	-90.0	0.0	0.0	0.0	-26.179035	0.0	-0.971707	0.971707	-90.0	0.31163	-0.060173	0.317386	-10.928754	13911.232286
103.0	1.0	0.0	0.0	0.0	-90.0	0.0	0.0	0.0	-122.695963	0.0	-0.971705	0.971705	-90.0	0.311072	-0.059988	0.316803	-10.915025	13909.799068
104.0	1.0	0.0	0.0	0.0	-90.0	0.0	0.0	0.0	-96.494377	0.0	-0.970587	0.970587	-90.0	0.31068	-0.059803	0.316383	-10.895561	13908.297519
105.0	1.0	0.0	0.0	0.0	-90.0	0.0	0.0	0.0	-12.053474	0.0	-0.970407	0.970407	-90.0	0.310214	-0.059582	0.315884	-10.872283	13906.838957
106.0	1.0	0.0	0.0	0.0	-90.0	0.0	0.0	0.0	112.910764	0.0	-0.970409	0.970409	-90.0	0.3097	-0.059331	0.315332	-10.845091	13905.397598
107.0	1.0	0.0	0.0	0.0	-90.0	0.0	0.0	0.0	105.199147	0.0	-0.970133	0.970133	-90.0	0.309276	-0.059112	0.314875	-10.820474	13903.972056
108.0	1.0	0.0	0.0	0.0	-90.0	0.0	0.0	0.0	-131.986068	0.0	-0.969835	0.969835	-90.0	0.308835	-0.058887	0.314399	-10.795253	13902.562531
109.0	1.0	0.0	0.0	0.0	-90.0	0.0	0.0	0.0	-58.928408	0.0	-0.9696	0.9696	-90.0	0.308366	-0.058675	0.313899	-10.773246	13901.127463
110.0	1.0	0.0	0.0	0.0	-90.0	0.0	0.0	0.0	-115.80937	0.0	-0.969437	0.969437	-90.0	0.307913	-0.058468	0.313415	-10.751635	13899.687751
111.0	1.0	0.0	0.0	0.0	-90.0	0.0	0.0	0.0	-31.031004	0.0	-0.969163	0.969163	-90.0	0.307467	-0.058211	0.312928	-10.720583	13898.22414
112.0	1.0	0.0	0.0	0.0	-90.0	0.0	0.0	0.0	21.122245	0.0	-0.968961	0.968961	-90.0	0.307024	-0.057982	0.312451	-10.694401	13896.761063
113.0	1.0	0.0	0.0	0.0	-90.0	0.0	0.0	0.0	-51.342256	0.0	-0.968921	0.968921	-90.0	0.306617	-0.057758	0.31201	-10.667995	13895.294928
114.0	1.0	0.0	0.0	0.0	-90.0	0.0	0.0	0.0	-88.114054	0.0	-0.968716	0.968716	-90.0	0.306166	-0.057508	0.31152	-10.638114	13893.841485
115.0	1.0	0.0	0.0	0.0	-90.0	0.0	0.0	0.0	-46.241893	0.0	-0.968441	0.968441	-90.0	0.305745	-0.057293	0.311066	-10.613451	13892.3609
116.0	1.0	0.0	0.0	0.0	-90.0	0.0	0.0	0.0	-63.849724	0.0	-0.968314	0.968314	-90.0	0.305327	-0.057092	0.310619	-10.591166	13890.938678
117.0	1.0	0.0	0.0	0.0	-90.0	0.0	0.0	0.0	-125.721055	0.0	-0.968118	0.968118	-90.0	0.304898	-0.05685	0.310153	-10.561891	13889.501549
118.0	1.0	0.0	0.0	0.0	-90.0	0.0	0.0	0.0	-52.714624	0.0	-0.968051	0.968051	-90.0	0.304493	-0.056642	0.309717	-10.537728	13888.075857
119.0	1.0	0.0	0.0	0.0	-90.0	0.0	0.0	0.0	-152.084155	0.0	-0.967867	0.967867	-90.0	0.304128	-0.056416	0.309316	-10.508929	13886.608185
120.0	1.0	0.0	0.0	0.0	-90.0	0.0	0.0	0.0	-160.668601	0.0	-0.967746	0.967746	-90.0	0.303674	-0.056207	0.308832	-10.486288	13885.186973
121.0	1.0	0.0	0.0	0.0	-90.0	0.0	0.0	0.0	-62.862076	0.0	-0.967695	0.967695	-90.0	0.303279	-0.055978	0.308402	-10.457726	13883.752073
122.0	1.0	0.0	0.0	0.0	-90.0	0.0	0.0	0.0	-15.866576	0.0	-0.967695	0.967695	-90.0	0.302919	-0.055718	0.308	-10.422388	13882.334074
123.0	1.0	0.0	0.0	0.0	-90.0	0.0	0.0	0.0	173.637571	0.0	-0.967731	0.967731	-90.0	0.302492	-0.055544	0.307549	-10.404788	13880.868909
124.0	1.0	0.0	0.0	0.0	-90.0	0.0	0.0	0.0	50.718949	0.0	-0.967438	0.967438	-90.0	0.302188	-0.055324	0.307211	-10.374691	13879.43287
125.0	1.0	0.0	0.0	0.0	-90.0	0.0	0.0	0.0	6.007317	0.0	-0.967508	0.967508	-90.0	0.301755	-0.055088	0.306742	-10.345883	13877.987339
126.0	1.0	0.0	0.0	0.0	-90.0	0.0	0.0	0.0	-42.344155	0.0	-0.96736	0.96736	-90.0	0.301339	-0.054855	0.306291	-10.316936	13876.546002
127.0	1.0	0.0	0.0	0.0	-90.0	0.0	0.0	0.0	-101.415353	0.0	-0.967396	0.967396	-90.0	0.300956	-0.054652	0.305878	-10.292405	13875.088342
128.0	1.0	0.0	0.0	0.0	-90.0	0.0	0.0	0.0	144.861563	0.0	-0.967321	0.967321	-90.0	0.30058	-0.054394	0.305462	-10.257486	13873.643024
129.0	1.0	0.0	0.0	0.0	-90.0	0.0	0.0	0.0	151.624924	0.0	-0.967437	0.967437	-90.0	0.300226	-0.054172	0.305074	-10.228247	13872.191407
130.0	1.0	0.0	0.0	0.0	-90.0	0.0	0.0	0.0	58.246103	0.0	-0.967477	0.967477	-90.0	0.299863	-0.053984	0.304684	-10.20555	13870.771067
131.0	1.0	0.0	0.0	0.0	-90.0	0.0	0.0	0.0	-73.429575	0.0	-0.96748	0.96748	-90.0	0.299448	-0.053752	0.304234	-10.17633	13869.319224
132.0	1.0	0.0	0.0	0.0	-90.0	0.0	0.0	0.0	-108.61391	0.0	-0.967596	0.967596	-90.0	0.299113	-0.053544	0.303868	-10.149076	13867.884223
133.0	1.0	0.0	0.0	0.0	-90.0	0.0	0.0	0.0	-74.208654	0.0	-0.9677	0.9677	-90.0	0.298708	-0.053346	0.303434	-10.125644	13866.456557
134.0	1.0	0.0	0.0	0.0	-90.0	0.0	0.0	0.0	69.990951	0.0	-0.967837	0.967837	-90.0	0.298351	-0.053106	0.30304	-10.092843	13865.024346
135.0	1.0	0.0	0.0	0.0	-90.0	0.0	0.0	0.0	-107.146697	0.0	-0.968015	0.968015	-90.0	0.297975	-0.052899	0.302634	-10.066715	13863.564218
136.0	1.0	0.0	0.0	0.0	-90.0	0.0	0.0	0.0	137.106569	0.0	-0.968206	0.968206	-90.0	0.297635	-0.052643	0.302254	-10.03029	13862.092393
137.0	1.0	0.0	0.0	0.0	-90.0	0.0	0.0	0.0	-20.448291	0.0	-0.968247	0.968247	-90.0	0.297286	-0.052419	0.301872	-9.999919	13860.608951
138.0	1.0	0.0	0.0	0.0	-90.0	0.0	0.0	0.0	65.330634	0.0	-0.968601	0.968601	-90.0	0.296907	-0.052195	0.301459	-9.970521	13859.167479
139.0	1.0	0.0	0.0	0.0	-90.0	0.0	0.0	0.0	77.6821	0.0	-0.968819	0.968819	-90.0	0.296562	-0.051966	0.301081	-9.938915	13857.703524
140.0	1.0	0.0	0.0	0.0	-90.0	0.0	0.0	0.0	-100.111034	0.0	-0.968836	0.968836	-90.0	0.296227	-0.051794	0.300721	-9.917686	13856.289053
141.0	1.0	0.0	0.0	0.0	-90.0	0.0	0.0	0.0	93.895567	0.0	-0.969145	0.969145	-90.0	0.295877	-0.051579	0.300339	-9.888714	13854.866742
142.0	1.0	0.0	0.0	0.0	-90.0	0.0	0.0	0.0	94.38296	0.0	-0.969359	0.969359	-90.0	0.29558	-0.051356	0.300008	-9.856572	13853.421317
143.0	1.0	0.0	0.0	0.0	-90.0	0.0	0.0	0.0	85.418941	0.0	-0.969678	0.969678	-90.0	0.295009	-0.05109	0.2994	-9.825167	13851.967393
144.0	1.0	0.0	0.0	0.0	-90.0	0.0	0.0	0.0	-104.505123	0.0	-0.969932	0.969932	-90.0	0.294693	-0.051026	0.299078	-9.823267	13850.538777
145.0	1.0	0.0	0.0	0.0	-90.0	0.0	0.0	0.0	-48.029143	0.0	-0.970239	0.970239	-90.0	0.294673	-0.050319	0.298939	-9.690442	13849.096044
146.0	1.0	0.0	0.0	0.0	-90.0	0.0	0.0	0.0	146.254246	0.0	-0.970556	0.970556	-90.0	0.294353	-0.049952	0.298561	-9.631481	13847.648868
147.0	1.0	0.0	0.0	0.0	-90.0	0.0	0.0	0.0	-75.636061	0.0	-0.971105	0.971105	-90.0	0.29326	-0.050534	0.297582	-9.77714	13846.201483
148.0	1.0	0.0	0.0	0.0	-90.0	0.0	0.0	0.0	-113.047035	0.0	-0.971415	0.971415	-90.0	0.292599	-0.049986	0.296838	-9.694447	13844.773599
149.0	1.0	0.0	0.0	0.0	-90.0	0.0	0.0	0.0	145.551243	0.0	-0.971601	0.971601	-90.0	0.293797	-0.050124	0.298042	-9.681963	13843.326265
150.0	1.0	0.0	0.0	0.0	-90.0	0.0	0.0	0.0	57.58309	0.0	-0.972136	0.972136	-90.0	0.292529	-0.050367	0.296833	-9.769301	13841.851348
151.0	1.0	0.0	0.0	0.0	-90.0	0.0	0.0	0.0	-94.417337	0.0	-0.972385	0.972385	-90.0	0.293229	-0.049299	0.297344	-9.543595	13840.443459
152.0	1.0	0.0	0.0	0.0	-90.0	0.0	0.0	0.0	84.866071	0.0	-0.972939	0.972939	-90.0	0.291704	-0.049704	0.295908	-9.669837	13838.998152
153.0	1.0	0.0	0.0	0.0	-90.0	0.0	0.0	0.0	62.889366	0.0	-0.973284	0.973284	-90.0	0.291899	-0.049264	0.296027	-9.579506	13837.567972
154.0	1.0	0.0	0.0	0.0	-90.0	0.0	0.0	0.0	148.885145	0.0	-0.973909	0.973909	-90.0	0.290835	-0.048661	0.294878	-9.498422	13836.107712
155.0	1.0	0.0	0.0	0.0	-90.0	0.0	0.0	0.0	-104.779087	0.0	-0.974386	0.974386	-90.0	0.29069	-0.048421	0.294695	-9.457077	13834.648292
156.0	1.0	0.0	0.0	0.0	-90.0	0.0	0.0	0.0	5.783461	0.0	-0.9749	0.9749	-90.0	0.290765	-0.047813	0.29467	-9.337967	13833.211194
157.0	1.0	0.0	0.0	0.0	-90.0	0.0	0.0	0.0	-177.161737	0.0	-0.975518	0.975518	-90.0	0.290342	-0.047587	0.294216	-9.30805	13831.743218
158.0	1.0	0.0	0.0	0.0	-90.0	0.0	0.0	0.0	62.084824	0.0	-0.976082	0.976082	-90.0	0.28988	-0.047323	0.293717	-9.271808	13830.334846
159.0	1.0	0.0	0.0	0.0	-90.0	0.0	0.0	0.0	-155.563422	0.0	-0.976743	0.976743	-90.0	0.289535	-0.047091	0.293339	-9.237845	13828.878219
160.0	1.0	0.0	0.0	0.0	-90.0	0.0	0.0	0.0	50.896486	0.0	-0.977334	0.977334	-90.0	0.289148	-0.046833	0.292916	-9.200186	13827.433524
161.0	1.0	0.0	0.0	0.0	-90.0	0.0	0.0	0.0	-12.190146	0.0	-0.978083	0.978083	-90.0	0.288792	-0.046584	0.292525	-9.163165	13825.987793
162.0	1.0	0.0	0.0	0.0	-90.0	0.0	0.0	0.0	170.178717	0.0	-0.978732	0.978732	-90.0	0.288446	-0.046312	0.29214	-9.121322	13824.551986
163.0	1.0	0.0	0.0	0.0	-90.0	0.0	0.0	0.0	-95.068763	0.0	-0.979492	0.979492	-90.0	0.288066	-0.04606	0.291725	-9.08438	13823.10453
164.0	1.0	0.0	0.0	0.0	-90.0	0.0	0.0	0.0	-154.424751	0.0	-0.980224	0.980224	-90.0	0.287731	-0.045758	0.291346	-9.036065	13821.653092
165.0	1.0	0.0	0.0	0.0	-90.0	0.0	0.0	0.0	109.570431	0.0	-0.981008	0.981008	-90.0	0.287345	-0.045457	0.290919	-8.989541	13820.228085
166.0	1.0	0.0	0.0	0.0	-90.0	0.0	0.0	0.0	84.340774	0.0	-0.981796	0.981796	-90.0	0.28699	-0.045177	0.290524	-8.945968	13818.781029
167.0	1.0	0.0	0.0	0.0	-90.0	0.0	0.0	0.0	-121.682373	0.0	-0.98273	0.98273	-90.0	0.286615	-0.044856	0.290104	-8.894735	13817.353262
168.0	1.0	0.0	0.0	0.0	-90.0	0.0	0.0	0.0	51.44875	0.0	-0.983736	0.983736	-90.0	0.286256	-0.04459	0.289708	-8.853759	13815.909676
169.0	1.0	0.0	0.0	0.0	-90.0	0.0	0.0	0.0	112.051509	0.0	-0.984871	0.984871	-90.0	0.28588	-0.044299	0.289292	-8.808232	13814.482881
170.0	1.0	0.0	0.0	0.0	-90.0	0.0	0.0	0.0	-131.165662	0.0	-0.985902	0.985902	-90.0	0.285478	-0.043988	0.288847	-8.759542	13813.044741
171.0	1.0	0.0	0.0	0.0	-90.0	0.0	0.0	0.0	-103.601501	0.0	-0.98723	0.98723	-90.0	0.285111	-0.04367	0.288436	-8.70819	13811.602366
172.0	1.0	0.0	0.0	0.0	-90.0	0.0	0.0	0.0	166.32439	0.0	-0.988521	0.988521	-90.0	0.28476	-0.043361	0.288042	-8.657977	13810.164222
173.0	1.0	0.0	0.0	0.0	-90.0	0.0	0.0	0.0	166.88526	0.0	-0.989998	0.989998	-90.0	0.284377	-0.043041	0.287616	-8.606553	13808.710389
174.0	1.0	0.0	0.0	0.0	-90.0	0.0	0.0	0.0	-98.937546	0.0	-0.991578	0.991578	-90.0	0.283978	-0.042711	0.287172	-8.553311	13807.242625
175.0	1.0	0.0	0.0	0.0	-90.0	0.0	0.0	0.0	38.232293	0.0	-0.99325	0.99325	-90.0	0.283606	-0.042382	0.286756	-8.499388	13805.828212
176.0	1.0	0.0	0.0	0.0	-90.0	0.0	0.0	0.0	-67.084184	0.0	-0.995046	0.995046	-90.0	0.283198	-0.042076	0.286307	-8.450792	13804.36032
177.0	1.0	0.0	0.0	0.0	-90.0	0.0	0.0	0.0	136.131624	0.0	-0.997122	0.997122	-90.0	0.282843	-0.041707	0.285901	-8.388206	13802.889403
178.0	1.0	0.0	0.0	0.0	-90.0	0.0	0.0	0.0	-167.550609	0.0	-0.999168	0.999168	-90.0	0.282438	-0.041365	0.285451	-8.332084	13801.467319
179.0	1.0	0.0	0.0	0.0	-90.0	0.0	0.0	0.0	171.409389	0.0	-1.001299	1.001299	-90.0	0.282053	-0.041011	0.285019	-8.272903	13800.029693
180.0	1.0	0.0	0.0	0.0	-90.0	0.0	0.0	0.0	-128.368361	0.0	-1.003868	1.003868	-90.0	0.281634	-0.040657	0.284554	-8.214575	13798.579439
181.0	1.0	0.0	0.0	0.0	-90.0	0.0	0.0	0.0	64.651194	0.0	-1.006595	1.006595	-90.0	0.281226	-0.040305	0.284099	-8.156097	13797.137274
182.0	1.0	0.0	0.0	0.0	-90.0	0.0	0.0	0.0	-88.576159	0.0	-1.009407	1.009407	-90.0	0.280839	-0.039915	0.283662	-8.089057	13795.722151
183.0	1.0	0.0	0.0	0.0	-90.0	0.0	0.0	0.0	-162.620991	0.0	-1.012481	1.012481	-90.0	0.280414	-0.039539	0.283188	-8.025989	13794.273296
184.0	1.0	0.0	0.0	0.0	-90.0	0.0	0.0	0.0	71.758349	0.0	-1.015911	1.015911	-90.0	0.279972	-0.039117	0.282691	-7.953742	13792.809595
185.0	1.0	0.0	0.0	0.0	-90.0	0.0	0.0	0.0	107.487159	0.0	-1.019461	1.019461	-90.0	0.279539	-0.038763	0.282214	-7.89467	13791.374549
186.0	1.0	0.0	0.0	0.0	-90.0	0.0	0.0	0.0	67.900902	0.0	-1.023346	1.023346	-90.0	0.279125	-0.038313	0.281742	-7.815735	13789.966062
187.0	1.0	0.0	0.0	0.0	-90.0	0.0	0.0	0.0	-7.89546	0.0	-1.02749	1.02749	-90.0	0.278653	-0.037893	0.281218	-7.743971	13788.485035
188.0	1.0	0.0	0.0	0.0	-90.0	0.0	0.0	0.0	120.768131	0.0	-1.032026	1.032026	-90.0	0.278206	-0.037441	0.280714	-7.664722	13787.052264
189.0	1.0	0.0	0.0	0.0	-90.0	0.0	0.0	0.0	63.065097	0.0	-1.036647	1.036647	-90.0	0.277716	-0.03696	0.280165	-7.580646	13785.598125
190.0	1.0	0.0	0.0	0.0	-90.0	0.0	0.0	0.0	41.95582	0.0	-1.041637	1.041637	-90.0	0.277215	-0.036448	0.279601	-7.490323	13784.170697
191.0	1.0	0.0	0.0	0.0	-90.0	0.0	0.0	0.0	14.008245	0.0	-1.047012	1.047012	-90.0	0.276689	-0.035909	0.27901	-7.394525	13782.730107
192.0	1.0	0.0	0.0	0.0	-90.0	0.0	0.0	0.0	-62.459594	0.0	-1.052643	1.052643	-90.0	0.276166	-0.035335	0.278417	-7.291199	13781.274749
193.0	1.0	0.0	0.0	0.0	-90.0	0.0	0.0	0.0	-122.791625	0.0	-1.058621	1.058621	-90.0	0.275557	-0.034715	0.277735	-7.180279	13779.814576
194.0	1.0	0.0	0.0	0.0	-90.0	0.0	0.0	0.0	28.031658	0.0	-1.064669	1.064669	-90.0	0.274931	-0.034014	0.277027	-7.052729	13778.352647
195.0	1.0	0.0	0.0	0.0	-90.0	0.0	0.0	0.0	-110.60511	0.0	-1.070992	1.070992	-90.0	0.274251	-0.03331	0.276267	-6.925137	13776.886224
196.0	1.0	0.0	0.0	0.0	-90.0	0.0	0.0	0.0	-24.637618	0.0	-1.075129	1.075129	-90.0	0.273497	-0.032454	0.275416	-6.767194	13775.394348
197.0	1.0	0.0	0.0	0.0	-90.0	0.0	0.0	0.0	-119.801891	0.0	-1.085518	1.085518	-90.0	0.272774	-0.031524	0.274589	-6.592376	13773.948443
198.0	1.0	0.0	0.0	0.0	-90.0	0.0	0.0	0.0	44.123621	0.0	-1.093264	1.093264	-90.0	0.271709	-0.030276	0.27339	-6.358215	13772.478061
199.0	1.0	0.0	0.0	0.0	-90.0	0.0	0.0	0.0	-148.362878	0.0	-1.093415	1.093415	-90.0	0.270776	-0.029071	0.272332	-6.127966	13771.025644
200.0	1.0	0.0	0.0	0.0	-90.0	0.0	0.0	0.0	-4.091128499999996	0.0	-1.0220799999999999	1.0220799999999999	-90.0	0.27937900000000004	-0.0377535	0.28205899999999995	-7.624181	13345.551393000002
250.0	1.0	0.0	0.0	0.0	-90.0	0.0	0.0	0.0	41.51418	0.0	-0.949631	0.949631	-90.0	0.282333	-0.044712	0.285852	-8.9989	12920.039361
300.0	1.0	0.0	0.0	0.0	-90.0	0.0	0.0	0.0	158.472347	0.0	-0.947427	0.947427	-90.0	0.278634	-0.041245	0.28167	-8.420033	12918.568364
350.0	1.0	0.0	0.0	0.0	-90.0	0.0	0.0	0.0	-29.886199	0.0	-0.945597	0.945597	-90.0	0.27451	-0.03847	0.277193	-7.977587	12917.120403
400.0	1.0	0.0	0.0	0.0	-90.0	0.0	0.0	0.0	69.331109	0.0	-0.944181	0.944181	-90.0	0.272273	-0.036876	0.274759	-7.713075	12915.625429
450.0	1.0	0.0	0.0	0.0	-90.0	0.0	0.0	0.0	-38.559235	0.0	-0.943015	0.943015	-90.0	0.270087	-0.034939	0.272337	-7.371076	12914.197318
500.0	1.0	0.0	0.0	0.0	-90.0	0.0	0.0	0.0	92.737107	0.0	-0.941962	0.941962	-90.0	0.267834	-0.033865	0.269967	-7.206309	12912.770625
550.0	1.0	0.0	0.0	0.0	-90.0	0.0	0.0	0.0	119.203651	0.0	-0.941002	0.941002	-90.0	0.266068	-0.032689	0.268069	-7.004163	12911.294011
600.0	1.0	0.0	0.0	0.0	-90.0	0.0	0.0	0.0	-160.804954	0.0	-0.940249	0.940249	-90.0	0.264468	-0.03156	0.266345	-6.805087	12909.828332
650.0	1.0	0.0	0.0	0.0	-90.0	0.0	0.0	0.0	-134.973214	0.0	-0.939608	0.939608	-90.0	0.263026	-0.030678	0.264809	-6.652658	12908.349098
700.0	1.0	0.0	0.0	0.0	-90.0	0.0	0.0	0.0	-22.403954	0.0	-0.938861	0.938861	-90.0	0.261825	-0.029718	0.263507	-6.475643	12906.905764
750.0	1.0	0.0	0.0	0.0	-90.0	0.0	0.0	0.0	-104.980515	0.0	-0.93844	0.93844	-90.0	0.260826	-0.028806	0.262411	-6.302198	12905.446005
800.0	1.0	0.0	0.0	0.0	-90.0	0.0	0.0	0.0	38.45578	0.0	-0.937777	0.937777	-90.0	0.259709	-0.028263	0.261242	-6.210713	12903.996873
850.0	1.0	0.0	0.0	0.0	-90.0	0.0	0.0	0.0	101.528231	0.0	-0.937447	0.937447	-90.0	0.258782	-0.027522	0.260241	-6.070666	12902.574663
900.0	1.0	0.0	0.0	0.0	-90.0	0.0	0.0	0.0	29.555512	0.0	-0.937062	0.937062	-90.0	0.25788	-0.026993	0.259289	-5.975576	12901.124409
950.0	1.0	0.0	0.0	0.0	-90.0	0.0	0.0	0.0	-175.825717	0.0	-0.936668	0.936668	-90.0	0.25713	-0.026441	0.258486	-5.871176	12899.677749
1000.0	1.0	0.0	0.0	0.0	-90.0	0.0	0.0	0.0	179.210362	0.0	-0.936253	0.936253	-90.0	0.256394	-0.025938	0.257702	-5.776561	12898.226569
1050.0	1.0	0.0	0.0	0.0	-90.0	0.0	0.0	0.0	82.912242	0.0	-0.935908	0.935908	-90.0	0.255724	-0.025502	0.256993	-5.694889	12896.75448
1100.0	1.0	0.0	0.0	0.0	-90.0	0.0	0.0	0.0	0.759857	0.0	-0.935668	0.935668	-90.0	0.255068	-0.025064	0.256297	-5.612105	12895.28522
1150.0	1.0	0.0	0.0	0.0	-90.0	0.0	0.0	0.0	-16.169536	0.0	-0.935405	0.935405	-90.0	0.254479	-0.024707	0.255676	-5.545413	12893.844376
1200.0	1.0	0.0	0.0	0.0	-90.0	0.0	0.0	0.0	97.674478	0.0	-0.935214	0.935214	-90.0	0.253898	-0.024305	0.255059	-5.468035	12892.396883
1250.0	1.0	0.0	0.0	0.0	-90.0	0.0	0.0	0.0	-146.856673	0.0	-0.934974	0.934974	-90.0	0.253316	-0.023949	0.254446	-5.400712	12890.970766
1300.0	1.0	0.0	0.0	0.0	-90.0	0.0	0.0	0.0	-48.949758	0.0	-0.934901	0.934901	-90.0	0.252822	-0.023612	0.253923	-5.335506	12889.526548
1350.0	1.0	0.0	0.0	0.0	-90.0	0.0	0.0	0.0	106.298419	0.0	-0.934638	0.934638	-90.0	0.252342	-0.02327	0.253412	-5.268653	12888.05284
1400.0	1.0	0.0	0.0	0.0	-90.0	0.0	0.0	0.0	91.960538	0.0	-0.93444	0.93444	-90.0	0.251884	-0.022985	0.25293	-5.214041	12886.612308
1450.0	1.0	0.0	0.0	0.0	-90.0	0.0	0.0	0.0	36.450871	0.0	-0.934458	0.934458	-90.0	0.251458	-0.022732	0.252484	-5.165641	12885.147058
1500.0	1.0	0.0	0.0	0.0	-90.0	0.0	0.0	0.0	12.573908	0.0	-0.93433	0.93433	-90.0	0.251023	-0.022491	0.252028	-5.11998	12883.675765
1550.0	1.0	0.0	0.0	0.0	-90.0	0.0	0.0	0.0	133.057459	0.0	-0.934364	0.934364	-90.0	0.250623	-0.022243	0.251609	-5.071663	12882.192542
1600.0	1.0	0.0	0.0	0.0	-90.0	0.0	0.0	0.0	-28.201103	0.0	-0.93426	0.93426	-90.0	0.2502	-0.021982	0.251163	-5.020975	12880.732862
1650.0	1.0	0.0	0.0	0.0	-90.0	0.0	0.0	0.0	-153.359013	0.0	-0.934237	0.934237	-90.0	0.249878	-0.021766	0.250824	-4.978308	12879.286073
1700.0	1.0	0.0	0.0	0.0	-90.0	0.0	0.0	0.0	46.941214	0.0	-0.934313	0.934313	-90.0	0.249478	-0.021536	0.250406	-4.933668	12877.854018
1750.0	1.0	0.0	0.0	0.0	-90.0	0.0	0.0	0.0	-73.520654	0.0	-0.934356	0.934356	-90.0	0.249137	-0.021352	0.25005	-4.898545	12876.413285
1800.0	1.0	0.0	0.0	0.0	-90.0	0.0	0.0	0.0	-134.848383	0.0	-0.934416	0.934416	-90.0	0.248816	-0.021158	0.249714	-4.860465	12874.963346
1850.0	1.0	0.0	0.0	0.0	-90.0	0.0	0.0	0.0	140.176717	0.0	-0.934452	0.934452	-90.0	0.248495	-0.020958	0.249377	-4.820883	12873.500208
1900.0	1.0	0.0	0.0	0.0	-90.0	0.0	0.0	0.0	-91.217234	0.0	-0.9345	0.9345	-90.0	0.248188	-0.020791	0.249057	-4.78851	12872.060481
1950.0	1.0	0.0	0.0	0.0	-90.0	0.0	0.0	0.0	-104.452327	0.0	-0.934654	0.934654	-90.0	0.247883	-0.020605	0.248738	-4.751771	12870.60819
2000.0	1.0	0.0	0.0	0.0	-90.0	0.0	0.0	0.0	126.970093	0.0	-0.934968	0.934968	-90.0	0.247617	-0.020461	0.248461	-4.723759	12869.136014
2050.0	1.0	0.0	0.0	0.0	-90.0	0.0	0.0	0.0	21.294096	0.0	-0.934967	0.934967	-90.0	0.24732	-0.020298	0.248151	-4.691833	12867.728729
2100.0	1.0	0.0	0.0	0.0	-90.0	0.0	0.0	0.0	121.513528	0.0	-0.935226	0.935226	-90.0	0.247036	-0.020149	0.247856	-4.662915	12866.276317
2150.0	1.0	0.0	0.0	0.0	-90.0	0.0	0.0	0.0	132.465477	0.0	-0.93547	0.93547	-90.0	0.246774	-0.020002	0.247583	-4.633886	12864.829193
2200.0	1.0	0.0	0.0	0.0	-90.0	0.0	0.0	0.0	52.053751	0.0	-0.93565	0.93565	-90.0	0.246508	-0.019863	0.247307	-4.606896	12863.380379
2250.0	1.0	0.0	0.0	0.0	-90.0	0.0	0.0	0.0	100.777806	0.0	-0.935871	0.935871	-90.0	0.246265	-0.019731	0.247054	-4.580711	12861.928456
2300.0	1.0	0.0	0.0	0.0	-90.0	0.0	0.0	0.0	160.381244	0.0	-0.936087	0.936087	-90.0	0.245997	-0.019598	0.246777	-4.554883	12860.500457
2350.0	1.0	0.0	0.0	0.0	-90.0	0.0	0.0	0.0	5.427505	0.0	-0.936354	0.936354	-90.0	0.245767	-0.019462	0.246536	-4.527835	12859.05658
2400.0	1.0	0.0	0.0	0.0	-90.0	0.0	0.0	0.0	118.760425	0.0	-0.936773	0.936773	-90.0	0.245527	-0.01935	0.246288	-4.506277	12857.60633
2450.0	1.0	0.0	0.0	0.0	-90.0	0.0	0.0	0.0	27.573831	0.0	-0.937053	0.937053	-90.0	0.245287	-0.019236	0.24604	-4.484002	12856.160875
2500.0	1.0	0.0	0.0	0.0	-90.0	0.0	0.0	0.0	-41.414767	0.0	-0.937464	0.937464	-90.0	0.245053	-0.019113	0.245798	-4.459782	12854.728999
2550.0	1.0	0.0	0.0	0.0	-90.0	0.0	0.0	0.0	38.14639	0.0	-0.937831	0.937831	-90.0	0.244831	-0.019005	0.245567	-4.438696	12853.253765
2600.0	1.0	0.0	0.0	0.0	-90.0	0.0	0.0	0.0	110.390781	0.0	-0.938285	0.938285	-90.0	0.244613	-0.018902	0.245342	-4.418543	12851.819515
2650.0	1.0	0.0	0.0	0.0	-90.0	0.0	0.0	0.0	-60.491353	0.0	-0.938623	0.938623	-90.0	0.244406	-0.018791	0.245127	-4.396406	12850.375661
2700.0	1.0	0.0	0.0	0.0	-90.0	0.0	0.0	0.0	-80.030802	0.0	-0.939235	0.939235	-90.0	0.244205	-0.01869	0.244919	-4.3766	12848.928365
2750.0	1.0	0.0	0.0	0.0	-90.0	0.0	0.0	0.0	-40.104659	0.0	-0.93965	0.93965	-90.0	0.243996	-0.01858	0.244702	-4.354485	12847.486378
2800.0	1.0	0.0	0.0	0.0	-90.0	0.0	0.0	0.0	-108.722777	0.0	-0.940085	0.940085	-90.0	0.243795	-0.018491	0.244496	-4.337319	12846.045165
2850.0	1.0	0.0	0.0	0.0	-90.0	0.0	0.0	0.0	-18.777837	0.0	-0.94063	0.94063	-90.0	0.24359	-0.018396	0.244283	-4.318846	12844.578438
2900.0	1.0	0.0	0.0	0.0	-90.0	0.0	0.0	0.0	151.090365	0.0	-0.941242	0.941242	-90.0	0.2434	-0.0183	0.244087	-4.299791	12843.148869
2950.0	1.0	0.0	0.0	0.0	-90.0	0.0	0.0	0.0	-145.117587	0.0	-0.941791	0.941791	-90.0	0.243202	-0.018206	0.243882	-4.28117	12841.699892
3000.0	1.0	0.0	0.0	0.0	-90.0	0.0	0.0	0.0	83.248257	0.0	-0.942379	0.942379	-90.0	0.243009	-0.018116	0.243683	-4.26354	12840.266665
3050.0	1.0	0.0	0.0	0.0	-90.0	0.0	0.0	0.0	-91.094203	0.0	-0.942983	0.942983	-90.0	0.242822	-0.018032	0.243491	-4.246964	12838.824043
3100.0	1.0	0.0	0.0	0.0	-90.0	0.0	0.0	0.0	78.771101	0.0	-0.943465	0.943465	-90.0	0.242655	-0.017942	0.243318	-4.228882	12837.413843
3150.0	1.0	0.0	0.0	0.0	-90.0	0.0	0.0	0.0	66.308522	0.0	-0.944078	0.944078	-90.0	0.242471	-0.017855	0.243128	-4.211565	12835.958712
3200.0	1.0	0.0	0.0	0.0	-90.0	0.0	0.0	0.0	18.618611	0.0	-0.944689	0.944689	-90.0	0.242299	-0.017766	0.24295	-4.193628	12834.513866
3250.0	1.0	0.0	0.0	0.0	-90.0	0.0	0.0	0.0	-57.349757	0.0	-0.945411	0.945411	-90.0	0.242129	-0.017688	0.242774	-4.178077	12833.06831
3300.0	1.0	0.0	0.0	0.0	-90.0	0.0	0.0	0.0	-174.606275	0.0	-0.946132	0.946132	-90.0	0.24196	-0.017603	0.2426	-4.161113	12831.602613
3350.0	1.0	0.0	0.0	0.0	-90.0	0.0	0.0	0.0	57.26039	0.0	-0.946835	0.946835	-90.0	0.241788	-0.017524	0.242423	-4.14531	12830.138678
3400.0	1.0	0.0	0.0	0.0	-90.0	0.0	0.0	0.0	-67.479649	0.0	-0.947561	0.947561	-90.0	0.241631	-0.017437	0.242259	-4.12742	12828.683814
3450.0	1.0	0.0	0.0	0.0	-90.0	0.0	0.0	0.0	-90.310632	0.0	-0.948194	0.948194	-90.0	0.241453	-0.017365	0.242077	-4.113644	12827.250271
3500.0	1.0	0.0	0.0	0.0	-90.0	0.0	0.0	0.0	-12.04694	0.0	-0.948976	0.948976	-90.0	0.241286	-0.017278	0.241904	-4.09593	12825.788674
3550.0	1.0	0.0	0.0	0.0	-90.0	0.0	0.0	0.0	51.032649	0.0	-0.94983	0.94983	-90.0	0.241121	-0.017197	0.241734	-4.079363	12824.352818
3600.0	1.0	0.0	0.0	0.0	-90.0	0.0	0.0	0.0	53.127646	0.0	-0.950653	0.950653	-90.0	0.240963	-0.017124	0.241571	-4.064793	12822.904489
3650.0	1.0	0.0	0.0	0.0	-90.0	0.0	0.0	0.0	129.483935	0.0	-0.951548	0.951548	-90.0	0.240805	-0.017045	0.241408	-4.04888	12821.455338
3700.0	1.0	0.0	0.0	0.0	-90.0	0.0	0.0	0.0	-24.0736	0.0	-0.952443	0.952443	-90.0	0.240653	-0.016976	0.241251	-4.034968	12820.010042
3750.0	1.0	0.0	0.0	0.0	-90.0	0.0	0.0	0.0	-41.291101	0.0	-0.953471	0.953471	-90.0	0.240492	-0.016896	0.241085	-4.018671	12818.554847
3800.0	1.0	0.0	0.0	0.0	-90.0	0.0	0.0	0.0	-71.405363	0.0	-0.954545	0.954545	-90.0	0.240337	-0.016817	0.240924	-4.00268	12817.126483
3850.0	1.0	0.0	0.0	0.0	-90.0	0.0	0.0	0.0	-9.971323	0.0	-0.955768	0.955768	-90.0	0.240199	-0.016747	0.240782	-3.988303	12815.697236
3900.0	1.0	0.0	0.0	0.0	-90.0	0.0	0.0	0.0	52.865192	0.0	-0.957061	0.957061	-90.0	0.24004	-0.016667	0.240618	-3.971919	12814.25098
3950.0	1.0	0.0	0.0	0.0	-90.0	0.0	0.0	0.0	-12.017743	0.0	-0.958445	0.958445	-90.0	0.239897	-0.01659	0.24047	-3.956044	12812.81393
4000.0	1.0	0.0	0.0	0.0	-90.0	0.0	0.0	0.0	114.29308	0.0	-0.959992	0.959992	-90.0	0.239741	-0.016517	0.24031	-3.941244	12811.39265
4050.0	1.0	0.0	0.0	0.0	-90.0	0.0	0.0	0.0	-159.801404	0.0	-0.961583	0.961583	-90.0	0.239599	-0.016441	0.240162	-3.925475	12809.954018
4100.0	1.0	0.0	0.0	0.0	-90.0	0.0	0.0	0.0	-72.166354	0.0	-0.963366	0.963366	-90.0	0.239453	-0.016366	0.240011	-3.910024	12808.49116
4150.0	1.0	0.0	0.0	0.0	-90.0	0.0	0.0	0.0	-164.853942	0.0	-0.965213	0.965213	-90.0	0.239308	-0.016289	0.239862	-3.893998	12807.037538
4200.0	1.0	0.0	0.0	0.0	-90.0	0.0	0.0	0.0	77.864589	0.0	-0.967401	0.967401	-90.0	0.239167	-0.01621	0.239716	-3.877403	12805.597445
4250.0	1.0	0.0	0.0	0.0	-90.0	0.0	0.0	0.0	18.009866	0.0	-0.969698	0.969698	-90.0	0.239027	-0.016133	0.239571	-3.861398	12804.164656
4300.0	1.0	0.0	0.0	0.0	-90.0	0.0	0.0	0.0	6.012616	0.0	-0.972092	0.972092	-90.0	0.238872	-0.016051	0.239411	-3.844122	12802.703008
4350.0	1.0	0.0	0.0	0.0	-90.0	0.0	0.0	0.0	13.542766	0.0	-0.974804	0.974804	-90.0	0.238726	-0.015971	0.239259	-3.827429	12801.2774
4400.0	1.0	0.0	0.0	0.0	-90.0	0.0	0.0	0.0	24.077439	0.0	-0.977844	0.977844	-90.0	0.238585	-0.015884	0.239113	-3.808848	12799.808657
4450.0	1.0	0.0	0.0	0.0	-90.0	0.0	0.0	0.0	-157.069564	0.0	-0.981026	0.981026	-90.0	0.238449	-0.015804	0.238972	-3.791894	12798.389026
4500.0	1.0	0.0	0.0	0.0	-90.0	0.0	0.0	0.0	0.302259	0.0	-0.984301	0.984301	-90.0	0.238291	-0.015716	0.238808	-3.773435	12796.942292
4550.0	1.0	0.0	0.0	0.0	-90.0	0.0	0.0	0.0	-1.081671	0.0	-0.987949	0.987949	-90.0	0.238147	-0.015626	0.23866	-3.754136	12795.496097
4600.0	1.0	0.0	0.0	0.0	-90.0	0.0	0.0	0.0	85.617262	0.0	-0.99159	0.99159	-90.0	0.237999	-0.015531	0.238505	-3.733742	12794.08233
4650.0	1.0	0.0	0.0	0.0	-90.0	0.0	0.0	0.0	8.905114	0.0	-0.992245	0.992245	-90.0	0.237857	-0.015433	0.238357	-3.712362	12792.632378
4700.0	1.0	0.0	0.0	0.0	-90.0	0.0	0.0	0.0	21.316276	0.0	-1.006908	1.006908	-90.0	0.237674	-0.01531	0.238166	-3.685559	12791.165242
4750.0	1.0	0.0	0.0	0.0	-90.0	0.0	0.0	0.0	-135.579356	0.0	-1.006794	1.006794	-90.0	0.237514	-0.01519	0.238	-3.659293	12789.72498
4800.0	1.0	0.0	0.0	0.0	-90.0	0.0	0.0	0.0	-18.239913	0.0	-1.00712	1.00712	-90.0	0.237338	-0.015062	0.237815	-3.631206	12788.258788
4850.0	1.0	0.0	0.0	0.0	-90.0	0.0	0.0	0.0	-48.359729	0.0	-1.010953	1.010953	-90.0	0.237153	-0.014932	0.237623	-3.602731	12786.828391
4900.0	1.0	0.0	0.0	0.0	-90.0	0.0	0.0	0.0	16.622737	0.0	-1.013769	1.013769	-90.0	0.236975	-0.014787	0.237436	-3.570676	12785.399414
4950.0	1.0	0.0	0.0	0.0	-90.0	0.0	0.0	0.0	12.242306	0.0	-1.014683	1.014683	-90.0	0.236763	-0.014616	0.237214	-3.532533	12783.866857
5000.0	1.0	0.0	0.0	0.0	-90.0	0.0	0.0	0.0	31.935547999999997	0.0	-0.973419	0.973419	-90.0	0.237678	-0.0159835	0.2382195	-3.8453825000000004	12571.8603445
10000.0	1.0	0.0	0.0	0.0	-90.0	0.0	0.0	0.0	96.143576	0.0	-0.940056	0.940056	-90.0	0.23252	-0.017172	0.233153	-4.223786	12359.837918
15000.0	1.0	0.0	0.0	0.0	-90.0	0.0	0.0	0.0	24.558094	0.0	-0.928882	0.928882	-90.0	0.228853	-0.017714	0.229537	-4.425955	12358.390357
20000.0	1.0	0.0	0.0	0.0	-90.0	0.0	0.0	0.0	-38.907477	0.0	-0.934179	0.934179	-90.0	0.226168	-0.018422	0.226917	-4.656506	12356.948266
25000.0	1.0	0.0	0.0	0.0	-90.0	0.0	0.0	0.0	-105.461956	0.0	-0.932761	0.932761	-90.0	0.224052	-0.019206	0.224874	-4.899402	12355.528484
30000.0	1.0	0.0	0.0	0.0	-90.0	0.0	0.0	0.0	-13.027866	0.0	-0.932825	0.932825	-90.0	0.222292	-0.020004	0.22319	-5.142296	12354.051775
35000.0	1.0	0.0	0.0	0.0	-90.0	0.0	0.0	0.0	-16.487754	0.0	-0.932883	0.932883	-90.0	0.22077	-0.020807	0.221748	-5.384156	12352.58704
40000.0	1.0	0.0	0.0	0.0	-90.0	0.0	0.0	0.0	-78.485719	0.0	-0.932789	0.932789	-90.0	0.219435	-0.021609	0.220497	-5.624063	12351.142306
45000.0	1.0	0.0	0.0	0.0	-90.0	0.0	0.0	0.0	-117.277153	0.0	-0.932461	0.932461	-90.0	0.218253	-0.022412	0.219401	-5.863162	12349.700858
50000.0	1.0	0.0	0.0	0.0	-90.0	0.0	0.0	0.0	-56.637201	0.0	-0.930377	0.930377	-90.0	0.217171	-0.02321	0.218407	-6.100258	12348.28462
55000.0	1.0	0.0	0.0	0.0	-90.0	0.0	0.0	0.0	-87.24975	0.0	-0.936978	0.936978	-90.0	0.216159	-0.023998	0.217487	-6.33517	12346.793045
60000.0	1.0	0.0	0.0	0.0	-90.0	0.0	0.0	0.0	-75.959189	0.0	-0.933635	0.933635	-90.0	0.215212	-0.024787	0.216635	-6.569963	12345.311948
65000.0	1.0	0.0	0.0	0.0	-90.0	0.0	0.0	0.0	-73.558899	0.0	-0.935104	0.935104	-90.0	0.214355	-0.025572	0.215875	-6.803072	12343.841483
70000.0	1.0	0.0	0.0	0.0	-90.0	0.0	0.0	0.0	-43.086457	0.0	-0.932902	0.932902	-90.0	0.213529	-0.02635	0.215148	-7.034824	12342.395793
75000.0	1.0	0.0	0.0	0.0	-90.0	0.0	0.0	0.0	-100.018927	0.0	-0.933217	0.933217	-90.0	0.212771	-0.027128	0.214494	-7.265905	12340.955561
80000.0	1.0	0.0	0.0	0.0	-90.0	0.0	0.0	0.0	-4.790821	0.0	-0.933207	0.933207	-90.0	0.212026	-0.027901	0.213854	-7.496608	12339.543761
85000.0	1.0	0.0	0.0	0.0	-90.0	0.0	0.0	0.0	-137.834414	0.0	-0.933801	0.933801	-90.0	0.211313	-0.028665	0.213249	-7.72508	12338.108283
90000.0	1.0	0.0	0.0	0.0	-90.0	0.0	0.0	0.0	-120.786331	0.0	-0.933829	0.933829	-90.0	0.210638	-0.029428	0.212683	-7.953154	12336.651496
95000.0	1.0	0.0	0.0	0.0	-90.0	0.0	0.0	0.0	-103.763647	0.0	-0.933447	0.933447	-90.0	0.209991	-0.03019	0.21215	-8.181129	12335.213846
100000.0	1.0	0.0	0.0	0.0	-90.0	0.0	0.0	0.0	-61.848828	0.0	-0.93367	0.93367	-90.0	0.209361	-0.030942	0.211635	-8.407036	12333.764962
105000.0	1.0	0.0	0.0	0.0	-90.0	0.0	0.0	0.0	-10.020909	0.0	-0.933709	0.933709	-90.0	0.208749	-0.031697	0.211142	-8.634097	12332.32303
110000.0	1.0	0.0	0.0	0.0	-90.0	0.0	0.0	0.0	-102.901669	0.0	-0.933753	0.933753	-90.0	0.208153	-0.032446	0.210667	-8.859618	12330.87704
115000.0	1.0	0.0	0.0	0.0	-90.0	0.0	0.0	0.0	-109.824552	0.0	-0.934382	0.934382	-90.0	0.20758	-0.033193	0.210217	-9.084875	12329.406555
120000.0	1.0	0.0	0.0	0.0	-90.0	0.0	0.0	0.0	-139.09235	0.0	-0.934723	0.934723	-90.0	0.207028	-0.033937	0.209791	-9.309401	12327.934538
125000.0	1.0	0.0	0.0	0.0	-90.0	0.0	0.0	0.0	-143.691777	0.0	-0.935733	0.935733	-90.0	0.206481	-0.034682	0.209373	-9.534728	12326.476769
130000.0	1.0	0.0	0.0	0.0	-90.0	0.0	0.0	0.0	-140.249905	0.0	-0.935163	0.935163	-90.0	0.205946	-0.035414	0.208968	-9.757077	12325.015862
135000.0	1.0	0.0	0.0	0.0	-90.0	0.0	0.0	0.0	-160.386962	0.0	-0.934033	0.934033	-90.0	0.205412	-0.036147	0.208568	-9.980308	12323.562086
140000.0	1.0	0.0	0.0	0.0	-90.0	0.0	0.0	0.0	-22.312668	0.0	-0.935271	0.935271	-90.0	0.204895	-0.036878	0.208187	-10.203061	12322.13143
145000.0	1.0	0.0	0.0	0.0	-90.0	0.0	0.0	0.0	-62.457839	0.0	-0.9352	0.9352	-90.0	0.204383	-0.037605	0.207813	-10.425302	12320.71449
150000.0	1.0	0.0	0.0	0.0	-90.0	0.0	0.0	0.0	-131.516455	0.0	-0.935474	0.935474	-90.0	0.203889	-0.038328	0.20746	-10.646357	12319.274015
155000.0	1.0	0.0	0.0	0.0	-90.0	0.0	0.0	0.0	-116.064828	0.0	-0.935808	0.935808	-90.0	0.203405	-0.039055	0.20712	-10.868736	12317.832227
160000.0	1.0	0.0	0.0	0.0	-90.0	0.0	0.0	0.0	-90.584759	0.0	-0.936068	0.936068	-90.0	0.202921	-0.039773	0.206782	-11.089599	12316.385356
165000.0	1.0	0.0	0.0	0.0	-90.0	0.0	0.0	0.0	-99.172724	0.0	-0.936425	0.936425	-90.0	0.202448	-0.040492	0.206458	-11.310484	12314.923874
170000.0	1.0	0.0	0.0	0.0	-90.0	0.0	0.0	0.0	-102.971977	0.0	-0.936708	0.936708	-90.0	0.201979	-0.041207	0.20614	-11.53103	12313.441649
175000.0	1.0	0.0	0.0	0.0	-90.0	0.0	0.0	0.0	-35.11287	0.0	-0.937046	0.937046	-90.0	0.20151	-0.041919	0.205824	-11.751392	12311.980489
180000.0	1.0	0.0	0.0	0.0	-90.0	0.0	0.0	0.0	-159.239845	0.0	-0.937346	0.937346	-90.0	0.201047	-0.042626	0.205516	-11.970722	12310.491553
185000.0	1.0	0.0	0.0	0.0	-90.0	0.0	0.0	0.0	-79.096474	0.0	-0.937834	0.937834	-90.0	0.200602	-0.043337	0.20523	-12.190441	12309.024645
190000.0	1.0	0.0	0.0	0.0	-90.0	0.0	0.0	0.0	-126.151641	0.0	-0.938116	0.938116	-90.0	0.200146	-0.04404	0.204934	-12.409727	12307.598305
195000.0	1.0	0.0	0.0	0.0	-90.0	0.0	0.0	0.0	163.625275	0.0	-0.938458	0.938458	-90.0	0.199692	-0.044742	0.204643	-12.628847	12306.14604
200000.0	1.0	0.0	0.0	0.0	-90.0	0.0	0.0	0.0	-107.857747	0.0	-0.938827	0.938827	-90.0	0.199245	-0.045444	0.204361	-12.848455	12304.712769
205000.0	1.0	0.0	0.0	0.0	-90.0	0.0	0.0	0.0	-79.139742	0.0	-0.939176	0.939176	-90.0	0.198803	-0.046141	0.204087	-13.066667	12303.26355
210000.0	1.0	0.0	0.0	0.0	-90.0	0.0	0.0	0.0	-89.500126	0.0	-0.93866	0.93866	-90.0	0.198358	-0.046834	0.203812	-13.28482	12301.839715
215000.0	1.0	0.0	0.0	0.0	-90.0	0.0	0.0	0.0	-81.653376	0.0	-0.93825	0.93825	-90.0	0.197921	-0.047529	0.203548	-13.503345	12300.370736
220000.0	1.0	0.0	0.0	0.0	-90.0	0.0	0.0	0.0	-118.612959	0.0	-0.937888	0.937888	-90.0	0.197487	-0.04822	0.203288	-13.721447	12298.903062
225000.0	1.0	0.0	0.0	0.0	-90.0	0.0	0.0	0.0	-68.334948	0.0	-0.939392	0.939392	-90.0	0.19705	-0.048905	0.203028	-13.938351	12297.420722
230000.0	1.0	0.0	0.0	0.0	-90.0	0.0	0.0	0.0	-103.918614	0.0	-0.944263	0.944263	-90.0	0.196623	-0.049592	0.20278	-14.155927	12295.971037
235000.0	1.0	0.0	0.0	0.0	-90.0	0.0	0.0	0.0	-154.196963	0.0	-0.940974	0.940974	-90.0	0.196186	-0.050276	0.202526	-14.373768	12294.531106
240000.0	1.0	0.0	0.0	0.0	-90.0	0.0	0.0	0.0	-115.867356	0.0	-0.941589	0.941589	-90.0	0.195755	-0.050959	0.202279	-14.591442	12293.074279
245000.0	1.0	0.0	0.0	0.0	-90.0	0.0	0.0	0.0	-126.989866	0.0	-0.94251	0.94251	-90.0	0.195327	-0.051635	0.202036	-14.807426	12291.666365
250000.0	1.0	0.0	0.0	0.0	-90.0	0.0	0.0	0.0	-136.275986	0.0	-0.943249	0.943249	-90.0	0.19489	-0.052305	0.201786	-15.023246	12290.214068
255000.0	1.0	0.0	0.0	0.0	-90.0	0.0	0.0	0.0	2.961767	0.0	-0.944321	0.944321	-90.0	0.194473	-0.052985	0.201562	-15.240555	12288.782772
260000.0	1.0	0.0	0.0	0.0	-90.0	0.0	0.0	0.0	-45.682201	0.0	-0.945313	0.945313	-90.0	0.194035	-0.053655	0.201317	-15.457218	12287.335569
265000.0	1.0	0.0	0.0	0.0	-90.0	0.0	0.0	0.0	-5.472268	0.0	-0.946472	0.946472	-90.0	0.193611	-0.054324	0.201088	-15.673328	12285.886199
270000.0	1.0	0.0	0.0	0.0	-90.0	0.0	0.0	0.0	-119.787688	0.0	-0.947863	0.947863	-90.0	0.193182	-0.054991	0.200856	-15.889381	12284.435695
275000.0	1.0	0.0	0.0	0.0	-90.0	0.0	0.0	0.0	-153.023492	0.0	-0.949521	0.949521	-90.0	0.192758	-0.055658	0.200633	-16.10574	12283.035171
280000.0	1.0	0.0	0.0	0.0	-90.0	0.0	0.0	0.0	163.647871	0.0	-0.957494	0.957494	-90.0	0.192333	-0.056317	0.200408	-16.320605	12281.564931
285000.0	1.0	0.0	0.0	0.0	-90.0	0.0	0.0	0.0	-68.430135	0.0	-0.955431	0.955431	-90.0	0.191916	-0.056982	0.200196	-16.536639	12280.136549
290000.0	1.0	0.0	0.0	0.0	-90.0	0.0	0.0	0.0	-170.068333	0.0	-0.957223	0.957223	-90.0	0.191498	-0.057643	0.199985	-16.752246	12278.701563
295000.0	1.0	0.0	0.0	0.0	-90.0	0.0	0.0	0.0	-105.024449	0.0	-0.956725	0.956725	-90.0	0.191065	-0.058298	0.199761	-16.968185	12277.249093
300000.0	1.0	0.0	0.0	0.0	-90.0	0.0	0.0	0.0	-136.244981	0.0	-0.955622	0.955622	-90.0	0.190655	-0.058962	0.199564	-17.184799	12275.766003
305000.0	1.0	0.0	0.0	0.0	-90.0	0.0	0.0	0.0	-156.020706	0.0	-0.956365	0.956365	-90.0	0.190228	-0.059611	0.199349	-17.399189	12274.313182
310000.0	1.0	0.0	0.0	0.0	-90.0	0.0	0.0	0.0	-141.035413	0.0	-0.957347	0.957347	-90.0	0.189804	-0.060262	0.199141	-17.6145	12272.884244
315000.0	1.0	0.0	0.0	0.0	-90.0	0.0	0.0	0.0	-166.049516	0.0	-0.958508	0.958508	-90.0	0.18939	-0.060916	0.198946	-17.830087	12271.431986
320000.0	1.0	0.0	0.0	0.0	-90.0	0.0	0.0	0.0	-115.316144	0.0	-0.95961	0.95961	-90.0	0.188974	-0.061564	0.19875	-18.044497	12269.986135
325000.0	1.0	0.0	0.0	0.0	-90.0	0.0	0.0	0.0	-146.471779	0.0	-0.960603	0.960603	-90.0	0.188552	-0.06221	0.198549	-18.259642	12268.560951
330000.0	1.0	0.0	0.0	0.0	-90.0	0.0	0.0	0.0	-104.840326	0.0	-0.961805	0.961805	-90.0	0.188128	-0.062854	0.19835	-18.474465	12267.090511
335000.0	1.0	0.0	0.0	0.0	-90.0	0.0	0.0	0.0	-104.927319	0.0	-0.962948	0.962948	-90.0	0.187708	-0.063499	0.198157	-18.689892	12265.633378
340000.0	1.0	0.0	0.0	0.0	-90.0	0.0	0.0	0.0	-173.026638	0.0	-0.964248	0.964248	-90.0	0.187288	-0.06414	0.197966	-18.904761	12264.177883
345000.0	1.0	0.0	0.0	0.0	-90.0	0.0	0.0	0.0	-169.307873	0.0	-0.964171	0.964171	-90.0	0.18686	-0.064779	0.19777	-19.119868	12262.70093
350000.0	1.0	0.0	0.0	0.0	-90.0	0.0	0.0	0.0	-39.754384	0.0	-0.966189	0.966189	-90.0	0.186436	-0.065414	0.197579	-19.334088	12261.275919
355000.0	1.0	0.0	0.0	0.0	-90.0	0.0	0.0	0.0	-121.135749	0.0	-0.969764	0.969764	-90.0	0.186004	-0.066048	0.197383	-19.549249	12259.835216
360000.0	1.0	0.0	0.0	0.0	-90.0	0.0	0.0	0.0	112.973741	0.0	-0.969168	0.969168	-90.0	0.185586	-0.066686	0.197204	-19.764824	12258.393208
365000.0	1.0	0.0	0.0	0.0	-90.0	0.0	0.0	0.0	157.609059	0.0	-0.971155	0.971155	-90.0	0.18516	-0.067316	0.197017	-19.979085	12256.94243
370000.0	1.0	0.0	0.0	0.0	-90.0	0.0	0.0	0.0	-107.808598	0.0	-0.972486	0.972486	-90.0	0.184725	-0.067942	0.196823	-20.193615	12255.519615
375000.0	1.0	0.0	0.0	0.0	-90.0	0.0	0.0	0.0	68.429944	0.0	-0.973661	0.973661	-90.0	0.184294	-0.068574	0.196638	-20.409694	12254.054049
380000.0	1.0	0.0	0.0	0.0	-90.0	0.0	0.0	0.0	-164.990502	0.0	-0.975305	0.975305	-90.0	0.183872	-0.069196	0.196461	-20.622561	12252.627963
385000.0	1.0	0.0	0.0	0.0	-90.0	0.0	0.0	0.0	-106.618742	0.0	-0.977433	0.977433	-90.0	0.18345	-0.069821	0.196288	-20.83686	12251.175807
390000.0	1.0	0.0	0.0	0.0	-90.0	0.0	0.0	0.0	179.859085	0.0	-0.979788	0.979788	-90.0	0.183025	-0.070444	0.196114	-21.051126	12249.72821
395000.0	1.0	0.0	0.0	0.0	-90.0	0.0	0.0	0.0	72.174158	0.0	-0.981376	0.981376	-90.0	0.182605	-0.071066	0.195947	-21.26496	12248.304967
400000.0	1.0	0.0	0.0	0.0	-90.0	0.0	0.0	0.0	115.06351	0.0	-0.98348	0.98348	-90.0	0.182181	-0.071689	0.195779	-21.479874	12246.845409
405000.0	1.0	0.0	0.0	0.0	-90.0	0.0	0.0	0.0	-152.782594	0.0	-0.985551	0.985551	-90.0	0.181735	-0.072297	0.195587	-21.69349	12245.390544
410000.0	1.0	0.0	0.0	0.0	-90.0	0.0	0.0	0.0	-178.594009	0.0	-0.98782	0.98782	-90.0	0.1813	-0.072911	0.195412	-21.907729	12243.952688
415000.0	1.0	0.0	0.0	0.0	-90.0	0.0	0.0	0.0	-100.65789	0.0	-0.990308	0.990308	-90.0	0.180866	-0.073522	0.195239	-22.121848	12242.508444
420000.0	1.0	0.0	0.0	0.0	-90.0	0.0	0.0	0.0	164.320657	0.0	-0.992974	0.992974	-90.0	0.180428	-0.074132	0.195064	-22.336231	12241.052035
425000.0	1.0	0.0	0.0	0.0	-90.0	0.0	0.0	0.0	-161.903134	0.0	-0.995852	0.995852	-90.0	0.179994	-0.074742	0.194895	-22.550495	12239.618157
430000.0	1.0	0.0	0.0	0.0	-90.0	0.0	0.0	0.0	-154.143471	0.0	-0.998835	0.998835	-90.0	0.179557	-0.075348	0.194725	-22.764684	12238.201417
435000.0	1.0	0.0	0.0	0.0	-90.0	0.0	0.0	0.0	-138.536899	0.0	-1.001909	1.001909	-90.0	0.179109	-0.075948	0.194546	-22.9786	12236.77643
440000.0	1.0	0.0	0.0	0.0	-90.0	0.0	0.0	0.0	-165.940048	0.0	-1.005343	1.005343	-90.0	0.178675	-0.076553	0.194384	-23.192689	12235.333232
445000.0	1.0	0.0	0.0	0.0	-90.0	0.0	0.0	0.0	-36.966653	0.0	-1.008893	1.008893	-90.0	0.17824	-0.077155	0.194222	-23.406437	12233.90431
450000.0	1.0	0.0	0.0	0.0	-90.0	0.0	0.0	0.0	136.281089	0.0	-1.012606	1.012606	-90.0	0.177795	-0.077749	0.194051	-23.619456	12232.456268
455000.0	1.0	0.0	0.0	0.0	-90.0	0.0	0.0	0.0	-160.605367	0.0	-1.01666	1.01666	-90.0	0.17735	-0.078345	0.193884	-23.833694	12231.020039
460000.0	1.0	0.0	0.0	0.0	-90.0	0.0	0.0	0.0	-166.92356	0.0	-1.021012	1.021012	-90.0	0.176912	-0.078942	0.193726	-24.047438	12229.55432
465000.0	1.0	0.0	0.0	0.0	-90.0	0.0	0.0	0.0	54.896464	0.0	-1.025494	1.025494	-90.0	0.176468	-0.079533	0.193563	-24.260924	12228.097052
470000.0	1.0	0.0	0.0	0.0	-90.0	0.0	0.0	0.0	-174.305459	0.0	-1.029879	1.029879	-90.0	0.176014	-0.080118	0.193391	-24.474162	12226.651665
475000.0	1.0	0.0	0.0	0.0	-90.0	0.0	0.0	0.0	-174.887155	0.0	-1.03367	1.03367	-90.0	0.175567	-0.080699	0.193226	-24.685852	12225.190355
480000.0	1.0	0.0	0.0	0.0	-90.0	0.0	0.0	0.0	-163.988896	0.0	-1.039485	1.039485	-90.0	0.175109	-0.081288	0.193057	-24.901239	12223.781439
485000.0	1.0	0.0	0.0	0.0	-90.0	0.0	0.0	0.0	-175.418244	0.0	-1.04784	1.04784	-90.0	0.174648	-0.081866	0.192884	-25.114781	12222.323771
490000.0	1.0	0.0	0.0	0.0	-90.0	0.0	0.0	0.0	176.903358	0.0	-1.052344	1.052344	-90.0	0.174202	-0.082448	0.192728	-25.327793	12220.900598
495000.0	1.0	0.0	0.0	0.0	-90.0	0.0	0.0	0.0	-134.970112	0.0	-1.05323	1.05323	-90.0	0.173747	-0.083022	0.192564	-25.539966	12219.482326
500000.0	1.0	0.0	0.0	0.0	-90.0	0.0	0.0	0.0	-152.760194	0.0	-1.060858	1.060858	-90.0	0.173288	-0.083593	0.192397	-25.752303	12217.999428
