# Oscilator_frequency (Hz)	DemodAll_A (-)	Demod_1_X_A (A)	Demod_1_Y_A (A)	Demod_1__R_A (A)	Demod_1__Theta_A (deg)	Demod_2_X_A (A)	Demod_2_Y_A (A)	Demod_2__R_A (A)	Demod_2__Theta_A (deg)	Demod_3_X_A (V)	Demod_3_Y_A (V)	Demod_3__R_A (V)	Demod_3__Theta_A (deg)	Demod_4_X_A (V)	Demod_4_Y_A (V)	Demod_4__R_A (V)	Demod_4__Theta_A (deg)	Timer_GET (s)	
200.000000	 1.000000	 0.000000	 -0.000000	 0.000000	 -90.000000	 0.166753	 -0.044368	 0.172554	 -14.899552	 0.000000	 0.008609	 0.008609	 90.000000	 0.166753	 -0.044368	 0.172554	 -14.899552	 327547.290761	
199.000000	 1.000000	 0.000000	 -0.000000	 0.000000	 -90.000000	 0.167684	 -0.046058	 0.173894	 -15.358793	 0.000000	 0.007733	 0.007733	 90.000000	 0.167687	 -0.046065	 0.173899	 -15.360781	 327548.757280	
198.000000	 1.000000	 0.000000	 -0.000000	 0.000000	 -90.000000	 0.168068	 -0.046141	 0.174287	 -15.351598	 0.000000	 0.008621	 0.008621	 90.000000	 0.168068	 -0.046141	 0.174287	 -15.351597	 327550.185143	
197.000000	 1.000000	 0.000000	 -0.000000	 0.000000	 -90.000000	 0.166728	 -0.043782	 0.172380	 -14.713373	 0.000000	 0.008448	 0.008448	 90.000000	 0.166728	 -0.043782	 0.172380	 -14.713373	 327551.597795	
196.000000	 1.000000	 0.000000	 -0.000000	 0.000000	 -90.000000	 0.166521	 -0.043421	 0.172089	 -14.614683	 0.000000	 0.010638	 0.010638	 90.000000	 0.166521	 -0.043421	 0.172089	 -14.614683	 327553.035746	
195.000000	 1.000000	 0.000000	 -0.000000	 0.000000	 -90.000000	 0.167800	 -0.045710	 0.173914	 -15.238121	 0.000000	 0.008534	 0.008534	 90.000000	 0.167800	 -0.045679	 0.173907	 -15.228334	 327554.483759	
194.000000	 1.000000	 0.000000	 -0.000000	 0.000000	 -90.000000	 0.169905	 -0.049326	 0.176920	 -16.188867	 0.000000	 0.007868	 0.007868	 90.000000	 0.169905	 -0.049326	 0.176920	 -16.188867	 327555.910692	
193.000000	 1.000000	 0.000000	 -0.000000	 0.000000	 -90.000000	 0.168829	 -0.047421	 0.175362	 -15.689079	 0.000000	 0.009611	 0.009611	 90.000000	 0.168829	 -0.047421	 0.175362	 -15.689079	 327557.327685	
192.000000	 1.000000	 0.000000	 -0.000000	 0.000000	 -90.000000	 0.168677	 -0.047164	 0.175147	 -15.621567	 0.000000	 0.009673	 0.009673	 90.000000	 0.168677	 -0.047164	 0.175147	 -15.621567	 327558.783661	
191.000000	 1.000000	 0.000000	 -0.000000	 0.000000	 -90.000000	 0.168785	 -0.047325	 0.175294	 -15.662794	 0.000000	 0.008785	 0.008785	 90.000000	 0.168785	 -0.047325	 0.175294	 -15.662794	 327560.230964	
190.000000	 1.000000	 0.000000	 -0.000000	 0.000000	 -90.000000	 0.168768	 -0.047330	 0.175279	 -15.666000	 0.000000	 0.009358	 0.009358	 90.000000	 0.168768	 -0.047330	 0.175279	 -15.665999	 327561.667653	
189.000000	 1.000000	 0.000000	 -0.000000	 0.000000	 -90.000000	 0.167449	 -0.044857	 0.173354	 -14.996452	 0.000000	 0.010291	 0.010291	 90.000000	 0.167449	 -0.044857	 0.173354	 -14.996452	 327563.096672	
188.000000	 1.000000	 0.000000	 -0.000000	 0.000000	 -90.000000	 0.168978	 -0.047579	 0.175548	 -15.725512	 0.000000	 0.009576	 0.009576	 90.000000	 0.168978	 -0.047579	 0.175548	 -15.725512	 327564.526913	
187.000000	 1.000000	 0.000000	 -0.000000	 0.000000	 -90.000000	 0.168043	 -0.045892	 0.174196	 -15.274868	 0.000000	 0.010160	 0.010160	 90.000000	 0.168043	 -0.045892	 0.174196	 -15.274868	 327565.990217	
186.000000	 1.000000	 0.000000	 -0.000000	 0.000000	 -90.000000	 0.169353	 -0.048064	 0.176041	 -15.844525	 0.000000	 0.009577	 0.009577	 90.000000	 0.169364	 -0.048076	 0.176055	 -15.847338	 327567.430307	
185.000000	 1.000000	 0.000000	 -0.000000	 0.000000	 -90.000000	 0.168029	 -0.045700	 0.174133	 -15.214998	 0.000000	 0.010103	 0.010103	 90.000000	 0.168029	 -0.045700	 0.174133	 -15.214998	 327568.858378	
184.000000	 1.000000	 0.000000	 -0.000000	 0.000000	 -90.000000	 0.168018	 -0.045608	 0.174098	 -15.186768	 0.000000	 0.008912	 0.008912	 90.000000	 0.167998	 -0.045567	 0.174068	 -15.175393	 327570.342507	
183.000000	 1.000000	 0.000000	 -0.000000	 0.000000	 -90.000000	 0.168028	 -0.045666	 0.174122	 -15.204276	 0.000000	 0.009828	 0.009828	 90.000000	 0.168028	 -0.045666	 0.174122	 -15.204276	 327571.807651	
182.000000	 1.000000	 0.000000	 -0.000000	 0.000000	 -90.000000	 0.168759	 -0.046834	 0.175137	 -15.510238	 0.000000	 0.011155	 0.011155	 90.000000	 0.168759	 -0.046834	 0.175137	 -15.510238	 327573.241466	
181.000000	 1.000000	 0.000000	 -0.000000	 0.000000	 -90.000000	 0.169289	 -0.047620	 0.175859	 -15.710815	 0.000000	 0.009555	 0.009555	 90.000000	 0.169289	 -0.047620	 0.175859	 -15.710815	 327574.679755	
180.000000	 1.000000	 0.000000	 -0.000000	 0.000000	 -90.000000	 0.169225	 -0.047521	 0.175771	 -15.685472	 0.000000	 0.011151	 0.011151	 90.000000	 0.169216	 -0.047507	 0.175758	 -15.681811	 327576.126441	
179.000000	 1.000000	 0.000000	 -0.000000	 0.000000	 -90.000000	 0.172013	 -0.051975	 0.179693	 -16.812502	 0.000000	 0.008217	 0.008217	 90.000000	 0.172013	 -0.051975	 0.179693	 -16.812502	 327577.562972	
178.000000	 1.000000	 0.000000	 -0.000000	 0.000000	 -90.000000	 0.169404	 -0.047651	 0.175979	 -15.710567	 0.000000	 0.010248	 0.010248	 90.000000	 0.169412	 -0.047663	 0.175989	 -15.713682	 327579.016878	
177.000000	 1.000000	 0.000000	 -0.000000	 0.000000	 -90.000000	 0.168955	 -0.046871	 0.175336	 -15.505077	 0.000000	 0.010409	 0.010409	 90.000000	 0.168955	 -0.046871	 0.175336	 -15.505077	 327580.465327	
176.000000	 1.000000	 0.000000	 -0.000000	 0.000000	 -90.000000	 0.168886	 -0.046776	 0.175244	 -15.480884	 0.000000	 0.010575	 0.010575	 90.000000	 0.168886	 -0.046776	 0.175244	 -15.480884	 327581.914034	
175.000000	 1.000000	 0.000000	 -0.000000	 0.000000	 -90.000000	 0.170026	 -0.048665	 0.176853	 -15.972355	 0.000000	 0.010905	 0.010905	 90.000000	 0.170023	 -0.048655	 0.176848	 -15.969425	 327583.357174	
174.000000	 1.000000	 0.000000	 -0.000000	 0.000000	 -90.000000	 0.170856	 -0.049767	 0.177956	 -16.239742	 0.000000	 0.010510	 0.010510	 90.000000	 0.170856	 -0.049767	 0.177956	 -16.239742	 327584.819739	
173.000000	 1.000000	 0.000000	 -0.000000	 0.000000	 -90.000000	 0.171256	 -0.050516	 0.178551	 -16.434681	 0.000000	 0.009311	 0.009311	 90.000000	 0.171256	 -0.050516	 0.178551	 -16.434681	 327586.260116	
172.000000	 1.000000	 0.000000	 -0.000000	 0.000000	 -90.000000	 0.170249	 -0.048831	 0.177114	 -16.003999	 0.000000	 0.010362	 0.010362	 90.000000	 0.170250	 -0.048831	 0.177114	 -16.003999	 327587.736663	
171.000000	 1.000000	 0.000000	 -0.000000	 0.000000	 -90.000000	 0.170102	 -0.048503	 0.176882	 -15.915092	 0.000000	 0.009480	 0.009480	 90.000000	 0.170102	 -0.048503	 0.176882	 -15.915092	 327589.176450	
170.000000	 1.000000	 0.000000	 -0.000000	 0.000000	 -90.000000	 0.169182	 -0.046935	 0.175572	 -15.505059	 0.000000	 0.010510	 0.010510	 90.000000	 0.169182	 -0.046935	 0.175572	 -15.505059	 327590.646552	
169.000000	 1.000000	 0.000000	 -0.000000	 0.000000	 -90.000000	 0.172848	 -0.052829	 0.180741	 -16.995112	 0.000000	 0.008865	 0.008865	 90.000000	 0.173034	 -0.053101	 0.180999	 -17.060239	 327592.085396	
168.000000	 1.000000	 0.000000	 -0.000000	 0.000000	 -90.000000	 0.171507	 -0.050620	 0.178821	 -16.443751	 0.000000	 0.009093	 0.009093	 90.000000	 0.171507	 -0.050620	 0.178821	 -16.443751	 327593.505264	
167.000000	 1.000000	 0.000000	 -0.000000	 0.000000	 -90.000000	 0.173255	 -0.053249	 0.181253	 -17.084445	 0.000000	 0.008482	 0.008482	 90.000000	 0.173255	 -0.053249	 0.181253	 -17.084445	 327594.948681	
166.000000	 1.000000	 0.000000	 -0.000000	 0.000000	 -90.000000	 0.171922	 -0.051348	 0.179427	 -16.629455	 0.000000	 0.008920	 0.008920	 90.000000	 0.171922	 -0.051348	 0.179427	 -16.629455	 327596.386790	
165.000000	 1.000000	 0.000000	 -0.000000	 0.000000	 -90.000000	 0.172164	 -0.051431	 0.179682	 -16.632758	 0.000000	 0.011508	 0.011508	 90.000000	 0.172164	 -0.051431	 0.179682	 -16.632757	 327597.819132	
164.000000	 1.000000	 0.000000	 -0.000000	 0.000000	 -90.000000	 0.173191	 -0.052890	 0.181087	 -16.981803	 0.000000	 0.009767	 0.009767	 90.000000	 0.173191	 -0.052890	 0.181087	 -16.981802	 327599.260871	
163.000000	 1.000000	 0.000000	 -0.000000	 0.000000	 -90.000000	 0.172744	 -0.052163	 0.180448	 -16.802464	 0.000000	 0.010197	 0.010197	 90.000000	 0.172744	 -0.052163	 0.180448	 -16.802464	 327600.674501	
162.000000	 1.000000	 0.000000	 -0.000000	 0.000000	 -90.000000	 0.173035	 -0.052640	 0.180865	 -16.920438	 0.000000	 0.009464	 0.009464	 90.000000	 0.173035	 -0.052640	 0.180865	 -16.920438	 327602.115943	
161.000000	 1.000000	 0.000000	 -0.000000	 0.000000	 -90.000000	 0.173352	 -0.052894	 0.181242	 -16.968165	 0.000000	 0.011179	 0.011179	 90.000000	 0.173352	 -0.052894	 0.181242	 -16.968165	 327603.607354	
160.000000	 1.000000	 0.000000	 -0.000000	 0.000000	 -90.000000	 0.174787	 -0.055010	 0.183239	 -17.470030	 0.000000	 0.009412	 0.009412	 90.000000	 0.174787	 -0.055010	 0.183239	 -17.470030	 327605.014001	
159.000000	 1.000000	 0.000000	 -0.000000	 0.000000	 -90.000000	 0.173437	 -0.052955	 0.181342	 -16.978786	 0.000000	 0.010460	 0.010460	 90.000000	 0.173437	 -0.052955	 0.181342	 -16.978786	 327606.473831	
158.000000	 1.000000	 0.000000	 -0.000000	 0.000000	 -90.000000	 0.174436	 -0.054451	 0.182737	 -17.336086	 0.000000	 0.009757	 0.009757	 90.000000	 0.174436	 -0.054451	 0.182737	 -17.336086	 327607.909786	
157.000000	 1.000000	 0.000000	 -0.000000	 0.000000	 -90.000000	 0.176225	 -0.056596	 0.185091	 -17.804860	 0.000000	 0.008054	 0.008054	 90.000000	 0.176225	 -0.056596	 0.185091	 -17.804860	 327609.378537	
156.000000	 1.000000	 0.000000	 -0.000000	 0.000000	 -90.000000	 0.174997	 -0.054528	 0.183296	 -17.306544	 0.000000	 0.010449	 0.010449	 90.000000	 0.174997	 -0.054528	 0.183296	 -17.306544	 327610.812406	
155.000000	 1.000000	 0.000000	 -0.000000	 0.000000	 -90.000000	 0.174596	 -0.054318	 0.182850	 -17.281179	 0.000000	 0.009543	 0.009543	 90.000000	 0.174596	 -0.054318	 0.182850	 -17.281179	 327612.225086	
154.000000	 1.000000	 0.000000	 -0.000000	 0.000000	 -90.000000	 0.174992	 -0.055173	 0.183484	 -17.499301	 0.000000	 0.007355	 0.007355	 90.000000	 0.175086	 -0.055053	 0.183537	 -17.454908	 327613.686795	
153.000000	 1.000000	 0.000000	 -0.000000	 0.000000	 -90.000000	 0.174838	 -0.053806	 0.182930	 -17.105698	 0.000000	 0.009672	 0.009672	 90.000000	 0.174838	 -0.053806	 0.182930	 -17.105697	 327615.110931	
152.000000	 1.000000	 0.000000	 -0.000000	 0.000000	 -90.000000	 0.176896	 -0.055603	 0.185429	 -17.449274	 0.000000	 0.008503	 0.008503	 90.000000	 0.176896	 -0.055603	 0.185429	 -17.449274	 327616.553068	
151.000000	 1.000000	 0.000000	 -0.000000	 0.000000	 -90.000000	 0.173039	 -0.050524	 0.180264	 -16.276686	 0.000000	 0.008381	 0.008381	 90.000000	 0.173039	 -0.050524	 0.180264	 -16.276686	 327618.013330	
150.000000	 1.000000	 0.000000	 -0.000000	 0.000000	 -90.000000	 0.174275	 -0.053104	 0.182186	 -16.946759	 0.000000	 0.009413	 0.009413	 90.000000	 0.174275	 -0.053104	 0.182186	 -16.946759	 327619.460799	
149.000000	 1.000000	 0.000000	 -0.000000	 0.000000	 -90.000000	 0.175482	 -0.053726	 0.183523	 -17.022653	 0.000000	 0.009734	 0.009734	 90.000000	 0.175482	 -0.053726	 0.183523	 -17.022653	 327620.887905	
148.000000	 1.000000	 0.000000	 -0.000000	 0.000000	 -90.000000	 0.173160	 -0.053904	 0.181356	 -17.291176	 0.000000	 0.009644	 0.009644	 90.000000	 0.173160	 -0.053904	 0.181356	 -17.291176	 327622.353155	
147.000000	 1.000000	 0.000000	 -0.000000	 0.000000	 -90.000000	 0.177204	 -0.058821	 0.186711	 -18.362958	 0.000000	 0.009146	 0.009146	 90.000000	 0.177204	 -0.058821	 0.186711	 -18.362959	 327623.798141	
146.000000	 1.000000	 0.000000	 -0.000000	 0.000000	 -90.000000	 0.178252	 -0.057751	 0.187374	 -17.951710	 0.000000	 0.011208	 0.011208	 90.000000	 0.178252	 -0.057751	 0.187374	 -17.951710	 327625.231414	
145.000000	 1.000000	 0.000000	 -0.000000	 0.000000	 -90.000000	 0.177646	 -0.057523	 0.186727	 -17.942173	 0.000000	 0.010404	 0.010404	 90.000000	 0.177646	 -0.057523	 0.186727	 -17.942173	 327626.672992	
144.000000	 1.000000	 0.000000	 -0.000000	 0.000000	 -90.000000	 0.175797	 -0.056087	 0.184527	 -17.695009	 0.000000	 0.009253	 0.009253	 90.000000	 0.175797	 -0.056087	 0.184527	 -17.695009	 327628.147233	
143.000000	 1.000000	 0.000000	 -0.000000	 0.000000	 -90.000000	 0.175034	 -0.054614	 0.183356	 -17.328832	 0.000000	 0.009909	 0.009909	 90.000000	 0.175034	 -0.054614	 0.183356	 -17.328832	 327629.614726	
142.000000	 1.000000	 0.000000	 -0.000000	 0.000000	 -90.000000	 0.177078	 -0.057069	 0.186047	 -17.863094	 0.000000	 0.009283	 0.009283	 90.000000	 0.177078	 -0.057069	 0.186047	 -17.863094	 327631.052003	
141.000000	 1.000000	 0.000000	 -0.000000	 0.000000	 -90.000000	 0.177216	 -0.057311	 0.186253	 -17.921024	 0.000000	 0.010688	 0.010688	 90.000000	 0.177216	 -0.057311	 0.186253	 -17.921024	 327632.507717	
140.000000	 1.000000	 0.000000	 -0.000000	 0.000000	 -90.000000	 0.177209	 -0.057146	 0.186195	 -17.873255	 0.000000	 0.009628	 0.009628	 90.000000	 0.177209	 -0.057146	 0.186195	 -17.873255	 327633.954420	
139.000000	 1.000000	 0.000000	 -0.000000	 0.000000	 -90.000000	 0.176320	 -0.055822	 0.184945	 -17.567451	 0.000000	 0.010119	 0.010119	 90.000000	 0.176320	 -0.055822	 0.184945	 -17.567451	 327635.417695	
138.000000	 1.000000	 0.000000	 -0.000000	 0.000000	 -90.000000	 0.177878	 -0.057731	 0.187012	 -17.980932	 0.000000	 0.010984	 0.010984	 90.000000	 0.177878	 -0.057731	 0.187012	 -17.980932	 327636.868240	
137.000000	 1.000000	 0.000000	 -0.000000	 0.000000	 -90.000000	 0.177531	 -0.057214	 0.186522	 -17.862949	 0.000000	 0.010566	 0.010566	 90.000000	 0.177531	 -0.057214	 0.186522	 -17.862949	 327638.302084	
136.000000	 1.000000	 0.000000	 -0.000000	 0.000000	 -90.000000	 0.179854	 -0.060268	 0.189683	 -18.525571	 0.000000	 0.009745	 0.009745	 90.000000	 0.179854	 -0.060268	 0.189683	 -18.525571	 327639.735871	
135.000000	 1.000000	 0.000000	 -0.000000	 0.000000	 -90.000000	 0.179843	 -0.060079	 0.189613	 -18.472583	 0.000000	 0.009545	 0.009545	 90.000000	 0.179843	 -0.060079	 0.189613	 -18.472583	 327641.170099	
134.000000	 1.000000	 0.000000	 -0.000000	 0.000000	 -90.000000	 0.177775	 -0.057376	 0.186805	 -17.887217	 0.000000	 0.009810	 0.009810	 90.000000	 0.177775	 -0.057376	 0.186805	 -17.887217	 327642.595029	
133.000000	 1.000000	 0.000000	 -0.000000	 0.000000	 -90.000000	 0.177449	 -0.057015	 0.186384	 -17.812401	 0.000000	 0.008938	 0.008938	 90.000000	 0.177449	 -0.057015	 0.186384	 -17.812402	 327644.013906	
132.000000	 1.000000	 0.000000	 -0.000000	 0.000000	 -90.000000	 0.178531	 -0.058193	 0.187776	 -18.053591	 0.000000	 0.008953	 0.008953	 90.000000	 0.178531	 -0.058193	 0.187776	 -18.053591	 327645.480761	
131.000000	 1.000000	 0.000000	 -0.000000	 0.000000	 -90.000000	 0.178695	 -0.058337	 0.187976	 -18.079772	 0.000000	 0.010849	 0.010849	 90.000000	 0.178695	 -0.058337	 0.187976	 -18.079772	 327646.935640	
130.000000	 1.000000	 0.000000	 -0.000000	 0.000000	 -90.000000	 0.180491	 -0.060363	 0.190317	 -18.491771	 0.000000	 0.009305	 0.009305	 90.000000	 0.180491	 -0.060363	 0.190317	 -18.491771	 327648.397411	
129.000000	 1.000000	 0.000000	 -0.000000	 0.000000	 -90.000000	 0.180930	 -0.060888	 0.190901	 -18.599564	 0.000000	 0.009697	 0.009697	 90.000000	 0.180930	 -0.060888	 0.190901	 -18.599564	 327649.854117	
128.000000	 1.000000	 0.000000	 -0.000000	 0.000000	 -90.000000	 0.179355	 -0.058982	 0.188805	 -18.203795	 0.000000	 0.009870	 0.009870	 90.000000	 0.179355	 -0.058982	 0.188805	 -18.203795	 327651.342103	
127.000000	 1.000000	 0.000000	 -0.000000	 0.000000	 -90.000000	 0.180461	 -0.060213	 0.190241	 -18.451754	 0.000000	 0.010195	 0.010195	 90.000000	 0.180461	 -0.060213	 0.190241	 -18.451754	 327652.778133	
126.000000	 1.000000	 0.000000	 -0.000000	 0.000000	 -90.000000	 0.180120	 -0.059881	 0.189813	 -18.389385	 0.000000	 0.011020	 0.011020	 90.000000	 0.180193	 -0.059971	 0.189911	 -18.408214	 327654.186047	
125.000000	 1.000000	 0.000000	 -0.000000	 0.000000	 -90.000000	 0.182557	 -0.062464	 0.192948	 -18.888793	 0.000000	 0.011057	 0.011057	 90.000000	 0.182588	 -0.062492	 0.192986	 -18.893760	 327655.594616	
124.000000	 1.000000	 0.000000	 -0.000000	 0.000000	 -90.000000	 0.183764	 -0.063634	 0.194470	 -19.100089	 0.000000	 0.009801	 0.009801	 90.000000	 0.183772	 -0.063643	 0.194481	 -19.101825	 327657.084351	
123.000000	 1.000000	 0.000000	 -0.000000	 0.000000	 -90.000000	 0.184290	 -0.064101	 0.195120	 -19.178910	 0.000000	 0.010160	 0.010160	 90.000000	 0.184290	 -0.064101	 0.195120	 -19.178910	 327658.509936	
122.000000	 1.000000	 0.000000	 -0.000000	 0.000000	 -90.000000	 0.183800	 -0.063592	 0.194490	 -19.084771	 0.000000	 0.011437	 0.011437	 90.000000	 0.183800	 -0.063592	 0.194490	 -19.084770	 327659.928039	
121.000000	 1.000000	 0.000000	 -0.000000	 0.000000	 -90.000000	 0.182740	 -0.062557	 0.193150	 -18.897432	 0.000000	 0.010666	 0.010666	 90.000000	 0.182740	 -0.062557	 0.193150	 -18.897432	 327661.376998	
120.000000	 1.000000	 0.000000	 -0.000000	 0.000000	 -90.000000	 0.183112	 -0.062763	 0.193570	 -18.919607	 0.000000	 0.010326	 0.010326	 90.000000	 0.183112	 -0.062763	 0.193570	 -18.919607	 327662.813361	
119.000000	 1.000000	 0.000000	 -0.000000	 0.000000	 -90.000000	 0.181951	 -0.061547	 0.192078	 -18.688651	 0.000000	 0.009809	 0.009809	 90.000000	 0.181951	 -0.061547	 0.192078	 -18.688651	 327664.253643	
118.000000	 1.000000	 0.000000	 -0.000000	 0.000000	 -90.000000	 0.185228	 -0.064888	 0.196265	 -19.306143	 0.000000	 0.011328	 0.011328	 90.000000	 0.185228	 -0.064888	 0.196265	 -19.306143	 327665.687134	
117.000000	 1.000000	 0.000000	 -0.000000	 0.000000	 -90.000000	 0.184314	 -0.063726	 0.195020	 -19.072773	 0.000000	 0.008728	 0.008728	 90.000000	 0.184314	 -0.063726	 0.195020	 -19.072773	 327667.158128	
116.000000	 1.000000	 0.000000	 -0.000000	 0.000000	 -90.000000	 0.183989	 -0.063406	 0.194608	 -19.014869	 0.000000	 0.008570	 0.008570	 90.000000	 0.183989	 -0.063406	 0.194608	 -19.014869	 327668.581733	
115.000000	 1.000000	 0.000000	 -0.000000	 0.000000	 -90.000000	 0.183230	 -0.062560	 0.193615	 -18.851368	 0.000000	 0.010059	 0.010059	 90.000000	 0.183176	 -0.062499	 0.193545	 -18.839372	 327670.016437	
114.000000	 1.000000	 0.000000	 -0.000000	 0.000000	 -90.000000	 0.184376	 -0.063697	 0.195069	 -19.058615	 0.000000	 0.011860	 0.011860	 90.000000	 0.184376	 -0.063697	 0.195069	 -19.058615	 327671.446933	
113.000000	 1.000000	 0.000000	 -0.000000	 0.000000	 -90.000000	 0.184197	 -0.063502	 0.194836	 -19.021822	 0.000000	 0.010071	 0.010071	 90.000000	 0.184197	 -0.063502	 0.194836	 -19.021822	 327672.915978	
112.000000	 1.000000	 0.000000	 -0.000000	 0.000000	 -90.000000	 0.184107	 -0.063129	 0.194630	 -18.926379	 0.000000	 0.010069	 0.010069	 90.000000	 0.184107	 -0.063129	 0.194630	 -18.926379	 327674.379608	
111.000000	 1.000000	 0.000000	 -0.000000	 0.000000	 -90.000000	 0.183968	 -0.063077	 0.194481	 -18.925187	 0.000000	 0.011201	 0.011201	 90.000000	 0.183968	 -0.063077	 0.194481	 -18.925186	 327675.791171	
110.000000	 1.000000	 0.000000	 -0.000000	 0.000000	 -90.000000	 0.184501	 -0.063580	 0.195149	 -19.014242	 0.000000	 0.010685	 0.010685	 90.000000	 0.184501	 -0.063580	 0.195149	 -19.014242	 327677.216046	
109.000000	 1.000000	 0.000000	 -0.000000	 0.000000	 -90.000000	 0.186282	 -0.065303	 0.197397	 -19.318495	 0.000000	 0.009810	 0.009810	 90.000000	 0.186251	 -0.065277	 0.197359	 -19.314321	 327678.642447	
108.000000	 1.000000	 0.000000	 -0.000000	 0.000000	 -90.000000	 0.186836	 -0.065722	 0.198059	 -19.379943	 0.000000	 0.009286	 0.009286	 90.000000	 0.186836	 -0.065722	 0.198059	 -19.379943	 327680.151161	
107.000000	 1.000000	 0.000000	 -0.000000	 0.000000	 -90.000000	 0.187191	 -0.065854	 0.198437	 -19.381959	 0.000000	 0.010885	 0.010885	 90.000000	 0.187191	 -0.065854	 0.198437	 -19.381959	 327681.583885	
106.000000	 1.000000	 0.000000	 -0.000000	 0.000000	 -90.000000	 0.185283	 -0.064173	 0.196082	 -19.103629	 0.000000	 0.010076	 0.010076	 90.000000	 0.185283	 -0.064173	 0.196082	 -19.103629	 327683.021720	
105.000000	 1.000000	 0.000000	 -0.000000	 0.000000	 -90.000000	 0.185787	 -0.064358	 0.196618	 -19.106461	 0.000000	 0.012511	 0.012511	 90.000000	 0.185787	 -0.064358	 0.196618	 -19.106460	 327684.470082	
104.000000	 1.000000	 0.000000	 -0.000000	 0.000000	 -90.000000	 0.187677	 -0.066167	 0.198999	 -19.420387	 0.000000	 0.010272	 0.010272	 90.000000	 0.187653	 -0.066119	 0.198961	 -19.409882	 327685.923947	
103.000000	 1.000000	 0.000000	 -0.000000	 0.000000	 -90.000000	 0.188565	 -0.066904	 0.200082	 -19.535029	 0.000000	 0.009352	 0.009352	 90.000000	 0.188565	 -0.066904	 0.200082	 -19.535030	 327687.357328	
102.000000	 1.000000	 0.000000	 -0.000000	 0.000000	 -90.000000	 0.190012	 -0.068048	 0.201830	 -19.703667	 0.000000	 0.009476	 0.009476	 90.000000	 0.190012	 -0.068048	 0.201830	 -19.703667	 327688.784780	
101.000000	 1.000000	 0.000000	 -0.000000	 0.000000	 -90.000000	 0.188417	 -0.067021	 0.199982	 -19.580801	 0.000000	 0.011456	 0.011456	 90.000000	 0.188417	 -0.067021	 0.199982	 -19.580801	 327690.191948	
100.000000	 1.000000	 0.000000	 -0.000000	 0.000000	 -90.000000	 0.192345	 -0.070523	 0.204866	 -20.135492	 0.000000	 0.009538	 0.009538	 90.000000	 0.192438	 -0.070594	 0.204978	 -20.145095	 327691.606065	
99.000000	 1.000000	 0.000000	 -0.000000	 0.000000	 -90.000000	 0.190714	 -0.068852	 0.202762	 -19.850807	 0.000000	 0.011965	 0.011965	 90.000000	 0.190714	 -0.068852	 0.202762	 -19.850807	 327693.055800	
98.000000	 1.000000	 0.000000	 -0.000000	 0.000000	 -90.000000	 0.189675	 -0.067793	 0.201426	 -19.667729	 0.000000	 0.010409	 0.010409	 90.000000	 0.189687	 -0.067752	 0.201424	 -19.655596	 327694.481689	
97.000000	 1.000000	 0.000000	 -0.000000	 0.000000	 -90.000000	 0.191291	 -0.069253	 0.203441	 -19.901831	 0.000000	 0.010705	 0.010705	 90.000000	 0.191291	 -0.069248	 0.203439	 -19.900536	 327695.920062	
96.000000	 1.000000	 0.000000	 -0.000000	 0.000000	 -90.000000	 0.192055	 -0.069456	 0.204228	 -19.882241	 0.000000	 0.009609	 0.009609	 90.000000	 0.192055	 -0.069456	 0.204228	 -19.882241	 327697.359120	
95.000000	 1.000000	 0.000000	 -0.000000	 0.000000	 -90.000000	 0.194634	 -0.071363	 0.207305	 -20.135592	 0.000000	 0.010488	 0.010488	 90.000000	 0.194634	 -0.071363	 0.207305	 -20.135592	 327698.793245	
94.000000	 1.000000	 0.000000	 -0.000000	 0.000000	 -90.000000	 0.193664	 -0.070839	 0.206213	 -20.091657	 0.000000	 0.011373	 0.011373	 90.000000	 0.193658	 -0.070836	 0.206207	 -20.091557	 327700.234009	
93.000000	 1.000000	 0.000000	 -0.000000	 0.000000	 -90.000000	 0.191625	 -0.068952	 0.203653	 -19.790229	 0.000000	 0.010986	 0.010986	 90.000000	 0.191625	 -0.068952	 0.203653	 -19.790229	 327701.717071	
92.000000	 1.000000	 0.000000	 -0.000000	 0.000000	 -90.000000	 0.192152	 -0.069275	 0.204258	 -19.825398	 0.000000	 0.010466	 0.010466	 90.000000	 0.192152	 -0.069275	 0.204258	 -19.825398	 327703.128059	
91.000000	 1.000000	 0.000000	 -0.000000	 0.000000	 -90.000000	 0.195121	 -0.071740	 0.207892	 -20.186902	 0.000000	 0.010849	 0.010849	 90.000000	 0.195121	 -0.071740	 0.207892	 -20.186902	 327704.564991	
90.000000	 1.000000	 0.000000	 -0.000000	 0.000000	 -90.000000	 0.194797	 -0.071320	 0.207443	 -20.108802	 0.000000	 0.009760	 0.009760	 90.000000	 0.194797	 -0.071320	 0.207443	 -20.108802	 327705.990623	
89.000000	 1.000000	 0.000000	 -0.000000	 0.000000	 -90.000000	 0.196964	 -0.073002	 0.210057	 -20.336626	 0.000000	 0.009530	 0.009530	 90.000000	 0.196964	 -0.073002	 0.210057	 -20.336626	 327707.423012	
88.000000	 1.000000	 0.000000	 -0.000000	 0.000000	 -90.000000	 0.198223	 -0.073637	 0.211458	 -20.379429	 0.000000	 0.008398	 0.008398	 90.000000	 0.198223	 -0.073637	 0.211458	 -20.379429	 327708.873255	
87.000000	 1.000000	 0.000000	 -0.000000	 0.000000	 -90.000000	 0.195150	 -0.071170	 0.207722	 -20.036558	 0.000000	 0.010082	 0.010082	 90.000000	 0.195150	 -0.071170	 0.207722	 -20.036558	 327710.323345	
86.000000	 1.000000	 0.000000	 -0.000000	 0.000000	 -90.000000	 0.197349	 -0.072778	 0.210341	 -20.242807	 0.000000	 0.011536	 0.011536	 90.000000	 0.197349	 -0.072778	 0.210341	 -20.242807	 327711.758515	
85.000000	 1.000000	 0.000000	 -0.000000	 0.000000	 -90.000000	 0.200248	 -0.074867	 0.213785	 -20.499297	 0.000000	 0.009832	 0.009832	 90.000000	 0.200248	 -0.074867	 0.213785	 -20.499297	 327713.194869	
84.000000	 1.000000	 0.000000	 -0.000000	 0.000000	 -90.000000	 0.200565	 -0.075008	 0.214133	 -20.504966	 0.000000	 0.011621	 0.011621	 90.000000	 0.200565	 -0.075008	 0.214133	 -20.504966	 327714.653620	
83.000000	 1.000000	 0.000000	 -0.000000	 0.000000	 -90.000000	 0.198971	 -0.073631	 0.212158	 -20.307546	 0.000000	 0.010639	 0.010639	 90.000000	 0.198971	 -0.073631	 0.212158	 -20.307546	 327716.086087	
82.000000	 1.000000	 0.000000	 -0.000000	 0.000000	 -90.000000	 0.197700	 -0.072808	 0.210681	 -20.217602	 0.000000	 0.011089	 0.011089	 90.000000	 0.197700	 -0.072808	 0.210681	 -20.217602	 327717.562374	
81.000000	 1.000000	 0.000000	 -0.000000	 0.000000	 -90.000000	 0.199145	 -0.073699	 0.212345	 -20.308300	 0.000000	 0.010803	 0.010803	 90.000000	 0.199145	 -0.073699	 0.212345	 -20.308300	 327719.014223	
80.000000	 1.000000	 0.000000	 -0.000000	 0.000000	 -90.000000	 0.201240	 -0.075006	 0.214764	 -20.441365	 0.000000	 0.008678	 0.008678	 90.000000	 0.201240	 -0.075006	 0.214764	 -20.441365	 327720.434724	
79.000000	 1.000000	 0.000000	 -0.000000	 0.000000	 -90.000000	 0.202355	 -0.075527	 0.215990	 -20.467571	 0.000000	 0.009039	 0.009039	 90.000000	 0.202347	 -0.075519	 0.215980	 -20.466313	 327721.868960	
78.000000	 1.000000	 0.000000	 -0.000000	 0.000000	 -90.000000	 0.203579	 -0.076219	 0.217380	 -20.525566	 0.000000	 0.010107	 0.010107	 90.000000	 0.203579	 -0.076219	 0.217380	 -20.525566	 327723.298064	
77.000000	 1.000000	 0.000000	 -0.000000	 0.000000	 -90.000000	 0.204440	 -0.076670	 0.218344	 -20.557180	 0.000000	 0.009924	 0.009924	 90.000000	 0.204440	 -0.076670	 0.218344	 -20.557180	 327724.748457	
76.000000	 1.000000	 0.000000	 -0.000000	 0.000000	 -90.000000	 0.201989	 -0.075133	 0.215509	 -20.403441	 0.000000	 0.010724	 0.010724	 90.000000	 0.201989	 -0.075133	 0.215509	 -20.403441	 327726.179657	
75.000000	 1.000000	 0.000000	 -0.000000	 0.000000	 -90.000000	 0.202396	 -0.075131	 0.215891	 -20.365271	 0.000000	 0.011017	 0.011017	 90.000000	 0.202396	 -0.075131	 0.215891	 -20.365271	 327727.599551	
74.000000	 1.000000	 0.000000	 -0.000000	 0.000000	 -90.000000	 0.207648	 -0.078294	 0.221918	 -20.659095	 0.000000	 0.010497	 0.010497	 90.000000	 0.207648	 -0.078294	 0.221918	 -20.659095	 327729.037051	
73.000000	 1.000000	 0.000000	 -0.000000	 0.000000	 -90.000000	 0.207018	 -0.078027	 0.221234	 -20.651875	 0.000000	 0.009569	 0.009569	 90.000000	 0.207018	 -0.078027	 0.221234	 -20.651875	 327730.475445	
72.000000	 1.000000	 0.000000	 -0.000000	 0.000000	 -90.000000	 0.209575	 -0.079078	 0.223998	 -20.672843	 0.000000	 0.009705	 0.009705	 90.000000	 0.209605	 -0.079089	 0.224030	 -20.672629	 327731.908176	
71.000000	 1.000000	 0.000000	 -0.000000	 0.000000	 -90.000000	 0.209973	 -0.079201	 0.224414	 -20.666272	 0.000000	 0.010135	 0.010135	 90.000000	 0.209973	 -0.079201	 0.224414	 -20.666272	 327733.334107	
70.000000	 1.000000	 0.000000	 -0.000000	 0.000000	 -90.000000	 0.209846	 -0.079094	 0.224257	 -20.652198	 0.000000	 0.009862	 0.009862	 90.000000	 0.209814	 -0.079077	 0.224221	 -20.651095	 327734.785984	
69.000000	 1.000000	 0.000000	 -0.000000	 0.000000	 -90.000000	 0.211719	 -0.080058	 0.226350	 -20.713266	 0.000000	 0.009908	 0.009908	 90.000000	 0.211719	 -0.080058	 0.226350	 -20.713266	 327736.221648	
68.000000	 1.000000	 0.000000	 -0.000000	 0.000000	 -90.000000	 0.211567	 -0.079979	 0.226179	 -20.708191	 0.000000	 0.010081	 0.010081	 90.000000	 0.211567	 -0.079979	 0.226179	 -20.708191	 327737.700603	
67.000000	 1.000000	 0.000000	 -0.000000	 0.000000	 -90.000000	 0.212390	 -0.080239	 0.227042	 -20.695993	 0.000000	 0.011337	 0.011337	 90.000000	 0.212293	 -0.080167	 0.226925	 -20.687646	 327739.106528	
66.000000	 1.000000	 0.000000	 -0.000000	 0.000000	 -90.000000	 0.213663	 -0.080684	 0.228390	 -20.687726	 0.000000	 0.008859	 0.008859	 90.000000	 0.213543	 -0.080651	 0.228266	 -20.690687	 327740.531511	
65.000000	 1.000000	 0.000000	 -0.000000	 0.000000	 -90.000000	 0.214314	 -0.080546	 0.228950	 -20.597762	 0.000000	 0.009061	 0.009061	 90.000000	 0.214314	 -0.080546	 0.228950	 -20.597762	 327741.963077	
64.000000	 1.000000	 0.000000	 -0.000000	 0.000000	 -90.000000	 0.219386	 -0.083047	 0.234578	 -20.733896	 0.000000	 0.008823	 0.008823	 90.000000	 0.219386	 -0.083047	 0.234578	 -20.733896	 327743.402878	
63.000000	 1.000000	 0.000000	 -0.000000	 0.000000	 -90.000000	 0.217690	 -0.081846	 0.232568	 -20.605051	 0.000000	 0.008741	 0.008741	 90.000000	 0.217690	 -0.081846	 0.232568	 -20.605051	 327744.834923	
62.000000	 1.000000	 0.000000	 -0.000000	 0.000000	 -90.000000	 0.219428	 -0.083330	 0.234718	 -20.794767	 0.000000	 0.007446	 0.007446	 90.000000	 0.219487	 -0.083732	 0.234916	 -20.881310	 327746.263529	
61.000000	 1.000000	 0.000000	 -0.000000	 0.000000	 -90.000000	 0.226831	 -0.085697	 0.242479	 -20.696584	 0.000000	 0.005581	 0.005581	 90.000000	 0.226831	 -0.085697	 0.242479	 -20.696583	 327747.709376	
60.000000	 1.000000	 0.000000	 -0.000000	 0.000000	 -90.000000	 0.221996	 -0.081451	 0.236466	 -20.148205	 0.000000	 0.009294	 0.009294	 90.000000	 0.221996	 -0.081451	 0.236466	 -20.148205	 327749.147717	
59.000000	 1.000000	 0.000000	 -0.000000	 0.000000	 -90.000000	 0.223551	 -0.086770	 0.239800	 -21.213292	 0.000000	 0.007874	 0.007874	 90.000000	 0.223551	 -0.086770	 0.239800	 -21.213292	 327750.593617	
58.000000	 1.000000	 0.000000	 -0.000000	 0.000000	 -90.000000	 0.228071	 -0.081351	 0.242145	 -19.630967	 0.000000	 0.008577	 0.008577	 90.000000	 0.228071	 -0.081351	 0.242145	 -19.630967	 327752.043202	
57.000000	 1.000000	 0.000000	 -0.000000	 0.000000	 -90.000000	 0.217705	 -0.089912	 0.235541	 -22.440662	 0.000000	 0.008636	 0.008636	 90.000000	 0.217705	 -0.089912	 0.235541	 -22.440662	 327753.502630	
56.000000	 1.000000	 0.000000	 -0.000000	 0.000000	 -90.000000	 0.219460	 -0.096676	 0.239810	 -23.774421	 0.000000	 0.007594	 0.007594	 90.000000	 0.219460	 -0.096676	 0.239810	 -23.774421	 327754.971987	
55.000000	 1.000000	 0.000000	 -0.000000	 0.000000	 -90.000000	 0.224727	 -0.062713	 0.233313	 -15.592407	 0.000000	 0.007974	 0.007974	 90.000000	 0.223020	 -0.062275	 0.231551	 -15.601721	 327756.395008	
54.000000	 1.000000	 0.000000	 -0.000000	 0.000000	 -90.000000	 0.224092	 -0.057090	 0.231250	 -14.292786	 0.000000	 0.008611	 0.008611	 90.000000	 0.218753	 -0.057108	 0.226085	 -14.631272	 327757.838594	
53.000000	 1.000000	 0.000000	 -0.000000	 0.000000	 -90.000000	 0.252170	 -0.122369	 0.280293	 -25.885654	 0.000000	 0.008372	 0.008372	 90.000000	 0.252170	 -0.122369	 0.280293	 -25.885654	 327759.265412	
52.000000	 1.000000	 0.000000	 -0.000000	 0.000000	 -90.000000	 0.220606	 -0.132733	 0.257458	 -31.034265	 0.000000	 0.010401	 0.010401	 90.000000	 0.220606	 -0.132733	 0.257458	 -31.034265	 327760.707804	
51.000000	 1.000000	 0.000000	 -0.000000	 0.000000	 -90.000000	 0.287353	 -0.059422	 0.293433	 -11.683636	 0.000000	 0.004164	 0.004164	 90.000000	 0.287353	 -0.059422	 0.293433	 -11.683636	 327762.145513	
50.000000	 1.000000	 0.000000	 -0.000000	 0.000000	 -90.000000	 0.267989	 -0.137026	 0.300989	 -27.081190	 0.000000	 0.008100	 0.008100	 90.000000	 0.267989	 -0.137026	 0.300989	 -27.081190	 327763.600889	
49.000000	 1.000000	 0.000000	 -0.000000	 0.000000	 -90.000000	 0.293725	 -0.066007	 0.301050	 -12.665293	 0.000000	 0.004555	 0.004555	 90.000000	 0.293725	 -0.066007	 0.301050	 -12.665293	 327765.028570	
48.000000	 1.000000	 0.000000	 -0.000000	 0.000000	 -90.000000	 0.234831	 -0.134261	 0.270502	 -29.758058	 0.000000	 0.009998	 0.009998	 90.000000	 0.234831	 -0.134261	 0.270502	 -29.758058	 327766.469671	
47.000000	 1.000000	 0.000000	 -0.000000	 0.000000	 -90.000000	 0.262314	 -0.123344	 0.289866	 -25.183629	 0.000000	 0.009401	 0.009401	 90.000000	 0.262314	 -0.123344	 0.289866	 -25.183629	 327767.897250	
46.000000	 1.000000	 0.000000	 -0.000000	 0.000000	 -90.000000	 0.227554	 -0.064577	 0.236540	 -15.843261	 0.000000	 0.007505	 0.007505	 90.000000	 0.227554	 -0.064577	 0.236540	 -15.843261	 327769.337827	
45.000000	 1.000000	 0.000000	 -0.000000	 0.000000	 -90.000000	 0.246779	 -0.067539	 0.255854	 -15.305960	 0.000000	 0.006082	 0.006082	 90.000000	 0.246779	 -0.067539	 0.255854	 -15.305960	 327770.758857	
44.000000	 1.000000	 0.000000	 -0.000000	 0.000000	 -90.000000	 0.246753	 -0.100250	 0.266340	 -22.110864	 0.000000	 0.007822	 0.007822	 90.000000	 0.244152	 -0.100367	 0.263977	 -22.346832	 327772.188493	
43.000000	 1.000000	 0.000000	 -0.000000	 0.000000	 -90.000000	 0.242186	 -0.092512	 0.259253	 -20.906330	 0.000000	 0.009444	 0.009444	 90.000000	 0.240180	 -0.092152	 0.257252	 -20.990842	 327773.636529	
42.000000	 1.000000	 0.000000	 -0.000000	 0.000000	 -90.000000	 0.253276	 -0.091901	 0.269434	 -19.943187	 0.000000	 0.008308	 0.008308	 90.000000	 0.253276	 -0.091901	 0.269434	 -19.943187	 327775.061370	
41.000000	 1.000000	 0.000000	 -0.000000	 0.000000	 -90.000000	 0.250213	 -0.087675	 0.265129	 -19.310579	 0.000000	 0.008379	 0.008379	 90.000000	 0.250213	 -0.087675	 0.265129	 -19.310579	 327776.487902	
40.000000	 1.000000	 0.000000	 -0.000000	 0.000000	 -90.000000	 0.258798	 -0.088041	 0.273363	 -18.787845	 0.000000	 0.007293	 0.007293	 90.000000	 0.258798	 -0.088041	 0.273363	 -18.787845	 327777.917188	
39.000000	 1.000000	 0.000000	 -0.000000	 0.000000	 -90.000000	 0.258837	 -0.084995	 0.272435	 -18.178661	 0.000000	 0.007025	 0.007025	 90.000000	 0.258837	 -0.084995	 0.272435	 -18.178661	 327779.355933	
38.000000	 1.000000	 0.000000	 -0.000000	 0.000000	 -90.000000	 0.264549	 -0.085386	 0.277988	 -17.888084	 0.000000	 0.007135	 0.007135	 90.000000	 0.264238	 -0.085376	 0.277688	 -17.905727	 327780.795236	
37.000000	 1.000000	 0.000000	 -0.000000	 0.000000	 -90.000000	 0.261730	 -0.085135	 0.275229	 -18.018648	 0.000000	 0.007006	 0.007006	 90.000000	 0.261730	 -0.085135	 0.275229	 -18.018648	 327782.234948	
36.000000	 1.000000	 0.000000	 -0.000000	 0.000000	 -90.000000	 0.262429	 -0.085247	 0.275927	 -17.995745	 0.000000	 0.008481	 0.008481	 90.000000	 0.262429	 -0.085247	 0.275927	 -17.995745	 327783.665320	
35.000000	 1.000000	 0.000000	 -0.000000	 0.000000	 -90.000000	 0.263491	 -0.084198	 0.276616	 -17.721232	 0.000000	 0.006721	 0.006721	 90.000000	 0.263491	 -0.084198	 0.276616	 -17.721232	 327785.118068	
34.000000	 1.000000	 0.000000	 -0.000000	 0.000000	 -90.000000	 0.264314	 -0.083915	 0.277315	 -17.613638	 0.000000	 0.007000	 0.007000	 90.000000	 0.264314	 -0.083915	 0.277315	 -17.613638	 327786.548264	
33.000000	 1.000000	 0.000000	 -0.000000	 0.000000	 -90.000000	 0.271825	 -0.082912	 0.284188	 -16.962720	 0.000000	 0.005860	 0.005860	 90.000000	 0.271825	 -0.082912	 0.284188	 -16.962720	 327787.981601	
32.000000	 1.000000	 0.000000	 -0.000000	 0.000000	 -90.000000	 0.274992	 -0.082326	 0.287051	 -16.666346	 0.000000	 0.005823	 0.005823	 90.000000	 0.274992	 -0.082326	 0.287051	 -16.666346	 327789.416349	
31.000000	 1.000000	 0.000000	 -0.000000	 0.000000	 -90.000000	 0.274934	 -0.081585	 0.286783	 -16.527901	 0.000000	 0.005918	 0.005918	 90.000000	 0.274934	 -0.081585	 0.286783	 -16.527901	 327790.847374	
30.000000	 1.000000	 0.000000	 -0.000000	 0.000000	 -90.000000	 0.279552	 -0.080406	 0.290886	 -16.046603	 0.000000	 0.005853	 0.005853	 90.000000	 0.279552	 -0.080406	 0.290886	 -16.046603	 327792.275010	
29.000000	 1.000000	 0.000000	 -0.000000	 0.000000	 -90.000000	 0.280788	 -0.079318	 0.291777	 -15.774188	 0.000000	 0.006046	 0.006046	 90.000000	 0.280788	 -0.079318	 0.291777	 -15.774188	 327793.704204	
28.000000	 1.000000	 0.000000	 -0.000000	 0.000000	 -90.000000	 0.282716	 -0.078574	 0.293432	 -15.532035	 0.000000	 0.006637	 0.006637	 90.000000	 0.282716	 -0.078574	 0.293432	 -15.532035	 327795.155774	
27.000000	 1.000000	 0.000000	 -0.000000	 0.000000	 -90.000000	 0.289970	 -0.076883	 0.299990	 -14.849847	 0.000000	 0.005665	 0.005665	 90.000000	 0.289970	 -0.076883	 0.299990	 -14.849847	 327796.582973	
26.000000	 1.000000	 0.000000	 -0.000000	 0.000000	 -90.000000	 0.288779	 -0.075537	 0.298495	 -14.658613	 0.000000	 0.004869	 0.004869	 90.000000	 0.288878	 -0.075590	 0.298604	 -14.663684	 327798.016969	
25.000000	 1.000000	 0.000000	 -0.000000	 0.000000	 -90.000000	 0.295128	 -0.072965	 0.304014	 -13.886818	 0.000000	 0.005673	 0.005673	 90.000000	 0.295128	 -0.072965	 0.304014	 -13.886818	 327799.471498	
24.000000	 1.000000	 0.000000	 -0.000000	 0.000000	 -90.000000	 0.294784	 -0.072170	 0.303490	 -13.756784	 0.000000	 0.004527	 0.004527	 90.000000	 0.294784	 -0.072170	 0.303490	 -13.756784	 327800.952848	
23.000000	 1.000000	 0.000000	 -0.000000	 0.000000	 -90.000000	 0.298244	 -0.071163	 0.306616	 -13.420167	 0.000000	 0.004898	 0.004898	 90.000000	 0.298244	 -0.071163	 0.306616	 -13.420167	 327802.384155	
22.000000	 1.000000	 0.000000	 -0.000000	 0.000000	 -90.000000	 0.298970	 -0.068908	 0.306808	 -12.979074	 0.000000	 0.004539	 0.004539	 90.000000	 0.298969	 -0.068931	 0.306812	 -12.983456	 327803.879272	
21.000000	 1.000000	 0.000000	 -0.000000	 0.000000	 -90.000000	 0.298553	 -0.069005	 0.306424	 -13.014256	 0.000000	 0.004569	 0.004569	 90.000000	 0.298553	 -0.069005	 0.306424	 -13.014256	 327805.346667	
20.000000	 1.000000	 0.000000	 -0.000000	 0.000000	 -90.000000	 0.302961	 -0.066093	 0.310086	 -12.306652	 0.000000	 0.004712	 0.004712	 90.000000	 0.302961	 -0.066093	 0.310086	 -12.306652	 327806.782316	
19.000000	 1.000000	 0.000000	 -0.000000	 0.000000	 -90.000000	 0.306354	 -0.063345	 0.312834	 -11.682385	 0.000000	 0.004262	 0.004262	 90.000000	 0.306354	 -0.063345	 0.312834	 -11.682385	 327808.235045	
18.000000	 1.000000	 0.000000	 -0.000000	 0.000000	 -90.000000	 0.304617	 -0.063494	 0.311164	 -11.774166	 0.000000	 0.004305	 0.004305	 90.000000	 0.304617	 -0.063494	 0.311164	 -11.774166	 327809.686605	
17.000000	 1.000000	 0.000000	 -0.000000	 0.000000	 -90.000000	 0.310727	 -0.059170	 0.316310	 -10.781479	 0.000000	 0.003168	 0.003168	 90.000000	 0.310727	 -0.059170	 0.316310	 -10.781479	 327811.105337	
16.000000	 1.000000	 0.000000	 -0.000000	 0.000000	 -90.000000	 0.311948	 -0.057231	 0.317154	 -10.396011	 0.000000	 0.003204	 0.003204	 90.000000	 0.311948	 -0.057231	 0.317154	 -10.396011	 327812.548961	
15.000000	 1.000000	 0.000000	 -0.000000	 0.000000	 -90.000000	 0.314535	 -0.054600	 0.319238	 -9.847768	 0.000000	 0.004306	 0.004306	 90.000000	 0.314535	 -0.054600	 0.319238	 -9.847768	 327814.023459	
14.000000	 1.000000	 0.000000	 -0.000000	 0.000000	 -90.000000	 0.316393	 -0.051722	 0.320593	 -9.284251	 0.000000	 0.003838	 0.003838	 90.000000	 0.316373	 -0.051728	 0.320574	 -9.285830	 327815.494954	
13.000000	 1.000000	 0.000000	 -0.000000	 0.000000	 -90.000000	 0.317622	 -0.049573	 0.321467	 -8.870833	 0.000000	 0.001699	 0.001699	 90.000000	 0.317622	 -0.049573	 0.321467	 -8.870833	 327816.907168	
12.000000	 1.000000	 0.000000	 -0.000000	 0.000000	 -90.000000	 0.319718	 -0.046958	 0.323148	 -8.355466	 0.000000	 0.009047	 0.009047	 90.000000	 0.319718	 -0.046958	 0.323148	 -8.355466	 327818.334834	
11.000000	 1.000000	 0.000000	 -0.000000	 0.000000	 -90.000000	 0.322384	 -0.043212	 0.325267	 -7.634427	 0.000000	 0.017041	 0.017041	 90.000000	 0.322384	 -0.043212	 0.325267	 -7.634427	 327819.771719	
10.000000	 1.000000	 0.000000	 -0.000000	 0.000000	 -90.000000	 0.323900	 -0.039781	 0.326334	 -7.001870	 0.000000	 0.003186	 0.003186	 90.000000	 0.323921	 -0.039820	 0.326360	 -7.008318	 327821.217775	
9.000000	 1.000000	 0.000000	 -0.000000	 0.000000	 -90.000000	 0.326483	 -0.035796	 0.328439	 -6.257002	 0.000000	 -0.011405	 0.011405	 -90.000000	 0.326483	 -0.035796	 0.328439	 -6.257002	 327822.643492	
8.000000	 1.000000	 0.000000	 -0.000000	 0.000000	 -90.000000	 0.328203	 -0.032370	 0.329795	 -5.632743	 0.000000	 0.034563	 0.034563	 90.000000	 0.328203	 -0.032370	 0.329795	 -5.632743	 327824.069652	
7.000000	 1.000000	 0.000000	 -0.000000	 0.000000	 -90.000000	 0.329213	 -0.029026	 0.330490	 -5.038696	 0.000000	 -0.099408	 0.099408	 -90.000000	 0.329213	 -0.029026	 0.330490	 -5.038696	 327825.503495	
6.000000	 1.000000	 0.000000	 -0.000000	 0.000000	 -90.000000	 0.330493	 -0.022241	 0.331240	 -3.850033	 0.000000	 0.023627	 0.023627	 90.000000	 0.330493	 -0.022241	 0.331240	 -3.850033	 327826.923099	
5.000000	 1.000000	 0.000000	 -0.000000	 0.000000	 -90.000000	 0.318464	 -0.022832	 0.319281	 -4.100678	 0.000000	 -0.147202	 0.147202	 -90.000000	 0.318464	 -0.022832	 0.319281	 -4.100678	 327828.372927	
4.000000	 1.000000	 0.000000	 -0.000000	 0.000000	 -90.000000	 0.297441	 -0.020825	 0.298169	 -4.005056	 0.000000	 -0.136317	 0.136317	 -90.000000	 0.297441	 -0.020825	 0.298169	 -4.005056	 327829.829951	
3.000000	 1.000000	 0.000000	 -0.000000	 0.000000	 -90.000000	 0.247089	 0.004278	 0.247126	 0.991830	 0.000000	 0.032541	 0.032541	 90.000000	 0.247089	 0.004278	 0.247126	 0.991830	 327831.263766	
2.000000	 1.000000	 0.000000	 -0.000000	 0.000000	 -90.000000	 0.476039	 0.062485	 0.480122	 7.477953	 0.000000	 -0.527108	 0.527108	 -90.000000	 0.476039	 0.062485	 0.480122	 7.477952	 327832.758492	
1.000000	 1.000000	 0.000000	 -0.000000	 0.000000	 -90.000000	 0.247925	 -0.272874	 0.368682	 -47.742681	 0.000000	 0.400030	 0.400030	 90.000000	 0.263011	 -0.279675	 0.383918	 -46.758896	 327834.190127	
