# Oscilator_frequency (Hz)	DemodAll_A (-)	Demod_1_X_A (A)	Demod_1_Y_A (A)	Demod_1__R_A (A)	Demod_1__Theta_A (deg)	Demod_2_X_A (A)	Demod_2_Y_A (A)	Demod_2__R_A (A)	Demod_2__Theta_A (deg)	Demod_3_X_A (V)	Demod_3_Y_A (V)	Demod_3__R_A (V)	Demod_3__Theta_A (deg)	Demod_4_X_A (V)	Demod_4_Y_A (V)	Demod_4__R_A (V)	Demod_4__Theta_A (deg)	Timer_GET (s)	
500.000000	 1.000000	 0.000000	 -0.000000	 0.000000	 -90.000000	 1.298667	 -0.002750	 1.298669	 -0.121335	 0.000000	 0.002035	 0.002035	 90.000000	 1.298667	 -0.002750	 1.298669	 -0.121335	 154630.275098	
497.995984	 1.000000	 0.000000	 -0.000000	 0.000000	 -90.000000	 1.298960	 -0.002824	 1.298963	 -0.124551	 0.000000	 0.001238	 0.001238	 90.000000	 1.298960	 -0.002824	 1.298963	 -0.124551	 154631.764255	
495.991968	 1.000000	 0.000000	 -0.000000	 0.000000	 -90.000000	 1.298895	 -0.002644	 1.298897	 -0.116630	 0.000000	 0.001852	 0.001852	 90.000000	 1.298895	 -0.002644	 1.298897	 -0.116630	 154633.197817	
493.987952	 1.000000	 0.000000	 -0.000000	 0.000000	 -90.000000	 1.298848	 -0.002686	 1.298851	 -0.118473	 0.000000	 0.001657	 0.001657	 90.000000	 1.298848	 -0.002686	 1.298851	 -0.118473	 154634.666189	
491.983936	 1.000000	 0.000000	 -0.000000	 0.000000	 -90.000000	 1.298982	 -0.002615	 1.298985	 -0.115356	 0.000000	 0.001956	 0.001956	 90.000000	 1.298984	 -0.002617	 1.298986	 -0.115409	 154636.110084	
489.979920	 1.000000	 0.000000	 -0.000000	 0.000000	 -90.000000	 1.298986	 -0.002554	 1.298989	 -0.112643	 0.000000	 0.001676	 0.001676	 90.000000	 1.298986	 -0.002554	 1.298989	 -0.112643	 154637.540297	
487.975904	 1.000000	 0.000000	 -0.000000	 0.000000	 -90.000000	 1.299051	 -0.002511	 1.299053	 -0.110740	 0.000000	 0.001763	 0.001763	 90.000000	 1.299051	 -0.002511	 1.299053	 -0.110740	 154638.937387	
485.971888	 1.000000	 0.000000	 -0.000000	 0.000000	 -90.000000	 1.299108	 -0.002465	 1.299111	 -0.108706	 0.000000	 0.001909	 0.001909	 90.000000	 1.299108	 -0.002465	 1.299111	 -0.108706	 154640.388214	
483.967871	 1.000000	 0.000000	 -0.000000	 0.000000	 -90.000000	 1.299132	 -0.002441	 1.299134	 -0.107645	 0.000000	 0.001804	 0.001804	 90.000000	 1.299132	 -0.002441	 1.299134	 -0.107645	 154641.840097	
481.963855	 1.000000	 0.000000	 -0.000000	 0.000000	 -90.000000	 1.299223	 -0.002340	 1.299225	 -0.103210	 0.000000	 0.001684	 0.001684	 90.000000	 1.299223	 -0.002340	 1.299225	 -0.103210	 154643.288670	
479.959839	 1.000000	 0.000000	 -0.000000	 0.000000	 -90.000000	 1.299293	 -0.002304	 1.299295	 -0.101593	 0.000000	 0.001778	 0.001778	 90.000000	 1.299298	 -0.002302	 1.299300	 -0.101516	 154644.723705	
477.955823	 1.000000	 0.000000	 -0.000000	 0.000000	 -90.000000	 1.299314	 -0.002255	 1.299316	 -0.099455	 0.000000	 0.001886	 0.001886	 90.000000	 1.299314	 -0.002255	 1.299316	 -0.099455	 154646.163378	
475.951807	 1.000000	 0.000000	 -0.000000	 0.000000	 -90.000000	 1.299353	 -0.002144	 1.299355	 -0.094539	 0.000000	 0.001736	 0.001736	 90.000000	 1.299353	 -0.002144	 1.299355	 -0.094539	 154647.604226	
473.947791	 1.000000	 0.000000	 -0.000000	 0.000000	 -90.000000	 1.299387	 -0.002143	 1.299389	 -0.094502	 0.000000	 0.001752	 0.001752	 90.000000	 1.299387	 -0.002143	 1.299389	 -0.094502	 154649.059424	
471.943775	 1.000000	 0.000000	 -0.000000	 0.000000	 -90.000000	 1.299473	 -0.002061	 1.299475	 -0.090859	 0.000000	 0.001703	 0.001703	 90.000000	 1.299473	 -0.002061	 1.299475	 -0.090859	 154650.507019	
469.939759	 1.000000	 0.000000	 -0.000000	 0.000000	 -90.000000	 1.299419	 -0.002025	 1.299421	 -0.089273	 0.000000	 0.001702	 0.001702	 90.000000	 1.299419	 -0.002025	 1.299421	 -0.089273	 154651.923936	
467.935743	 1.000000	 0.000000	 -0.000000	 0.000000	 -90.000000	 1.299480	 -0.001992	 1.299482	 -0.087815	 0.000000	 0.001678	 0.001678	 90.000000	 1.299480	 -0.001992	 1.299482	 -0.087815	 154653.353972	
465.931727	 1.000000	 0.000000	 -0.000000	 0.000000	 -90.000000	 1.299547	 -0.001931	 1.299548	 -0.085154	 0.000000	 0.001639	 0.001639	 90.000000	 1.299547	 -0.001931	 1.299548	 -0.085154	 154654.806654	
463.927711	 1.000000	 0.000000	 -0.000000	 0.000000	 -90.000000	 1.299646	 -0.001867	 1.299647	 -0.082314	 0.000000	 0.001668	 0.001668	 90.000000	 1.299646	 -0.001867	 1.299647	 -0.082314	 154656.227844	
461.923695	 1.000000	 0.000000	 -0.000000	 0.000000	 -90.000000	 1.299619	 -0.001796	 1.299620	 -0.079158	 0.000000	 0.001577	 0.001577	 90.000000	 1.299619	 -0.001796	 1.299620	 -0.079158	 154657.674300	
459.919679	 1.000000	 0.000000	 -0.000000	 0.000000	 -90.000000	 1.299661	 -0.001702	 1.299662	 -0.075041	 0.000000	 0.001670	 0.001670	 90.000000	 1.299661	 -0.001702	 1.299662	 -0.075041	 154659.126125	
457.915663	 1.000000	 0.000000	 -0.000000	 0.000000	 -90.000000	 1.299666	 -0.001715	 1.299667	 -0.075620	 0.000000	 0.001563	 0.001563	 90.000000	 1.299666	 -0.001715	 1.299667	 -0.075620	 154660.616465	
455.911647	 1.000000	 0.000000	 -0.000000	 0.000000	 -90.000000	 1.299772	 -0.001886	 1.299773	 -0.083149	 0.000000	 0.001795	 0.001795	 90.000000	 1.299772	 -0.001886	 1.299773	 -0.083149	 154662.061630	
453.907631	 1.000000	 0.000000	 -0.000000	 0.000000	 -90.000000	 1.300257	 -0.001853	 1.300258	 -0.081649	 0.000000	 0.001535	 0.001535	 90.000000	 1.300257	 -0.001853	 1.300258	 -0.081649	 154663.518735	
451.903614	 1.000000	 0.000000	 -0.000000	 0.000000	 -90.000000	 1.300679	 -0.001104	 1.300680	 -0.048616	 0.000000	 0.001538	 0.001538	 90.000000	 1.300679	 -0.001104	 1.300680	 -0.048616	 154664.962757	
449.899598	 1.000000	 0.000000	 -0.000000	 0.000000	 -90.000000	 1.300879	 -0.000780	 1.300879	 -0.034359	 0.000000	 0.001523	 0.001523	 90.000000	 1.300879	 -0.000780	 1.300879	 -0.034359	 154666.393057	
447.895582	 1.000000	 0.000000	 -0.000000	 0.000000	 -90.000000	 1.300961	 -0.000941	 1.300961	 -0.041443	 0.000000	 0.001534	 0.001534	 90.000000	 1.300961	 -0.000941	 1.300961	 -0.041443	 154667.814398	
445.891566	 1.000000	 0.000000	 -0.000000	 0.000000	 -90.000000	 1.300491	 -0.001823	 1.300492	 -0.080326	 0.000000	 0.001494	 0.001494	 90.000000	 1.300491	 -0.001823	 1.300492	 -0.080326	 154669.272878	
443.887550	 1.000000	 0.000000	 -0.000000	 0.000000	 -90.000000	 1.299945	 -0.001495	 1.299946	 -0.065887	 0.000000	 0.001583	 0.001583	 90.000000	 1.299945	 -0.001495	 1.299946	 -0.065887	 154670.753463	
441.883534	 1.000000	 0.000000	 -0.000000	 0.000000	 -90.000000	 1.300078	 -0.001029	 1.300078	 -0.045354	 0.000000	 0.001534	 0.001534	 90.000000	 1.300078	 -0.001029	 1.300078	 -0.045354	 154672.197397	
439.879518	 1.000000	 0.000000	 -0.000000	 0.000000	 -90.000000	 1.300218	 -0.001140	 1.300219	 -0.050215	 0.000000	 0.001541	 0.001541	 90.000000	 1.300218	 -0.001140	 1.300219	 -0.050215	 154673.625637	
437.875502	 1.000000	 0.000000	 -0.000000	 0.000000	 -90.000000	 1.300150	 -0.001052	 1.300150	 -0.046363	 0.000000	 0.001512	 0.001512	 90.000000	 1.300150	 -0.001052	 1.300150	 -0.046363	 154675.073249	
435.871486	 1.000000	 0.000000	 -0.000000	 0.000000	 -90.000000	 1.300222	 -0.001003	 1.300223	 -0.044213	 0.000000	 0.001478	 0.001478	 90.000000	 1.300222	 -0.001003	 1.300223	 -0.044213	 154676.545483	
433.867470	 1.000000	 0.000000	 -0.000000	 0.000000	 -90.000000	 1.300253	 -0.000939	 1.300254	 -0.041372	 0.000000	 0.001466	 0.001466	 90.000000	 1.300255	 -0.000940	 1.300256	 -0.041424	 154677.960817	
431.863454	 1.000000	 0.000000	 -0.000000	 0.000000	 -90.000000	 1.300307	 -0.000867	 1.300307	 -0.038214	 0.000000	 0.001453	 0.001453	 90.000000	 1.300308	 -0.000867	 1.300309	 -0.038218	 154679.402101	
429.859438	 1.000000	 0.000000	 -0.000000	 0.000000	 -90.000000	 1.300347	 -0.000793	 1.300347	 -0.034938	 0.000000	 0.001442	 0.001442	 90.000000	 1.300347	 -0.000793	 1.300347	 -0.034938	 154680.871484	
427.855422	 1.000000	 0.000000	 -0.000000	 0.000000	 -90.000000	 1.300413	 -0.000683	 1.300413	 -0.030080	 0.000000	 0.001444	 0.001444	 90.000000	 1.300413	 -0.000683	 1.300413	 -0.030080	 154682.317357	
425.851406	 1.000000	 0.000000	 -0.000000	 0.000000	 -90.000000	 1.300447	 -0.000635	 1.300447	 -0.027975	 0.000000	 0.001410	 0.001410	 90.000000	 1.300447	 -0.000635	 1.300447	 -0.027975	 154683.779341	
423.847390	 1.000000	 0.000000	 -0.000000	 0.000000	 -90.000000	 1.300515	 -0.000580	 1.300515	 -0.025571	 0.000000	 0.001415	 0.001415	 90.000000	 1.300515	 -0.000580	 1.300515	 -0.025571	 154685.191239	
421.843373	 1.000000	 0.000000	 -0.000000	 0.000000	 -90.000000	 1.300548	 -0.000511	 1.300548	 -0.022512	 0.000000	 0.001382	 0.001382	 90.000000	 1.300548	 -0.000511	 1.300548	 -0.022512	 154686.632291	
419.839357	 1.000000	 0.000000	 -0.000000	 0.000000	 -90.000000	 1.300617	 -0.000432	 1.300617	 -0.019031	 0.000000	 0.001413	 0.001413	 90.000000	 1.300617	 -0.000432	 1.300617	 -0.019031	 154688.071940	
417.835341	 1.000000	 0.000000	 -0.000000	 0.000000	 -90.000000	 1.300621	 -0.000389	 1.300621	 -0.017155	 0.000000	 0.001298	 0.001298	 90.000000	 1.300620	 -0.000391	 1.300620	 -0.017209	 154689.540358	
415.831325	 1.000000	 0.000000	 -0.000000	 0.000000	 -90.000000	 1.300689	 -0.000287	 1.300689	 -0.012640	 0.000000	 0.001398	 0.001398	 90.000000	 1.300689	 -0.000287	 1.300689	 -0.012640	 154690.947241	
413.827309	 1.000000	 0.000000	 -0.000000	 0.000000	 -90.000000	 1.300749	 -0.000220	 1.300749	 -0.009674	 0.000000	 0.001372	 0.001372	 90.000000	 1.300749	 -0.000220	 1.300749	 -0.009674	 154692.372293	
411.823293	 1.000000	 0.000000	 -0.000000	 0.000000	 -90.000000	 1.300814	 -0.000143	 1.300814	 -0.006281	 0.000000	 0.001336	 0.001336	 90.000000	 1.300813	 -0.000142	 1.300813	 -0.006265	 154693.831609	
409.819277	 1.000000	 0.000000	 -0.000000	 0.000000	 -90.000000	 1.300821	 -0.000073	 1.300821	 -0.003203	 0.000000	 0.001417	 0.001417	 90.000000	 1.300821	 -0.000073	 1.300821	 -0.003203	 154695.325998	
407.815261	 1.000000	 0.000000	 -0.000000	 0.000000	 -90.000000	 1.300895	 0.000016	 1.300895	 0.000718	 0.000000	 0.001394	 0.001394	 90.000000	 1.300895	 0.000016	 1.300895	 0.000718	 154696.771327	
405.811245	 1.000000	 0.000000	 -0.000000	 0.000000	 -90.000000	 1.300938	 0.000104	 1.300938	 0.004595	 0.000000	 0.001368	 0.001368	 90.000000	 1.300938	 0.000104	 1.300938	 0.004595	 154698.226994	
403.807229	 1.000000	 0.000000	 -0.000000	 0.000000	 -90.000000	 1.300956	 0.000148	 1.300956	 0.006538	 0.000000	 0.001379	 0.001379	 90.000000	 1.300956	 0.000148	 1.300956	 0.006538	 154699.681169	
401.803213	 1.000000	 0.000000	 -0.000000	 0.000000	 -90.000000	 1.301011	 0.000277	 1.301011	 0.012216	 0.000000	 0.001382	 0.001382	 90.000000	 1.301011	 0.000277	 1.301011	 0.012216	 154701.113329	
399.799197	 1.000000	 0.000000	 -0.000000	 0.000000	 -90.000000	 1.301037	 0.000338	 1.301038	 0.014876	 0.000000	 0.001349	 0.001349	 90.000000	 1.301037	 0.000338	 1.301038	 0.014876	 154702.510144	
397.795181	 1.000000	 0.000000	 -0.000000	 0.000000	 -90.000000	 1.301060	 0.000395	 1.301060	 0.017413	 0.000000	 0.001405	 0.001405	 90.000000	 1.301060	 0.000395	 1.301060	 0.017413	 154703.959731	
395.791165	 1.000000	 0.000000	 -0.000000	 0.000000	 -90.000000	 1.301141	 0.000486	 1.301141	 0.021416	 0.000000	 0.001384	 0.001384	 90.000000	 1.301141	 0.000486	 1.301141	 0.021416	 154705.416515	
393.787149	 1.000000	 0.000000	 -0.000000	 0.000000	 -90.000000	 1.301195	 0.000569	 1.301195	 0.025069	 0.000000	 0.001365	 0.001365	 90.000000	 1.301195	 0.000569	 1.301195	 0.025069	 154706.855662	
391.783133	 1.000000	 0.000000	 -0.000000	 0.000000	 -90.000000	 1.301257	 0.000646	 1.301258	 0.028460	 0.000000	 0.001301	 0.001301	 90.000000	 1.301257	 0.000646	 1.301258	 0.028460	 154708.383268	
389.779116	 1.000000	 0.000000	 -0.000000	 0.000000	 -90.000000	 1.301258	 0.000737	 1.301258	 0.032448	 0.000000	 0.001337	 0.001337	 90.000000	 1.301258	 0.000737	 1.301258	 0.032448	 154709.819512	
387.775100	 1.000000	 0.000000	 -0.000000	 0.000000	 -90.000000	 1.301299	 0.000821	 1.301299	 0.036147	 0.000000	 0.001289	 0.001289	 90.000000	 1.301299	 0.000822	 1.301300	 0.036186	 154711.229726	
385.771084	 1.000000	 0.000000	 -0.000000	 0.000000	 -90.000000	 1.301359	 0.000895	 1.301360	 0.039424	 0.000000	 0.001300	 0.001300	 90.000000	 1.301359	 0.000895	 1.301360	 0.039424	 154712.663590	
383.767068	 1.000000	 0.000000	 -0.000000	 0.000000	 -90.000000	 1.301405	 0.000999	 1.301405	 0.043998	 0.000000	 0.001355	 0.001355	 90.000000	 1.301405	 0.000999	 1.301405	 0.043998	 154714.109528	
381.763052	 1.000000	 0.000000	 -0.000000	 0.000000	 -90.000000	 1.301512	 0.001062	 1.301512	 0.046767	 0.000000	 0.001288	 0.001288	 90.000000	 1.301512	 0.001062	 1.301512	 0.046767	 154715.545459	
379.759036	 1.000000	 0.000000	 -0.000000	 0.000000	 -90.000000	 1.301553	 0.001170	 1.301554	 0.051504	 0.000000	 0.001326	 0.001326	 90.000000	 1.301553	 0.001170	 1.301554	 0.051504	 154716.982359	
377.755020	 1.000000	 0.000000	 -0.000000	 0.000000	 -90.000000	 1.301587	 0.001269	 1.301588	 0.055840	 0.000000	 0.001304	 0.001304	 90.000000	 1.301587	 0.001269	 1.301588	 0.055840	 154718.430103	
375.751004	 1.000000	 0.000000	 -0.000000	 0.000000	 -90.000000	 1.301626	 0.001397	 1.301627	 0.061488	 0.000000	 0.001295	 0.001295	 90.000000	 1.301626	 0.001397	 1.301627	 0.061488	 154719.866300	
373.746988	 1.000000	 0.000000	 -0.000000	 0.000000	 -90.000000	 1.301753	 0.001469	 1.301754	 0.064657	 0.000000	 0.001300	 0.001300	 90.000000	 1.301752	 0.001469	 1.301753	 0.064668	 154721.315129	
371.742972	 1.000000	 0.000000	 -0.000000	 0.000000	 -90.000000	 1.301766	 0.001552	 1.301767	 0.068295	 0.000000	 0.001285	 0.001285	 90.000000	 1.301766	 0.001552	 1.301767	 0.068295	 154722.764769	
369.738956	 1.000000	 0.000000	 -0.000000	 0.000000	 -90.000000	 1.301788	 0.001621	 1.301789	 0.071366	 0.000000	 0.001338	 0.001338	 90.000000	 1.301788	 0.001621	 1.301789	 0.071366	 154724.205510	
367.734940	 1.000000	 0.000000	 -0.000000	 0.000000	 -90.000000	 1.301853	 0.001775	 1.301854	 0.078129	 0.000000	 0.001273	 0.001273	 90.000000	 1.301853	 0.001775	 1.301854	 0.078129	 154725.661653	
365.730924	 1.000000	 0.000000	 -0.000000	 0.000000	 -90.000000	 1.301862	 0.001829	 1.301864	 0.080516	 0.000000	 0.001270	 0.001270	 90.000000	 1.301862	 0.001829	 1.301864	 0.080516	 154727.147773	
363.726908	 1.000000	 0.000000	 -0.000000	 0.000000	 -90.000000	 1.301922	 0.001931	 1.301924	 0.085002	 0.000000	 0.001241	 0.001241	 90.000000	 1.301926	 0.001937	 1.301928	 0.085254	 154728.573956	
361.722892	 1.000000	 0.000000	 -0.000000	 0.000000	 -90.000000	 1.301937	 0.002014	 1.301939	 0.088636	 0.000000	 0.001253	 0.001253	 90.000000	 1.301937	 0.002014	 1.301939	 0.088636	 154730.005898	
359.718876	 1.000000	 0.000000	 -0.000000	 0.000000	 -90.000000	 1.301910	 0.002149	 1.301912	 0.094588	 0.000000	 0.001255	 0.001255	 90.000000	 1.301910	 0.002149	 1.301912	 0.094588	 154731.449911	
357.714859	 1.000000	 0.000000	 -0.000000	 0.000000	 -90.000000	 1.301967	 0.001991	 1.301969	 0.087634	 0.000000	 0.001238	 0.001238	 90.000000	 1.301967	 0.001991	 1.301969	 0.087634	 154732.872292	
355.710843	 1.000000	 0.000000	 -0.000000	 0.000000	 -90.000000	 1.301597	 0.001997	 1.301598	 0.087893	 0.000000	 0.001263	 0.001263	 90.000000	 1.301597	 0.001997	 1.301598	 0.087893	 154734.317881	
353.706827	 1.000000	 0.000000	 -0.000000	 0.000000	 -90.000000	 1.301894	 0.003557	 1.301898	 0.156548	 0.000000	 0.001275	 0.001275	 90.000000	 1.301760	 0.003557	 1.301765	 0.156542	 154735.760772	
351.702811	 1.000000	 0.000000	 -0.000000	 0.000000	 -90.000000	 1.304074	 0.002365	 1.304076	 0.103909	 0.000000	 0.001300	 0.001300	 90.000000	 1.304074	 0.002365	 1.304076	 0.103909	 154737.189249	
349.698795	 1.000000	 0.000000	 -0.000000	 0.000000	 -90.000000	 1.300103	 0.003567	 1.300108	 0.157181	 0.000000	 0.001227	 0.001227	 90.000000	 1.300103	 0.003567	 1.300108	 0.157181	 154738.674248	
347.694779	 1.000000	 0.000000	 -0.000000	 0.000000	 -90.000000	 1.303131	 0.000968	 1.303131	 0.042577	 0.000000	 0.001279	 0.001279	 90.000000	 1.303131	 0.000968	 1.303131	 0.042577	 154740.111268	
345.690763	 1.000000	 0.000000	 -0.000000	 0.000000	 -90.000000	 1.303036	 0.003914	 1.303042	 0.172096	 0.000000	 0.001345	 0.001345	 90.000000	 1.303036	 0.003914	 1.303042	 0.172096	 154741.574404	
343.686747	 1.000000	 0.000000	 -0.000000	 0.000000	 -90.000000	 1.301876	 0.003064	 1.301879	 0.134847	 0.000000	 0.001317	 0.001317	 90.000000	 1.301876	 0.003064	 1.301879	 0.134847	 154743.011574	
341.682731	 1.000000	 0.000000	 -0.000000	 0.000000	 -90.000000	 1.302516	 0.002872	 1.302519	 0.126347	 0.000000	 0.001286	 0.001286	 90.000000	 1.302516	 0.002872	 1.302519	 0.126347	 154744.481369	
339.678715	 1.000000	 0.000000	 -0.000000	 0.000000	 -90.000000	 1.302570	 0.003129	 1.302574	 0.137653	 0.000000	 0.001474	 0.001474	 90.000000	 1.302574	 0.003103	 1.302578	 0.136486	 154745.920153	
337.674699	 1.000000	 0.000000	 -0.000000	 0.000000	 -90.000000	 1.302572	 0.003277	 1.302576	 0.144144	 0.000000	 0.001288	 0.001288	 90.000000	 1.302581	 0.003262	 1.302585	 0.143489	 154747.380447	
335.670683	 1.000000	 0.000000	 -0.000000	 0.000000	 -90.000000	 1.302540	 0.003408	 1.302545	 0.149918	 0.000000	 -0.001356	 0.001356	 -90.000000	 1.302543	 0.003406	 1.302548	 0.149805	 154748.829515	
333.666667	 1.000000	 0.000000	 -0.000000	 0.000000	 -90.000000	 1.302586	 0.003534	 1.302591	 0.155462	 0.000000	 0.001309	 0.001309	 90.000000	 1.302586	 0.003534	 1.302591	 0.155462	 154750.270988	
331.662651	 1.000000	 0.000000	 -0.000000	 0.000000	 -90.000000	 1.302700	 0.003652	 1.302705	 0.160643	 0.000000	 0.001306	 0.001306	 90.000000	 1.302697	 0.003650	 1.302702	 0.160514	 154751.714030	
329.658635	 1.000000	 0.000000	 -0.000000	 0.000000	 -90.000000	 1.302753	 0.003750	 1.302758	 0.164912	 0.000000	 0.001212	 0.001212	 90.000000	 1.302753	 0.003750	 1.302758	 0.164912	 154753.147289	
327.654618	 1.000000	 0.000000	 -0.000000	 0.000000	 -90.000000	 1.302738	 0.003874	 1.302743	 0.170390	 0.000000	 0.001195	 0.001195	 90.000000	 1.302738	 0.003874	 1.302743	 0.170390	 154754.613388	
325.650602	 1.000000	 0.000000	 -0.000000	 0.000000	 -90.000000	 1.302788	 0.003998	 1.302794	 0.175832	 0.000000	 0.001256	 0.001256	 90.000000	 1.302788	 0.003998	 1.302794	 0.175832	 154756.061204	
323.646586	 1.000000	 0.000000	 -0.000000	 0.000000	 -90.000000	 1.302841	 0.004116	 1.302847	 0.180991	 0.000000	 0.001192	 0.001192	 90.000000	 1.302841	 0.004116	 1.302847	 0.180991	 154757.531856	
321.642570	 1.000000	 0.000000	 -0.000000	 0.000000	 -90.000000	 1.302924	 0.004257	 1.302931	 0.187216	 0.000000	 0.001233	 0.001233	 90.000000	 1.302924	 0.004257	 1.302931	 0.187216	 154759.009836	
319.638554	 1.000000	 0.000000	 -0.000000	 0.000000	 -90.000000	 1.303018	 0.004373	 1.303026	 0.192282	 0.000000	 0.001244	 0.001244	 90.000000	 1.303018	 0.004373	 1.303026	 0.192282	 154760.465072	
317.634538	 1.000000	 0.000000	 -0.000000	 0.000000	 -90.000000	 1.303054	 0.004502	 1.303062	 0.197938	 0.000000	 0.001235	 0.001235	 90.000000	 1.303054	 0.004502	 1.303062	 0.197938	 154761.909256	
315.630522	 1.000000	 0.000000	 -0.000000	 0.000000	 -90.000000	 1.303044	 0.004621	 1.303053	 0.203198	 0.000000	 0.001097	 0.001097	 90.000000	 1.303044	 0.004621	 1.303053	 0.203198	 154763.342738	
313.626506	 1.000000	 0.000000	 -0.000000	 0.000000	 -90.000000	 1.303159	 0.004761	 1.303167	 0.209303	 0.000000	 0.001286	 0.001286	 90.000000	 1.303159	 0.004761	 1.303167	 0.209303	 154764.797115	
311.622490	 1.000000	 0.000000	 -0.000000	 0.000000	 -90.000000	 1.303162	 0.004880	 1.303171	 0.214536	 0.000000	 0.001190	 0.001190	 90.000000	 1.303162	 0.004880	 1.303171	 0.214536	 154766.249386	
309.618474	 1.000000	 0.000000	 -0.000000	 0.000000	 -90.000000	 1.303228	 0.005040	 1.303238	 0.221596	 0.000000	 0.001188	 0.001188	 90.000000	 1.303228	 0.005040	 1.303238	 0.221596	 154767.711258	
307.614458	 1.000000	 0.000000	 -0.000000	 0.000000	 -90.000000	 1.303292	 0.005159	 1.303303	 0.226787	 0.000000	 0.001194	 0.001194	 90.000000	 1.303289	 0.005154	 1.303299	 0.226584	 154769.160094	
305.610442	 1.000000	 0.000000	 -0.000000	 0.000000	 -90.000000	 1.303369	 0.005250	 1.303380	 0.230789	 0.000000	 0.001155	 0.001155	 90.000000	 1.303369	 0.005250	 1.303380	 0.230789	 154770.607927	
303.606426	 1.000000	 0.000000	 -0.000000	 0.000000	 -90.000000	 1.303441	 0.005353	 1.303452	 0.235319	 0.000000	 0.001152	 0.001152	 90.000000	 1.303452	 0.005360	 1.303464	 0.235587	 154772.044447	
301.602410	 1.000000	 0.000000	 -0.000000	 0.000000	 -90.000000	 1.303564	 0.005439	 1.303576	 0.239038	 0.000000	 0.001223	 0.001223	 90.000000	 1.303564	 0.005439	 1.303576	 0.239038	 154773.490690	
299.598394	 1.000000	 0.000000	 -0.000000	 0.000000	 -90.000000	 1.303428	 0.005547	 1.303439	 0.243847	 0.000000	 0.001197	 0.001197	 90.000000	 1.303428	 0.005547	 1.303439	 0.243847	 154774.978300	
297.594378	 1.000000	 0.000000	 -0.000000	 0.000000	 -90.000000	 1.303388	 0.005901	 1.303401	 0.259389	 0.000000	 0.001146	 0.001146	 90.000000	 1.303388	 0.005901	 1.303401	 0.259389	 154776.395131	
295.590361	 1.000000	 0.000000	 -0.000000	 0.000000	 -90.000000	 1.303674	 0.006038	 1.303688	 0.265347	 0.000000	 0.001219	 0.001219	 90.000000	 1.303678	 0.006031	 1.303692	 0.265042	 154777.843487	
293.586345	 1.000000	 0.000000	 -0.000000	 0.000000	 -90.000000	 1.303621	 0.006154	 1.303635	 0.270458	 0.000000	 0.001156	 0.001156	 90.000000	 1.303621	 0.006154	 1.303635	 0.270458	 154779.266840	
291.582329	 1.000000	 0.000000	 -0.000000	 0.000000	 -90.000000	 1.303673	 0.006296	 1.303688	 0.276702	 0.000000	 0.001223	 0.001223	 90.000000	 1.303673	 0.006296	 1.303688	 0.276702	 154780.744449	
289.578313	 1.000000	 0.000000	 -0.000000	 0.000000	 -90.000000	 1.303654	 0.006453	 1.303670	 0.283619	 0.000000	 0.001165	 0.001165	 90.000000	 1.303655	 0.006454	 1.303671	 0.283653	 154782.178257	
287.574297	 1.000000	 0.000000	 -0.000000	 0.000000	 -90.000000	 1.303730	 0.006623	 1.303747	 0.291072	 0.000000	 0.001084	 0.001084	 90.000000	 1.303730	 0.006623	 1.303747	 0.291072	 154783.630333	
285.570281	 1.000000	 0.000000	 -0.000000	 0.000000	 -90.000000	 1.303811	 0.006747	 1.303829	 0.296484	 0.000000	 0.001219	 0.001219	 90.000000	 1.303811	 0.006747	 1.303829	 0.296484	 154785.071392	
283.566265	 1.000000	 0.000000	 -0.000000	 0.000000	 -90.000000	 1.303877	 0.006893	 1.303895	 0.302898	 0.000000	 0.001187	 0.001187	 90.000000	 1.303877	 0.006893	 1.303895	 0.302898	 154786.555781	
281.562249	 1.000000	 0.000000	 -0.000000	 0.000000	 -90.000000	 1.303874	 0.007069	 1.303893	 0.310645	 0.000000	 0.001209	 0.001209	 90.000000	 1.303874	 0.007070	 1.303893	 0.310656	 154788.016761	
279.558233	 1.000000	 0.000000	 -0.000000	 0.000000	 -90.000000	 1.303954	 0.007222	 1.303974	 0.317352	 0.000000	 0.001272	 0.001272	 90.000000	 1.303954	 0.007222	 1.303974	 0.317352	 154789.469158	
277.554217	 1.000000	 0.000000	 -0.000000	 0.000000	 -90.000000	 1.303984	 0.007390	 1.304005	 0.324697	 0.000000	 0.001173	 0.001173	 90.000000	 1.303984	 0.007390	 1.304005	 0.324698	 154790.927396	
275.550201	 1.000000	 0.000000	 -0.000000	 0.000000	 -90.000000	 1.304057	 0.007561	 1.304079	 0.332181	 0.000000	 0.001108	 0.001108	 90.000000	 1.304057	 0.007561	 1.304079	 0.332181	 154792.355328	
273.546185	 1.000000	 0.000000	 -0.000000	 0.000000	 -90.000000	 1.304067	 0.007734	 1.304090	 0.339817	 0.000000	 0.001086	 0.001086	 90.000000	 1.304067	 0.007734	 1.304090	 0.339817	 154793.764324	
271.542169	 1.000000	 0.000000	 -0.000000	 0.000000	 -90.000000	 1.304146	 0.007910	 1.304170	 0.347490	 0.000000	 0.000946	 0.000946	 90.000000	 1.304146	 0.007910	 1.304170	 0.347490	 154795.201483	
269.538153	 1.000000	 0.000000	 -0.000000	 0.000000	 -90.000000	 1.304205	 0.008065	 1.304230	 0.354300	 0.000000	 0.001268	 0.001268	 90.000000	 1.304205	 0.008065	 1.304230	 0.354300	 154796.643537	
267.534137	 1.000000	 0.000000	 -0.000000	 0.000000	 -90.000000	 1.304249	 0.008269	 1.304275	 0.363253	 0.000000	 0.001192	 0.001192	 90.000000	 1.304249	 0.008269	 1.304275	 0.363253	 154798.077295	
265.530120	 1.000000	 0.000000	 -0.000000	 0.000000	 -90.000000	 1.304335	 0.008416	 1.304362	 0.369701	 0.000000	 0.001217	 0.001217	 90.000000	 1.304335	 0.008416	 1.304362	 0.369701	 154799.504810	
263.526104	 1.000000	 0.000000	 -0.000000	 0.000000	 -90.000000	 1.304314	 0.008595	 1.304342	 0.377551	 0.000000	 0.001144	 0.001144	 90.000000	 1.304319	 0.008596	 1.304347	 0.377594	 154800.935404	
261.522088	 1.000000	 0.000000	 -0.000000	 0.000000	 -90.000000	 1.304341	 0.008728	 1.304370	 0.383397	 0.000000	 0.001156	 0.001156	 90.000000	 1.304341	 0.008728	 1.304370	 0.383397	 154802.388146	
259.518072	 1.000000	 0.000000	 -0.000000	 0.000000	 -90.000000	 1.304390	 0.009057	 1.304421	 0.397830	 0.000000	 0.001228	 0.001228	 90.000000	 1.304390	 0.009057	 1.304421	 0.397830	 154803.837454	
257.514056	 1.000000	 0.000000	 -0.000000	 0.000000	 -90.000000	 1.304777	 0.009021	 1.304808	 0.396146	 0.000000	 0.001204	 0.001204	 90.000000	 1.304777	 0.009021	 1.304808	 0.396146	 154805.243483	
255.510040	 1.000000	 0.000000	 -0.000000	 0.000000	 -90.000000	 1.304005	 0.010161	 1.304044	 0.446463	 0.000000	 0.001129	 0.001129	 90.000000	 1.304005	 0.010161	 1.304044	 0.446463	 154806.678776	
253.506024	 1.000000	 0.000000	 -0.000000	 0.000000	 -90.000000	 1.302689	 0.009946	 1.302727	 0.437456	 0.000000	 0.001186	 0.001186	 90.000000	 1.302689	 0.009946	 1.302727	 0.437456	 154808.138969	
251.502008	 1.000000	 0.000000	 -0.000000	 0.000000	 -90.000000	 1.301832	 0.010192	 1.301872	 0.448560	 0.000000	 0.001144	 0.001144	 90.000000	 1.301799	 0.010054	 1.301837	 0.442498	 154809.579992	
249.497992	 1.000000	 0.000000	 -0.000000	 0.000000	 -90.000000	 1.301736	 0.011429	 1.301786	 0.503036	 0.000000	 0.001124	 0.001124	 90.000000	 1.301736	 0.011429	 1.301786	 0.503036	 154811.002172	
247.493976	 1.000000	 0.000000	 -0.000000	 0.000000	 -90.000000	 1.304952	 0.012716	 1.305014	 0.558306	 0.000000	 0.001126	 0.001126	 90.000000	 1.304952	 0.012716	 1.305014	 0.558306	 154812.445539	
245.489960	 1.000000	 0.000000	 -0.000000	 0.000000	 -90.000000	 1.306286	 0.010195	 1.306326	 0.447145	 0.000000	 0.001134	 0.001134	 90.000000	 1.306286	 0.010195	 1.306326	 0.447145	 154813.907268	
243.485944	 1.000000	 0.000000	 -0.000000	 0.000000	 -90.000000	 1.304459	 0.009911	 1.304496	 0.435314	 0.000000	 0.001127	 0.001127	 90.000000	 1.304459	 0.009911	 1.304496	 0.435314	 154815.356301	
241.481928	 1.000000	 0.000000	 -0.000000	 0.000000	 -90.000000	 1.304788	 0.010997	 1.304834	 0.482876	 0.000000	 0.001121	 0.001121	 90.000000	 1.304855	 0.011040	 1.304902	 0.484740	 154816.779101	
239.477912	 1.000000	 0.000000	 -0.000000	 0.000000	 -90.000000	 1.304886	 0.010832	 1.304931	 0.475601	 0.000000	 0.001113	 0.001113	 90.000000	 1.304886	 0.010832	 1.304931	 0.475601	 154818.225371	
237.473896	 1.000000	 0.000000	 -0.000000	 0.000000	 -90.000000	 1.304886	 0.011217	 1.304934	 0.492531	 0.000000	 0.001087	 0.001087	 90.000000	 1.304886	 0.011217	 1.304934	 0.492531	 154819.666658	
235.469880	 1.000000	 0.000000	 -0.000000	 0.000000	 -90.000000	 1.305011	 0.011455	 1.305061	 0.502916	 0.000000	 0.001156	 0.001156	 90.000000	 1.305011	 0.011455	 1.305061	 0.502916	 154821.137319	
233.465863	 1.000000	 0.000000	 -0.000000	 0.000000	 -90.000000	 1.304982	 0.011598	 1.305033	 0.509212	 0.000000	 0.001109	 0.001109	 90.000000	 1.304982	 0.011598	 1.305033	 0.509212	 154822.578921	
231.461847	 1.000000	 0.000000	 -0.000000	 0.000000	 -90.000000	 1.305022	 0.011849	 1.305076	 0.520210	 0.000000	 0.001175	 0.001175	 90.000000	 1.305022	 0.011849	 1.305076	 0.520210	 154824.045493	
229.457831	 1.000000	 0.000000	 -0.000000	 0.000000	 -90.000000	 1.305155	 0.012062	 1.305211	 0.529488	 0.000000	 0.001141	 0.001141	 90.000000	 1.305160	 0.012061	 1.305216	 0.529475	 154825.475797	
227.453815	 1.000000	 0.000000	 -0.000000	 0.000000	 -90.000000	 1.305098	 0.012331	 1.305156	 0.541314	 0.000000	 0.001182	 0.001182	 90.000000	 1.305098	 0.012331	 1.305156	 0.541314	 154826.922949	
225.449799	 1.000000	 0.000000	 -0.000000	 0.000000	 -90.000000	 1.305159	 0.012555	 1.305220	 0.551139	 0.000000	 0.001167	 0.001167	 90.000000	 1.305159	 0.012555	 1.305220	 0.551159	 154828.339393	
223.445783	 1.000000	 0.000000	 -0.000000	 0.000000	 -90.000000	 1.305223	 0.012789	 1.305286	 0.561399	 0.000000	 0.001198	 0.001198	 90.000000	 1.305226	 0.012788	 1.305289	 0.561319	 154829.774778	
221.441767	 1.000000	 0.000000	 -0.000000	 0.000000	 -90.000000	 1.305289	 0.013024	 1.305354	 0.571668	 0.000000	 0.001093	 0.001093	 90.000000	 1.305289	 0.013026	 1.305354	 0.571773	 154831.205316	
219.437751	 1.000000	 0.000000	 -0.000000	 0.000000	 -90.000000	 1.305280	 0.013271	 1.305348	 0.582522	 0.000000	 0.001155	 0.001155	 90.000000	 1.305280	 0.013271	 1.305348	 0.582522	 154832.620663	
217.433735	 1.000000	 0.000000	 -0.000000	 0.000000	 -90.000000	 1.305360	 0.013547	 1.305430	 0.594598	 0.000000	 0.001072	 0.001072	 90.000000	 1.305360	 0.013547	 1.305430	 0.594598	 154834.095299	
215.429719	 1.000000	 0.000000	 -0.000000	 0.000000	 -90.000000	 1.305347	 0.013774	 1.305420	 0.604558	 0.000000	 0.001075	 0.001075	 90.000000	 1.305348	 0.013772	 1.305421	 0.604480	 154835.524200	
213.425703	 1.000000	 0.000000	 -0.000000	 0.000000	 -90.000000	 1.305459	 0.014052	 1.305535	 0.616705	 0.000000	 0.000958	 0.000958	 90.000000	 1.305459	 0.014052	 1.305535	 0.616705	 154837.026455	
211.421687	 1.000000	 0.000000	 -0.000000	 0.000000	 -90.000000	 1.305421	 0.014357	 1.305500	 0.630112	 0.000000	 0.001248	 0.001248	 90.000000	 1.305421	 0.014357	 1.305500	 0.630112	 154838.462826	
209.417671	 1.000000	 0.000000	 -0.000000	 0.000000	 -90.000000	 1.305466	 0.014583	 1.305547	 0.640001	 0.000000	 0.001076	 0.001076	 90.000000	 1.305466	 0.014583	 1.305547	 0.640001	 154839.953459	
207.413655	 1.000000	 0.000000	 -0.000000	 0.000000	 -90.000000	 1.305507	 0.014833	 1.305591	 0.650942	 0.000000	 0.001070	 0.001070	 90.000000	 1.305507	 0.014833	 1.305591	 0.650942	 154841.386947	
205.409639	 1.000000	 0.000000	 -0.000000	 0.000000	 -90.000000	 1.305577	 0.015284	 1.305666	 0.670696	 0.000000	 0.001260	 0.001260	 90.000000	 1.305577	 0.015284	 1.305666	 0.670696	 154842.831710	
203.405622	 1.000000	 0.000000	 -0.000000	 0.000000	 -90.000000	 1.305579	 0.015259	 1.305668	 0.669631	 0.000000	 0.000689	 0.000689	 90.000000	 1.305579	 0.015259	 1.305668	 0.669631	 154844.283649	
201.401606	 1.000000	 0.000000	 -0.000000	 0.000000	 -90.000000	 1.305900	 0.015886	 1.305997	 0.696971	 0.000000	 0.001155	 0.001155	 90.000000	 1.305900	 0.015886	 1.305997	 0.696971	 154845.738329	
199.397590	 1.000000	 0.000000	 -0.000000	 0.000000	 -90.000000	 1.305482	 0.016280	 1.305584	 0.714469	 0.000000	 0.001098	 0.001098	 90.000000	 1.305482	 0.016280	 1.305584	 0.714469	 154847.163238	
197.393574	 1.000000	 0.000000	 -0.000000	 0.000000	 -90.000000	 1.305483	 0.016331	 1.305585	 0.716700	 0.000000	 0.000997	 0.000997	 90.000000	 1.305483	 0.016331	 1.305585	 0.716700	 154848.573362	
195.389558	 1.000000	 0.000000	 -0.000000	 0.000000	 -90.000000	 1.305655	 0.016495	 1.305760	 0.723815	 0.000000	 0.001047	 0.001047	 90.000000	 1.305637	 0.016503	 1.305741	 0.724162	 154850.049800	
193.385542	 1.000000	 0.000000	 -0.000000	 0.000000	 -90.000000	 1.305744	 0.016891	 1.305854	 0.741149	 0.000000	 0.001260	 0.001260	 90.000000	 1.305744	 0.016891	 1.305854	 0.741149	 154851.490551	
191.381526	 1.000000	 0.000000	 -0.000000	 0.000000	 -90.000000	 1.305806	 0.017324	 1.305921	 0.760096	 0.000000	 -0.001971	 0.001971	 -90.000000	 1.305806	 0.017324	 1.305921	 0.760096	 154852.909409	
189.377510	 1.000000	 0.000000	 -0.000000	 0.000000	 -90.000000	 1.305876	 0.017595	 1.305994	 0.771926	 0.000000	 0.001107	 0.001107	 90.000000	 1.305876	 0.017595	 1.305994	 0.771926	 154854.343016	
187.373494	 1.000000	 0.000000	 -0.000000	 0.000000	 -90.000000	 1.305908	 0.017957	 1.306032	 0.787816	 0.000000	 0.001129	 0.001129	 90.000000	 1.305908	 0.017957	 1.306032	 0.787816	 154855.819895	
185.369478	 1.000000	 0.000000	 -0.000000	 0.000000	 -90.000000	 1.305923	 0.018236	 1.306050	 0.800015	 0.000000	 0.001168	 0.001168	 90.000000	 1.305923	 0.018236	 1.306050	 0.800015	 154857.235351	
183.365462	 1.000000	 0.000000	 -0.000000	 0.000000	 -90.000000	 1.305905	 0.018625	 1.306038	 0.817121	 0.000000	 0.000968	 0.000968	 90.000000	 1.305905	 0.018625	 1.306038	 0.817121	 154858.691136	
181.361446	 1.000000	 0.000000	 -0.000000	 0.000000	 -90.000000	 1.306016	 0.018966	 1.306154	 0.831989	 0.000000	 0.001183	 0.001183	 90.000000	 1.306016	 0.018966	 1.306154	 0.831989	 154860.142135	
179.357430	 1.000000	 0.000000	 -0.000000	 0.000000	 -90.000000	 1.306068	 0.019323	 1.306211	 0.847607	 0.000000	 0.001031	 0.001031	 90.000000	 1.306068	 0.019323	 1.306211	 0.847607	 154861.585044	
177.353414	 1.000000	 0.000000	 -0.000000	 0.000000	 -90.000000	 1.306058	 0.019688	 1.306206	 0.863627	 0.000000	 0.001121	 0.001121	 90.000000	 1.306059	 0.019686	 1.306208	 0.863545	 154863.020136	
175.349398	 1.000000	 0.000000	 -0.000000	 0.000000	 -90.000000	 1.306105	 0.020054	 1.306259	 0.879668	 0.000000	 0.001075	 0.001075	 90.000000	 1.306105	 0.020054	 1.306259	 0.879668	 154864.446050	
173.345382	 1.000000	 0.000000	 -0.000000	 0.000000	 -90.000000	 1.306179	 0.020430	 1.306339	 0.896102	 0.000000	 0.001062	 0.001062	 90.000000	 1.306179	 0.020430	 1.306339	 0.896102	 154865.879704	
171.341365	 1.000000	 0.000000	 -0.000000	 0.000000	 -90.000000	 1.306157	 0.020802	 1.306322	 0.912426	 0.000000	 0.000987	 0.000987	 90.000000	 1.306157	 0.020802	 1.306322	 0.912426	 154867.293020	
169.337349	 1.000000	 0.000000	 -0.000000	 0.000000	 -90.000000	 1.306146	 0.021152	 1.306317	 0.927769	 0.000000	 0.001055	 0.001055	 90.000000	 1.306146	 0.021152	 1.306317	 0.927769	 154868.733494	
167.333333	 1.000000	 0.000000	 -0.000000	 0.000000	 -90.000000	 1.306170	 0.021590	 1.306348	 0.946950	 0.000000	 0.001061	 0.001061	 90.000000	 1.306170	 0.021590	 1.306348	 0.946950	 154870.189828	
165.329317	 1.000000	 0.000000	 -0.000000	 0.000000	 -90.000000	 1.306161	 0.022205	 1.306350	 0.973927	 0.000000	 0.001055	 0.001055	 90.000000	 1.306163	 0.022203	 1.306352	 0.973877	 154871.631161	
163.325301	 1.000000	 0.000000	 -0.000000	 0.000000	 -90.000000	 1.306236	 0.022442	 1.306429	 0.984266	 0.000000	 0.001247	 0.001247	 90.000000	 1.306236	 0.022442	 1.306429	 0.984266	 154873.045558	
161.321285	 1.000000	 0.000000	 -0.000000	 0.000000	 -90.000000	 1.306232	 0.022677	 1.306429	 0.994609	 0.000000	 0.001038	 0.001038	 90.000000	 1.306232	 0.022677	 1.306429	 0.994606	 154874.491587	
159.317269	 1.000000	 0.000000	 -0.000000	 0.000000	 -90.000000	 1.306178	 0.023315	 1.306386	 1.022626	 0.000000	 0.001078	 0.001078	 90.000000	 1.306178	 0.023315	 1.306386	 1.022626	 154875.948500	
157.313253	 1.000000	 0.000000	 -0.000000	 0.000000	 -90.000000	 1.305942	 0.023558	 1.306154	 1.033433	 0.000000	 0.001122	 0.001122	 90.000000	 1.305942	 0.023558	 1.306154	 1.033433	 154877.363255	
155.309237	 1.000000	 0.000000	 -0.000000	 0.000000	 -90.000000	 1.305655	 0.024750	 1.305890	 1.085970	 0.000000	 0.001106	 0.001106	 90.000000	 1.305529	 0.024673	 1.305762	 1.082703	 154878.812403	
153.305221	 1.000000	 0.000000	 -0.000000	 0.000000	 -90.000000	 1.307801	 0.023630	 1.308014	 1.035152	 0.000000	 0.001243	 0.001243	 90.000000	 1.307801	 0.023630	 1.308014	 1.035152	 154880.278554	
151.301205	 1.000000	 0.000000	 -0.000000	 0.000000	 -90.000000	 1.306342	 0.027954	 1.306641	 1.225866	 0.000000	 0.001161	 0.001161	 90.000000	 1.306342	 0.027954	 1.306641	 1.225866	 154881.751411	
149.297189	 1.000000	 0.000000	 -0.000000	 0.000000	 -90.000000	 1.304175	 0.023650	 1.304389	 1.038899	 0.000000	 -0.000780	 0.000780	 -90.000000	 1.304175	 0.023650	 1.304389	 1.038899	 154883.185632	
147.293173	 1.000000	 0.000000	 -0.000000	 0.000000	 -90.000000	 1.308117	 0.024904	 1.308354	 1.090686	 0.000000	 0.001030	 0.001030	 90.000000	 1.308117	 0.024904	 1.308354	 1.090686	 154884.633713	
145.289157	 1.000000	 0.000000	 -0.000000	 0.000000	 -90.000000	 1.307586	 0.026745	 1.307860	 1.171765	 0.000000	 0.001120	 0.001120	 90.000000	 1.307586	 0.026745	 1.307860	 1.171765	 154886.065262	
143.285141	 1.000000	 0.000000	 -0.000000	 0.000000	 -90.000000	 1.306905	 0.027354	 1.307191	 1.199067	 0.000000	 0.001328	 0.001328	 90.000000	 1.306905	 0.027354	 1.307191	 1.199067	 154887.491367	
141.281124	 1.000000	 0.000000	 -0.000000	 0.000000	 -90.000000	 1.306527	 0.027848	 1.306823	 1.221043	 0.000000	 0.001091	 0.001091	 90.000000	 1.306546	 0.027824	 1.306842	 1.219998	 154888.933159	
139.277108	 1.000000	 0.000000	 -0.000000	 0.000000	 -90.000000	 1.306391	 0.028318	 1.306698	 1.241759	 0.000000	 0.001155	 0.001155	 90.000000	 1.306399	 0.028289	 1.306706	 1.240520	 154890.365697	
137.273092	 1.000000	 0.000000	 -0.000000	 0.000000	 -90.000000	 1.306329	 0.028916	 1.306648	 1.268046	 0.000000	 0.001173	 0.001173	 90.000000	 1.306329	 0.028916	 1.306648	 1.268046	 154891.794408	
135.269076	 1.000000	 0.000000	 -0.000000	 0.000000	 -90.000000	 1.306378	 0.029541	 1.306711	 1.295392	 0.000000	 0.001268	 0.001268	 90.000000	 1.306378	 0.029541	 1.306711	 1.295392	 154893.218960	
133.265060	 1.000000	 0.000000	 -0.000000	 0.000000	 -90.000000	 1.306373	 0.030135	 1.306721	 1.321446	 0.000000	 0.001163	 0.001163	 90.000000	 1.306373	 0.030135	 1.306721	 1.321446	 154894.651341	
131.261044	 1.000000	 0.000000	 -0.000000	 0.000000	 -90.000000	 1.306395	 0.030779	 1.306757	 1.349663	 0.000000	 0.001196	 0.001196	 90.000000	 1.306386	 0.030774	 1.306749	 1.349433	 154896.075378	
129.257028	 1.000000	 0.000000	 -0.000000	 0.000000	 -90.000000	 1.306276	 0.031326	 1.306652	 1.373775	 0.000000	 0.001184	 0.001184	 90.000000	 1.306276	 0.031326	 1.306652	 1.373775	 154897.510468	
127.253012	 1.000000	 0.000000	 -0.000000	 0.000000	 -90.000000	 1.306388	 0.032076	 1.306782	 1.406498	 0.000000	 0.001198	 0.001198	 90.000000	 1.306388	 0.032076	 1.306782	 1.406498	 154898.958954	
125.248996	 1.000000	 0.000000	 -0.000000	 0.000000	 -90.000000	 1.306327	 0.032728	 1.306737	 1.435172	 0.000000	 0.001151	 0.001151	 90.000000	 1.306327	 0.032728	 1.306737	 1.435172	 154900.403041	
123.244980	 1.000000	 0.000000	 -0.000000	 0.000000	 -90.000000	 1.306353	 0.033472	 1.306782	 1.467732	 0.000000	 0.001152	 0.001152	 90.000000	 1.306353	 0.033472	 1.306782	 1.467732	 154901.823841	
121.240964	 1.000000	 0.000000	 -0.000000	 0.000000	 -90.000000	 1.306253	 0.034200	 1.306700	 1.499774	 0.000000	 0.001181	 0.001181	 90.000000	 1.306253	 0.034200	 1.306700	 1.499774	 154903.312990	
119.236948	 1.000000	 0.000000	 -0.000000	 0.000000	 -90.000000	 1.306195	 0.034901	 1.306661	 1.530563	 0.000000	 0.001086	 0.001086	 90.000000	 1.306195	 0.034901	 1.306661	 1.530563	 154904.762746	
117.232932	 1.000000	 0.000000	 -0.000000	 0.000000	 -90.000000	 1.306166	 0.035728	 1.306655	 1.566846	 0.000000	 0.001144	 0.001144	 90.000000	 1.306166	 0.035728	 1.306655	 1.566846	 154906.204461	
115.228916	 1.000000	 0.000000	 -0.000000	 0.000000	 -90.000000	 1.306081	 0.036413	 1.306589	 1.596965	 0.000000	 0.001158	 0.001158	 90.000000	 1.306081	 0.036413	 1.306589	 1.596965	 154907.644839	
113.224900	 1.000000	 0.000000	 -0.000000	 0.000000	 -90.000000	 1.306137	 0.037273	 1.306669	 1.634616	 0.000000	 0.001100	 0.001100	 90.000000	 1.306137	 0.037273	 1.306669	 1.634616	 154909.091949	
111.220884	 1.000000	 0.000000	 -0.000000	 0.000000	 -90.000000	 1.306029	 0.038107	 1.306585	 1.671295	 0.000000	 0.001111	 0.001111	 90.000000	 1.306030	 0.038105	 1.306585	 1.671218	 154910.492228	
109.216867	 1.000000	 0.000000	 -0.000000	 0.000000	 -90.000000	 1.305896	 0.038981	 1.306478	 1.709762	 0.000000	 0.001108	 0.001108	 90.000000	 1.305896	 0.038981	 1.306478	 1.709762	 154911.911071	
107.212851	 1.000000	 0.000000	 -0.000000	 0.000000	 -90.000000	 1.305840	 0.039946	 1.306451	 1.752157	 0.000000	 0.001261	 0.001261	 90.000000	 1.305840	 0.039946	 1.306451	 1.752157	 154913.367512	
105.208835	 1.000000	 0.000000	 -0.000000	 0.000000	 -90.000000	 1.305772	 0.040978	 1.306414	 1.797471	 0.000000	 0.000926	 0.000926	 90.000000	 1.305772	 0.040978	 1.306414	 1.797471	 154914.814270	
103.204819	 1.000000	 0.000000	 -0.000000	 0.000000	 -90.000000	 1.305818	 0.042129	 1.306498	 1.847884	 0.000000	 0.001106	 0.001106	 90.000000	 1.305818	 0.042129	 1.306498	 1.847884	 154916.240847	
101.200803	 1.000000	 0.000000	 -0.000000	 0.000000	 -90.000000	 1.306204	 0.042714	 1.306902	 1.872961	 0.000000	 0.001132	 0.001132	 90.000000	 1.306204	 0.042714	 1.306902	 1.872961	 154917.694861	
99.196787	 1.000000	 0.000000	 -0.000000	 0.000000	 -90.000000	 1.305174	 0.043616	 1.305903	 1.913980	 0.000000	 0.001475	 0.001475	 90.000000	 1.305174	 0.043616	 1.305903	 1.913980	 154919.119959	
97.192771	 1.000000	 0.000000	 -0.000000	 0.000000	 -90.000000	 1.305883	 0.044963	 1.306657	 1.971965	 0.000000	 0.000858	 0.000858	 90.000000	 1.305883	 0.044963	 1.306657	 1.971965	 154920.561023	
95.188755	 1.000000	 0.000000	 -0.000000	 0.000000	 -90.000000	 1.305301	 0.046029	 1.306112	 2.019595	 0.000000	 0.000940	 0.000940	 90.000000	 1.305305	 0.046083	 1.306118	 2.021940	 154921.975579	
93.184739	 1.000000	 0.000000	 -0.000000	 0.000000	 -90.000000	 1.305395	 0.047136	 1.306245	 2.067986	 0.000000	 0.001118	 0.001118	 90.000000	 1.305395	 0.047136	 1.306245	 2.067986	 154923.414240	
91.180723	 1.000000	 0.000000	 -0.000000	 0.000000	 -90.000000	 1.305231	 0.048383	 1.306127	 2.122905	 0.000000	 0.001092	 0.001092	 90.000000	 1.305231	 0.048383	 1.306127	 2.122905	 154924.860368	
89.176707	 1.000000	 0.000000	 -0.000000	 0.000000	 -90.000000	 1.305040	 0.049743	 1.305988	 2.182845	 0.000000	 0.001082	 0.001082	 90.000000	 1.305036	 0.049744	 1.305983	 2.182903	 154926.289609	
87.172691	 1.000000	 0.000000	 -0.000000	 0.000000	 -90.000000	 1.304865	 0.050977	 1.305861	 2.237235	 0.000000	 0.001062	 0.001062	 90.000000	 1.304865	 0.050977	 1.305861	 2.237235	 154927.729037	
85.168675	 1.000000	 0.000000	 -0.000000	 0.000000	 -90.000000	 1.304675	 0.052189	 1.305718	 2.290712	 0.000000	 0.000957	 0.000957	 90.000000	 1.304675	 0.052189	 1.305718	 2.290712	 154929.142396	
83.164659	 1.000000	 0.000000	 -0.000000	 0.000000	 -90.000000	 1.304490	 0.053752	 1.305597	 2.359548	 0.000000	 0.001150	 0.001150	 90.000000	 1.304494	 0.053752	 1.305600	 2.359555	 154930.576599	
81.160643	 1.000000	 0.000000	 -0.000000	 0.000000	 -90.000000	 1.304429	 0.055105	 1.305592	 2.419004	 0.000000	 0.001086	 0.001086	 90.000000	 1.304429	 0.055105	 1.305592	 2.419004	 154932.000958	
79.156627	 1.000000	 0.000000	 -0.000000	 0.000000	 -90.000000	 1.304113	 0.056680	 1.305344	 2.488634	 0.000000	 0.001073	 0.001073	 90.000000	 1.304113	 0.056680	 1.305344	 2.488634	 154933.434199	
77.152610	 1.000000	 0.000000	 -0.000000	 0.000000	 -90.000000	 1.303904	 0.058248	 1.305204	 2.557800	 0.000000	 0.001051	 0.001051	 90.000000	 1.303907	 0.058244	 1.305208	 2.557654	 154934.887860	
75.148594	 1.000000	 0.000000	 -0.000000	 0.000000	 -90.000000	 1.303653	 0.060159	 1.305041	 2.642118	 0.000000	 0.001093	 0.001093	 90.000000	 1.303644	 0.060164	 1.305032	 2.642366	 154936.344066	
73.144578	 1.000000	 0.000000	 -0.000000	 0.000000	 -90.000000	 1.303278	 0.061855	 1.304745	 2.717296	 0.000000	 0.001039	 0.001039	 90.000000	 1.303278	 0.061855	 1.304745	 2.717296	 154937.786278	
71.140562	 1.000000	 0.000000	 -0.000000	 0.000000	 -90.000000	 1.302885	 0.063792	 1.304446	 2.803099	 0.000000	 0.000892	 0.000892	 90.000000	 1.302885	 0.063792	 1.304446	 2.803099	 154939.240578	
69.136546	 1.000000	 0.000000	 -0.000000	 0.000000	 -90.000000	 1.302821	 0.065722	 1.304478	 2.887894	 0.000000	 0.000993	 0.000993	 90.000000	 1.302821	 0.065722	 1.304478	 2.887894	 154940.723756	
67.132530	 1.000000	 0.000000	 -0.000000	 0.000000	 -90.000000	 1.302472	 0.068018	 1.304247	 2.989378	 0.000000	 0.001013	 0.001013	 90.000000	 1.302472	 0.068018	 1.304247	 2.989378	 154942.153577	
65.128514	 1.000000	 0.000000	 -0.000000	 0.000000	 -90.000000	 1.301588	 0.070109	 1.303475	 3.083203	 0.000000	 0.001018	 0.001018	 90.000000	 1.301588	 0.070109	 1.303475	 3.083203	 154943.633753	
63.124498	 1.000000	 0.000000	 -0.000000	 0.000000	 -90.000000	 1.301095	 0.072659	 1.303122	 3.196345	 0.000000	 0.001024	 0.001024	 90.000000	 1.301095	 0.072659	 1.303122	 3.196345	 154945.059533	
61.120482	 1.000000	 0.000000	 -0.000000	 0.000000	 -90.000000	 1.297116	 0.075080	 1.299287	 3.312724	 0.000000	 0.001027	 0.001027	 90.000000	 1.297116	 0.075080	 1.299287	 3.312724	 154946.474569	
59.116466	 1.000000	 0.000000	 -0.000000	 0.000000	 -90.000000	 1.302833	 0.070572	 1.304743	 3.100563	 0.000000	 0.001029	 0.001029	 90.000000	 1.305625	 0.069951	 1.307498	 3.066789	 154947.912386	
57.112450	 1.000000	 0.000000	 -0.000000	 0.000000	 -90.000000	 1.292683	 0.102284	 1.296723	 4.524116	 0.000000	 0.001048	 0.001048	 90.000000	 1.292683	 0.102284	 1.296723	 4.524116	 154949.347903	
55.108434	 1.000000	 0.000000	 -0.000000	 0.000000	 -90.000000	 1.246465	 0.068996	 1.248373	 3.168280	 0.000000	 0.001032	 0.001032	 90.000000	 1.246460	 0.056051	 1.247719	 2.574757	 154950.771216	
53.104418	 1.000000	 0.000000	 -0.000000	 0.000000	 -90.000000	 1.248050	 -0.011044	 1.248099	 -0.506989	 0.000000	 0.001009	 0.001009	 90.000000	 1.248050	 -0.011044	 1.248099	 -0.506989	 154952.198331	
51.100402	 1.000000	 0.000000	 -0.000000	 0.000000	 -90.000000	 1.167687	 0.000746	 1.167688	 0.036626	 0.000000	 0.001056	 0.001056	 90.000000	 1.167687	 0.000746	 1.167688	 0.036626	 154953.628321	
49.096386	 1.000000	 0.000000	 -0.000000	 0.000000	 -90.000000	 1.166774	 0.187697	 1.181775	 9.138788	 0.000000	 0.001016	 0.001016	 90.000000	 1.166774	 0.187697	 1.181775	 9.138788	 154955.078930	
47.092369	 1.000000	 0.000000	 -0.000000	 0.000000	 -90.000000	 1.394265	 0.158734	 1.403272	 6.495016	 0.000000	 0.000988	 0.000988	 90.000000	 1.394265	 0.158734	 1.403272	 6.495016	 154956.509407	
45.088353	 1.000000	 0.000000	 -0.000000	 0.000000	 -90.000000	 1.273837	 0.043585	 1.274582	 1.959626	 0.000000	 0.000982	 0.000982	 90.000000	 1.273837	 0.043585	 1.274582	 1.959626	 154957.943673	
43.084337	 1.000000	 0.000000	 -0.000000	 0.000000	 -90.000000	 1.300191	 0.132721	 1.306948	 5.828464	 0.000000	 0.001011	 0.001011	 90.000000	 1.300191	 0.132721	 1.306948	 5.828464	 154959.381053	
41.080321	 1.000000	 0.000000	 -0.000000	 0.000000	 -90.000000	 1.284952	 0.104375	 1.289185	 4.643870	 0.000000	 0.000997	 0.000997	 90.000000	 1.281708	 0.104883	 1.285992	 4.678122	 154960.831128	
39.076305	 1.000000	 0.000000	 -0.000000	 0.000000	 -90.000000	 1.294768	 0.118992	 1.300224	 5.250840	 0.000000	 0.001007	 0.001007	 90.000000	 1.294768	 0.118992	 1.300224	 5.250840	 154962.276679	
37.072289	 1.000000	 0.000000	 -0.000000	 0.000000	 -90.000000	 1.287285	 0.123244	 1.293172	 5.468790	 0.000000	 0.000979	 0.000979	 90.000000	 1.287285	 0.123244	 1.293172	 5.468790	 154963.705560	
35.068273	 1.000000	 0.000000	 -0.000000	 0.000000	 -90.000000	 1.285092	 0.129349	 1.291585	 5.747656	 0.000000	 0.000936	 0.000936	 90.000000	 1.285092	 0.129349	 1.291585	 5.747656	 154965.151664	
33.064257	 1.000000	 0.000000	 -0.000000	 0.000000	 -90.000000	 1.281851	 0.136409	 1.289089	 6.074321	 0.000000	 0.001054	 0.001054	 90.000000	 1.281851	 0.136409	 1.289089	 6.074321	 154966.569335	
31.060241	 1.000000	 0.000000	 -0.000000	 0.000000	 -90.000000	 1.279172	 0.144366	 1.287293	 6.439115	 0.000000	 0.000943	 0.000943	 90.000000	 1.279172	 0.144366	 1.287293	 6.439115	 154968.019514	
29.056225	 1.000000	 0.000000	 -0.000000	 0.000000	 -90.000000	 1.274947	 0.153484	 1.284152	 6.864486	 0.000000	 0.000884	 0.000884	 90.000000	 1.274947	 0.153484	 1.284152	 6.864486	 154969.455924	
27.052209	 1.000000	 0.000000	 -0.000000	 0.000000	 -90.000000	 1.270457	 0.163589	 1.280946	 7.337237	 0.000000	 0.000624	 0.000624	 90.000000	 1.270457	 0.163589	 1.280946	 7.337237	 154970.908901	
25.048193	 1.000000	 0.000000	 -0.000000	 0.000000	 -90.000000	 1.265061	 0.174786	 1.277078	 7.866405	 0.000000	 0.001661	 0.001661	 90.000000	 1.265061	 0.174786	 1.277078	 7.866405	 154972.400128	
23.044177	 1.000000	 0.000000	 -0.000000	 0.000000	 -90.000000	 1.258389	 0.187537	 1.272286	 8.476368	 0.000000	 -0.000217	 0.000217	 -90.000000	 1.258389	 0.187537	 1.272286	 8.476368	 154973.829403	
21.040161	 1.000000	 0.000000	 -0.000000	 0.000000	 -90.000000	 1.249850	 0.202159	 1.266094	 9.187831	 0.000000	 0.000246	 0.000246	 90.000000	 1.249850	 0.202159	 1.266094	 9.187831	 154975.297170	
19.036145	 1.000000	 0.000000	 -0.000000	 0.000000	 -90.000000	 1.239371	 0.219143	 1.258596	 10.027291	 0.000000	 0.001124	 0.001124	 90.000000	 1.239371	 0.219143	 1.258596	 10.027291	 154976.708580	
17.032129	 1.000000	 0.000000	 -0.000000	 0.000000	 -90.000000	 1.225568	 0.238363	 1.248533	 11.006150	 0.000000	 0.002617	 0.002617	 90.000000	 1.225568	 0.238363	 1.248533	 11.006150	 154978.167257	
15.028112	 1.000000	 0.000000	 -0.000000	 0.000000	 -90.000000	 1.208126	 0.262392	 1.236292	 12.253712	 0.000000	 0.004221	 0.004221	 90.000000	 1.208165	 0.262395	 1.236330	 12.253485	 154979.616128	
13.024096	 1.000000	 0.000000	 -0.000000	 0.000000	 -90.000000	 1.184229	 0.289639	 1.219134	 13.743608	 0.000000	 -0.010333	 0.010333	 -90.000000	 1.184229	 0.289639	 1.219134	 13.743608	 154981.069195	
11.020080	 1.000000	 0.000000	 -0.000000	 0.000000	 -90.000000	 1.151243	 0.322335	 1.195517	 15.641638	 0.000000	 0.036229	 0.036229	 90.000000	 1.151243	 0.322335	 1.195517	 15.641638	 154982.504402	
9.016064	 1.000000	 0.000000	 -0.000000	 0.000000	 -90.000000	 1.102897	 0.360480	 1.160313	 18.099880	 0.000000	 0.136991	 0.136991	 90.000000	 1.102897	 0.360480	 1.160313	 18.099880	 154983.925041	
7.012048	 1.000000	 0.000000	 -0.000000	 0.000000	 -90.000000	 1.028378	 0.407715	 1.106251	 21.626553	 0.000000	 0.055864	 0.055864	 90.000000	 1.028378	 0.407715	 1.106251	 21.626553	 154985.330815	
5.008032	 1.000000	 0.000000	 -0.000000	 0.000000	 -90.000000	 0.929085	 0.479773	 1.045648	 27.311517	 0.000000	 0.503072	 0.503072	 90.000000	 0.929085	 0.479773	 1.045648	 27.311517	 154986.768339	
3.004016	 1.000000	 0.000000	 -0.000000	 0.000000	 -90.000000	 0.758886	 0.269940	 0.805466	 19.580757	 0.000000	 -0.792775	 0.792775	 -90.000000	 0.758886	 0.269940	 0.805466	 19.580757	 154988.207306	
1.000000	 1.000000	 0.000000	 -0.000000	 0.000000	 -90.000000	 0.822381	 0.246090	 0.858412	 16.659313	 0.000000	 -0.893038	 0.893038	 -90.000000	 0.822381	 0.246090	 0.858412	 16.659314	 154989.637905	
