# Oscilator_frequency (Hz)	DemodAll_A (-)	Demod_1_X_A (A)	Demod_1_Y_A (A)	Demod_1__R_A (A)	Demod_1__Theta_A (deg)	Demod_2_X_A (A)	Demod_2_Y_A (A)	Demod_2__R_A (A)	Demod_2__Theta_A (deg)	Demod_3_X_A (V)	Demod_3_Y_A (V)	Demod_3__R_A (V)	Demod_3__Theta_A (deg)	Demod_4_X_A (V)	Demod_4_Y_A (V)	Demod_4__R_A (V)	Demod_4__Theta_A (deg)	Timer_GET (s)	
500.000000	 1.000000	 0.000000	 -0.000000	 0.000000	 -90.000000	 0.654121	 -0.002527	 0.654126	 -0.221341	 0.000000	 0.012629	 0.012629	 90.000000	 0.654121	 -0.002527	 0.654126	 -0.221341	 175117.472711	
497.995984	 1.000000	 0.000000	 -0.000000	 0.000000	 -90.000000	 0.654209	 -0.002625	 0.654214	 -0.229898	 0.000000	 0.010202	 0.010202	 90.000000	 0.654208	 -0.002630	 0.654213	 -0.230315	 175118.904834	
495.991968	 1.000000	 0.000000	 -0.000000	 0.000000	 -90.000000	 0.654140	 -0.002589	 0.654145	 -0.226739	 0.000000	 0.011391	 0.011391	 90.000000	 0.654140	 -0.002589	 0.654145	 -0.226739	 175120.340684	
493.987952	 1.000000	 0.000000	 -0.000000	 0.000000	 -90.000000	 0.654190	 -0.002532	 0.654195	 -0.221795	 0.000000	 -0.014679	 0.014679	 -90.000000	 0.654190	 -0.002532	 0.654195	 -0.221795	 175121.793853	
491.983936	 1.000000	 0.000000	 -0.000000	 0.000000	 -90.000000	 0.654239	 -0.002527	 0.654244	 -0.221266	 0.000000	 0.017530	 0.017530	 90.000000	 0.654238	 -0.002525	 0.654243	 -0.221147	 175123.227213	
489.979920	 1.000000	 0.000000	 -0.000000	 0.000000	 -90.000000	 0.654240	 -0.002495	 0.654245	 -0.218539	 0.000000	 0.010202	 0.010202	 90.000000	 0.654240	 -0.002495	 0.654245	 -0.218487	 175124.724909	
487.975904	 1.000000	 0.000000	 -0.000000	 0.000000	 -90.000000	 0.654259	 -0.002482	 0.654264	 -0.217380	 0.000000	 0.010680	 0.010680	 90.000000	 0.654259	 -0.002482	 0.654264	 -0.217380	 175126.146309	
485.971888	 1.000000	 0.000000	 -0.000000	 0.000000	 -90.000000	 0.654280	 -0.002447	 0.654285	 -0.214246	 0.000000	 0.008117	 0.008117	 90.000000	 0.654280	 -0.002447	 0.654285	 -0.214246	 175127.576807	
483.967871	 1.000000	 0.000000	 -0.000000	 0.000000	 -90.000000	 0.654311	 -0.002421	 0.654316	 -0.212016	 0.000000	 0.008566	 0.008566	 90.000000	 0.654311	 -0.002421	 0.654316	 -0.212016	 175128.998681	
481.963855	 1.000000	 0.000000	 -0.000000	 0.000000	 -90.000000	 0.654318	 -0.002402	 0.654322	 -0.210359	 0.000000	 0.008328	 0.008328	 90.000000	 0.654318	 -0.002402	 0.654322	 -0.210359	 175130.446063	
479.959839	 1.000000	 0.000000	 -0.000000	 0.000000	 -90.000000	 0.654324	 -0.002373	 0.654328	 -0.207823	 0.000000	 0.007889	 0.007889	 90.000000	 0.654324	 -0.002373	 0.654328	 -0.207823	 175131.897622	
477.955823	 1.000000	 0.000000	 -0.000000	 0.000000	 -90.000000	 0.654325	 -0.002354	 0.654330	 -0.206096	 0.000000	 0.008028	 0.008028	 90.000000	 0.654325	 -0.002354	 0.654330	 -0.206096	 175133.341053	
475.951807	 1.000000	 0.000000	 -0.000000	 0.000000	 -90.000000	 0.654385	 -0.002290	 0.654389	 -0.200510	 0.000000	 0.007754	 0.007754	 90.000000	 0.654385	 -0.002290	 0.654389	 -0.200510	 175134.847073	
473.947791	 1.000000	 0.000000	 -0.000000	 0.000000	 -90.000000	 0.654444	 -0.002292	 0.654448	 -0.200680	 0.000000	 0.006590	 0.006590	 90.000000	 0.654445	 -0.002292	 0.654449	 -0.200618	 175136.294441	
471.943775	 1.000000	 0.000000	 -0.000000	 0.000000	 -90.000000	 0.654434	 -0.002256	 0.654438	 -0.197481	 0.000000	 0.006505	 0.006505	 90.000000	 0.654434	 -0.002256	 0.654438	 -0.197481	 175137.779347	
469.939759	 1.000000	 0.000000	 -0.000000	 0.000000	 -90.000000	 0.654493	 -0.002241	 0.654496	 -0.196173	 0.000000	 0.006376	 0.006376	 90.000000	 0.654493	 -0.002243	 0.654497	 -0.196315	 175139.203440	
467.935743	 1.000000	 0.000000	 -0.000000	 0.000000	 -90.000000	 0.654473	 -0.002217	 0.654477	 -0.194057	 0.000000	 0.006289	 0.006289	 90.000000	 0.654473	 -0.002217	 0.654477	 -0.194057	 175140.646536	
465.931727	 1.000000	 0.000000	 -0.000000	 0.000000	 -90.000000	 0.654506	 -0.002176	 0.654510	 -0.190477	 0.000000	 0.006116	 0.006116	 90.000000	 0.654506	 -0.002176	 0.654510	 -0.190477	 175142.094962	
463.927711	 1.000000	 0.000000	 -0.000000	 0.000000	 -90.000000	 0.654518	 -0.002155	 0.654521	 -0.188637	 0.000000	 0.005921	 0.005921	 90.000000	 0.654518	 -0.002155	 0.654521	 -0.188637	 175143.545577	
461.923695	 1.000000	 0.000000	 -0.000000	 0.000000	 -90.000000	 0.654540	 -0.002125	 0.654544	 -0.186004	 0.000000	 0.005808	 0.005808	 90.000000	 0.654540	 -0.002125	 0.654544	 -0.186004	 175144.977585	
459.919679	 1.000000	 0.000000	 -0.000000	 0.000000	 -90.000000	 0.654608	 -0.002084	 0.654612	 -0.182369	 0.000000	 0.005564	 0.005564	 90.000000	 0.654608	 -0.002084	 0.654612	 -0.182369	 175146.423949	
457.915663	 1.000000	 0.000000	 -0.000000	 0.000000	 -90.000000	 0.654604	 -0.002015	 0.654607	 -0.176401	 0.000000	 0.005398	 0.005398	 90.000000	 0.654586	 -0.002003	 0.654589	 -0.175301	 175147.869062	
455.911647	 1.000000	 0.000000	 -0.000000	 0.000000	 -90.000000	 0.654443	 -0.001921	 0.654446	 -0.168209	 0.000000	 0.005144	 0.005144	 90.000000	 0.654443	 -0.001921	 0.654446	 -0.168209	 175149.301970	
453.907631	 1.000000	 0.000000	 -0.000000	 0.000000	 -90.000000	 0.654149	 -0.002009	 0.654152	 -0.175980	 0.000000	 0.005302	 0.005302	 90.000000	 0.654149	 -0.002009	 0.654152	 -0.175980	 175150.722675	
451.903614	 1.000000	 0.000000	 -0.000000	 0.000000	 -90.000000	 0.654159	 -0.001379	 0.654160	 -0.120743	 0.000000	 0.005677	 0.005677	 90.000000	 0.654159	 -0.001379	 0.654160	 -0.120743	 175152.164280	
449.899598	 1.000000	 0.000000	 -0.000000	 0.000000	 -90.000000	 0.655257	 -0.001238	 0.655258	 -0.108265	 0.000000	 0.005069	 0.005069	 90.000000	 0.655257	 -0.001238	 0.655258	 -0.108265	 175153.613880	
447.895582	 1.000000	 0.000000	 -0.000000	 0.000000	 -90.000000	 0.654861	 -0.002668	 0.654866	 -0.233461	 0.000000	 0.004604	 0.004604	 90.000000	 0.654861	 -0.002668	 0.654866	 -0.233461	 175155.027877	
445.891566	 1.000000	 0.000000	 -0.000000	 0.000000	 -90.000000	 0.654444	 -0.001615	 0.654446	 -0.141386	 0.000000	 0.004578	 0.004578	 90.000000	 0.654444	 -0.001615	 0.654446	 -0.141386	 175156.467056	
443.887550	 1.000000	 0.000000	 -0.000000	 0.000000	 -90.000000	 0.654925	 -0.001955	 0.654928	 -0.170990	 0.000000	 0.004506	 0.004506	 90.000000	 0.654925	 -0.001955	 0.654928	 -0.170990	 175157.911870	
441.883534	 1.000000	 0.000000	 -0.000000	 0.000000	 -90.000000	 0.654756	 -0.001740	 0.654758	 -0.152274	 0.000000	 0.004360	 0.004360	 90.000000	 0.654766	 -0.001722	 0.654768	 -0.150700	 175159.348786	
439.879518	 1.000000	 0.000000	 -0.000000	 0.000000	 -90.000000	 0.654799	 -0.001786	 0.654802	 -0.156257	 0.000000	 0.004287	 0.004287	 90.000000	 0.654799	 -0.001786	 0.654802	 -0.156258	 175160.772983	
437.875502	 1.000000	 0.000000	 -0.000000	 0.000000	 -90.000000	 0.654830	 -0.001766	 0.654832	 -0.154544	 0.000000	 0.004895	 0.004895	 90.000000	 0.654830	 -0.001766	 0.654832	 -0.154544	 175162.215198	
435.871486	 1.000000	 0.000000	 -0.000000	 0.000000	 -90.000000	 0.654830	 -0.001732	 0.654832	 -0.151509	 0.000000	 0.005293	 0.005293	 90.000000	 0.654830	 -0.001732	 0.654832	 -0.151509	 175163.641917	
433.867470	 1.000000	 0.000000	 -0.000000	 0.000000	 -90.000000	 0.654881	 -0.001702	 0.654883	 -0.148921	 0.000000	 0.003970	 0.003970	 90.000000	 0.654881	 -0.001702	 0.654883	 -0.148921	 175165.098314	
431.863454	 1.000000	 0.000000	 -0.000000	 0.000000	 -90.000000	 0.654915	 -0.001659	 0.654917	 -0.145148	 0.000000	 0.003973	 0.003973	 90.000000	 0.654915	 -0.001659	 0.654917	 -0.145148	 175166.532058	
429.859438	 1.000000	 0.000000	 -0.000000	 0.000000	 -90.000000	 0.654957	 -0.001635	 0.654959	 -0.142996	 0.000000	 0.003896	 0.003896	 90.000000	 0.654957	 -0.001635	 0.654959	 -0.142996	 175167.958790	
427.855422	 1.000000	 0.000000	 -0.000000	 0.000000	 -90.000000	 0.654952	 -0.001636	 0.654954	 -0.143080	 0.000000	 0.003822	 0.003822	 90.000000	 0.654952	 -0.001636	 0.654954	 -0.143080	 175169.395868	
425.851406	 1.000000	 0.000000	 -0.000000	 0.000000	 -90.000000	 0.655001	 -0.001572	 0.655003	 -0.137495	 0.000000	 0.003767	 0.003767	 90.000000	 0.655002	 -0.001570	 0.655004	 -0.137328	 175170.831848	
423.847390	 1.000000	 0.000000	 -0.000000	 0.000000	 -90.000000	 0.655013	 -0.001562	 0.655014	 -0.136617	 0.000000	 0.003676	 0.003676	 90.000000	 0.655013	 -0.001562	 0.655014	 -0.136617	 175172.266742	
421.843373	 1.000000	 0.000000	 -0.000000	 0.000000	 -90.000000	 0.655060	 -0.001496	 0.655062	 -0.130822	 0.000000	 0.003630	 0.003630	 90.000000	 0.655060	 -0.001496	 0.655062	 -0.130822	 175173.680303	
419.839357	 1.000000	 0.000000	 -0.000000	 0.000000	 -90.000000	 0.655071	 -0.001441	 0.655072	 -0.126021	 0.000000	 0.003588	 0.003588	 90.000000	 0.655071	 -0.001441	 0.655072	 -0.126021	 175175.145446	
417.835341	 1.000000	 0.000000	 -0.000000	 0.000000	 -90.000000	 0.655066	 -0.001421	 0.655067	 -0.124258	 0.000000	 0.003981	 0.003981	 90.000000	 0.655066	 -0.001421	 0.655067	 -0.124258	 175176.568647	
415.831325	 1.000000	 0.000000	 -0.000000	 0.000000	 -90.000000	 0.655100	 -0.001379	 0.655102	 -0.120613	 0.000000	 0.005554	 0.005554	 90.000000	 0.655100	 -0.001379	 0.655102	 -0.120613	 175178.037895	
413.827309	 1.000000	 0.000000	 -0.000000	 0.000000	 -90.000000	 0.655137	 -0.001357	 0.655138	 -0.118678	 0.000000	 0.004647	 0.004647	 90.000000	 0.655137	 -0.001357	 0.655138	 -0.118678	 175179.486083	
411.823293	 1.000000	 0.000000	 -0.000000	 0.000000	 -90.000000	 0.655151	 -0.001318	 0.655152	 -0.115235	 0.000000	 0.003761	 0.003761	 90.000000	 0.655151	 -0.001318	 0.655152	 -0.115235	 175180.907647	
409.819277	 1.000000	 0.000000	 -0.000000	 0.000000	 -90.000000	 0.655202	 -0.001279	 0.655203	 -0.111872	 0.000000	 0.003340	 0.003340	 90.000000	 0.655202	 -0.001279	 0.655203	 -0.111872	 175182.335766	
407.815261	 1.000000	 0.000000	 -0.000000	 0.000000	 -90.000000	 0.655240	 -0.001249	 0.655241	 -0.109175	 0.000000	 0.003251	 0.003251	 90.000000	 0.655240	 -0.001249	 0.655241	 -0.109175	 175183.769520	
405.811245	 1.000000	 0.000000	 -0.000000	 0.000000	 -90.000000	 0.655278	 -0.001208	 0.655280	 -0.105626	 0.000000	 0.003199	 0.003199	 90.000000	 0.655278	 -0.001208	 0.655280	 -0.105626	 175185.206618	
403.807229	 1.000000	 0.000000	 -0.000000	 0.000000	 -90.000000	 0.655283	 -0.001147	 0.655284	 -0.100324	 0.000000	 0.003210	 0.003210	 90.000000	 0.655283	 -0.001147	 0.655284	 -0.100324	 175186.662897	
401.803213	 1.000000	 0.000000	 -0.000000	 0.000000	 -90.000000	 0.655294	 -0.001108	 0.655295	 -0.096921	 0.000000	 0.003159	 0.003159	 90.000000	 0.655294	 -0.001108	 0.655295	 -0.096921	 175188.095303	
399.799197	 1.000000	 0.000000	 -0.000000	 0.000000	 -90.000000	 0.655274	 -0.001092	 0.655275	 -0.095471	 0.000000	 0.003154	 0.003154	 90.000000	 0.655274	 -0.001092	 0.655275	 -0.095471	 175189.537858	
397.795181	 1.000000	 0.000000	 -0.000000	 0.000000	 -90.000000	 0.655348	 -0.001046	 0.655349	 -0.091436	 0.000000	 0.002973	 0.002973	 90.000000	 0.655348	 -0.001046	 0.655349	 -0.091436	 175191.013377	
395.791165	 1.000000	 0.000000	 -0.000000	 0.000000	 -90.000000	 0.655388	 -0.001010	 0.655389	 -0.088325	 0.000000	 0.004712	 0.004712	 90.000000	 0.655388	 -0.001010	 0.655389	 -0.088325	 175192.481647	
393.787149	 1.000000	 0.000000	 -0.000000	 0.000000	 -90.000000	 0.655442	 -0.000968	 0.655443	 -0.084600	 0.000000	 0.002232	 0.002232	 90.000000	 0.655443	 -0.000968	 0.655444	 -0.084605	 175193.948264	
391.783133	 1.000000	 0.000000	 -0.000000	 0.000000	 -90.000000	 0.655431	 -0.000933	 0.655431	 -0.081580	 0.000000	 0.003128	 0.003128	 90.000000	 0.655431	 -0.000933	 0.655431	 -0.081580	 175195.353789	
389.779116	 1.000000	 0.000000	 -0.000000	 0.000000	 -90.000000	 0.655454	 -0.000889	 0.655454	 -0.077719	 0.000000	 0.002993	 0.002993	 90.000000	 0.655454	 -0.000889	 0.655454	 -0.077719	 175196.874705	
387.775100	 1.000000	 0.000000	 -0.000000	 0.000000	 -90.000000	 0.655476	 -0.000844	 0.655477	 -0.073753	 0.000000	 0.002917	 0.002917	 90.000000	 0.655476	 -0.000844	 0.655477	 -0.073753	 175198.343380	
385.771084	 1.000000	 0.000000	 -0.000000	 0.000000	 -90.000000	 0.655478	 -0.000816	 0.655478	 -0.071328	 0.000000	 0.002881	 0.002881	 90.000000	 0.655478	 -0.000816	 0.655478	 -0.071328	 175199.819710	
383.767068	 1.000000	 0.000000	 -0.000000	 0.000000	 -90.000000	 0.655559	 -0.000760	 0.655559	 -0.066455	 0.000000	 0.002809	 0.002809	 90.000000	 0.655559	 -0.000760	 0.655559	 -0.066455	 175201.293299	
381.763052	 1.000000	 0.000000	 -0.000000	 0.000000	 -90.000000	 0.655563	 -0.000720	 0.655563	 -0.062958	 0.000000	 0.002799	 0.002799	 90.000000	 0.655563	 -0.000720	 0.655563	 -0.062958	 175202.715626	
379.759036	 1.000000	 0.000000	 -0.000000	 0.000000	 -90.000000	 0.655586	 -0.000676	 0.655586	 -0.059040	 0.000000	 0.002695	 0.002695	 90.000000	 0.655586	 -0.000676	 0.655586	 -0.059040	 175204.165484	
377.755020	 1.000000	 0.000000	 -0.000000	 0.000000	 -90.000000	 0.655620	 -0.000673	 0.655620	 -0.058816	 0.000000	 0.003316	 0.003316	 90.000000	 0.655620	 -0.000673	 0.655620	 -0.058816	 175205.615088	
375.751004	 1.000000	 0.000000	 -0.000000	 0.000000	 -90.000000	 0.655640	 -0.000589	 0.655640	 -0.051501	 0.000000	 0.004526	 0.004526	 90.000000	 0.655640	 -0.000589	 0.655640	 -0.051501	 175207.021790	
373.746988	 1.000000	 0.000000	 -0.000000	 0.000000	 -90.000000	 0.655671	 -0.000536	 0.655671	 -0.046812	 0.000000	 0.004745	 0.004745	 90.000000	 0.655671	 -0.000536	 0.655671	 -0.046812	 175208.427298	
371.742972	 1.000000	 0.000000	 -0.000000	 0.000000	 -90.000000	 0.655733	 -0.000525	 0.655733	 -0.045866	 0.000000	 0.002913	 0.002913	 90.000000	 0.655733	 -0.000525	 0.655733	 -0.045866	 175209.855430	
369.738956	 1.000000	 0.000000	 -0.000000	 0.000000	 -90.000000	 0.655747	 -0.000449	 0.655747	 -0.039192	 0.000000	 0.002660	 0.002660	 90.000000	 0.655751	 -0.000447	 0.655751	 -0.039074	 175211.260757	
367.734940	 1.000000	 0.000000	 -0.000000	 0.000000	 -90.000000	 0.655701	 -0.000394	 0.655701	 -0.034434	 0.000000	 0.002667	 0.002667	 90.000000	 0.655703	 -0.000394	 0.655703	 -0.034461	 175212.707443	
365.730924	 1.000000	 0.000000	 -0.000000	 0.000000	 -90.000000	 0.655810	 -0.000375	 0.655810	 -0.032792	 0.000000	 0.002654	 0.002654	 90.000000	 0.655810	 -0.000375	 0.655810	 -0.032792	 175214.148302	
363.726908	 1.000000	 0.000000	 -0.000000	 0.000000	 -90.000000	 0.655775	 -0.000313	 0.655775	 -0.027362	 0.000000	 0.002654	 0.002654	 90.000000	 0.655775	 -0.000313	 0.655775	 -0.027362	 175215.613494	
361.722892	 1.000000	 0.000000	 -0.000000	 0.000000	 -90.000000	 0.655833	 -0.000256	 0.655833	 -0.022373	 0.000000	 0.003199	 0.003199	 90.000000	 0.655833	 -0.000256	 0.655833	 -0.022373	 175217.066382	
359.718876	 1.000000	 0.000000	 -0.000000	 0.000000	 -90.000000	 0.655865	 -0.000199	 0.655865	 -0.017352	 0.000000	 -0.000614	 0.000614	 -90.000000	 0.655870	 -0.000182	 0.655870	 -0.015860	 175218.525699	
357.714859	 1.000000	 0.000000	 -0.000000	 0.000000	 -90.000000	 0.656035	 -0.000059	 0.656035	 -0.005110	 0.000000	 0.002881	 0.002881	 90.000000	 0.656025	 -0.000003	 0.656025	 -0.000292	 175219.951428	
355.710843	 1.000000	 0.000000	 -0.000000	 0.000000	 -90.000000	 0.656480	 -0.000291	 0.656480	 -0.025397	 0.000000	 0.002897	 0.002897	 90.000000	 0.656480	 -0.000291	 0.656480	 -0.025397	 175221.399092	
353.706827	 1.000000	 0.000000	 -0.000000	 0.000000	 -90.000000	 0.655516	 0.000997	 0.655517	 0.087105	 0.000000	 0.002686	 0.002686	 90.000000	 0.655516	 0.000997	 0.655517	 0.087105	 175222.857640	
351.702811	 1.000000	 0.000000	 -0.000000	 0.000000	 -90.000000	 0.656789	 -0.001368	 0.656791	 -0.119350	 0.000000	 0.002503	 0.002503	 90.000000	 0.656789	 -0.001368	 0.656791	 -0.119350	 175224.268010	
349.698795	 1.000000	 0.000000	 -0.000000	 0.000000	 -90.000000	 0.656767	 0.001545	 0.656769	 0.134783	 0.000000	 0.002467	 0.002467	 90.000000	 0.656767	 0.001545	 0.656769	 0.134783	 175225.704748	
347.694779	 1.000000	 0.000000	 -0.000000	 0.000000	 -90.000000	 0.655144	 0.001070	 0.655145	 0.093585	 0.000000	 0.002490	 0.002490	 90.000000	 0.655144	 0.001070	 0.655145	 0.093585	 175227.138004	
345.690763	 1.000000	 0.000000	 -0.000000	 0.000000	 -90.000000	 0.655292	 0.000098	 0.655292	 0.008609	 0.000000	 0.002499	 0.002499	 90.000000	 0.655292	 0.000098	 0.655292	 0.008609	 175228.617024	
343.686747	 1.000000	 0.000000	 -0.000000	 0.000000	 -90.000000	 0.655878	 -0.000067	 0.655878	 -0.005860	 0.000000	 0.002468	 0.002468	 90.000000	 0.655878	 -0.000067	 0.655878	 -0.005860	 175230.085355	
341.682731	 1.000000	 0.000000	 -0.000000	 0.000000	 -90.000000	 0.655929	 0.000205	 0.655929	 0.017926	 0.000000	 0.002438	 0.002438	 90.000000	 0.655929	 0.000205	 0.655929	 0.017926	 175231.504523	
339.678715	 1.000000	 0.000000	 -0.000000	 0.000000	 -90.000000	 0.656147	 0.000323	 0.656147	 0.028243	 0.000000	 0.002104	 0.002104	 90.000000	 0.656147	 0.000323	 0.656147	 0.028243	 175232.922474	
337.674699	 1.000000	 0.000000	 -0.000000	 0.000000	 -90.000000	 0.656149	 0.000349	 0.656149	 0.030495	 0.000000	 0.000473	 0.000473	 90.000000	 0.656149	 0.000349	 0.656149	 0.030495	 175234.396118	
335.670683	 1.000000	 0.000000	 -0.000000	 0.000000	 -90.000000	 0.656161	 0.000395	 0.656161	 0.034477	 0.000000	 -0.004546	 0.004546	 -90.000000	 0.656161	 0.000395	 0.656161	 0.034477	 175235.809731	
333.666667	 1.000000	 0.000000	 -0.000000	 0.000000	 -90.000000	 0.656209	 0.000443	 0.656209	 0.038704	 0.000000	 0.001268	 0.001268	 90.000000	 0.656209	 0.000443	 0.656209	 0.038704	 175237.231604	
331.662651	 1.000000	 0.000000	 -0.000000	 0.000000	 -90.000000	 0.656209	 0.000496	 0.656209	 0.043294	 0.000000	 0.002582	 0.002582	 90.000000	 0.656209	 0.000496	 0.656209	 0.043294	 175238.659398	
329.658635	 1.000000	 0.000000	 -0.000000	 0.000000	 -90.000000	 0.656237	 0.000578	 0.656238	 0.050499	 0.000000	 0.002431	 0.002431	 90.000000	 0.656237	 0.000578	 0.656238	 0.050499	 175240.142129	
327.654618	 1.000000	 0.000000	 -0.000000	 0.000000	 -90.000000	 0.656275	 0.000633	 0.656276	 0.055290	 0.000000	 0.002373	 0.002373	 90.000000	 0.656275	 0.000633	 0.656276	 0.055290	 175241.578409	
325.650602	 1.000000	 0.000000	 -0.000000	 0.000000	 -90.000000	 0.656273	 0.000675	 0.656273	 0.058916	 0.000000	 0.002353	 0.002353	 90.000000	 0.656273	 0.000675	 0.656273	 0.058916	 175243.007350	
323.646586	 1.000000	 0.000000	 -0.000000	 0.000000	 -90.000000	 0.656334	 0.000722	 0.656335	 0.063016	 0.000000	 0.002354	 0.002354	 90.000000	 0.656334	 0.000722	 0.656335	 0.063016	 175244.450747	
321.642570	 1.000000	 0.000000	 -0.000000	 0.000000	 -90.000000	 0.656364	 0.000789	 0.656365	 0.068854	 0.000000	 0.002337	 0.002337	 90.000000	 0.656364	 0.000789	 0.656365	 0.068854	 175245.880960	
319.638554	 1.000000	 0.000000	 -0.000000	 0.000000	 -90.000000	 0.656383	 0.000831	 0.656384	 0.072535	 0.000000	 0.002316	 0.002316	 90.000000	 0.656383	 0.000831	 0.656384	 0.072535	 175247.323827	
317.634538	 1.000000	 0.000000	 -0.000000	 0.000000	 -90.000000	 0.656413	 0.000926	 0.656414	 0.080859	 0.000000	 0.002396	 0.002396	 90.000000	 0.656413	 0.000926	 0.656414	 0.080859	 175248.766836	
315.630522	 1.000000	 0.000000	 -0.000000	 0.000000	 -90.000000	 0.656432	 0.000982	 0.656433	 0.085691	 0.000000	 0.002359	 0.002359	 90.000000	 0.656432	 0.000982	 0.656433	 0.085691	 175250.177792	
313.626506	 1.000000	 0.000000	 -0.000000	 0.000000	 -90.000000	 0.656442	 0.001042	 0.656442	 0.090985	 0.000000	 0.001336	 0.001336	 90.000000	 0.656442	 0.001042	 0.656442	 0.090985	 175251.622422	
311.622490	 1.000000	 0.000000	 -0.000000	 0.000000	 -90.000000	 0.656497	 0.001098	 0.656498	 0.095858	 0.000000	 0.006100	 0.006100	 90.000000	 0.656497	 0.001098	 0.656498	 0.095858	 175253.099936	
309.618474	 1.000000	 0.000000	 -0.000000	 0.000000	 -90.000000	 0.656538	 0.001153	 0.656539	 0.100638	 0.000000	 0.012659	 0.012659	 90.000000	 0.656538	 0.001153	 0.656539	 0.100638	 175254.541096	
307.614458	 1.000000	 0.000000	 -0.000000	 0.000000	 -90.000000	 0.656512	 0.001221	 0.656513	 0.106545	 0.000000	 0.001471	 0.001471	 90.000000	 0.656514	 0.001214	 0.656515	 0.105927	 175256.008984	
305.610442	 1.000000	 0.000000	 -0.000000	 0.000000	 -90.000000	 0.656536	 0.001272	 0.656537	 0.110991	 0.000000	 0.003282	 0.003282	 90.000000	 0.656536	 0.001272	 0.656537	 0.110991	 175257.406379	
303.606426	 1.000000	 0.000000	 -0.000000	 0.000000	 -90.000000	 0.656593	 0.001450	 0.656595	 0.126542	 0.000000	 0.001162	 0.001162	 90.000000	 0.656593	 0.001450	 0.656595	 0.126542	 175258.846873	
301.602410	 1.000000	 0.000000	 -0.000000	 0.000000	 -90.000000	 0.656545	 0.001305	 0.656546	 0.113905	 0.000000	 0.008405	 0.008405	 90.000000	 0.656550	 0.001302	 0.656551	 0.113597	 175260.295665	
299.598394	 1.000000	 0.000000	 -0.000000	 0.000000	 -90.000000	 0.656776	 0.001495	 0.656778	 0.130454	 0.000000	 0.002579	 0.002579	 90.000000	 0.656776	 0.001495	 0.656778	 0.130454	 175261.741885	
297.594378	 1.000000	 0.000000	 -0.000000	 0.000000	 -90.000000	 0.656735	 0.001658	 0.656737	 0.144676	 0.000000	 0.002333	 0.002333	 90.000000	 0.656735	 0.001658	 0.656737	 0.144677	 175263.158791	
295.590361	 1.000000	 0.000000	 -0.000000	 0.000000	 -90.000000	 0.656684	 0.001698	 0.656686	 0.148192	 0.000000	 0.002233	 0.002233	 90.000000	 0.656717	 0.001710	 0.656719	 0.149220	 175264.631887	
293.586345	 1.000000	 0.000000	 -0.000000	 0.000000	 -90.000000	 0.656766	 0.001736	 0.656768	 0.151473	 0.000000	 0.002224	 0.002224	 90.000000	 0.656766	 0.001736	 0.656768	 0.151473	 175266.081997	
291.582329	 1.000000	 0.000000	 -0.000000	 0.000000	 -90.000000	 0.656751	 0.001772	 0.656753	 0.154549	 0.000000	 0.002164	 0.002164	 90.000000	 0.656752	 0.001771	 0.656755	 0.154461	 175267.499202	
289.578313	 1.000000	 0.000000	 -0.000000	 0.000000	 -90.000000	 0.656781	 0.001848	 0.656784	 0.161199	 0.000000	 0.002166	 0.002166	 90.000000	 0.656781	 0.001848	 0.656784	 0.161199	 175268.976669	
287.574297	 1.000000	 0.000000	 -0.000000	 0.000000	 -90.000000	 0.656820	 0.001910	 0.656823	 0.166571	 0.000000	 0.002155	 0.002155	 90.000000	 0.656820	 0.001910	 0.656823	 0.166571	 175270.444646	
285.570281	 1.000000	 0.000000	 -0.000000	 0.000000	 -90.000000	 0.656829	 0.001988	 0.656832	 0.173397	 0.000000	 0.002119	 0.002119	 90.000000	 0.656829	 0.001988	 0.656832	 0.173397	 175271.963055	
283.566265	 1.000000	 0.000000	 -0.000000	 0.000000	 -90.000000	 0.656864	 0.002055	 0.656867	 0.179223	 0.000000	 0.002134	 0.002134	 90.000000	 0.656864	 0.002055	 0.656867	 0.179223	 175273.435524	
281.562249	 1.000000	 0.000000	 -0.000000	 0.000000	 -90.000000	 0.656893	 0.002141	 0.656897	 0.186749	 0.000000	 0.002150	 0.002150	 90.000000	 0.656893	 0.002141	 0.656897	 0.186749	 175274.866446	
279.558233	 1.000000	 0.000000	 -0.000000	 0.000000	 -90.000000	 0.656906	 0.002212	 0.656909	 0.192972	 0.000000	 0.002150	 0.002150	 90.000000	 0.656906	 0.002212	 0.656909	 0.192973	 175276.294033	
277.554217	 1.000000	 0.000000	 -0.000000	 0.000000	 -90.000000	 0.656948	 0.002293	 0.656952	 0.199949	 0.000000	 0.002094	 0.002094	 90.000000	 0.656948	 0.002293	 0.656952	 0.199949	 175277.739755	
275.550201	 1.000000	 0.000000	 -0.000000	 0.000000	 -90.000000	 0.656964	 0.002383	 0.656969	 0.207831	 0.000000	 0.002109	 0.002109	 90.000000	 0.656964	 0.002383	 0.656969	 0.207831	 175279.197682	
273.546185	 1.000000	 0.000000	 -0.000000	 0.000000	 -90.000000	 0.656999	 0.002458	 0.657004	 0.214322	 0.000000	 0.002179	 0.002179	 90.000000	 0.656999	 0.002458	 0.657003	 0.214372	 175280.620155	
271.542169	 1.000000	 0.000000	 -0.000000	 0.000000	 -90.000000	 0.657022	 0.002532	 0.657027	 0.220795	 0.000000	 0.002160	 0.002160	 90.000000	 0.657020	 0.002533	 0.657025	 0.220863	 175282.052504	
269.538153	 1.000000	 0.000000	 -0.000000	 0.000000	 -90.000000	 0.657037	 0.002621	 0.657042	 0.228595	 0.000000	 0.002083	 0.002083	 90.000000	 0.657037	 0.002622	 0.657042	 0.228617	 175283.470182	
267.534137	 1.000000	 0.000000	 -0.000000	 0.000000	 -90.000000	 0.657058	 0.002702	 0.657063	 0.235591	 0.000000	 0.002117	 0.002117	 90.000000	 0.657058	 0.002702	 0.657063	 0.235591	 175284.898178	
265.530120	 1.000000	 0.000000	 -0.000000	 0.000000	 -90.000000	 0.657079	 0.002784	 0.657085	 0.242752	 0.000000	 0.002100	 0.002100	 90.000000	 0.657079	 0.002784	 0.657085	 0.242752	 175286.362189	
263.526104	 1.000000	 0.000000	 -0.000000	 0.000000	 -90.000000	 0.657114	 0.002855	 0.657120	 0.248896	 0.000000	 0.002122	 0.002122	 90.000000	 0.657114	 0.002855	 0.657120	 0.248896	 175287.789486	
261.522088	 1.000000	 0.000000	 -0.000000	 0.000000	 -90.000000	 0.657103	 0.002988	 0.657110	 0.260570	 0.000000	 0.002140	 0.002140	 90.000000	 0.657103	 0.002988	 0.657110	 0.260570	 175289.221011	
259.518072	 1.000000	 0.000000	 -0.000000	 0.000000	 -90.000000	 0.657051	 0.002970	 0.657058	 0.258994	 0.000000	 0.002090	 0.002090	 90.000000	 0.657051	 0.002970	 0.657058	 0.258994	 175290.657289	
257.514056	 1.000000	 0.000000	 -0.000000	 0.000000	 -90.000000	 0.656876	 0.003146	 0.656884	 0.274450	 0.000000	 0.002122	 0.002122	 90.000000	 0.656876	 0.003146	 0.656884	 0.274450	 175292.092727	
255.510040	 1.000000	 0.000000	 -0.000000	 0.000000	 -90.000000	 0.657084	 0.004091	 0.657097	 0.356703	 0.000000	 0.002091	 0.002091	 90.000000	 0.657084	 0.004091	 0.657097	 0.356703	 175293.574758	
253.506024	 1.000000	 0.000000	 -0.000000	 0.000000	 -90.000000	 0.658206	 0.002172	 0.658209	 0.189094	 0.000000	 0.002110	 0.002110	 90.000000	 0.658206	 0.002172	 0.658209	 0.189094	 175295.022762	
251.502008	 1.000000	 0.000000	 -0.000000	 0.000000	 -90.000000	 0.654969	 0.003619	 0.654979	 0.316540	 0.000000	 0.002093	 0.002093	 90.000000	 0.654969	 0.003619	 0.654979	 0.316540	 175296.448570	
249.497992	 1.000000	 0.000000	 -0.000000	 0.000000	 -90.000000	 0.658900	 0.001629	 0.658902	 0.141611	 0.000000	 0.002080	 0.002080	 90.000000	 0.658864	 0.001597	 0.658866	 0.138916	 175297.917123	
247.493976	 1.000000	 0.000000	 -0.000000	 0.000000	 -90.000000	 0.657713	 0.005371	 0.657735	 0.467844	 0.000000	 0.002103	 0.002103	 90.000000	 0.657713	 0.005371	 0.657735	 0.467844	 175299.333442	
245.489960	 1.000000	 0.000000	 -0.000000	 0.000000	 -90.000000	 0.656585	 0.004433	 0.656600	 0.386840	 0.000000	 0.002078	 0.002078	 90.000000	 0.656585	 0.004433	 0.656600	 0.386840	 175300.733477	
243.485944	 1.000000	 0.000000	 -0.000000	 0.000000	 -90.000000	 0.657152	 0.003372	 0.657161	 0.293979	 0.000000	 0.002050	 0.002050	 90.000000	 0.657152	 0.003372	 0.657161	 0.293979	 175302.197501	
241.481928	 1.000000	 0.000000	 -0.000000	 0.000000	 -90.000000	 0.657467	 0.003755	 0.657478	 0.327246	 0.000000	 0.002049	 0.002049	 90.000000	 0.657467	 0.003755	 0.657478	 0.327246	 175303.632385	
239.477912	 1.000000	 0.000000	 -0.000000	 0.000000	 -90.000000	 0.657329	 0.003960	 0.657341	 0.345149	 0.000000	 0.002088	 0.002088	 90.000000	 0.657329	 0.003960	 0.657341	 0.345149	 175305.052815	
237.473896	 1.000000	 0.000000	 -0.000000	 0.000000	 -90.000000	 0.657498	 0.004108	 0.657511	 0.357995	 0.000000	 0.002064	 0.002064	 90.000000	 0.657496	 0.004092	 0.657509	 0.356606	 175306.517727	
235.469880	 1.000000	 0.000000	 -0.000000	 0.000000	 -90.000000	 0.657492	 0.004186	 0.657505	 0.364763	 0.000000	 0.002075	 0.002075	 90.000000	 0.657492	 0.004186	 0.657505	 0.364763	 175307.964278	
233.465863	 1.000000	 0.000000	 -0.000000	 0.000000	 -90.000000	 0.657551	 0.004281	 0.657565	 0.372987	 0.000000	 0.002042	 0.002042	 90.000000	 0.657551	 0.004281	 0.657565	 0.372987	 175309.419266	
231.461847	 1.000000	 0.000000	 -0.000000	 0.000000	 -90.000000	 0.657473	 0.004399	 0.657488	 0.383347	 0.000000	 0.002065	 0.002065	 90.000000	 0.657473	 0.004399	 0.657488	 0.383347	 175310.861231	
229.457831	 1.000000	 0.000000	 -0.000000	 0.000000	 -90.000000	 0.657547	 0.004487	 0.657562	 0.390995	 0.000000	 0.002081	 0.002081	 90.000000	 0.657547	 0.004487	 0.657562	 0.390994	 175312.283834	
227.453815	 1.000000	 0.000000	 -0.000000	 0.000000	 -90.000000	 0.657591	 0.004642	 0.657607	 0.404461	 0.000000	 0.002052	 0.002052	 90.000000	 0.657591	 0.004642	 0.657607	 0.404461	 175313.714287	
225.449799	 1.000000	 0.000000	 -0.000000	 0.000000	 -90.000000	 0.657639	 0.004717	 0.657656	 0.410933	 0.000000	 0.001991	 0.001991	 90.000000	 0.657639	 0.004717	 0.657656	 0.410933	 175315.136676	
223.445783	 1.000000	 0.000000	 -0.000000	 0.000000	 -90.000000	 0.657558	 0.004877	 0.657576	 0.424964	 0.000000	 0.002055	 0.002055	 90.000000	 0.657558	 0.004880	 0.657576	 0.425214	 175316.569521	
221.441767	 1.000000	 0.000000	 -0.000000	 0.000000	 -90.000000	 0.657694	 0.004941	 0.657712	 0.430391	 0.000000	 0.002053	 0.002053	 90.000000	 0.657693	 0.004936	 0.657712	 0.430041	 175318.005096	
219.437751	 1.000000	 0.000000	 -0.000000	 0.000000	 -90.000000	 0.657706	 0.005065	 0.657725	 0.441239	 0.000000	 0.002021	 0.002021	 90.000000	 0.657706	 0.005065	 0.657725	 0.441239	 175319.444160	
217.433735	 1.000000	 0.000000	 -0.000000	 0.000000	 -90.000000	 0.657651	 0.005192	 0.657671	 0.452332	 0.000000	 0.002022	 0.002022	 90.000000	 0.657651	 0.005192	 0.657671	 0.452332	 175320.902215	
215.429719	 1.000000	 0.000000	 -0.000000	 0.000000	 -90.000000	 0.657708	 0.005325	 0.657729	 0.463841	 0.000000	 0.002014	 0.002014	 90.000000	 0.657708	 0.005325	 0.657729	 0.463841	 175322.355254	
213.425703	 1.000000	 0.000000	 -0.000000	 0.000000	 -90.000000	 0.657758	 0.005459	 0.657781	 0.475509	 0.000000	 0.002013	 0.002013	 90.000000	 0.657758	 0.005459	 0.657781	 0.475509	 175323.797971	
211.421687	 1.000000	 0.000000	 -0.000000	 0.000000	 -90.000000	 0.657761	 0.005604	 0.657785	 0.488110	 0.000000	 0.001983	 0.001983	 90.000000	 0.657761	 0.005604	 0.657785	 0.488110	 175325.292286	
209.417671	 1.000000	 0.000000	 -0.000000	 0.000000	 -90.000000	 0.657786	 0.005695	 0.657810	 0.496062	 0.000000	 0.001997	 0.001997	 90.000000	 0.657786	 0.005695	 0.657810	 0.496062	 175326.719588	
207.413655	 1.000000	 0.000000	 -0.000000	 0.000000	 -90.000000	 0.657794	 0.005871	 0.657820	 0.511363	 0.000000	 0.001975	 0.001975	 90.000000	 0.657794	 0.005871	 0.657820	 0.511363	 175328.164235	
205.409639	 1.000000	 0.000000	 -0.000000	 0.000000	 -90.000000	 0.657901	 0.006008	 0.657928	 0.523257	 0.000000	 0.001959	 0.001959	 90.000000	 0.657901	 0.006008	 0.657928	 0.523257	 175329.617590	
203.405622	 1.000000	 0.000000	 -0.000000	 0.000000	 -90.000000	 0.657954	 0.005980	 0.657981	 0.520694	 0.000000	 0.001972	 0.001972	 90.000000	 0.657954	 0.005980	 0.657981	 0.520694	 175331.028148	
201.401606	 1.000000	 0.000000	 -0.000000	 0.000000	 -90.000000	 0.657681	 0.006342	 0.657711	 0.552486	 0.000000	 -0.000806	 0.000806	 -90.000000	 0.657681	 0.006342	 0.657711	 0.552486	 175332.457158	
199.397590	 1.000000	 0.000000	 -0.000000	 0.000000	 -90.000000	 0.658018	 0.006162	 0.658047	 0.536537	 0.000000	 -0.001758	 0.001758	 -90.000000	 0.658018	 0.006162	 0.658047	 0.536537	 175333.892728	
197.393574	 1.000000	 0.000000	 -0.000000	 0.000000	 -90.000000	 0.658055	 0.006629	 0.658088	 0.577114	 0.000000	 0.008602	 0.008602	 90.000000	 0.658055	 0.006629	 0.658088	 0.577114	 175335.316008	
195.389558	 1.000000	 0.000000	 -0.000000	 0.000000	 -90.000000	 0.657931	 0.006759	 0.657966	 0.588606	 0.000000	 0.007331	 0.007331	 90.000000	 0.657931	 0.006759	 0.657966	 0.588606	 175336.754153	
193.385542	 1.000000	 0.000000	 -0.000000	 0.000000	 -90.000000	 0.657925	 0.006821	 0.657960	 0.593968	 0.000000	 0.001677	 0.001677	 90.000000	 0.657925	 0.006821	 0.657960	 0.593968	 175338.198586	
191.381526	 1.000000	 0.000000	 -0.000000	 0.000000	 -90.000000	 0.657946	 0.006955	 0.657983	 0.605599	 0.000000	 0.002520	 0.002520	 90.000000	 0.657946	 0.006955	 0.657983	 0.605599	 175339.634506	
189.377510	 1.000000	 0.000000	 -0.000000	 0.000000	 -90.000000	 0.657991	 0.007130	 0.658030	 0.620807	 0.000000	 0.000517	 0.000517	 90.000000	 0.657991	 0.007130	 0.658030	 0.620807	 175341.099240	
187.373494	 1.000000	 0.000000	 -0.000000	 0.000000	 -90.000000	 0.658019	 0.007270	 0.658059	 0.632958	 0.000000	 0.002408	 0.002408	 90.000000	 0.658019	 0.007269	 0.658059	 0.632866	 175342.541417	
185.369478	 1.000000	 0.000000	 -0.000000	 0.000000	 -90.000000	 0.658029	 0.007439	 0.658072	 0.647693	 0.000000	 0.001242	 0.001242	 90.000000	 0.658029	 0.007439	 0.658072	 0.647693	 175343.983604	
183.365462	 1.000000	 0.000000	 -0.000000	 0.000000	 -90.000000	 0.658061	 0.007603	 0.658105	 0.661958	 0.000000	 0.001104	 0.001104	 90.000000	 0.658061	 0.007603	 0.658105	 0.661958	 175345.412899	
181.361446	 1.000000	 0.000000	 -0.000000	 0.000000	 -90.000000	 0.658095	 0.007770	 0.658140	 0.676471	 0.000000	 0.002707	 0.002707	 90.000000	 0.658095	 0.007770	 0.658140	 0.676471	 175346.853820	
179.357430	 1.000000	 0.000000	 -0.000000	 0.000000	 -90.000000	 0.658133	 0.007888	 0.658181	 0.686720	 0.000000	 -0.000723	 0.000723	 -90.000000	 0.658133	 0.007888	 0.658181	 0.686720	 175348.286728	
177.353414	 1.000000	 0.000000	 -0.000000	 0.000000	 -90.000000	 0.658109	 0.008122	 0.658159	 0.707055	 0.000000	 -0.001217	 0.001217	 -90.000000	 0.658114	 0.008125	 0.658164	 0.707310	 175349.734525	
175.349398	 1.000000	 0.000000	 -0.000000	 0.000000	 -90.000000	 0.658121	 0.008263	 0.658173	 0.719346	 0.000000	 -0.001765	 0.001765	 -90.000000	 0.658121	 0.008263	 0.658173	 0.719346	 175351.166368	
173.345382	 1.000000	 0.000000	 -0.000000	 0.000000	 -90.000000	 0.658127	 0.008369	 0.658181	 0.728581	 0.000000	 0.002969	 0.002969	 90.000000	 0.658125	 0.008370	 0.658178	 0.728644	 175352.592748	
171.341365	 1.000000	 0.000000	 -0.000000	 0.000000	 -90.000000	 0.658222	 0.008572	 0.658278	 0.746081	 0.000000	 0.002190	 0.002190	 90.000000	 0.658222	 0.008572	 0.658278	 0.746081	 175354.030152	
169.337349	 1.000000	 0.000000	 -0.000000	 0.000000	 -90.000000	 0.658216	 0.008774	 0.658275	 0.763699	 0.000000	 0.001989	 0.001989	 90.000000	 0.658216	 0.008774	 0.658275	 0.763699	 175355.472464	
167.333333	 1.000000	 0.000000	 -0.000000	 0.000000	 -90.000000	 0.658212	 0.009001	 0.658274	 0.783441	 0.000000	 0.001904	 0.001904	 90.000000	 0.658213	 0.008997	 0.658275	 0.783077	 175356.911463	
165.329317	 1.000000	 0.000000	 -0.000000	 0.000000	 -90.000000	 0.658209	 0.009182	 0.658273	 0.799216	 0.000000	 0.001983	 0.001983	 90.000000	 0.658209	 0.009182	 0.658273	 0.799216	 175358.339807	
163.325301	 1.000000	 0.000000	 -0.000000	 0.000000	 -90.000000	 0.658230	 0.009388	 0.658297	 0.817105	 0.000000	 0.001109	 0.001109	 90.000000	 0.658230	 0.009388	 0.658297	 0.817105	 175359.771436	
161.321285	 1.000000	 0.000000	 -0.000000	 0.000000	 -90.000000	 0.658237	 0.009586	 0.658307	 0.834372	 0.000000	 0.000574	 0.000574	 90.000000	 0.658237	 0.009586	 0.658307	 0.834372	 175361.233317	
159.317269	 1.000000	 0.000000	 -0.000000	 0.000000	 -90.000000	 0.658101	 0.009743	 0.658174	 0.848216	 0.000000	 0.001136	 0.001136	 90.000000	 0.658101	 0.009743	 0.658174	 0.848216	 175362.653912	
157.313253	 1.000000	 0.000000	 -0.000000	 0.000000	 -90.000000	 0.658273	 0.009720	 0.658345	 0.845989	 0.000000	 0.001826	 0.001826	 90.000000	 0.658345	 0.009692	 0.658416	 0.843453	 175364.074238	
155.309237	 1.000000	 0.000000	 -0.000000	 0.000000	 -90.000000	 0.658482	 0.009523	 0.658551	 0.828526	 0.000000	 0.001969	 0.001969	 90.000000	 0.658482	 0.009523	 0.658551	 0.828526	 175365.531146	
153.305221	 1.000000	 0.000000	 -0.000000	 0.000000	 -90.000000	 0.658045	 0.009039	 0.658107	 0.786980	 0.000000	 0.001970	 0.001970	 90.000000	 0.658045	 0.009039	 0.658107	 0.786981	 175366.955757	
151.301205	 1.000000	 0.000000	 -0.000000	 0.000000	 -90.000000	 0.656243	 0.010599	 0.656329	 0.925321	 0.000000	 0.001902	 0.001902	 90.000000	 0.656243	 0.010599	 0.656329	 0.925321	 175368.403692	
149.297189	 1.000000	 0.000000	 -0.000000	 0.000000	 -90.000000	 0.659499	 0.012696	 0.659621	 1.102839	 0.000000	 0.001913	 0.001913	 90.000000	 0.659499	 0.012696	 0.659621	 1.102839	 175369.849401	
147.293173	 1.000000	 0.000000	 -0.000000	 0.000000	 -90.000000	 0.657987	 0.009578	 0.658057	 0.833995	 0.000000	 0.001888	 0.001888	 90.000000	 0.657987	 0.009578	 0.658057	 0.833995	 175371.288074	
145.289157	 1.000000	 0.000000	 -0.000000	 0.000000	 -90.000000	 0.658221	 0.012153	 0.658333	 1.057713	 0.000000	 0.001873	 0.001873	 90.000000	 0.658221	 0.012153	 0.658333	 1.057713	 175372.769155	
143.285141	 1.000000	 0.000000	 -0.000000	 0.000000	 -90.000000	 0.658036	 0.011445	 0.658136	 0.996410	 0.000000	 0.001643	 0.001643	 90.000000	 0.658036	 0.011445	 0.658136	 0.996410	 175374.203722	
141.281124	 1.000000	 0.000000	 -0.000000	 0.000000	 -90.000000	 0.658488	 0.011749	 0.658593	 1.022187	 0.000000	 0.001801	 0.001801	 90.000000	 0.658488	 0.011749	 0.658593	 1.022187	 175375.647433	
139.277108	 1.000000	 0.000000	 -0.000000	 0.000000	 -90.000000	 0.658304	 0.012141	 0.658416	 1.056608	 0.000000	 0.001005	 0.001005	 90.000000	 0.658304	 0.012141	 0.658416	 1.056608	 175377.105649	
137.273092	 1.000000	 0.000000	 -0.000000	 0.000000	 -90.000000	 0.658374	 0.012420	 0.658491	 1.080740	 0.000000	 0.003704	 0.003704	 90.000000	 0.658374	 0.012420	 0.658491	 1.080740	 175378.544661	
135.269076	 1.000000	 0.000000	 -0.000000	 0.000000	 -90.000000	 0.658389	 0.012690	 0.658511	 1.104229	 0.000000	 0.002254	 0.002254	 90.000000	 0.658389	 0.012690	 0.658511	 1.104229	 175379.999108	
133.265060	 1.000000	 0.000000	 -0.000000	 0.000000	 -90.000000	 0.658340	 0.013008	 0.658469	 1.131958	 0.000000	 0.001945	 0.001945	 90.000000	 0.658340	 0.013008	 0.658469	 1.131958	 175381.443495	
131.261044	 1.000000	 0.000000	 -0.000000	 0.000000	 -90.000000	 0.658428	 0.013237	 0.658561	 1.151699	 0.000000	 0.001854	 0.001854	 90.000000	 0.658431	 0.013238	 0.658564	 1.151820	 175382.878552	
129.257028	 1.000000	 0.000000	 -0.000000	 0.000000	 -90.000000	 0.658304	 0.013523	 0.658443	 1.176779	 0.000000	 0.001875	 0.001875	 90.000000	 0.658303	 0.013525	 0.658442	 1.177008	 175384.316618	
127.253012	 1.000000	 0.000000	 -0.000000	 0.000000	 -90.000000	 0.658390	 0.013766	 0.658534	 1.197815	 0.000000	 0.001908	 0.001908	 90.000000	 0.658390	 0.013766	 0.658534	 1.197815	 175385.750990	
125.248996	 1.000000	 0.000000	 -0.000000	 0.000000	 -90.000000	 0.658349	 0.014154	 0.658501	 1.231583	 0.000000	 -0.000103	 0.000103	 -90.000000	 0.658343	 0.014149	 0.658495	 1.231171	 175387.198215	
123.244980	 1.000000	 0.000000	 -0.000000	 0.000000	 -90.000000	 0.658355	 0.014580	 0.658516	 1.268672	 0.000000	 -0.001736	 0.001736	 -90.000000	 0.658353	 0.014582	 0.658515	 1.268814	 175388.633506	
121.240964	 1.000000	 0.000000	 -0.000000	 0.000000	 -90.000000	 0.658358	 0.014861	 0.658525	 1.293096	 0.000000	 0.001380	 0.001380	 90.000000	 0.658358	 0.014861	 0.658525	 1.293096	 175390.073536	
119.236948	 1.000000	 0.000000	 -0.000000	 0.000000	 -90.000000	 0.658264	 0.015170	 0.658439	 1.320197	 0.000000	 0.001970	 0.001970	 90.000000	 0.658261	 0.015179	 0.658436	 1.320953	 175391.510696	
117.232932	 1.000000	 0.000000	 -0.000000	 0.000000	 -90.000000	 0.658410	 0.015587	 0.658594	 1.356166	 0.000000	 0.001961	 0.001961	 90.000000	 0.658410	 0.015587	 0.658594	 1.356166	 175392.934581	
115.228916	 1.000000	 0.000000	 -0.000000	 0.000000	 -90.000000	 0.658318	 0.015948	 0.658511	 1.387753	 0.000000	 0.001903	 0.001903	 90.000000	 0.658318	 0.015948	 0.658511	 1.387753	 175394.383119	
113.224900	 1.000000	 0.000000	 -0.000000	 0.000000	 -90.000000	 0.658301	 0.016267	 0.658502	 1.415513	 0.000000	 0.001920	 0.001920	 90.000000	 0.658301	 0.016267	 0.658502	 1.415513	 175395.806453	
111.220884	 1.000000	 0.000000	 -0.000000	 0.000000	 -90.000000	 0.658276	 0.016599	 0.658485	 1.444414	 0.000000	 0.001946	 0.001946	 90.000000	 0.658276	 0.016599	 0.658485	 1.444414	 175397.229309	
109.216867	 1.000000	 0.000000	 -0.000000	 0.000000	 -90.000000	 0.658292	 0.017010	 0.658512	 1.480162	 0.000000	 0.001963	 0.001963	 90.000000	 0.658292	 0.017010	 0.658512	 1.480163	 175398.674325	
107.212851	 1.000000	 0.000000	 -0.000000	 0.000000	 -90.000000	 0.658292	 0.017479	 0.658524	 1.520941	 0.000000	 0.001901	 0.001901	 90.000000	 0.658287	 0.017493	 0.658519	 1.522170	 175400.092032	
105.208835	 1.000000	 0.000000	 -0.000000	 0.000000	 -90.000000	 0.658110	 0.017902	 0.658354	 1.558214	 0.000000	 0.001936	 0.001936	 90.000000	 0.658110	 0.017902	 0.658354	 1.558214	 175401.508203	
103.204819	 1.000000	 0.000000	 -0.000000	 0.000000	 -90.000000	 0.657987	 0.018234	 0.658239	 1.587332	 0.000000	 0.001994	 0.001994	 90.000000	 0.657987	 0.018234	 0.658239	 1.587332	 175402.938393	
101.200803	 1.000000	 0.000000	 -0.000000	 0.000000	 -90.000000	 0.657847	 0.018669	 0.658112	 1.625544	 0.000000	 0.001954	 0.001954	 90.000000	 0.657847	 0.018669	 0.658112	 1.625544	 175404.372129	
99.196787	 1.000000	 0.000000	 -0.000000	 0.000000	 -90.000000	 0.657986	 0.019597	 0.658278	 1.705931	 0.000000	 0.001686	 0.001686	 90.000000	 0.657986	 0.019597	 0.658278	 1.705931	 175405.821049	
97.192771	 1.000000	 0.000000	 -0.000000	 0.000000	 -90.000000	 0.658364	 0.019801	 0.658662	 1.722669	 0.000000	 0.001704	 0.001704	 90.000000	 0.658368	 0.019777	 0.658665	 1.720658	 175407.262306	
95.188755	 1.000000	 0.000000	 -0.000000	 0.000000	 -90.000000	 0.657964	 0.020132	 0.658272	 1.752558	 0.000000	 -0.001111	 0.001111	 -90.000000	 0.657964	 0.020132	 0.658272	 1.752558	 175408.711318	
93.184739	 1.000000	 0.000000	 -0.000000	 0.000000	 -90.000000	 0.658037	 0.020840	 0.658367	 1.813947	 0.000000	 -0.000238	 0.000238	 -90.000000	 0.658051	 0.020841	 0.658381	 1.814028	 175410.144246	
91.180723	 1.000000	 0.000000	 -0.000000	 0.000000	 -90.000000	 0.657945	 0.021356	 0.658292	 1.859129	 0.000000	 0.002561	 0.002561	 90.000000	 0.657945	 0.021356	 0.658292	 1.859129	 175411.603820	
89.176707	 1.000000	 0.000000	 -0.000000	 0.000000	 -90.000000	 0.657964	 0.021926	 0.658329	 1.908601	 0.000000	 0.002033	 0.002033	 90.000000	 0.657964	 0.021926	 0.658329	 1.908601	 175413.053244	
87.172691	 1.000000	 0.000000	 -0.000000	 0.000000	 -90.000000	 0.657846	 0.022512	 0.658231	 1.959915	 0.000000	 0.001800	 0.001800	 90.000000	 0.657846	 0.022512	 0.658231	 1.959915	 175414.478335	
85.168675	 1.000000	 0.000000	 -0.000000	 0.000000	 -90.000000	 0.657789	 0.023075	 0.658194	 2.009114	 0.000000	 0.001863	 0.001863	 90.000000	 0.657789	 0.023075	 0.658194	 2.009114	 175415.928575	
83.164659	 1.000000	 0.000000	 -0.000000	 0.000000	 -90.000000	 0.657790	 0.023805	 0.658221	 2.072626	 0.000000	 0.001848	 0.001848	 90.000000	 0.657790	 0.023805	 0.658221	 2.072626	 175417.346801	
81.160643	 1.000000	 0.000000	 -0.000000	 0.000000	 -90.000000	 0.657792	 0.024341	 0.658242	 2.119174	 0.000000	 0.001829	 0.001829	 90.000000	 0.657792	 0.024341	 0.658242	 2.119174	 175418.765080	
79.156627	 1.000000	 0.000000	 -0.000000	 0.000000	 -90.000000	 0.657417	 0.025316	 0.657905	 2.205305	 0.000000	 0.001858	 0.001858	 90.000000	 0.657429	 0.025329	 0.657916	 2.206392	 175420.214068	
77.152610	 1.000000	 0.000000	 -0.000000	 0.000000	 -90.000000	 0.657512	 0.025833	 0.658019	 2.249965	 0.000000	 0.001900	 0.001900	 90.000000	 0.657512	 0.025833	 0.658019	 2.249965	 175421.648367	
75.148594	 1.000000	 0.000000	 -0.000000	 0.000000	 -90.000000	 0.657398	 0.026835	 0.657945	 2.337555	 0.000000	 0.001920	 0.001920	 90.000000	 0.657398	 0.026835	 0.657945	 2.337555	 175423.063517	
73.144578	 1.000000	 0.000000	 -0.000000	 0.000000	 -90.000000	 0.657292	 0.027493	 0.657866	 2.395149	 0.000000	 0.001953	 0.001953	 90.000000	 0.657292	 0.027493	 0.657866	 2.395149	 175424.520860	
71.140562	 1.000000	 0.000000	 -0.000000	 0.000000	 -90.000000	 0.657356	 0.028435	 0.657971	 2.476905	 0.000000	 0.001875	 0.001875	 90.000000	 0.657384	 0.028445	 0.657999	 2.477653	 175425.951571	
69.136546	 1.000000	 0.000000	 -0.000000	 0.000000	 -90.000000	 0.656812	 0.029421	 0.657470	 2.564760	 0.000000	 0.001837	 0.001837	 90.000000	 0.656812	 0.029421	 0.657470	 2.564760	 175427.400168	
67.132530	 1.000000	 0.000000	 -0.000000	 0.000000	 -90.000000	 0.656651	 0.030040	 0.657338	 2.619331	 0.000000	 0.001307	 0.001307	 90.000000	 0.656651	 0.030040	 0.657338	 2.619331	 175428.857466	
65.128514	 1.000000	 0.000000	 -0.000000	 0.000000	 -90.000000	 0.656817	 0.031868	 0.657589	 2.777776	 0.000000	 0.000802	 0.000802	 90.000000	 0.656817	 0.031868	 0.657589	 2.777776	 175430.316359	
63.124498	 1.000000	 0.000000	 -0.000000	 0.000000	 -90.000000	 0.656575	 0.031902	 0.657349	 2.781691	 0.000000	 0.005090	 0.005090	 90.000000	 0.656575	 0.031902	 0.657349	 2.781691	 175431.743032	
61.120482	 1.000000	 0.000000	 -0.000000	 0.000000	 -90.000000	 0.654448	 0.033314	 0.655295	 2.914074	 0.000000	 0.002933	 0.002933	 90.000000	 0.654448	 0.033314	 0.655295	 2.914074	 175433.183508	
59.116466	 1.000000	 0.000000	 -0.000000	 0.000000	 -90.000000	 0.660784	 0.039413	 0.661958	 3.413413	 0.000000	 0.002054	 0.002054	 90.000000	 0.660784	 0.039413	 0.661958	 3.413413	 175434.619708	
57.112450	 1.000000	 0.000000	 -0.000000	 0.000000	 -90.000000	 0.657159	 0.015084	 0.657333	 1.314901	 0.000000	 0.001897	 0.001897	 90.000000	 0.657159	 0.015084	 0.657333	 1.314901	 175436.065257	
55.108434	 1.000000	 0.000000	 -0.000000	 0.000000	 -90.000000	 0.695512	 0.054934	 0.697678	 4.516070	 0.000000	 0.001879	 0.001879	 90.000000	 0.695512	 0.054934	 0.697678	 4.516070	 175437.479132	
53.104418	 1.000000	 0.000000	 -0.000000	 0.000000	 -90.000000	 0.706757	 0.104541	 0.714447	 8.413954	 0.000000	 0.001910	 0.001910	 90.000000	 0.706757	 0.104541	 0.714447	 8.413954	 175438.932823	
51.100402	 1.000000	 0.000000	 -0.000000	 0.000000	 -90.000000	 0.695579	 0.152760	 0.712156	 12.386369	 0.000000	 0.001782	 0.001782	 90.000000	 0.692183	 0.154151	 0.709140	 12.555031	 175440.368370	
49.096386	 1.000000	 0.000000	 -0.000000	 0.000000	 -90.000000	 0.755598	 0.107193	 0.763164	 8.074394	 0.000000	 0.000679	 0.000679	 90.000000	 0.757536	 0.104491	 0.764709	 7.853550	 175441.807806	
47.092369	 1.000000	 0.000000	 -0.000000	 0.000000	 -90.000000	 0.713742	 -0.023186	 0.714119	 -1.860609	 0.000000	 0.001539	 0.001539	 90.000000	 0.713742	 -0.023186	 0.714119	 -1.860609	 175443.265910	
45.088353	 1.000000	 0.000000	 -0.000000	 0.000000	 -90.000000	 0.621615	 0.011781	 0.621727	 1.085767	 0.000000	 0.008396	 0.008396	 90.000000	 0.621615	 0.011781	 0.621727	 1.085767	 175444.717531	
43.084337	 1.000000	 0.000000	 -0.000000	 0.000000	 -90.000000	 0.661857	 0.065973	 0.665137	 5.692377	 0.000000	 0.003250	 0.003250	 90.000000	 0.661857	 0.065973	 0.665137	 5.692377	 175446.162113	
41.080321	 1.000000	 0.000000	 -0.000000	 0.000000	 -90.000000	 0.650895	 0.041640	 0.652225	 3.660408	 0.000000	 0.002116	 0.002116	 90.000000	 0.650895	 0.041640	 0.652225	 3.660408	 175447.617493	
39.076305	 1.000000	 0.000000	 -0.000000	 0.000000	 -90.000000	 0.650622	 0.053035	 0.652780	 4.660111	 0.000000	 0.001892	 0.001892	 90.000000	 0.650622	 0.053035	 0.652780	 4.660111	 175449.076254	
37.072289	 1.000000	 0.000000	 -0.000000	 0.000000	 -90.000000	 0.650709	 0.054860	 0.653018	 4.819142	 0.000000	 0.001845	 0.001845	 90.000000	 0.650709	 0.054860	 0.653018	 4.819142	 175450.514900	
35.068273	 1.000000	 0.000000	 -0.000000	 0.000000	 -90.000000	 0.649463	 0.058655	 0.652106	 5.160592	 0.000000	 0.001267	 0.001267	 90.000000	 0.649463	 0.058655	 0.652106	 5.160592	 175451.963241	
33.064257	 1.000000	 0.000000	 -0.000000	 0.000000	 -90.000000	 0.648237	 0.061555	 0.651153	 5.424387	 0.000000	 0.005118	 0.005118	 90.000000	 0.648237	 0.061555	 0.651153	 5.424387	 175453.397291	
31.060241	 1.000000	 0.000000	 -0.000000	 0.000000	 -90.000000	 0.646709	 0.065701	 0.650038	 5.800958	 0.000000	 0.004155	 0.004155	 90.000000	 0.646709	 0.065701	 0.650038	 5.800958	 175454.831332	
29.056225	 1.000000	 0.000000	 -0.000000	 0.000000	 -90.000000	 0.645171	 0.069606	 0.648915	 6.157709	 0.000000	 0.006636	 0.006636	 90.000000	 0.645171	 0.069606	 0.648915	 6.157709	 175456.270555	
27.052209	 1.000000	 0.000000	 -0.000000	 0.000000	 -90.000000	 0.643167	 0.074500	 0.647467	 6.607344	 0.000000	 0.006212	 0.006212	 90.000000	 0.643162	 0.074495	 0.647461	 6.606892	 175457.694524	
25.048193	 1.000000	 0.000000	 -0.000000	 0.000000	 -90.000000	 0.640659	 0.079472	 0.645570	 7.071281	 0.000000	 -0.002485	 0.002485	 -90.000000	 0.640659	 0.079472	 0.645570	 7.071281	 175459.149805	
23.044177	 1.000000	 0.000000	 -0.000000	 0.000000	 -90.000000	 0.637755	 0.085566	 0.643470	 7.641579	 0.000000	 0.002237	 0.002237	 90.000000	 0.637755	 0.085566	 0.643470	 7.641579	 175460.574512	
21.040161	 1.000000	 0.000000	 -0.000000	 0.000000	 -90.000000	 0.633832	 0.092470	 0.640542	 8.300372	 0.000000	 0.001948	 0.001948	 90.000000	 0.633832	 0.092470	 0.640542	 8.300372	 175461.999186	
19.036145	 1.000000	 0.000000	 -0.000000	 0.000000	 -90.000000	 0.629207	 0.100407	 0.637168	 9.066691	 0.000000	 0.001658	 0.001658	 90.000000	 0.629207	 0.100407	 0.637168	 9.066691	 175463.439775	
17.032129	 1.000000	 0.000000	 -0.000000	 0.000000	 -90.000000	 0.622855	 0.109739	 0.632448	 9.992210	 0.000000	 0.001798	 0.001798	 90.000000	 0.622855	 0.109739	 0.632448	 9.992210	 175464.860118	
15.028112	 1.000000	 0.000000	 -0.000000	 0.000000	 -90.000000	 0.614845	 0.120839	 0.626607	 11.118938	 0.000000	 0.000370	 0.000370	 90.000000	 0.614838	 0.120836	 0.626600	 11.118811	 175466.288838	
13.024096	 1.000000	 0.000000	 -0.000000	 0.000000	 -90.000000	 0.603771	 0.133816	 0.618422	 12.496710	 0.000000	 -0.011406	 0.011406	 -90.000000	 0.603771	 0.133816	 0.618422	 12.496710	 175467.728627	
11.020080	 1.000000	 0.000000	 -0.000000	 0.000000	 -90.000000	 0.588033	 0.149481	 0.606735	 14.262744	 0.000000	 -0.005347	 0.005347	 -90.000000	 0.588033	 0.149481	 0.606735	 14.262744	 175469.158156	
9.016064	 1.000000	 0.000000	 -0.000000	 0.000000	 -90.000000	 0.565583	 0.168315	 0.590097	 16.572795	 0.000000	 0.065065	 0.065065	 90.000000	 0.565333	 0.168352	 0.589868	 16.583175	 175470.591066	
7.012048	 1.000000	 0.000000	 -0.000000	 0.000000	 -90.000000	 0.529822	 0.188732	 0.562433	 19.606793	 0.000000	 -0.050236	 0.050236	 -90.000000	 0.531103	 0.190562	 0.564255	 19.738210	 175472.018506	
5.008032	 1.000000	 0.000000	 -0.000000	 0.000000	 -90.000000	 0.483801	 0.226782	 0.534316	 25.114902	 0.000000	 0.271924	 0.271924	 90.000000	 0.483801	 0.226782	 0.534316	 25.114902	 175473.456669	
3.004016	 1.000000	 0.000000	 -0.000000	 0.000000	 -90.000000	 0.294469	 0.217219	 0.365918	 36.414838	 0.000000	 0.082681	 0.082681	 90.000000	 0.284856	 0.202023	 0.349222	 35.344693	 175474.943508	
1.000000	 1.000000	 0.000000	 -0.000000	 0.000000	 -90.000000	 0.155471	 -0.075226	 0.172714	 -25.820341	 0.000000	 -0.177825	 0.177825	 -90.000000	 0.155471	 -0.075226	 0.172714	 -25.820341	 175476.375907	
