# Oscilator_frequency (Hz)	DemodAll_A (-)	Demod_1_X_A (A)	Demod_1_Y_A (A)	Demod_1__R_A (A)	Demod_1__Theta_A (deg)	Demod_2_X_A (A)	Demod_2_Y_A (A)	Demod_2__R_A (A)	Demod_2__Theta_A (deg)	Demod_3_X_A (V)	Demod_3_Y_A (V)	Demod_3__R_A (V)	Demod_3__Theta_A (deg)	Demod_4_X_A (V)	Demod_4_Y_A (V)	Demod_4__R_A (V)	Demod_4__Theta_A (deg)	Timer_GET (s)
1.0	1.0	0.0	0.0	0.0	-90.0	0.566221	1.503497	1.606583	69.363497	0.0	1.664075	1.664075	90.0	0.566221	1.503497	1.606583	69.363497	365645.105401
2.0	1.0	0.0	0.0	0.0	-90.0	1.142236	-1.118089	1.598382	-44.387938	0.0	1.860463	1.860463	90.0	1.142236	-1.118089	1.598382	-44.387938	365643.677122
3.0	1.0	0.0	0.0	0.0	-90.0	1.338698	-0.596104	1.465418	-24.00275	0.0	1.93442	1.93442	90.0	1.338698	-0.596104	1.465418	-24.00275	365642.259892
4.0	1.0	0.0	0.0	0.0	-90.0	0.207797	0.352208	0.408938	59.460078	0.0	0.65443	0.65443	90.0	0.207797	0.352208	0.408938	59.460078	365640.8308
5.0	1.0	0.0	0.0	0.0	-90.0	0.370385	0.319328	0.489035	40.766335	0.0	0.840966	0.840966	90.0	0.370385	0.319328	0.489035	40.766335	365639.398991
6.0	1.0	0.0	0.0	0.0	-90.0	0.637977	-0.321611	0.714456	-26.753149	0.0	1.169223	1.169223	90.0	0.637977	-0.321611	0.714456	-26.753149	365637.963931
7.0	1.0	0.0	0.0	0.0	-90.0	0.49725	-0.105206	0.508258	-11.946204	0.0	1.002903	1.002903	90.0	0.49725	-0.105206	0.508258	-11.946204	365636.53256
8.0	1.0	0.0	0.0	0.0	-90.0	0.773527	-0.063947	0.776165	-4.72584	0.0	1.318538	1.318538	90.0	0.773527	-0.063947	0.776165	-4.72584	365635.069087
9.0	1.0	0.0	0.0	0.0	-90.0	0.619417	-0.116544	0.630286	-10.655697	0.0	1.160917	1.160917	90.0	0.619417	-0.116544	0.630286	-10.655697	365633.633407
10.0	1.0	0.0	0.0	0.0	-90.0	0.65095	-0.112721	0.660637	-9.824125	0.0	1.202529	1.202529	90.0	0.65095	-0.112721	0.660637	-9.824125	365632.193791
11.0	1.0	0.0	0.0	0.0	-90.0	0.613217	-0.076691	0.617994	-7.128551	0.0	1.16486	1.16486	90.0	0.613217	-0.076691	0.617994	-7.128551	365630.73463
12.0	1.0	0.0	0.0	0.0	-90.0	0.631401	-0.057248	0.633991	-5.180725	0.0	1.188328	1.188328	90.0	0.631401	-0.057248	0.633991	-5.180725	365629.322507
13.0	1.0	0.0	0.0	0.0	-90.0	0.623305	-0.067728	0.626974	-6.201404	0.0	1.186231	1.186231	90.0	0.623305	-0.067728	0.626974	-6.201404	365627.903293
14.0	1.0	0.0	0.0	0.0	-90.0	0.61919	-0.067218	0.622828	-6.195657	0.0	1.187821	1.187821	90.0	0.61919	-0.067218	0.622828	-6.195657	365626.472572
15.0	1.0	0.0	0.0	0.0	-90.0	0.611796	-0.07188	0.616004	-6.701003	0.0	1.186644	1.186644	90.0	0.611796	-0.07188	0.616004	-6.701003	365625.020318
16.0	1.0	0.0	0.0	0.0	-90.0	0.608633	-0.073983	0.613113	-6.930597	0.0	1.188081	1.188081	90.0	0.608633	-0.073983	0.613113	-6.930597	365623.567083
17.0	1.0	0.0	0.0	0.0	-90.0	0.601823	-0.073637	0.606311	-6.97587	0.0	1.18703	1.18703	90.0	0.60264	-0.073827	0.607146	-6.984264	365622.167925
18.0	1.0	0.0	0.0	0.0	-90.0	0.599933	-0.075153	0.604622	-7.140219	0.0	1.188121	1.188121	90.0	0.599933	-0.075153	0.604622	-7.140219	365620.733005
19.0	1.0	0.0	0.0	0.0	-90.0	0.596451	-0.076448	0.60133	-7.303839	0.0	1.18829	1.18829	90.0	0.596451	-0.076448	0.60133	-7.303839	365619.31514
20.0	1.0	0.0	0.0	0.0	-90.0	0.592983	-0.076876	0.597945	-7.386765	0.0	1.188524	1.188524	90.0	0.593011	-0.076541	0.59793	-7.354572	365617.893111
21.0	1.0	0.0	0.0	0.0	-90.0	0.589542	-0.077215	0.594577	-7.461841	0.0	1.188804	1.188804	90.0	0.589542	-0.077215	0.594577	-7.461841	365616.443622
22.0	1.0	0.0	0.0	0.0	-90.0	0.586345	-0.077332	0.591423	-7.513267	0.0	1.189328	1.189328	90.0	0.586252	-0.077263	0.591321	-7.507841	365615.01638
23.0	1.0	0.0	0.0	0.0	-90.0	0.583152	-0.079159	0.5885	-7.730265	0.0	1.189418	1.189418	90.0	0.583152	-0.079159	0.5885	-7.730265	365613.586905
24.0	1.0	0.0	0.0	0.0	-90.0	0.57891	-0.078565	0.584217	-7.728517	0.0	1.185159	1.185159	90.0	0.57891	-0.078565	0.584217	-7.728517	365612.128842
25.0	1.0	0.0	0.0	0.0	-90.0	0.576626	-0.077073	0.581754	-7.613113	0.0	1.188425	1.188425	90.0	0.576626	-0.077073	0.581754	-7.613113	365610.684489
26.0	1.0	0.0	0.0	0.0	-90.0	0.574325	-0.079082	0.579744	-7.840081	0.0	1.186829	1.186829	90.0	0.574325	-0.079082	0.579744	-7.840081	365609.268911
27.0	1.0	0.0	0.0	0.0	-90.0	0.571308	-0.079845	0.576861	-7.956046	0.0	1.188539	1.188539	90.0	0.571308	-0.079845	0.576861	-7.956046	365607.837858
28.0	1.0	0.0	0.0	0.0	-90.0	0.569296	-0.079316	0.574794	-7.93154	0.0	1.1892	1.1892	90.0	0.569296	-0.079316	0.574794	-7.93154	365606.405533
29.0	1.0	0.0	0.0	0.0	-90.0	0.566933	-0.079231	0.572443	-7.955742	0.0	1.188742	1.188742	90.0	0.566933	-0.079231	0.572443	-7.955742	365604.972722
30.0	1.0	0.0	0.0	0.0	-90.0	0.564756	-0.079138	0.570273	-7.976778	0.0	1.188578	1.188578	90.0	0.564756	-0.079138	0.570273	-7.976778	365603.571969
31.0	1.0	0.0	0.0	0.0	-90.0	0.562707	-0.07912	0.568242	-8.003648	0.0	1.188774	1.188774	90.0	0.562704	-0.079111	0.568238	-8.002759	365602.120922
32.0	1.0	0.0	0.0	0.0	-90.0	0.560639	-0.078972	0.566173	-8.017958	0.0	1.188591	1.188591	90.0	0.560639	-0.078972	0.566173	-8.017958	365600.65436
33.0	1.0	0.0	0.0	0.0	-90.0	0.558493	-0.078918	0.564042	-8.042956	0.0	1.188591	1.188591	90.0	0.558493	-0.078918	0.564042	-8.042956	365599.207152
34.0	1.0	0.0	0.0	0.0	-90.0	0.556658	-0.078856	0.562216	-8.06281	0.0	1.188504	1.188504	90.0	0.556658	-0.078856	0.562216	-8.06281	365597.772625
35.0	1.0	0.0	0.0	0.0	-90.0	0.554724	-0.078632	0.560269	-8.067918	0.0	1.188434	1.188434	90.0	0.554635	-0.078639	0.560182	-8.069889	365596.338816
36.0	1.0	0.0	0.0	0.0	-90.0	0.553077	-0.078517	0.558623	-8.079975	0.0	1.188378	1.188378	90.0	0.553077	-0.078517	0.558623	-8.079975	365594.916181
37.0	1.0	0.0	0.0	0.0	-90.0	0.551347	-0.078146	0.556858	-8.06718	0.0	1.188312	1.188312	90.0	0.551347	-0.078146	0.556858	-8.06718	365593.466255
38.0	1.0	0.0	0.0	0.0	-90.0	0.549506	-0.07851	0.555086	-8.131085	0.0	1.188214	1.188214	90.0	0.549195	-0.078623	0.554794	-8.147153	365592.039935
39.0	1.0	0.0	0.0	0.0	-90.0	0.548158	-0.078904	0.553808	-8.191152	0.0	1.188177	1.188177	90.0	0.548158	-0.078904	0.553808	-8.191152	365590.632492
40.0	1.0	0.0	0.0	0.0	-90.0	0.54668	-0.07574	0.551901	-7.887821	0.0	1.188063	1.188063	90.0	0.54668	-0.07574	0.551901	-7.887821	365589.205547
41.0	1.0	0.0	0.0	0.0	-90.0	0.547357	-0.075808	0.552581	-7.885233	0.0	1.188067	1.188067	90.0	0.547357	-0.075808	0.552581	-7.885233	365587.77795
42.0	1.0	0.0	0.0	0.0	-90.0	0.541011	-0.072906	0.545901	-7.674898	0.0	1.187797	1.187797	90.0	0.541796	-0.071666	0.546516	-7.535075	365586.341913
43.0	1.0	0.0	0.0	0.0	-90.0	0.547235	-0.070417	0.551747	-7.332374	0.0	1.187934	1.187934	90.0	0.547235	-0.070417	0.551747	-7.332374	365584.935132
44.0	1.0	0.0	0.0	0.0	-90.0	0.548067	-0.088366	0.555145	-9.159114	0.0	1.188161	1.188161	90.0	0.548067	-0.088366	0.555145	-9.159114	365583.427382
45.0	1.0	0.0	0.0	0.0	-90.0	0.521928	-0.063693	0.5258	-6.957677	0.0	1.186025	1.186025	90.0	0.521928	-0.063693	0.5258	-6.957677	365581.999466
46.0	1.0	0.0	0.0	0.0	-90.0	0.510044	-0.072482	0.515168	-8.088069	0.0	1.184266	1.184266	90.0	0.510044	-0.072482	0.515168	-8.088069	365580.573453
47.0	1.0	0.0	0.0	0.0	-90.0	0.574377	-0.081518	0.580132	-8.077749	0.0	1.190175	1.190175	90.0	0.574483	-0.083231	0.580481	-8.243599	365579.161903
48.0	1.0	0.0	0.0	0.0	-90.0	0.574529	-0.102202	0.583549	-10.086721	0.0	1.189126	1.189126	90.0	0.574529	-0.102202	0.583549	-10.086721	365577.752648
49.0	1.0	0.0	0.0	0.0	-90.0	0.542416	-0.022453	0.542881	-2.370339	0.0	1.185329	1.185329	90.0	0.544798	-0.022725	0.545271	-2.388599	365576.318082
50.0	1.0	0.0	0.0	0.0	-90.0	0.589005	-0.080406	0.594468	-7.773471	0.0	1.18595	1.18595	90.0	0.589005	-0.080406	0.594468	-7.773471	365574.884081
51.0	1.0	0.0	0.0	0.0	-90.0	0.552407	-0.025056	0.552975	-2.596996	0.0	1.18773	1.18773	90.0	0.552407	-0.025056	0.552975	-2.596996	365573.453061
52.0	1.0	0.0	0.0	0.0	-90.0	0.550017	-0.118266	0.562589	-12.135142	0.0	1.184768	1.184768	90.0	0.550017	-0.118266	0.562589	-12.135141	365572.009426
53.0	1.0	0.0	0.0	0.0	-90.0	0.556825	-0.100449	0.565813	-10.225946	0.0	1.185846	1.185846	90.0	0.556825	-0.100449	0.565813	-10.225946	365570.570819
54.0	1.0	0.0	0.0	0.0	-90.0	0.51076	-0.051432	0.513343	-5.750154	0.0	1.186967	1.186967	90.0	0.51076	-0.051432	0.513343	-5.750154	365569.125382
55.0	1.0	0.0	0.0	0.0	-90.0	0.529456	-0.052854	0.532087	-5.700835	0.0	1.187308	1.187308	90.0	0.529456	-0.052854	0.532087	-5.700835	365567.69247
56.0	1.0	0.0	0.0	0.0	-90.0	0.530661	-0.087607	0.537844	-9.374403	0.0	1.186355	1.186355	90.0	0.539955	-0.084835	0.546579	-8.929068	365566.241325
57.0	1.0	0.0	0.0	0.0	-90.0	0.521076	-0.078922	0.527019	-8.612593	0.0	1.185678	1.185678	90.0	0.521076	-0.078922	0.527019	-8.612593	365564.782163
58.0	1.0	0.0	0.0	0.0	-90.0	0.52972	-0.071541	0.534529	-7.691506	0.0	1.186299	1.186299	90.0	0.52972	-0.071541	0.534529	-7.691506	365563.314543
59.0	1.0	0.0	0.0	0.0	-90.0	0.521994	-0.07416	0.527236	-8.085941	0.0	1.185644	1.185644	90.0	0.522763	-0.076185	0.528286	-8.291632	365561.874059
60.0	1.0	0.0	0.0	0.0	-90.0	0.523996	-0.073193	0.529083	-7.951746	0.0	1.185715	1.185715	90.0	0.525014	-0.0733	0.530106	-7.948019	365560.418086
61.0	1.0	0.0	0.0	0.0	-90.0	0.521477	-0.071899	0.52641	-7.850212	0.0	1.185449	1.185449	90.0	0.521477	-0.071899	0.52641	-7.850212	365558.974225
62.0	1.0	0.0	0.0	0.0	-90.0	0.521051	-0.071655	0.525955	-7.830153	0.0	1.185415	1.185415	90.0	0.521051	-0.071655	0.525955	-7.830153	365557.527272
63.0	1.0	0.0	0.0	0.0	-90.0	0.520804	-0.070436	0.525545	-7.702208	0.0	1.185235	1.185235	90.0	0.520804	-0.070436	0.525545	-7.702208	365556.086211
64.0	1.0	0.0	0.0	0.0	-90.0	0.520031	-0.070683	0.524813	-7.740295	0.0	1.185008	1.185008	90.0	0.520031	-0.070683	0.524813	-7.740295	365554.633931
65.0	1.0	0.0	0.0	0.0	-90.0	0.519216	-0.070377	0.523964	-7.71907	0.0	1.184807	1.184807	90.0	0.519216	-0.070377	0.523964	-7.71907	365553.202425
66.0	1.0	0.0	0.0	0.0	-90.0	0.518431	-0.070114	0.52315	-7.702151	0.0	1.184679	1.184679	90.0	0.518431	-0.070114	0.52315	-7.702151	365551.735716
67.0	1.0	0.0	0.0	0.0	-90.0	0.517654	-0.069772	0.522335	-7.676359	0.0	1.184467	1.184467	90.0	0.517654	-0.069772	0.522335	-7.676359	365550.302658
68.0	1.0	0.0	0.0	0.0	-90.0	0.516929	-0.06952	0.521582	-7.659562	0.0	1.184352	1.184352	90.0	0.516929	-0.06952	0.521582	-7.659562	365548.892054
69.0	1.0	0.0	0.0	0.0	-90.0	0.516152	-0.069215	0.520772	-7.637691	0.0	1.184161	1.184161	90.0	0.516152	-0.069215	0.520772	-7.637691	365547.46305
70.0	1.0	0.0	0.0	0.0	-90.0	0.515494	-0.068819	0.520068	-7.60413	0.0	1.184012	1.184012	90.0	0.515494	-0.068819	0.520068	-7.60413	365546.038182
71.0	1.0	0.0	0.0	0.0	-90.0	0.514796	-0.068687	0.519358	-7.599868	0.0	1.183806	1.183806	90.0	0.514796	-0.068687	0.519358	-7.599868	365544.597682
72.0	1.0	0.0	0.0	0.0	-90.0	0.514182	-0.068178	0.518682	-7.553101	0.0	1.183586	1.183586	90.0	0.514182	-0.068178	0.518682	-7.553101	365543.16633
73.0	1.0	0.0	0.0	0.0	-90.0	0.513295	-0.068065	0.517788	-7.553623	0.0	1.18349	1.18349	90.0	0.513286	-0.068063	0.517779	-7.553502	365541.73129
74.0	1.0	0.0	0.0	0.0	-90.0	0.512806	-0.067779	0.517266	-7.529243	0.0	1.183315	1.183315	90.0	0.512806	-0.067779	0.517266	-7.529243	365540.315269
75.0	1.0	0.0	0.0	0.0	-90.0	0.512267	-0.067303	0.516669	-7.484851	0.0	1.183156	1.183156	90.0	0.512267	-0.067303	0.516669	-7.484851	365538.87111
76.0	1.0	0.0	0.0	0.0	-90.0	0.511596	-0.067285	0.516002	-7.492503	0.0	1.182903	1.182903	90.0	0.511596	-0.067285	0.516002	-7.492502	365537.445968
77.0	1.0	0.0	0.0	0.0	-90.0	0.511042	-0.066862	0.515397	-7.453922	0.0	1.182625	1.182625	90.0	0.511042	-0.066862	0.515397	-7.453922	365535.96453
78.0	1.0	0.0	0.0	0.0	-90.0	0.510179	-0.06661	0.514509	-7.438581	0.0	1.182514	1.182514	90.0	0.510179	-0.06661	0.514509	-7.438581	365534.510512
79.0	1.0	0.0	0.0	0.0	-90.0	0.509782	-0.066316	0.514077	-7.41177	0.0	1.182353	1.182353	90.0	0.509782	-0.066316	0.514077	-7.41177	365533.095336
80.0	1.0	0.0	0.0	0.0	-90.0	0.509181	-0.065946	0.513433	-7.379542	0.0	1.182045	1.182045	90.0	0.509181	-0.065946	0.513433	-7.379542	365531.624824
81.0	1.0	0.0	0.0	0.0	-90.0	0.508591	-0.065654	0.512811	-7.355625	0.0	1.18191	1.18191	90.0	0.508591	-0.065654	0.512811	-7.355625	365530.191778
82.0	1.0	0.0	0.0	0.0	-90.0	0.507909	-0.065412	0.512104	-7.338493	0.0	1.181647	1.181647	90.0	0.50791	-0.065414	0.512105	-7.338739	365528.72624
83.0	1.0	0.0	0.0	0.0	-90.0	0.507445	-0.065198	0.511616	-7.321463	0.0	1.181397	1.181397	90.0	0.507445	-0.065198	0.511616	-7.321463	365527.290075
84.0	1.0	0.0	0.0	0.0	-90.0	0.506858	-0.064928	0.511	-7.299744	0.0	1.181225	1.181225	90.0	0.506858	-0.064928	0.511	-7.299743	365525.810263
85.0	1.0	0.0	0.0	0.0	-90.0	0.506348	-0.064602	0.510452	-7.270742	0.0	1.180904	1.180904	90.0	0.506348	-0.064602	0.510452	-7.270742	365524.36081
86.0	1.0	0.0	0.0	0.0	-90.0	0.50584	-0.064327	0.509914	-7.247373	0.0	1.180742	1.180742	90.0	0.50584	-0.064327	0.509914	-7.247373	365522.922104
87.0	1.0	0.0	0.0	0.0	-90.0	0.505333	-0.064063	0.509377	-7.225071	0.0	1.18039	1.18039	90.0	0.505333	-0.064063	0.509377	-7.225071	365521.48242
88.0	1.0	0.0	0.0	0.0	-90.0	0.504813	-0.063778	0.508826	-7.200642	0.0	1.18019	1.18019	90.0	0.504812	-0.063778	0.508825	-7.20064	365520.040354
89.0	1.0	0.0	0.0	0.0	-90.0	0.504323	-0.063539	0.50831	-7.18075	0.0	1.180048	1.180048	90.0	0.504323	-0.063539	0.50831	-7.18075	365518.617762
90.0	1.0	0.0	0.0	0.0	-90.0	0.503824	-0.063269	0.507782	-7.157628	0.0	1.179774	1.179774	90.0	0.503824	-0.063269	0.507782	-7.157628	365517.186848
91.0	1.0	0.0	0.0	0.0	-90.0	0.503331	-0.063002	0.507259	-7.134558	0.0	1.179412	1.179412	90.0	0.503331	-0.063002	0.507259	-7.134558	365515.757854
92.0	1.0	0.0	0.0	0.0	-90.0	0.502842	-0.062733	0.50674	-7.111256	0.0	1.179148	1.179148	90.0	0.502845	-0.062732	0.506743	-7.111192	365514.311278
93.0	1.0	0.0	0.0	0.0	-90.0	0.502401	-0.062514	0.506275	-7.092908	0.0	1.178852	1.178852	90.0	0.502401	-0.062514	0.506275	-7.092908	365512.874724
94.0	1.0	0.0	0.0	0.0	-90.0	0.501952	-0.062262	0.505799	-7.070808	0.0	1.178521	1.178521	90.0	0.501952	-0.062262	0.505799	-7.070808	365511.437012
95.0	1.0	0.0	0.0	0.0	-90.0	0.501442	-0.061923	0.505251	-7.03981	0.0	1.178264	1.178264	90.0	0.501442	-0.061923	0.505251	-7.03981	365509.984307
96.0	1.0	0.0	0.0	0.0	-90.0	0.50101	-0.061661	0.50479	-7.016331	0.0	1.17797	1.17797	90.0	0.501024	-0.061664	0.504804	-7.016487	365508.546405
97.0	1.0	0.0	0.0	0.0	-90.0	0.500577	-0.06156	0.504348	-7.010897	0.0	1.17762	1.17762	90.0	0.500577	-0.06156	0.504348	-7.010897	365507.139354
98.0	1.0	0.0	0.0	0.0	-90.0	0.500061	-0.061253	0.503799	-6.983424	0.0	1.177487	1.177487	90.0	0.500061	-0.061253	0.503799	-6.983424	365505.706679
99.0	1.0	0.0	0.0	0.0	-90.0	0.499847	-0.061138	0.503572	-6.973406	0.0	1.177098	1.177098	90.0	0.499847	-0.061138	0.503573	-6.973406	365504.268139
100.0	1.0	0.0	0.0	0.0	-90.0	0.499142	-0.060724	0.502822	-6.936306	0.0	1.176794	1.176794	90.0	0.499142	-0.060724	0.502822	-6.936306	365502.827339
101.0	1.0	0.0	0.0	0.0	-90.0	0.498917	-0.060663	0.502591	-6.932562	0.0	1.176677	1.176677	90.0	0.498917	-0.060663	0.502591	-6.932562	365501.354113
102.0	1.0	0.0	0.0	0.0	-90.0	0.498355	-0.0601	0.501966	-6.876498	0.0	1.17613	1.17613	90.0	0.498355	-0.0601	0.501966	-6.876498	365499.925467
103.0	1.0	0.0	0.0	0.0	-90.0	0.497962	-0.059925	0.501555	-6.861991	0.0	1.175906	1.175906	90.0	0.497958	-0.059932	0.501552	-6.862794	365498.456223
104.0	1.0	0.0	0.0	0.0	-90.0	0.497722	-0.059785	0.501299	-6.849375	0.0	1.175339	1.175339	90.0	0.497722	-0.059785	0.501299	-6.849375	365497.013404
105.0	1.0	0.0	0.0	0.0	-90.0	0.497288	-0.059589	0.500845	-6.833038	0.0	1.175147	1.175147	90.0	0.497288	-0.059589	0.500845	-6.833038	365495.578486
106.0	1.0	0.0	0.0	0.0	-90.0	0.496884	-0.059267	0.500406	-6.802002	0.0	1.174785	1.174785	90.0	0.49688	-0.05926	0.500402	-6.801213	365494.138306
107.0	1.0	0.0	0.0	0.0	-90.0	0.496524	-0.059065	0.500025	-6.783881	0.0	1.174421	1.174421	90.0	0.496524	-0.059065	0.500025	-6.783881	365492.685117
108.0	1.0	0.0	0.0	0.0	-90.0	0.496108	-0.058823	0.499583	-6.7619	0.0	1.174013	1.174013	90.0	0.496108	-0.058823	0.499583	-6.7619	365491.249339
109.0	1.0	0.0	0.0	0.0	-90.0	0.495741	-0.058603	0.499193	-6.741782	0.0	1.173683	1.173683	90.0	0.495741	-0.058603	0.499193	-6.741782	365489.817468
110.0	1.0	0.0	0.0	0.0	-90.0	0.495383	-0.058368	0.49881	-6.719864	0.0	1.173302	1.173302	90.0	0.495383	-0.058368	0.49881	-6.719864	365488.379026
111.0	1.0	0.0	0.0	0.0	-90.0	0.49503	-0.058105	0.498428	-6.694621	0.0	1.172892	1.172892	90.0	0.49503	-0.058108	0.498429	-6.694864	365486.922018
112.0	1.0	0.0	0.0	0.0	-90.0	0.494679	-0.057894	0.498056	-6.675143	0.0	1.172543	1.172543	90.0	0.494679	-0.057894	0.498056	-6.675143	365485.484928
113.0	1.0	0.0	0.0	0.0	-90.0	0.494324	-0.057675	0.497677	-6.654923	0.0	1.172099	1.172099	90.0	0.494324	-0.057675	0.497677	-6.654923	365484.050467
114.0	1.0	0.0	0.0	0.0	-90.0	0.49399	-0.057437	0.497318	-6.632083	0.0	1.171714	1.171714	90.0	0.49399	-0.057437	0.497318	-6.632083	365482.608761
115.0	1.0	0.0	0.0	0.0	-90.0	0.493655	-0.057221	0.49696	-6.611825	0.0	1.171246	1.171246	90.0	0.493655	-0.057221	0.49696	-6.611825	365481.156082
116.0	1.0	0.0	0.0	0.0	-90.0	0.493289	-0.056994	0.49657	-6.590657	0.0	1.170759	1.170759	90.0	0.493289	-0.056994	0.49657	-6.590657	365479.692965
117.0	1.0	0.0	0.0	0.0	-90.0	0.492953	-0.056761	0.49621	-6.568434	0.0	1.170319	1.170319	90.0	0.492953	-0.056761	0.49621	-6.568434	365478.259773
118.0	1.0	0.0	0.0	0.0	-90.0	0.492607	-0.056542	0.495841	-6.547824	0.0	1.169798	1.169798	90.0	0.49261	-0.056542	0.495844	-6.547813	365476.843052
119.0	1.0	0.0	0.0	0.0	-90.0	0.492238	-0.056326	0.49545	-6.527853	0.0	1.169374	1.169374	90.0	0.49224	-0.056326	0.495452	-6.527836	365475.408877
120.0	1.0	0.0	0.0	0.0	-90.0	0.491951	-0.056125	0.495142	-6.50853	0.0	1.16882	1.16882	90.0	0.491951	-0.056125	0.495142	-6.50853	365473.963191
121.0	1.0	0.0	0.0	0.0	-90.0	0.491584	-0.055901	0.494752	-6.487584	0.0	1.168375	1.168375	90.0	0.491584	-0.055901	0.494752	-6.487584	365472.495517
122.0	1.0	0.0	0.0	0.0	-90.0	0.491285	-0.055649	0.494427	-6.462442	0.0	1.167832	1.167832	90.0	0.491285	-0.055649	0.494427	-6.462442	365471.050506
123.0	1.0	0.0	0.0	0.0	-90.0	0.490927	-0.055462	0.49405	-6.445627	0.0	1.167225	1.167225	90.0	0.490927	-0.055462	0.49405	-6.445627	365469.611982
124.0	1.0	0.0	0.0	0.0	-90.0	0.490684	-0.055194	0.493778	-6.417903	0.0	1.166721	1.166721	90.0	0.490684	-0.055194	0.493778	-6.417903	365468.169439
125.0	1.0	0.0	0.0	0.0	-90.0	0.490328	-0.055009	0.493404	-6.401163	0.0	1.166275	1.166275	90.0	0.490328	-0.055009	0.493404	-6.401163	365466.692004
126.0	1.0	0.0	0.0	0.0	-90.0	0.490134	-0.054778	0.493185	-6.377034	0.0	1.165658	1.165658	90.0	0.490134	-0.054778	0.493185	-6.377034	365465.235908
127.0	1.0	0.0	0.0	0.0	-90.0	0.489786	-0.054614	0.492821	-6.362513	0.0	1.165145	1.165145	90.0	0.489786	-0.054614	0.492821	-6.362513	365463.813161
128.0	1.0	0.0	0.0	0.0	-90.0	0.489477	-0.054406	0.492492	-6.342459	0.0	1.164503	1.164503	90.0	0.489477	-0.054406	0.492492	-6.342459	365462.391056
129.0	1.0	0.0	0.0	0.0	-90.0	0.489192	-0.054139	0.492179	-6.315202	0.0	1.163855	1.163855	90.0	0.489192	-0.054139	0.492179	-6.315202	365460.952945
130.0	1.0	0.0	0.0	0.0	-90.0	0.488854	-0.053961	0.491823	-6.298941	0.0	1.163282	1.163282	90.0	0.488853	-0.053962	0.491822	-6.299062	365459.532414
131.0	1.0	0.0	0.0	0.0	-90.0	0.488601	-0.053752	0.491548	-6.277948	0.0	1.162604	1.162604	90.0	0.488601	-0.053752	0.491548	-6.277948	365458.06918
132.0	1.0	0.0	0.0	0.0	-90.0	0.488268	-0.053508	0.491191	-6.253932	0.0	1.161883	1.161883	90.0	0.488268	-0.053508	0.491191	-6.253932	365456.650476
133.0	1.0	0.0	0.0	0.0	-90.0	0.488014	-0.053312	0.490918	-6.234383	0.0	1.161169	1.161169	90.0	0.488014	-0.053312	0.490918	-6.234383	365455.206823
134.0	1.0	0.0	0.0	0.0	-90.0	0.487746	-0.053104	0.490628	-6.213634	0.0	1.16049	1.16049	90.0	0.487746	-0.053104	0.490628	-6.213634	365453.762645
135.0	1.0	0.0	0.0	0.0	-90.0	0.48747	-0.052893	0.490331	-6.192688	0.0	1.1597	1.1597	90.0	0.487469	-0.052894	0.49033	-6.192844	365452.325703
136.0	1.0	0.0	0.0	0.0	-90.0	0.487185	-0.05269	0.490026	-6.172703	0.0	1.158925	1.158925	90.0	0.487185	-0.05269	0.490026	-6.172703	365450.876296
137.0	1.0	0.0	0.0	0.0	-90.0	0.48689	-0.052483	0.489711	-6.152282	0.0	1.158138	1.158138	90.0	0.48689	-0.052483	0.489711	-6.152282	365449.4402
138.0	1.0	0.0	0.0	0.0	-90.0	0.486625	-0.052275	0.489425	-6.131356	0.0	1.157374	1.157374	90.0	0.486625	-0.052275	0.489425	-6.131356	365447.943815
139.0	1.0	0.0	0.0	0.0	-90.0	0.486333	-0.05203	0.489108	-6.106507	0.0	1.156422	1.156422	90.0	0.486333	-0.05203	0.489108	-6.106507	365446.513197
140.0	1.0	0.0	0.0	0.0	-90.0	0.486058	-0.051885	0.488819	-6.093065	0.0	1.155542	1.155542	90.0	0.486058	-0.051885	0.488819	-6.093065	365445.068449
141.0	1.0	0.0	0.0	0.0	-90.0	0.485869	-0.051621	0.488603	-6.06459	0.0	1.154631	1.154631	90.0	0.485869	-0.051621	0.488603	-6.06459	365443.606967
142.0	1.0	0.0	0.0	0.0	-90.0	0.485636	-0.051386	0.488347	-6.040063	0.0	1.153728	1.153728	90.0	0.485636	-0.051386	0.488347	-6.040063	365442.135651
143.0	1.0	0.0	0.0	0.0	-90.0	0.485213	-0.05135	0.487923	-6.041112	0.0	1.152741	1.152741	90.0	0.485213	-0.05135	0.487923	-6.041112	365440.709566
144.0	1.0	0.0	0.0	0.0	-90.0	0.485053	-0.05123	0.487751	-6.029101	0.0	1.151747	1.151747	90.0	0.485053	-0.05123	0.487751	-6.029101	365439.262312
145.0	1.0	0.0	0.0	0.0	-90.0	0.484795	-0.050399	0.487407	-5.935103	0.0	1.150604	1.150604	90.0	0.484795	-0.050399	0.487407	-5.935103	365437.818571
146.0	1.0	0.0	0.0	0.0	-90.0	0.484663	-0.050123	0.487248	-5.904455	0.0	1.149535	1.149535	90.0	0.484663	-0.050123	0.487248	-5.904455	365436.392288
147.0	1.0	0.0	0.0	0.0	-90.0	0.483564	-0.050215	0.486165	-5.928601	0.0	1.148345	1.148345	90.0	0.483564	-0.050215	0.486165	-5.928601	365434.904316
148.0	1.0	0.0	0.0	0.0	-90.0	0.484012	-0.049296	0.486516	-5.815438	0.0	1.147097	1.147097	90.0	0.484012	-0.049296	0.486516	-5.815438	365433.455343
149.0	1.0	0.0	0.0	0.0	-90.0	0.482748	-0.049948	0.485325	-5.907157	0.0	1.145923	1.145923	90.0	0.482748	-0.049948	0.485325	-5.907157	365431.994629
150.0	1.0	0.0	0.0	0.0	-90.0	0.483441	-0.048656	0.485883	-5.74721	0.0	1.144581	1.144581	90.0	0.483441	-0.048656	0.485883	-5.74721	365430.548832
151.0	1.0	0.0	0.0	0.0	-90.0	0.482309	-0.049121	0.484804	-5.815231	0.0	1.143106	1.143106	90.0	0.482309	-0.049121	0.484804	-5.815231	365429.09959
152.0	1.0	0.0	0.0	0.0	-90.0	0.483819	-0.049118	0.486306	-5.79688	0.0	1.141735	1.141735	90.0	0.483817	-0.049072	0.486299	-5.791486	365427.661095
153.0	1.0	0.0	0.0	0.0	-90.0	0.483157	-0.04843	0.485578	-5.724041	0.0	1.140204	1.140204	90.0	0.483157	-0.04843	0.485578	-5.724041	365426.222783
154.0	1.0	0.0	0.0	0.0	-90.0	0.481953	-0.049011	0.484438	-5.806577	0.0	1.138612	1.138612	90.0	0.481965	-0.049072	0.484457	-5.813595	365424.776794
155.0	1.0	0.0	0.0	0.0	-90.0	0.481832	-0.048743	0.484291	-5.776458	0.0	1.136924	1.136924	90.0	0.481832	-0.048743	0.484291	-5.776458	365423.346066
156.0	1.0	0.0	0.0	0.0	-90.0	0.482157	-0.048397	0.48458	-5.731944	0.0	1.135353	1.135353	90.0	0.482157	-0.048397	0.48458	-5.731944	365421.872825
157.0	1.0	0.0	0.0	0.0	-90.0	0.481832	-0.048064	0.484224	-5.696528	0.0	1.133517	1.133517	90.0	0.481832	-0.048064	0.484224	-5.696528	365420.414842
158.0	1.0	0.0	0.0	0.0	-90.0	0.481393	-0.047742	0.483754	-5.663807	0.0	1.131565	1.131565	90.0	0.481393	-0.047742	0.483754	-5.663807	365418.946325
159.0	1.0	0.0	0.0	0.0	-90.0	0.481167	-0.04753	0.483508	-5.641367	0.0	1.129391	1.129391	90.0	0.481167	-0.04753	0.483508	-5.641367	365417.482748
160.0	1.0	0.0	0.0	0.0	-90.0	0.480889	-0.047314	0.483211	-5.619182	0.0	1.127331	1.127331	90.0	0.480883	-0.047301	0.483204	-5.617714	365416.044298
161.0	1.0	0.0	0.0	0.0	-90.0	0.48065	-0.047076	0.48295	-5.593822	0.0	1.125022	1.125022	90.0	0.48065	-0.047076	0.48295	-5.593822	365414.579072
162.0	1.0	0.0	0.0	0.0	-90.0	0.480372	-0.046807	0.482647	-5.565325	0.0	1.122721	1.122721	90.0	0.480375	-0.04681	0.48265	-5.565648	365413.14118
163.0	1.0	0.0	0.0	0.0	-90.0	0.480108	-0.046557	0.48236	-5.538757	0.0	1.120251	1.120251	90.0	0.480111	-0.046558	0.482363	-5.538878	365411.733222
164.0	1.0	0.0	0.0	0.0	-90.0	0.479833	-0.046269	0.482058	-5.507809	0.0	1.117444	1.117444	90.0	0.479833	-0.046269	0.482058	-5.507809	365410.270047
165.0	1.0	0.0	0.0	0.0	-90.0	0.479555	-0.045991	0.481755	-5.478149	0.0	1.114636	1.114636	90.0	0.479555	-0.045991	0.481755	-5.478149	365408.809347
166.0	1.0	0.0	0.0	0.0	-90.0	0.479268	-0.045708	0.481443	-5.447887	0.0	1.111699	1.111699	90.0	0.479268	-0.045708	0.481443	-5.447887	365407.382338
167.0	1.0	0.0	0.0	0.0	-90.0	0.479033	-0.045405	0.48118	-5.414596	0.0	1.108333	1.108333	90.0	0.479033	-0.045405	0.48118	-5.414596	365405.951268
168.0	1.0	0.0	0.0	0.0	-90.0	0.478738	-0.045095	0.480857	-5.381145	0.0	1.104861	1.104861	90.0	0.478738	-0.045095	0.480857	-5.381145	365404.505454
169.0	1.0	0.0	0.0	0.0	-90.0	0.478453	-0.044764	0.480543	-5.345042	0.0	1.101081	1.101081	90.0	0.478453	-0.044764	0.480543	-5.345042	365403.038331
170.0	1.0	0.0	0.0	0.0	-90.0	0.478219	-0.044455	0.480281	-5.310918	0.0	1.097177	1.097177	90.0	0.478219	-0.044455	0.480281	-5.310918	365401.61384
171.0	1.0	0.0	0.0	0.0	-90.0	0.477879	-0.044124	0.479912	-5.27538	0.0	1.092818	1.092818	90.0	0.477879	-0.044124	0.479912	-5.27538	365400.168684
172.0	1.0	0.0	0.0	0.0	-90.0	0.47756	-0.043723	0.479557	-5.231184	0.0	1.088194	1.088194	90.0	0.47756	-0.043723	0.479557	-5.231184	365398.734354
173.0	1.0	0.0	0.0	0.0	-90.0	0.477307	-0.043381	0.479274	-5.193151	0.0	1.083197	1.083197	90.0	0.477307	-0.043381	0.479274	-5.193151	365397.284038
174.0	1.0	0.0	0.0	0.0	-90.0	0.476907	-0.042945	0.478836	-5.145496	0.0	1.07761	1.07761	90.0	0.476907	-0.042944	0.478837	-5.145425	365395.849161
175.0	1.0	0.0	0.0	0.0	-90.0	0.476534	-0.042546	0.478429	-5.10192	0.0	1.071626	1.071626	90.0	0.476534	-0.042546	0.478429	-5.10192	365394.407561
176.0	1.0	0.0	0.0	0.0	-90.0	0.476257	-0.042135	0.478117	-5.055835	0.0	1.065066	1.065066	90.0	0.476257	-0.042135	0.478117	-5.055835	365392.990743
177.0	1.0	0.0	0.0	0.0	-90.0	0.475841	-0.041688	0.477663	-5.006899	0.0	1.057799	1.057799	90.0	0.475841	-0.041688	0.477663	-5.006899	365391.535208
178.0	1.0	0.0	0.0	0.0	-90.0	0.475528	-0.041173	0.477307	-4.94851	0.0	1.049937	1.049937	90.0	0.475528	-0.041173	0.477307	-4.94851	365390.076143
179.0	1.0	0.0	0.0	0.0	-90.0	0.47507	-0.040664	0.476807	-4.892382	0.0	1.041074	1.041074	90.0	0.47507	-0.040664	0.476807	-4.892382	365388.617266
180.0	1.0	0.0	0.0	0.0	-90.0	0.474692	-0.040109	0.476384	-4.829712	0.0	1.031359	1.031359	90.0	0.474692	-0.040109	0.476384	-4.829712	365387.182113
181.0	1.0	0.0	0.0	0.0	-90.0	0.474232	-0.039525	0.475876	-4.764374	0.0	1.020824	1.020824	90.0	0.474232	-0.039525	0.475876	-4.764374	365385.773954
182.0	1.0	0.0	0.0	0.0	-90.0	0.473809	-0.038889	0.475403	-4.692168	0.0	1.008982	1.008982	90.0	0.473809	-0.038889	0.475403	-4.692168	365384.351918
183.0	1.0	0.0	0.0	0.0	-90.0	0.473325	-0.038218	0.474865	-4.616245	0.0	0.995483	0.995483	90.0	0.473325	-0.038218	0.474865	-4.616245	365382.910077
184.0	1.0	0.0	0.0	0.0	-90.0	0.472794	-0.037494	0.474279	-4.534236	0.0	0.980451	0.980451	90.0	0.472794	-0.037494	0.474279	-4.534236	365381.478867
185.0	1.0	0.0	0.0	0.0	-90.0	0.472259	-0.036707	0.473684	-4.444464	0.0	0.963206	0.963206	90.0	0.472259	-0.036707	0.473684	-4.444464	365380.050163
186.0	1.0	0.0	0.0	0.0	-90.0	0.471678	-0.035845	0.473038	-4.345791	0.0	0.943284	0.943284	90.0	0.471678	-0.035845	0.473038	-4.345791	365378.594181
187.0	1.0	0.0	0.0	0.0	-90.0	0.471053	-0.03493	0.472346	-4.240954	0.0	0.920864	0.920864	90.0	0.471053	-0.03493	0.472346	-4.240954	365377.151104
188.0	1.0	0.0	0.0	0.0	-90.0	0.47038	-0.034001	0.471608	-4.134375	0.0	0.90058	0.90058	90.0	0.47038	-0.034001	0.471608	-4.134375	365375.699045
189.0	1.0	0.0	0.0	0.0	-90.0	0.469659	-0.032885	0.470808	-4.005202	0.0	0.865994	0.865994	90.0	0.469659	-0.032885	0.470808	-4.005202	365374.272379
190.0	1.0	0.0	0.0	0.0	-90.0	0.468914	-0.031775	0.46999	-3.876645	0.0	0.832684	0.832684	90.0	0.468914	-0.031773	0.469989	-3.876374	365372.842254
191.0	1.0	0.0	0.0	0.0	-90.0	0.468125	-0.030608	0.469125	-3.740876	0.0	0.794145	0.794145	90.0	0.468125	-0.030608	0.469125	-3.740876	365371.401313
192.0	1.0	0.0	0.0	0.0	-90.0	0.467292	-0.029395	0.468215	-3.599485	0.0	0.75145	0.75145	90.0	0.467292	-0.029395	0.468215	-3.599485	365369.949197
193.0	1.0	0.0	0.0	0.0	-90.0	0.466461	-0.028201	0.467312	-3.459699	0.0	0.704526	0.704526	90.0	0.466461	-0.028201	0.467312	-3.459699	365368.510816
194.0	1.0	0.0	0.0	0.0	-90.0	0.465645	-0.026968	0.466426	-3.314636	0.0	0.652746	0.652746	90.0	0.465645	-0.026968	0.466426	-3.314636	365367.022883
195.0	1.0	0.0	0.0	0.0	-90.0	0.464945	-0.02594	0.465668	-3.193368	0.0	0.602383	0.602383	90.0	0.464945	-0.02594	0.465668	-3.193368	365365.566459
196.0	1.0	0.0	0.0	0.0	-90.0	0.464285	-0.025027	0.464959	-3.085491	0.0	0.556272	0.556272	90.0	0.464285	-0.025027	0.464959	-3.085491	365364.123073
197.0	1.0	0.0	0.0	0.0	-90.0	0.463809	-0.024194	0.464439	-2.986087	0.0	0.517721	0.517721	90.0	0.463809	-0.024194	0.464439	-2.986087	365362.616008
198.0	1.0	0.0	0.0	0.0	-90.0	0.463394	-0.023694	0.464	-2.927048	0.0	0.495046	0.495046	90.0	0.46339	-0.023696	0.463995	-2.92728	365361.178214
199.0	1.0	0.0	0.0	0.0	-90.0	0.463146	-0.023153	0.463724	-2.861886	0.0	0.488644	0.488644	90.0	0.463147	-0.023155	0.463726	-2.862076	365359.693019
200.0	1.0	0.0	0.0	0.0	-90.0	0.471109	-0.037347	0.4727835	-4.5001105	0.0	0.862583	0.862583	90.0	0.471109	-0.037347	0.4727835	-4.5001105	364813.4393375
250.0	1.0	0.0	0.0	0.0	-90.0	0.473422	-0.048855	0.475936	-5.891825	0.0	1.225798	1.225798	90.0	0.473422	-0.048855	0.475936	-5.891825	364267.137063
300.0	1.0	0.0	0.0	0.0	-90.0	0.468296	-0.044986	0.470452	-5.487139	0.0	1.226112	1.226112	90.0	0.468297	-0.044986	0.470452	-5.487142	364265.68026
350.0	1.0	0.0	0.0	0.0	-90.0	0.465365	-0.042682	0.467319	-5.240333	0.0	1.226689	1.226689	90.0	0.465364	-0.042685	0.467318	-5.240741	364264.252175
400.0	1.0	0.0	0.0	0.0	-90.0	0.461505	-0.041205	0.463341	-5.102116	0.0	1.226893	1.226893	90.0	0.461505	-0.041205	0.463341	-5.102116	364262.790981
450.0	1.0	0.0	0.0	0.0	-90.0	0.458539	-0.039579	0.460244	-4.933306	0.0	1.228628	1.228628	90.0	0.458539	-0.039579	0.460244	-4.933306	364261.36435
500.0	1.0	0.0	0.0	0.0	-90.0	0.456495	-0.038564	0.458121	-4.828757	0.0	1.223783	1.223783	90.0	0.456495	-0.038564	0.458121	-4.828757	364259.949876
550.0	1.0	0.0	0.0	0.0	-90.0	0.454436	-0.037734	0.456	-4.746597	0.0	1.233562	1.233562	90.0	0.454436	-0.037734	0.456	-4.746597	364258.500652
600.0	1.0	0.0	0.0	0.0	-90.0	0.452678	-0.036435	0.454141	-4.6017	0.0	1.213986	1.213986	90.0	0.452677	-0.03643	0.45414	-4.601122	364257.025341
650.0	1.0	0.0	0.0	0.0	-90.0	0.451071	-0.03596	0.452502	-4.558115	0.0	1.224865	1.224865	90.0	0.451071	-0.03596	0.452502	-4.558115	364255.589161
700.0	1.0	0.0	0.0	0.0	-90.0	0.449579	-0.035075	0.450946	-4.461031	0.0	1.224558	1.224558	90.0	0.449579	-0.035075	0.450946	-4.461031	364254.134092
750.0	1.0	0.0	0.0	0.0	-90.0	0.448118	-0.03461	0.449452	-4.41646	0.0	1.225102	1.225102	90.0	0.448118	-0.03461	0.449452	-4.41646	364252.718851
800.0	1.0	0.0	0.0	0.0	-90.0	0.446945	-0.033858	0.448225	-4.332166	0.0	1.22506	1.22506	90.0	0.446945	-0.033858	0.448225	-4.332166	364251.301948
850.0	1.0	0.0	0.0	0.0	-90.0	0.445779	-0.033282	0.44702	-4.269757	0.0	1.224873	1.224873	90.0	0.445779	-0.033282	0.44702	-4.269757	364249.854712
900.0	1.0	0.0	0.0	0.0	-90.0	0.444785	-0.032899	0.446	-4.230229	0.0	1.224655	1.224655	90.0	0.444785	-0.032899	0.446	-4.230229	364248.434734
950.0	1.0	0.0	0.0	0.0	-90.0	0.44383	-0.032412	0.445012	-4.176781	0.0	1.224367	1.224367	90.0	0.44383	-0.032412	0.445012	-4.176781	364246.98512
1000.0	1.0	0.0	0.0	0.0	-90.0	0.442867	-0.031972	0.444019	-4.129174	0.0	1.225599	1.225599	90.0	0.442867	-0.031972	0.444019	-4.129174	364245.540406
1050.0	1.0	0.0	0.0	0.0	-90.0	0.442023	-0.031589	0.443151	-4.087721	0.0	1.225091	1.225091	90.0	0.442025	-0.031589	0.443152	-4.087657	364244.130823
1100.0	1.0	0.0	0.0	0.0	-90.0	0.441221	-0.031286	0.442329	-4.055886	0.0	1.225251	1.225251	90.0	0.441221	-0.031286	0.442329	-4.055886	364242.70531
1150.0	1.0	0.0	0.0	0.0	-90.0	0.44043	-0.030998	0.44152	-4.02588	0.0	1.225724	1.225724	90.0	0.44043	-0.030998	0.44152	-4.02588	364241.264612
1200.0	1.0	0.0	0.0	0.0	-90.0	0.439685	-0.030658	0.440753	-3.988638	0.0	1.223548	1.223548	90.0	0.439685	-0.030658	0.440753	-3.988638	364239.81901
1250.0	1.0	0.0	0.0	0.0	-90.0	0.438947	-0.030341	0.439994	-3.954184	0.0	1.223289	1.223289	90.0	0.438947	-0.030341	0.439994	-3.954184	364238.327557
1300.0	1.0	0.0	0.0	0.0	-90.0	0.438312	-0.030053	0.439341	-3.92237	0.0	1.223112	1.223112	90.0	0.438312	-0.030053	0.439341	-3.92237	364236.921536
1350.0	1.0	0.0	0.0	0.0	-90.0	0.437711	-0.029824	0.438726	-3.897857	0.0	1.222842	1.222842	90.0	0.437711	-0.029824	0.438726	-3.897857	364235.452433
1400.0	1.0	0.0	0.0	0.0	-90.0	0.437079	-0.02956	0.438077	-3.86903	0.0	1.222644	1.222644	90.0	0.437079	-0.02956	0.438077	-3.86903	364234.023128
1450.0	1.0	0.0	0.0	0.0	-90.0	0.436491	-0.029396	0.43748	-3.852774	0.0	1.222651	1.222651	90.0	0.436491	-0.029396	0.43748	-3.852774	364232.581666
1500.0	1.0	0.0	0.0	0.0	-90.0	0.435958	-0.02917	0.436933	-3.827929	0.0	1.222013	1.222013	90.0	0.435958	-0.02917	0.436933	-3.827929	364231.135918
1550.0	1.0	0.0	0.0	0.0	-90.0	0.43541	-0.028912	0.436369	-3.798925	0.0	1.221861	1.221861	90.0	0.43541	-0.028912	0.436369	-3.798925	364229.710677
1600.0	1.0	0.0	0.0	0.0	-90.0	0.434902	-0.028789	0.435854	-3.787261	0.0	1.221633	1.221633	90.0	0.434902	-0.028789	0.435854	-3.787261	364228.272107
1650.0	1.0	0.0	0.0	0.0	-90.0	0.434425	-0.028587	0.435365	-3.764835	0.0	1.221265	1.221265	90.0	0.434425	-0.028588	0.435364	-3.764962	364226.840917
1700.0	1.0	0.0	0.0	0.0	-90.0	0.433909	-0.02843	0.434839	-3.748685	0.0	1.220987	1.220987	90.0	0.433909	-0.02843	0.434839	-3.748685	364225.409021
1750.0	1.0	0.0	0.0	0.0	-90.0	0.433447	-0.028274	0.434368	-3.732097	0.0	1.220717	1.220717	90.0	0.433447	-0.028274	0.434368	-3.732096	364223.986129
1800.0	1.0	0.0	0.0	0.0	-90.0	0.433019	-0.028146	0.433933	-3.718955	0.0	1.220605	1.220605	90.0	0.433019	-0.028146	0.433932	-3.718918	364222.524793
1850.0	1.0	0.0	0.0	0.0	-90.0	0.432601	-0.027996	0.433506	-3.702815	0.0	1.220179	1.220179	90.0	0.432601	-0.027996	0.433506	-3.702815	364221.097898
1900.0	1.0	0.0	0.0	0.0	-90.0	0.432165	-0.027869	0.433062	-3.68973	0.0	1.219602	1.219602	90.0	0.432165	-0.027869	0.433062	-3.68973	364219.687087
1950.0	1.0	0.0	0.0	0.0	-90.0	0.431723	-0.027733	0.432613	-3.675511	0.0	1.219467	1.219467	90.0	0.431723	-0.027733	0.432613	-3.675511	364218.208841
2000.0	1.0	0.0	0.0	0.0	-90.0	0.431357	-0.027621	0.43224	-3.663866	0.0	1.22141	1.22141	90.0	0.431357	-0.027622	0.432241	-3.663912	364216.740691
2050.0	1.0	0.0	0.0	0.0	-90.0	0.430978	-0.027512	0.431855	-3.652593	0.0	1.218911	1.218911	90.0	0.430978	-0.027512	0.431855	-3.652593	364215.328078
2100.0	1.0	0.0	0.0	0.0	-90.0	0.430628	-0.027423	0.4315	-3.643761	0.0	1.220742	1.220742	90.0	0.430628	-0.027424	0.431501	-3.643913	364213.861654
2150.0	1.0	0.0	0.0	0.0	-90.0	0.430292	-0.027298	0.431157	-3.629975	0.0	1.217803	1.217803	90.0	0.430292	-0.027298	0.431157	-3.629975	364212.407204
2200.0	1.0	0.0	0.0	0.0	-90.0	0.429965	-0.02721	0.430825	-3.62105	0.0	1.218027	1.218027	90.0	0.429965	-0.02721	0.430825	-3.621073	364210.997517
2250.0	1.0	0.0	0.0	0.0	-90.0	0.429644	-0.027121	0.430499	-3.611973	0.0	1.216929	1.216929	90.0	0.429644	-0.027121	0.430499	-3.611973	364209.595168
2300.0	1.0	0.0	0.0	0.0	-90.0	0.429335	-0.027026	0.430185	-3.601976	0.0	1.217646	1.217646	90.0	0.429335	-0.027026	0.430185	-3.601976	364208.178673
2350.0	1.0	0.0	0.0	0.0	-90.0	0.428991	-0.026942	0.429836	-3.593586	0.0	1.215936	1.215936	90.0	0.428991	-0.026942	0.429836	-3.593586	364206.718602
2400.0	1.0	0.0	0.0	0.0	-90.0	0.42869	-0.026862	0.42953	-3.585494	0.0	1.215829	1.215829	90.0	0.42869	-0.026862	0.42953	-3.585494	364205.290929
2450.0	1.0	0.0	0.0	0.0	-90.0	0.428386	-0.026784	0.429223	-3.577683	0.0	1.215615	1.215615	90.0	0.428386	-0.026784	0.429223	-3.577683	364203.853051
2500.0	1.0	0.0	0.0	0.0	-90.0	0.428068	-0.026709	0.428901	-3.570358	0.0	1.215242	1.215242	90.0	0.428068	-0.026709	0.428901	-3.570358	364202.402897
2550.0	1.0	0.0	0.0	0.0	-90.0	0.42783	-0.026647	0.428659	-3.563964	0.0	1.214868	1.214868	90.0	0.42783	-0.026647	0.428659	-3.563964	364200.96236
2600.0	1.0	0.0	0.0	0.0	-90.0	0.427574	-0.026573	0.428399	-3.556221	0.0	1.21427	1.21427	90.0	0.427574	-0.026573	0.428399	-3.556221	364199.518409
2650.0	1.0	0.0	0.0	0.0	-90.0	0.427283	-0.026511	0.428104	-3.550365	0.0	1.213755	1.213755	90.0	0.427283	-0.026511	0.428104	-3.550365	364198.060735
2700.0	1.0	0.0	0.0	0.0	-90.0	0.427016	-0.026449	0.427834	-3.544303	0.0	1.213177	1.213177	90.0	0.427016	-0.026449	0.427834	-3.544303	364196.595051
2750.0	1.0	0.0	0.0	0.0	-90.0	0.426771	-0.026384	0.427586	-3.537614	0.0	1.212556	1.212556	90.0	0.426771	-0.026384	0.427586	-3.537614	364195.178967
2800.0	1.0	0.0	0.0	0.0	-90.0	0.426505	-0.026332	0.427317	-3.532925	0.0	1.211941	1.211941	90.0	0.426505	-0.026332	0.427317	-3.532925	364193.734717
2850.0	1.0	0.0	0.0	0.0	-90.0	0.426251	-0.026278	0.427061	-3.527735	0.0	1.211312	1.211312	90.0	0.426251	-0.026278	0.427061	-3.527735	364192.270842
2900.0	1.0	0.0	0.0	0.0	-90.0	0.42601	-0.026225	0.426817	-3.522647	0.0	1.210649	1.210649	90.0	0.42601	-0.026225	0.426817	-3.522647	364190.83161
2950.0	1.0	0.0	0.0	0.0	-90.0	0.425747	-0.026172	0.42655	-3.517747	0.0	1.209938	1.209938	90.0	0.425746	-0.026172	0.42655	-3.517754	364189.393737
3000.0	1.0	0.0	0.0	0.0	-90.0	0.425506	-0.026126	0.426307	-3.513527	0.0	1.209195	1.209195	90.0	0.425506	-0.026126	0.426307	-3.513527	364187.982808
3050.0	1.0	0.0	0.0	0.0	-90.0	0.425266	-0.026074	0.426064	-3.508578	0.0	1.208429	1.208429	90.0	0.425266	-0.026074	0.426064	-3.508578	364186.556994
3100.0	1.0	0.0	0.0	0.0	-90.0	0.425023	-0.02603	0.42582	-3.504584	0.0	1.207568	1.207568	90.0	0.425023	-0.02603	0.42582	-3.504584	364185.097778
3150.0	1.0	0.0	0.0	0.0	-90.0	0.424788	-0.025997	0.425583	-3.502177	0.0	1.206624	1.206624	90.0	0.424788	-0.025997	0.425583	-3.502177	364183.626529
3200.0	1.0	0.0	0.0	0.0	-90.0	0.424574	-0.02595	0.425366	-3.497627	0.0	1.205669	1.205669	90.0	0.424574	-0.02595	0.425367	-3.497603	364182.194543
3250.0	1.0	0.0	0.0	0.0	-90.0	0.424319	-0.025906	0.425109	-3.493749	0.0	1.204757	1.204757	90.0	0.424319	-0.025906	0.425109	-3.493749	364180.745335
3300.0	1.0	0.0	0.0	0.0	-90.0	0.424126	-0.025871	0.424915	-3.490562	0.0	1.203732	1.203732	90.0	0.424126	-0.025871	0.424915	-3.490562	364179.28329
3350.0	1.0	0.0	0.0	0.0	-90.0	0.423912	-0.025834	0.424698	-3.487351	0.0	1.20255	1.20255	90.0	0.423912	-0.025834	0.424698	-3.487351	364177.867224
3400.0	1.0	0.0	0.0	0.0	-90.0	0.42372	-0.025796	0.424505	-3.483855	0.0	1.201395	1.201395	90.0	0.42372	-0.025796	0.424505	-3.483855	364176.380329
3450.0	1.0	0.0	0.0	0.0	-90.0	0.423506	-0.025753	0.424288	-3.479839	0.0	1.200061	1.200061	90.0	0.423506	-0.025753	0.424288	-3.479839	364174.945896
3500.0	1.0	0.0	0.0	0.0	-90.0	0.42331	-0.025728	0.424091	-3.478028	0.0	1.198689	1.198689	90.0	0.42331	-0.025728	0.424091	-3.478028	364173.505857
3550.0	1.0	0.0	0.0	0.0	-90.0	0.423096	-0.025691	0.423875	-3.474763	0.0	1.197203	1.197203	90.0	0.423096	-0.025691	0.423875	-3.474763	364172.078671
3600.0	1.0	0.0	0.0	0.0	-90.0	0.422896	-0.025657	0.423674	-3.471847	0.0	1.195628	1.195628	90.0	0.422896	-0.025657	0.423674	-3.471847	364170.637732
3650.0	1.0	0.0	0.0	0.0	-90.0	0.422704	-0.025619	0.42348	-3.468275	0.0	1.193966	1.193966	90.0	0.422704	-0.025619	0.42348	-3.468275	364169.196965
3700.0	1.0	0.0	0.0	0.0	-90.0	0.422509	-0.025588	0.423283	-3.465722	0.0	1.192135	1.192135	90.0	0.422509	-0.025588	0.423283	-3.465722	364167.779322
3750.0	1.0	0.0	0.0	0.0	-90.0	0.422313	-0.025559	0.423086	-3.463367	0.0	1.190097	1.190097	90.0	0.422313	-0.025559	0.423086	-3.463367	364166.320963
3800.0	1.0	0.0	0.0	0.0	-90.0	0.422097	-0.025523	0.422868	-3.46035	0.0	1.187791	1.187791	90.0	0.422097	-0.025523	0.422868	-3.46035	364164.877208
3850.0	1.0	0.0	0.0	0.0	-90.0	0.421909	-0.02549	0.422679	-3.457405	0.0	1.185382	1.185382	90.0	0.421909	-0.02549	0.422678	-3.457407	364163.438325
3900.0	1.0	0.0	0.0	0.0	-90.0	0.421732	-0.025456	0.4225	-3.45424	0.0	1.182511	1.182511	90.0	0.421732	-0.025456	0.4225	-3.45424	364161.945724
3950.0	1.0	0.0	0.0	0.0	-90.0	0.421561	-0.025427	0.422327	-3.451753	0.0	1.179444	1.179444	90.0	0.421561	-0.025427	0.422327	-3.451752	364160.453898
4000.0	1.0	0.0	0.0	0.0	-90.0	0.421381	-0.025389	0.422145	-3.448061	0.0	1.176204	1.176204	90.0	0.421381	-0.025389	0.422145	-3.448061	364159.023011
4050.0	1.0	0.0	0.0	0.0	-90.0	0.421225	-0.025358	0.421987	-3.445074	0.0	1.172647	1.172647	90.0	0.421225	-0.025358	0.421987	-3.445074	364157.59656
4100.0	1.0	0.0	0.0	0.0	-90.0	0.421049	-0.025322	0.421809	-3.441602	0.0	1.168433	1.168433	90.0	0.421048	-0.025322	0.421809	-3.441576	364156.161233
4150.0	1.0	0.0	0.0	0.0	-90.0	0.420884	-0.025282	0.421643	-3.437508	0.0	1.1637	1.1637	90.0	0.420884	-0.025282	0.421643	-3.437507	364154.734601
4200.0	1.0	0.0	0.0	0.0	-90.0	0.420726	-0.025246	0.421482	-3.434012	0.0	1.158404	1.158404	90.0	0.420725	-0.025246	0.421482	-3.433984	364153.282977
4250.0	1.0	0.0	0.0	0.0	-90.0	0.420545	-0.025203	0.421299	-3.429565	0.0	1.152371	1.152371	90.0	0.420545	-0.025203	0.421299	-3.429565	364151.84981
4300.0	1.0	0.0	0.0	0.0	-90.0	0.420352	-0.025154	0.421104	-3.424542	0.0	1.145316	1.145316	90.0	0.420352	-0.025154	0.421104	-3.424542	364150.411765
4350.0	1.0	0.0	0.0	0.0	-90.0	0.420185	-0.025102	0.420934	-3.41885	0.0	1.137123	1.137123	90.0	0.420185	-0.025102	0.420934	-3.41885	364148.968813
4400.0	1.0	0.0	0.0	0.0	-90.0	0.420029	-0.025046	0.420775	-3.412498	0.0	1.127662	1.127662	90.0	0.420029	-0.025046	0.420775	-3.412471	364147.552375
4450.0	1.0	0.0	0.0	0.0	-90.0	0.419853	-0.024981	0.420596	-3.405018	0.0	1.116011	1.116011	90.0	0.419853	-0.024981	0.420596	-3.405018	364146.069074
4500.0	1.0	0.0	0.0	0.0	-90.0	0.419675	-0.024903	0.420413	-3.395886	0.0	1.101999	1.101999	90.0	0.419675	-0.024903	0.420413	-3.395886	364144.596302
4550.0	1.0	0.0	0.0	0.0	-90.0	0.419485	-0.02482	0.420219	-3.38608	0.0	1.085463	1.085463	90.0	0.419486	-0.02482	0.420219	-3.386044	364143.146149
4600.0	1.0	0.0	0.0	0.0	-90.0	0.419323	-0.024721	0.420051	-3.3739	0.0	1.065181	1.065181	90.0	0.419323	-0.024721	0.420051	-3.3739	364141.695011
4650.0	1.0	0.0	0.0	0.0	-90.0	0.419145	-0.024607	0.419866	-3.359818	0.0	1.040031	1.040031	90.0	0.419144	-0.024607	0.419866	-3.359789	364140.246083
4700.0	1.0	0.0	0.0	0.0	-90.0	0.418976	-0.024474	0.419691	-3.343017	0.0	1.008966	1.008966	90.0	0.418976	-0.024474	0.419691	-3.343017	364138.818677
4750.0	1.0	0.0	0.0	0.0	-90.0	0.41879	-0.02431	0.419495	-3.322166	0.0	0.967194	0.967194	90.0	0.41879	-0.024309	0.419495	-3.322099	364137.290466
4800.0	1.0	0.0	0.0	0.0	-90.0	0.418566	-0.024126	0.419261	-3.298869	0.0	0.917546	0.917546	90.0	0.418566	-0.024126	0.419261	-3.298869	364135.859872
4850.0	1.0	0.0	0.0	0.0	-90.0	0.418358	-0.023915	0.419041	-3.271679	0.0	0.855365	0.855365	90.0	0.418358	-0.023915	0.419041	-3.271679	364134.393335
4900.0	1.0	0.0	0.0	0.0	-90.0	0.418133	-0.023706	0.418804	-3.24493	0.0	0.778036	0.778036	90.0	0.418133	-0.023706	0.418804	-3.24493	364132.98592
4950.0	1.0	0.0	0.0	0.0	-90.0	0.417907	-0.023489	0.418566	-3.216969	0.0	0.694347	0.694347	90.0	0.417907	-0.023488	0.418567	-3.21687	364131.525819
5000.0	1.0	0.0	0.0	0.0	-90.0	0.418114	-0.02442	0.418828	-3.342423	0.0	0.9048005000000001	0.9048005000000001	90.0	0.418114	-0.02442	0.418828	-3.342423	363928.846322
10000.0	1.0	0.0	0.0	0.0	-90.0	0.408884	-0.026657	0.409752	-3.730035	0.0	1.199127	1.199127	90.0	0.408884	-0.026657	0.409752	-3.730037	363726.157181
15000.0	1.0	0.0	0.0	0.0	-90.0	0.402989	-0.028363	0.403986	-4.025865	0.0	1.19782	1.19782	90.0	0.402989	-0.028363	0.403985	-4.025896	363724.724284
20000.0	1.0	0.0	0.0	0.0	-90.0	0.398617	-0.030102	0.399752	-4.318624	0.0	1.197382	1.197382	90.0	0.398617	-0.030102	0.399752	-4.318624	363723.294209
25000.0	1.0	0.0	0.0	0.0	-90.0	0.395121	-0.031808	0.396399	-4.602501	0.0	1.196796	1.196796	90.0	0.395121	-0.031808	0.396399	-4.602506	363721.85665
30000.0	1.0	0.0	0.0	0.0	-90.0	0.392178	-0.033468	0.393603	-4.877702	0.0	1.19619	1.19619	90.0	0.392178	-0.033468	0.393603	-4.877702	363720.414826
35000.0	1.0	0.0	0.0	0.0	-90.0	0.38963	-0.035085	0.391206	-5.145386	0.0	1.195541	1.195541	90.0	0.38963	-0.035085	0.391206	-5.145386	363718.99666
40000.0	1.0	0.0	0.0	0.0	-90.0	0.387364	-0.036663	0.389095	-5.406777	0.0	1.194919	1.194919	90.0	0.387364	-0.036663	0.389095	-5.406777	363717.549128
45000.0	1.0	0.0	0.0	0.0	-90.0	0.385322	-0.038212	0.387212	-5.663446	0.0	1.194428	1.194428	90.0	0.385323	-0.038212	0.387213	-5.663447	363716.098701
50000.0	1.0	0.0	0.0	0.0	-90.0	0.383455	-0.039739	0.385509	-5.916662	0.0	1.193871	1.193871	90.0	0.383455	-0.039739	0.385509	-5.916662	363714.661911
55000.0	1.0	0.0	0.0	0.0	-90.0	0.381707	-0.041233	0.383928	-6.165407	0.0	1.193348	1.193348	90.0	0.381707	-0.041233	0.383928	-6.165407	363713.232525
60000.0	1.0	0.0	0.0	0.0	-90.0	0.38009	-0.042711	0.382482	-6.411513	0.0	1.192681	1.192681	90.0	0.38009	-0.042711	0.382482	-6.411513	363711.788003
65000.0	1.0	0.0	0.0	0.0	-90.0	0.378571	-0.044173	0.381139	-6.655416	0.0	1.192167	1.192167	90.0	0.378571	-0.044173	0.381139	-6.655416	363710.363817
70000.0	1.0	0.0	0.0	0.0	-90.0	0.37713	-0.045617	0.379879	-6.896875	0.0	1.191452	1.191452	90.0	0.37713	-0.045617	0.379879	-6.896875	363708.951709
75000.0	1.0	0.0	0.0	0.0	-90.0	0.375777	-0.047044	0.37871	-7.135827	0.0	1.190556	1.190556	90.0	0.375777	-0.047044	0.37871	-7.135827	363707.510168
80000.0	1.0	0.0	0.0	0.0	-90.0	0.374482	-0.048464	0.377605	-7.374066	0.0	1.190013	1.190013	90.0	0.374482	-0.048464	0.377605	-7.374066	363706.073246
85000.0	1.0	0.0	0.0	0.0	-90.0	0.373228	-0.049867	0.376545	-7.610208	0.0	1.190725	1.190725	90.0	0.373228	-0.049867	0.376545	-7.610208	363704.640675
90000.0	1.0	0.0	0.0	0.0	-90.0	0.372039	-0.05126	0.375553	-7.844923	0.0	1.186324	1.186324	90.0	0.372039	-0.05126	0.375553	-7.844923	363703.185021
95000.0	1.0	0.0	0.0	0.0	-90.0	0.370896	-0.052642	0.374613	-8.078093	0.0	1.186748	1.186748	90.0	0.370896	-0.052642	0.374613	-8.078093	363701.742507
100000.0	1.0	0.0	0.0	0.0	-90.0	0.369802	-0.054018	0.373727	-8.31054	0.0	1.187485	1.187485	90.0	0.369802	-0.054018	0.373727	-8.310541	363700.311916
105000.0	1.0	0.0	0.0	0.0	-90.0	0.368743	-0.055381	0.372878	-8.541345	0.0	1.187497	1.187497	90.0	0.368743	-0.055381	0.372878	-8.541345	363698.860094
110000.0	1.0	0.0	0.0	0.0	-90.0	0.3677	-0.056735	0.372051	-8.771367	0.0	1.187812	1.187812	90.0	0.3677	-0.056735	0.372051	-8.771367	363697.422173
115000.0	1.0	0.0	0.0	0.0	-90.0	0.366698	-0.058081	0.37127	-9.000183	0.0	1.183528	1.183528	90.0	0.366698	-0.058081	0.37127	-9.000183	363696.008978
120000.0	1.0	0.0	0.0	0.0	-90.0	0.365714	-0.059421	0.37051	-9.2288	0.0	1.186421	1.186421	90.0	0.365714	-0.059421	0.37051	-9.228797	363694.592101
125000.0	1.0	0.0	0.0	0.0	-90.0	0.364763	-0.060755	0.369788	-9.45644	0.0	1.183975	1.183975	90.0	0.364763	-0.060755	0.369788	-9.45644	363693.123141
130000.0	1.0	0.0	0.0	0.0	-90.0	0.363812	-0.062076	0.36907	-9.682882	0.0	1.184606	1.184606	90.0	0.363812	-0.062076	0.36907	-9.682882	363691.675971
135000.0	1.0	0.0	0.0	0.0	-90.0	0.362872	-0.063391	0.368367	-9.909187	0.0	1.183832	1.183832	90.0	0.362872	-0.063391	0.368367	-9.909187	363690.228802
140000.0	1.0	0.0	0.0	0.0	-90.0	0.361953	-0.064698	0.36769	-10.134477	0.0	1.183024	1.183024	90.0	0.361953	-0.064698	0.36769	-10.134477	363688.772855
145000.0	1.0	0.0	0.0	0.0	-90.0	0.361047	-0.065999	0.36703	-10.359235	0.0	1.182138	1.182138	90.0	0.361047	-0.065999	0.36703	-10.359235	363687.340666
150000.0	1.0	0.0	0.0	0.0	-90.0	0.360186	-0.067297	0.366419	-10.583039	0.0	1.181324	1.181324	90.0	0.360186	-0.067297	0.366419	-10.583039	363685.918528
155000.0	1.0	0.0	0.0	0.0	-90.0	0.359333	-0.068593	0.365821	-10.80717	0.0	1.180596	1.180596	90.0	0.359333	-0.068593	0.365822	-10.807175	363684.491347
160000.0	1.0	0.0	0.0	0.0	-90.0	0.358487	-0.069879	0.365234	-11.030269	0.0	1.179642	1.179642	90.0	0.358487	-0.069879	0.365234	-11.030273	363682.997278
165000.0	1.0	0.0	0.0	0.0	-90.0	0.357654	-0.071164	0.364665	-11.253382	0.0	1.178904	1.178904	90.0	0.357654	-0.071164	0.364665	-11.253382	363681.566713
170000.0	1.0	0.0	0.0	0.0	-90.0	0.356828	-0.072439	0.364106	-11.475586	0.0	1.177865	1.177865	90.0	0.356828	-0.072439	0.364107	-11.475586	363680.084927
175000.0	1.0	0.0	0.0	0.0	-90.0	0.355993	-0.073704	0.363542	-11.697153	0.0	1.176872	1.176872	90.0	0.355993	-0.073704	0.363542	-11.697153	363678.588059
180000.0	1.0	0.0	0.0	0.0	-90.0	0.355189	-0.074972	0.363015	-11.918851	0.0	1.175953	1.175953	90.0	0.355189	-0.074972	0.363015	-11.918851	363677.14506
185000.0	1.0	0.0	0.0	0.0	-90.0	0.354373	-0.07623	0.362479	-12.14	0.0	1.174935	1.174935	90.0	0.354373	-0.07623	0.362479	-12.14	363675.737986
190000.0	1.0	0.0	0.0	0.0	-90.0	0.353576	-0.077485	0.361966	-12.360843	0.0	1.17385	1.17385	90.0	0.353576	-0.077485	0.361966	-12.360843	363674.30982
195000.0	1.0	0.0	0.0	0.0	-90.0	0.352781	-0.078734	0.36146	-12.58116	0.0	1.172822	1.172822	90.0	0.352781	-0.078734	0.36146	-12.58116	363672.874065
200000.0	1.0	0.0	0.0	0.0	-90.0	0.352011	-0.079983	0.360984	-12.801265	0.0	1.171734	1.171734	90.0	0.352011	-0.079983	0.360984	-12.801265	363671.447594
205000.0	1.0	0.0	0.0	0.0	-90.0	0.351238	-0.081227	0.360508	-13.02134	0.0	1.170491	1.170491	90.0	0.351238	-0.081227	0.360508	-13.02134	363669.99059
210000.0	1.0	0.0	0.0	0.0	-90.0	0.350483	-0.08247	0.360055	-13.24101	0.0	1.169375	1.169375	90.0	0.350483	-0.08247	0.360055	-13.24101	363668.53192
215000.0	1.0	0.0	0.0	0.0	-90.0	0.349737	-0.083708	0.359615	-13.46022	0.0	1.168186	1.168186	90.0	0.349737	-0.083708	0.359615	-13.46022	363667.085114
220000.0	1.0	0.0	0.0	0.0	-90.0	0.348949	-0.084932	0.359136	-13.679434	0.0	1.166913	1.166913	90.0	0.348949	-0.084932	0.359136	-13.679434	363665.642865
225000.0	1.0	0.0	0.0	0.0	-90.0	0.348203	-0.086161	0.358704	-13.898319	0.0	1.165688	1.165688	90.0	0.348203	-0.086161	0.358704	-13.898319	363664.185156
230000.0	1.0	0.0	0.0	0.0	-90.0	0.34744	-0.087379	0.358259	-14.116707	0.0	1.164365	1.164365	90.0	0.34744	-0.087379	0.358259	-14.116707	363662.724622
235000.0	1.0	0.0	0.0	0.0	-90.0	0.346695	-0.088597	0.357836	-14.334975	0.0	1.162857	1.162857	90.0	0.346694	-0.088597	0.357836	-14.334976	363661.286992
240000.0	1.0	0.0	0.0	0.0	-90.0	0.34595	-0.089811	0.357418	-14.553074	0.0	1.16149	1.16149	90.0	0.34595	-0.089811	0.357418	-14.553073	363659.857791
245000.0	1.0	0.0	0.0	0.0	-90.0	0.345218	-0.091024	0.357017	-14.770976	0.0	1.159915	1.159915	90.0	0.345219	-0.091024	0.357017	-14.770976	363658.400642
250000.0	1.0	0.0	0.0	0.0	-90.0	0.344476	-0.092229	0.356609	-14.988582	0.0	1.158434	1.158434	90.0	0.344476	-0.092229	0.356609	-14.988582	363656.966611
255000.0	1.0	0.0	0.0	0.0	-90.0	0.343738	-0.093432	0.356209	-15.206213	0.0	1.156826	1.156826	90.0	0.343738	-0.093432	0.356209	-15.206213	363655.542425
260000.0	1.0	0.0	0.0	0.0	-90.0	0.34299	-0.094627	0.355804	-15.423534	0.0	1.155121	1.155121	90.0	0.34299	-0.094627	0.355804	-15.423534	363654.138305
265000.0	1.0	0.0	0.0	0.0	-90.0	0.342266	-0.095826	0.355428	-15.640944	0.0	1.15343	1.15343	90.0	0.342266	-0.095826	0.355427	-15.640943	363652.726285
270000.0	1.0	0.0	0.0	0.0	-90.0	0.341544	-0.09702	0.355057	-15.857898	0.0	1.151609	1.151609	90.0	0.341544	-0.09702	0.355056	-15.857899	363651.293825
275000.0	1.0	0.0	0.0	0.0	-90.0	0.340783	-0.098199	0.354649	-16.074691	0.0	1.149673	1.149673	90.0	0.340783	-0.098199	0.354649	-16.074691	363649.857091
280000.0	1.0	0.0	0.0	0.0	-90.0	0.340075	-0.099391	0.354301	-16.29158	0.0	1.147627	1.147627	90.0	0.340075	-0.099391	0.354301	-16.29158	363648.413666
285000.0	1.0	0.0	0.0	0.0	-90.0	0.339339	-0.100569	0.353928	-16.508019	0.0	1.145484	1.145484	90.0	0.339339	-0.100569	0.353928	-16.508019	363646.974671
290000.0	1.0	0.0	0.0	0.0	-90.0	0.338613	-0.101748	0.353569	-16.724646	0.0	1.143233	1.143233	90.0	0.338613	-0.101748	0.353569	-16.724646	363645.479006
295000.0	1.0	0.0	0.0	0.0	-90.0	0.33788	-0.10292	0.353207	-16.941047	0.0	1.140969	1.140969	90.0	0.33788	-0.10292	0.353207	-16.941047	363644.051612
300000.0	1.0	0.0	0.0	0.0	-90.0	0.337149	-0.104088	0.352851	-17.156956	0.0	1.138498	1.138498	90.0	0.337149	-0.104088	0.352851	-17.156956	363642.591866
305000.0	1.0	0.0	0.0	0.0	-90.0	0.336425	-0.105261	0.352508	-17.373902	0.0	1.135971	1.135971	90.0	0.336425	-0.105261	0.352508	-17.373899	363641.13891
310000.0	1.0	0.0	0.0	0.0	-90.0	0.335683	-0.106418	0.352147	-17.589642	0.0	1.133256	1.133256	90.0	0.335683	-0.106418	0.352147	-17.589642	363639.73008
315000.0	1.0	0.0	0.0	0.0	-90.0	0.334969	-0.107586	0.351823	-17.806007	0.0	1.13041	1.13041	90.0	0.334969	-0.107586	0.351823	-17.806007	363638.257491
320000.0	1.0	0.0	0.0	0.0	-90.0	0.334246	-0.108745	0.351491	-18.021984	0.0	1.127336	1.127336	90.0	0.334246	-0.108745	0.351491	-18.021984	363636.808874
325000.0	1.0	0.0	0.0	0.0	-90.0	0.333494	-0.109894	0.351134	-18.238232	0.0	1.124121	1.124121	90.0	0.333494	-0.109894	0.351134	-18.238232	363635.356624
330000.0	1.0	0.0	0.0	0.0	-90.0	0.332763	-0.111044	0.350802	-18.454027	0.0	1.120708	1.120708	90.0	0.332763	-0.111044	0.350802	-18.454027	363633.935509
335000.0	1.0	0.0	0.0	0.0	-90.0	0.332016	-0.112187	0.350457	-18.669897	0.0	1.117158	1.117158	90.0	0.332016	-0.112187	0.350457	-18.669897	363632.488047
340000.0	1.0	0.0	0.0	0.0	-90.0	0.331283	-0.113332	0.350132	-18.8858	0.0	1.113186	1.113186	90.0	0.331283	-0.113332	0.350132	-18.8858	363631.006029
345000.0	1.0	0.0	0.0	0.0	-90.0	0.330556	-0.114474	0.349816	-19.101404	0.0	1.10903	1.10903	90.0	0.330556	-0.114474	0.349816	-19.101404	363629.53658
350000.0	1.0	0.0	0.0	0.0	-90.0	0.329809	-0.115606	0.349483	-19.316728	0.0	1.10469	1.10469	90.0	0.329809	-0.115606	0.349483	-19.316728	363628.103907
355000.0	1.0	0.0	0.0	0.0	-90.0	0.329091	-0.116748	0.349186	-19.532545	0.0	1.100012	1.100012	90.0	0.329091	-0.116748	0.349186	-19.532545	363626.644381
360000.0	1.0	0.0	0.0	0.0	-90.0	0.328346	-0.117877	0.348865	-19.748297	0.0	1.095062	1.095062	90.0	0.328346	-0.117877	0.348865	-19.748297	363625.241197
365000.0	1.0	0.0	0.0	0.0	-90.0	0.327614	-0.119004	0.348558	-19.963357	0.0	1.089742	1.089742	90.0	0.327614	-0.119004	0.348558	-19.963356	363623.798695
370000.0	1.0	0.0	0.0	0.0	-90.0	0.326878	-0.120128	0.348253	-20.178498	0.0	1.083923	1.083923	90.0	0.326877	-0.120128	0.348252	-20.178498	363622.366037
375000.0	1.0	0.0	0.0	0.0	-90.0	0.326151	-0.121253	0.347961	-20.393598	0.0	1.077655	1.077655	90.0	0.326151	-0.121253	0.347961	-20.393601	363620.926899
380000.0	1.0	0.0	0.0	0.0	-90.0	0.325403	-0.122373	0.347653	-20.609487	0.0	1.070886	1.070886	90.0	0.325403	-0.122373	0.347653	-20.609487	363619.486169
385000.0	1.0	0.0	0.0	0.0	-90.0	0.324672	-0.123492	0.347365	-20.824788	0.0	1.063419	1.063419	90.0	0.324672	-0.123492	0.347365	-20.824788	363618.038675
390000.0	1.0	0.0	0.0	0.0	-90.0	0.323915	-0.124602	0.347054	-21.040461	0.0	1.055225	1.055225	90.0	0.323915	-0.124602	0.347054	-21.040461	363616.612746
395000.0	1.0	0.0	0.0	0.0	-90.0	0.323165	-0.12571	0.346754	-21.255876	0.0	1.045849	1.045849	90.0	0.323164	-0.12571	0.346753	-21.255874	363615.153382
400000.0	1.0	0.0	0.0	0.0	-90.0	0.322411	-0.126813	0.346454	-21.470982	0.0	1.039011	1.039011	90.0	0.322411	-0.126813	0.346454	-21.470982	363613.697058
405000.0	1.0	0.0	0.0	0.0	-90.0	0.321641	-0.127909	0.34614	-21.686496	0.0	1.02278	1.02278	90.0	0.321641	-0.127909	0.34614	-21.686496	363612.253932
410000.0	1.0	0.0	0.0	0.0	-90.0	0.320876	-0.129003	0.345837	-21.901801	0.0	1.017064	1.017064	90.0	0.320876	-0.129003	0.345837	-21.901801	363610.825982
415000.0	1.0	0.0	0.0	0.0	-90.0	0.320155	-0.130107	0.345582	-22.116205	0.0	0.999858	0.999858	90.0	0.320155	-0.130107	0.345582	-22.116205	363609.381361
420000.0	1.0	0.0	0.0	0.0	-90.0	0.319395	-0.131196	0.345291	-22.331045	0.0	0.985883	0.985883	90.0	0.319395	-0.131196	0.345291	-22.331045	363607.962477
425000.0	1.0	0.0	0.0	0.0	-90.0	0.318641	-0.132292	0.345012	-22.547007	0.0	0.969306	0.969306	90.0	0.318641	-0.132292	0.345012	-22.547007	363606.536622
430000.0	1.0	0.0	0.0	0.0	-90.0	0.317885	-0.133378	0.344733	-22.761929	0.0	0.950675	0.950675	90.0	0.317885	-0.133378	0.344733	-22.761929	363605.103848
435000.0	1.0	0.0	0.0	0.0	-90.0	0.317125	-0.134466	0.344456	-22.977764	0.0	0.92899	0.92899	90.0	0.317125	-0.134466	0.344456	-22.977764	363603.658135
440000.0	1.0	0.0	0.0	0.0	-90.0	0.316361	-0.135548	0.344176	-23.19322	0.0	0.904889	0.904889	90.0	0.316361	-0.135548	0.344176	-23.193225	363602.211831
445000.0	1.0	0.0	0.0	0.0	-90.0	0.315607	-0.136629	0.343912	-23.408165	0.0	0.877327	0.877327	90.0	0.315607	-0.136629	0.343912	-23.408165	363600.766121
450000.0	1.0	0.0	0.0	0.0	-90.0	0.314835	-0.137702	0.343632	-23.623603	0.0	0.846739	0.846739	90.0	0.314835	-0.137702	0.343632	-23.623602	363599.347422
455000.0	1.0	0.0	0.0	0.0	-90.0	0.314062	-0.138771	0.343354	-23.838702	0.0	0.810883	0.810883	90.0	0.314062	-0.138771	0.343354	-23.838702	363597.85059
460000.0	1.0	0.0	0.0	0.0	-90.0	0.313304	-0.139846	0.343098	-24.054037	0.0	0.770461	0.770461	90.0	0.313304	-0.139846	0.343098	-24.054037	363596.415913
465000.0	1.0	0.0	0.0	0.0	-90.0	0.312502	-0.140912	0.342803	-24.271416	0.0	0.722582	0.722582	90.0	0.312502	-0.140912	0.342803	-24.271416	363594.940952
470000.0	1.0	0.0	0.0	0.0	-90.0	0.311731	-0.141968	0.342536	-24.485359	0.0	0.677191	0.677191	90.0	0.311731	-0.141968	0.342536	-24.485359	363593.525421
475000.0	1.0	0.0	0.0	0.0	-90.0	0.31097	-0.143019	0.342281	-24.698287	0.0	0.630242	0.630242	90.0	0.31097	-0.143019	0.342281	-24.69829	363592.074678
480000.0	1.0	0.0	0.0	0.0	-90.0	0.310178	-0.144081	0.342008	-24.915402	0.0	0.583035	0.583035	90.0	0.310178	-0.144081	0.342008	-24.915402	363590.623668
485000.0	1.0	0.0	0.0	0.0	-90.0	0.309406	-0.145143	0.341758	-25.131313	0.0	0.550634	0.550634	90.0	0.309406	-0.145143	0.341758	-25.131312	363589.165838
490000.0	1.0	0.0	0.0	0.0	-90.0	0.308591	-0.146195	0.34147	-25.349279	0.0	0.522248	0.522248	90.0	0.308591	-0.146195	0.34147	-25.349279	363587.723005
495000.0	1.0	0.0	0.0	0.0	-90.0	0.307823	-0.147235	0.341223	-25.562338	0.0	0.49846	0.49846	90.0	0.307823	-0.147235	0.341223	-25.562346	363586.311351
500000.0	1.0	0.0	0.0	0.0	-90.0	0.307018	-0.148284	0.340952	-25.779764	0.0	0.499782	0.499782	90.0	0.307018	-0.148284	0.340952	-25.779764	363584.869353
