# Oscilator_frequency (Hz)	DemodAll_A (-)	Demod_1_X_A (A)	Demod_1_Y_A (A)	Demod_1__R_A (A)	Demod_1__Theta_A (deg)	Demod_2_X_A (A)	Demod_2_Y_A (A)	Demod_2__R_A (A)	Demod_2__Theta_A (deg)	Demod_3_X_A (V)	Demod_3_Y_A (V)	Demod_3__R_A (V)	Demod_3__Theta_A (deg)	Demod_4_X_A (V)	Demod_4_Y_A (V)	Demod_4__R_A (V)	Demod_4__Theta_A (deg)	Timer_GET (s)	
200.000000	 1.000000	 0.000000	 -0.000000	 0.000000	 -90.000000	 0.000000	 0.000000	 0.000000	 4.858329	 0.000000	 1.915570	 1.915570	 90.000000	 0.132927	 -0.011028	 0.133384	 -4.742732	 4444.875108	
199.000000	 1.000000	 0.000000	 -0.000000	 0.000000	 -90.000000	 0.000000	 -0.000000	 0.000000	 -14.037981	 0.000000	 1.993209	 1.993209	 90.000000	 0.133355	 -0.012090	 0.133902	 -5.180139	 4446.346105	
198.000000	 1.000000	 0.000000	 -0.000000	 0.000000	 -90.000000	 -0.000000	 0.000000	 0.000000	 175.303104	 0.000000	 2.055840	 2.055840	 90.000000	 0.133794	 -0.012850	 0.134409	 -5.485955	 4447.846009	
197.000000	 1.000000	 0.000000	 -0.000000	 0.000000	 -90.000000	 -0.000000	 0.000000	 0.000000	 171.921220	 0.000000	 2.098835	 2.098835	 90.000000	 0.134302	 -0.013591	 0.134988	 -5.778656	 4449.330236	
196.000000	 1.000000	 0.000000	 -0.000000	 0.000000	 -90.000000	 -0.000000	 -0.000000	 0.000000	 -174.496460	 0.000000	 2.134014	 2.134014	 90.000000	 0.134568	 -0.014165	 0.135312	 -6.008763	 4450.811940	
195.000000	 1.000000	 0.000000	 -0.000000	 0.000000	 -90.000000	 -0.000000	 -0.000000	 0.000000	 -116.903885	 0.000000	 2.161487	 2.161487	 90.000000	 0.134856	 -0.014659	 0.135650	 -6.203665	 4452.221150	
194.000000	 1.000000	 0.000000	 -0.000000	 0.000000	 -90.000000	 -0.000000	 0.000000	 0.000000	 167.905524	 0.000000	 2.185064	 2.185064	 90.000000	 0.135125	 -0.015063	 0.135962	 -6.360915	 4453.691738	
193.000000	 1.000000	 0.000000	 -0.000000	 0.000000	 -90.000000	 0.000000	 0.000000	 0.000000	 54.698983	 0.000000	 2.202937	 2.202937	 90.000000	 0.135355	 -0.015452	 0.136234	 -6.512619	 4455.121283	
192.000000	 1.000000	 0.000000	 -0.000000	 0.000000	 -90.000000	 0.000000	 -0.000000	 0.000000	 -52.283618	 0.000000	 2.218084	 2.218084	 90.000000	 0.135588	 -0.015806	 0.136507	 -6.649296	 4456.588731	
191.000000	 1.000000	 0.000000	 -0.000000	 0.000000	 -90.000000	 0.000000	 -0.000000	 0.000000	 -24.014629	 0.000000	 2.230567	 2.230567	 90.000000	 0.135776	 -0.016115	 0.136729	 -6.768695	 4458.014468	
190.000000	 1.000000	 0.000000	 -0.000000	 0.000000	 -90.000000	 0.000000	 0.000000	 0.000000	 75.797537	 0.000000	 2.241069	 2.241069	 90.000000	 0.135941	 -0.016389	 0.136925	 -6.874209	 4459.454142	
189.000000	 1.000000	 0.000000	 -0.000000	 0.000000	 -90.000000	 -0.000000	 -0.000000	 0.000000	 -113.341865	 0.000000	 2.250336	 2.250336	 90.000000	 0.136109	 -0.016641	 0.137123	 -6.970496	 4460.896873	
188.000000	 1.000000	 0.000000	 -0.000000	 0.000000	 -90.000000	 -0.000000	 0.000000	 0.000000	 115.623153	 0.000000	 2.258253	 2.258253	 90.000000	 0.136250	 -0.016873	 0.137291	 -7.059321	 4462.347973	
187.000000	 1.000000	 0.000000	 -0.000000	 0.000000	 -90.000000	 -0.000000	 -0.000000	 0.000000	 -129.323695	 0.000000	 2.265157	 2.265157	 90.000000	 0.136383	 -0.017095	 0.137451	 -7.144440	 4463.816705	
186.000000	 1.000000	 0.000000	 -0.000000	 0.000000	 -90.000000	 -0.000000	 -0.000000	 0.000000	 -121.739426	 0.000000	 2.271251	 2.271251	 90.000000	 0.136528	 -0.017287	 0.137618	 -7.216149	 4465.278955	
185.000000	 1.000000	 0.000000	 -0.000000	 0.000000	 -90.000000	 -0.000000	 0.000000	 0.000000	 148.084159	 0.000000	 2.276706	 2.276706	 90.000000	 0.136652	 -0.017477	 0.137765	 -7.288047	 4466.724679	
184.000000	 1.000000	 0.000000	 -0.000000	 0.000000	 -90.000000	 0.000000	 -0.000000	 0.000000	 -63.642788	 0.000000	 2.281428	 2.281428	 90.000000	 0.136783	 -0.017647	 0.137916	 -7.351463	 4468.163064	
183.000000	 1.000000	 0.000000	 -0.000000	 0.000000	 -90.000000	 -0.000000	 -0.000000	 0.000000	 -159.883190	 0.000000	 2.285746	 2.285746	 90.000000	 0.136901	 -0.017816	 0.138055	 -7.414494	 4469.643042	
182.000000	 1.000000	 0.000000	 -0.000000	 0.000000	 -90.000000	 -0.000000	 -0.000000	 0.000000	 -178.662740	 0.000000	 2.289490	 2.289490	 90.000000	 0.136996	 -0.017968	 0.138169	 -7.472309	 4471.077753	
181.000000	 1.000000	 0.000000	 -0.000000	 0.000000	 -90.000000	 -0.000000	 0.000000	 0.000000	 127.171043	 0.000000	 2.292800	 2.292800	 90.000000	 0.137097	 -0.018131	 0.138291	 -7.533773	 4472.518613	
180.000000	 1.000000	 0.000000	 -0.000000	 0.000000	 -90.000000	 0.000000	 -0.000000	 0.000000	 -73.829563	 0.000000	 2.295921	 2.295921	 90.000000	 0.137223	 -0.018288	 0.138436	 -7.591063	 4473.932664	
179.000000	 1.000000	 0.000000	 -0.000000	 0.000000	 -90.000000	 -0.000000	 0.000000	 0.000000	 179.434692	 0.000000	 2.298822	 2.298822	 90.000000	 0.137331	 -0.018409	 0.138560	 -7.635068	 4475.351635	
178.000000	 1.000000	 0.000000	 -0.000000	 0.000000	 -90.000000	 -0.000000	 -0.000000	 0.000000	 -166.637881	 0.000000	 2.301159	 2.301159	 90.000000	 0.137430	 -0.018526	 0.138673	 -7.677396	 4476.798711	
177.000000	 1.000000	 0.000000	 -0.000000	 0.000000	 -90.000000	 -0.000000	 -0.000000	 0.000000	 -121.438035	 0.000000	 2.303396	 2.303396	 90.000000	 0.137537	 -0.018636	 0.138794	 -7.716298	 4478.253400	
176.000000	 1.000000	 0.000000	 -0.000000	 0.000000	 -90.000000	 -0.000000	 0.000000	 0.000000	 155.220082	 0.000000	 2.305608	 2.305608	 90.000000	 0.137648	 -0.018815	 0.138928	 -7.783554	 4479.695176	
175.000000	 1.000000	 0.000000	 -0.000000	 0.000000	 -90.000000	 0.000000	 0.000000	 0.000000	 8.297400	 0.000000	 2.307373	 2.307373	 90.000000	 0.137789	 -0.018909	 0.139080	 -7.814181	 4481.141875	
174.000000	 1.000000	 0.000000	 -0.000000	 0.000000	 -90.000000	 -0.000000	 -0.000000	 0.000000	 -178.427043	 0.000000	 2.309155	 2.309155	 90.000000	 0.137844	 -0.019045	 0.139153	 -7.866236	 4482.576415	
173.000000	 1.000000	 0.000000	 -0.000000	 0.000000	 -90.000000	 -0.000000	 0.000000	 0.000000	 118.092291	 0.000000	 2.311632	 2.311632	 90.000000	 0.138001	 -0.019175	 0.139327	 -7.910615	 4484.019016	
172.000000	 1.000000	 0.000000	 -0.000000	 0.000000	 -90.000000	 0.000000	 -0.000000	 0.000000	 -30.412519	 0.000000	 2.312898	 2.312898	 90.000000	 0.138077	 -0.019313	 0.139421	 -7.962509	 4485.478586	
171.000000	 1.000000	 0.000000	 -0.000000	 0.000000	 -90.000000	 0.000000	 -0.000000	 0.000000	 -88.387566	 0.000000	 2.313970	 2.313970	 90.000000	 0.138180	 -0.019407	 0.139536	 -7.994731	 4486.921168	
170.000000	 1.000000	 0.000000	 -0.000000	 0.000000	 -90.000000	 -0.000000	 0.000000	 0.000000	 120.329401	 0.000000	 2.315339	 2.315339	 90.000000	 0.138283	 -0.019507	 0.139652	 -8.029680	 4488.358469	
169.000000	 1.000000	 0.000000	 -0.000000	 0.000000	 -90.000000	 -0.000000	 0.000000	 0.000000	 113.223891	 0.000000	 2.316612	 2.316612	 90.000000	 0.138359	 -0.019640	 0.139746	 -8.078995	 4489.822567	
168.000000	 1.000000	 0.000000	 -0.000000	 0.000000	 -90.000000	 -0.000000	 0.000000	 0.000000	 113.350492	 0.000000	 2.317747	 2.317747	 90.000000	 0.138477	 -0.019765	 0.139880	 -8.122893	 4491.254586	
167.000000	 1.000000	 0.000000	 -0.000000	 0.000000	 -90.000000	 -0.000000	 0.000000	 0.000000	 148.068875	 0.000000	 2.318758	 2.318758	 90.000000	 0.138566	 -0.019860	 0.139981	 -8.156228	 4492.695593	
166.000000	 1.000000	 0.000000	 -0.000000	 0.000000	 -90.000000	 0.000000	 0.000000	 0.000000	 5.330172	 0.000000	 2.319803	 2.319803	 90.000000	 0.138667	 -0.019966	 0.140097	 -8.193489	 4494.142915	
165.000000	 1.000000	 0.000000	 -0.000000	 0.000000	 -90.000000	 0.000000	 -0.000000	 0.000000	 -76.143641	 0.000000	 2.320602	 2.320602	 90.000000	 0.138759	 -0.020073	 0.140204	 -8.231362	 4495.581907	
164.000000	 1.000000	 0.000000	 -0.000000	 0.000000	 -90.000000	 0.000000	 -0.000000	 0.000000	 -77.088973	 0.000000	 2.321486	 2.321486	 90.000000	 0.138858	 -0.020186	 0.140318	 -8.271414	 4497.010810	
163.000000	 1.000000	 0.000000	 -0.000000	 0.000000	 -90.000000	 -0.000000	 0.000000	 0.000000	 163.731145	 0.000000	 2.322332	 2.322332	 90.000000	 0.138943	 -0.020295	 0.140418	 -8.310368	 4498.436149	
162.000000	 1.000000	 0.000000	 -0.000000	 0.000000	 -90.000000	 -0.000000	 -0.000000	 0.000000	 -106.442711	 0.000000	 2.323026	 2.323026	 90.000000	 0.139042	 -0.020385	 0.140529	 -8.340639	 4499.891827	
161.000000	 1.000000	 0.000000	 -0.000000	 0.000000	 -90.000000	 -0.000000	 -0.000000	 0.000000	 -141.741602	 0.000000	 2.323861	 2.323861	 90.000000	 0.139170	 -0.020481	 0.140669	 -8.372003	 4501.353425	
160.000000	 1.000000	 0.000000	 -0.000000	 0.000000	 -90.000000	 -0.000000	 -0.000000	 0.000000	 -163.083494	 0.000000	 2.324471	 2.324471	 90.000000	 0.139243	 -0.020597	 0.140758	 -8.414187	 4502.802104	
159.000000	 1.000000	 0.000000	 -0.000000	 0.000000	 -90.000000	 0.000000	 -0.000000	 0.000000	 -19.392312	 0.000000	 2.325339	 2.325339	 90.000000	 0.139305	 -0.020788	 0.140848	 -8.487548	 4504.266454	
158.000000	 1.000000	 0.000000	 -0.000000	 0.000000	 -90.000000	 -0.000000	 0.000000	 0.000000	 130.508086	 0.000000	 2.325725	 2.325725	 90.000000	 0.139355	 -0.020844	 0.140905	 -8.507054	 4505.720446	
157.000000	 1.000000	 0.000000	 -0.000000	 0.000000	 -90.000000	 -0.000000	 -0.000000	 0.000000	 -90.385157	 0.000000	 2.326194	 2.326194	 90.000000	 0.139412	 -0.020924	 0.140973	 -8.535591	 4507.168671	
156.000000	 1.000000	 0.000000	 -0.000000	 0.000000	 -90.000000	 -0.000000	 -0.000000	 0.000000	 -113.291524	 0.000000	 2.326820	 2.326820	 90.000000	 0.139580	 -0.021254	 0.141189	 -8.658142	 4508.615750	
155.000000	 1.000000	 0.000000	 -0.000000	 0.000000	 -90.000000	 0.000000	 0.000000	 0.000000	 84.051586	 0.000000	 2.327432	 2.327432	 90.000000	 0.139422	 -0.021184	 0.141022	 -8.639459	 4510.025947	
154.000000	 1.000000	 0.000000	 -0.000000	 0.000000	 -90.000000	 -0.000000	 0.000000	 0.000000	 100.402146	 0.000000	 2.327783	 2.327783	 90.000000	 0.139658	 -0.021718	 0.141337	 -8.839148	 4511.462925	
153.000000	 1.000000	 0.000000	 -0.000000	 0.000000	 -90.000000	 0.000000	 0.000000	 0.000000	 76.171614	 0.000000	 2.328301	 2.328301	 90.000000	 0.140461	 -0.020990	 0.142020	 -8.499217	 4512.940923	
152.000000	 1.000000	 0.000000	 -0.000000	 0.000000	 -90.000000	 0.000000	 -0.000000	 0.000000	 -1.182083	 0.000000	 2.328661	 2.328661	 90.000000	 0.140810	 -0.021313	 0.142414	 -8.606894	 4514.392663	
151.000000	 1.000000	 0.000000	 -0.000000	 0.000000	 -90.000000	 0.000000	 0.000000	 0.000000	 22.939523	 0.000000	 2.329135	 2.329135	 90.000000	 0.139277	 -0.021404	 0.140912	 -8.736679	 4515.865069	
150.000000	 1.000000	 0.000000	 -0.000000	 0.000000	 -90.000000	 0.000000	 -0.000000	 0.000000	 -15.861114	 0.000000	 2.329476	 2.329476	 90.000000	 0.140034	 -0.020779	 0.141568	 -8.440414	 4517.370920	
149.000000	 1.000000	 0.000000	 -0.000000	 0.000000	 -90.000000	 0.000000	 0.000000	 0.000000	 51.582075	 0.000000	 2.330152	 2.330152	 90.000000	 0.139648	 -0.022213	 0.141404	 -9.037997	 4518.827059	
148.000000	 1.000000	 0.000000	 -0.000000	 0.000000	 -90.000000	 0.000000	 0.000000	 0.000000	 61.265108	 0.000000	 2.330371	 2.330371	 90.000000	 0.140068	 -0.021281	 0.141676	 -8.638966	 4520.301203	
147.000000	 1.000000	 0.000000	 -0.000000	 0.000000	 -90.000000	 0.000000	 -0.000000	 0.000000	 -31.337058	 0.000000	 2.330723	 2.330723	 90.000000	 0.140077	 -0.022212	 0.141828	 -9.010541	 4521.717146	
146.000000	 1.000000	 0.000000	 -0.000000	 0.000000	 -90.000000	 -0.000000	 -0.000000	 0.000000	 -172.659269	 0.000000	 2.330841	 2.330841	 90.000000	 0.140796	 -0.021637	 0.142449	 -8.736597	 4523.184682	
145.000000	 1.000000	 0.000000	 -0.000000	 0.000000	 -90.000000	 0.000000	 -0.000000	 0.000000	 -53.485284	 0.000000	 2.331180	 2.331180	 90.000000	 0.140671	 -0.021944	 0.142372	 -8.866564	 4524.620168	
144.000000	 1.000000	 0.000000	 -0.000000	 0.000000	 -90.000000	 -0.000000	 -0.000000	 0.000000	 -130.514876	 0.000000	 2.331608	 2.331608	 90.000000	 0.141190	 -0.022372	 0.142951	 -9.003931	 4526.056411	
143.000000	 1.000000	 0.000000	 -0.000000	 0.000000	 -90.000000	 0.000000	 0.000000	 0.000000	 16.300655	 0.000000	 2.331749	 2.331749	 90.000000	 0.141161	 -0.022523	 0.142947	 -9.065568	 4527.484742	
142.000000	 1.000000	 0.000000	 -0.000000	 0.000000	 -90.000000	 -0.000000	 0.000000	 0.000000	 143.118678	 0.000000	 2.332072	 2.332072	 90.000000	 0.141182	 -0.022442	 0.142955	 -9.032055	 4528.930825	
141.000000	 1.000000	 0.000000	 -0.000000	 0.000000	 -90.000000	 -0.000000	 0.000000	 0.000000	 104.664735	 0.000000	 2.332274	 2.332274	 90.000000	 0.141311	 -0.022595	 0.143105	 -9.084324	 4530.393709	
140.000000	 1.000000	 0.000000	 -0.000000	 0.000000	 -90.000000	 -0.000000	 0.000000	 0.000000	 175.172643	 0.000000	 2.332423	 2.332423	 90.000000	 0.141488	 -0.022748	 0.143305	 -9.133742	 4531.839123	
139.000000	 1.000000	 0.000000	 -0.000000	 0.000000	 -90.000000	 -0.000000	 0.000000	 0.000000	 93.167964	 0.000000	 2.332713	 2.332713	 90.000000	 0.141583	 -0.022869	 0.143418	 -9.175429	 4533.286206	
138.000000	 1.000000	 0.000000	 -0.000000	 0.000000	 -90.000000	 -0.000000	 0.000000	 0.000000	 124.967566	 0.000000	 2.332865	 2.332865	 90.000000	 0.141711	 -0.022965	 0.143559	 -9.205123	 4534.729891	
137.000000	 1.000000	 0.000000	 -0.000000	 0.000000	 -90.000000	 -0.000000	 -0.000000	 0.000000	 -120.811323	 0.000000	 2.333105	 2.333105	 90.000000	 0.141837	 -0.023082	 0.143703	 -9.243266	 4536.202913	
136.000000	 1.000000	 0.000000	 -0.000000	 0.000000	 -90.000000	 0.000000	 0.000000	 0.000000	 78.694928	 0.000000	 2.333291	 2.333291	 90.000000	 0.141970	 -0.023174	 0.143848	 -9.270674	 4537.684881	
135.000000	 1.000000	 0.000000	 -0.000000	 0.000000	 -90.000000	 -0.000000	 0.000000	 0.000000	 108.287998	 0.000000	 2.333476	 2.333476	 90.000000	 0.142088	 -0.023289	 0.143984	 -9.308184	 4539.120427	
134.000000	 1.000000	 0.000000	 -0.000000	 0.000000	 -90.000000	 0.000000	 0.000000	 0.000000	 7.377908	 0.000000	 2.333660	 2.333660	 90.000000	 0.142192	 -0.023409	 0.144106	 -9.348669	 4540.596541	
133.000000	 1.000000	 0.000000	 -0.000000	 0.000000	 -90.000000	 -0.000000	 -0.000000	 0.000000	 -137.926174	 0.000000	 2.333753	 2.333753	 90.000000	 0.142322	 -0.023525	 0.144253	 -9.385714	 4542.062439	
132.000000	 1.000000	 0.000000	 -0.000000	 0.000000	 -90.000000	 0.000000	 -0.000000	 0.000000	 -1.096891	 0.000000	 2.333996	 2.333996	 90.000000	 0.142470	 -0.023642	 0.144419	 -9.422002	 4543.490316	
131.000000	 1.000000	 0.000000	 -0.000000	 0.000000	 -90.000000	 -0.000000	 -0.000000	 0.000000	 -109.410038	 0.000000	 2.334142	 2.334142	 90.000000	 0.142618	 -0.023774	 0.144586	 -9.463994	 4544.937224	
130.000000	 1.000000	 0.000000	 -0.000000	 0.000000	 -90.000000	 -0.000000	 0.000000	 0.000000	 154.858766	 0.000000	 2.334206	 2.334206	 90.000000	 0.142786	 -0.023866	 0.144767	 -9.489012	 4546.362751	
129.000000	 1.000000	 0.000000	 -0.000000	 0.000000	 -90.000000	 0.000000	 -0.000000	 0.000000	 -86.852049	 0.000000	 2.334377	 2.334377	 90.000000	 0.142888	 -0.024006	 0.144891	 -9.536809	 4547.808341	
128.000000	 1.000000	 0.000000	 -0.000000	 0.000000	 -90.000000	 -0.000000	 -0.000000	 0.000000	 -128.233174	 0.000000	 2.334398	 2.334398	 90.000000	 0.143052	 -0.024120	 0.145071	 -9.570829	 4549.244814	
127.000000	 1.000000	 0.000000	 -0.000000	 0.000000	 -90.000000	 0.000000	 0.000000	 0.000000	 32.420909	 0.000000	 2.334641	 2.334641	 90.000000	 0.143159	 -0.024239	 0.145197	 -9.609982	 4550.686402	
126.000000	 1.000000	 0.000000	 -0.000000	 0.000000	 -90.000000	 0.000000	 -0.000000	 0.000000	 -26.022743	 0.000000	 2.334779	 2.334779	 90.000000	 0.143321	 -0.024295	 0.145366	 -9.621091	 4552.150406	
125.000000	 1.000000	 0.000000	 -0.000000	 0.000000	 -90.000000	 0.000000	 -0.000000	 0.000000	 -5.211035	 0.000000	 2.334875	 2.334875	 90.000000	 0.143484	 -0.024430	 0.145549	 -9.662629	 4553.611009	
124.000000	 1.000000	 0.000000	 -0.000000	 0.000000	 -90.000000	 -0.000000	 0.000000	 0.000000	 145.809613	 0.000000	 2.334749	 2.334749	 90.000000	 0.143594	 -0.024536	 0.145675	 -9.696694	 4555.102174	
123.000000	 1.000000	 0.000000	 -0.000000	 0.000000	 -90.000000	 -0.000000	 -0.000000	 0.000000	 -133.961576	 0.000000	 2.335023	 2.335023	 90.000000	 0.143746	 -0.024631	 0.145841	 -9.723320	 4556.537676	
122.000000	 1.000000	 0.000000	 -0.000000	 0.000000	 -90.000000	 0.000000	 0.000000	 0.000000	 6.910720	 0.000000	 2.335072	 2.335072	 90.000000	 0.143882	 -0.024830	 0.146009	 -9.791375	 4558.017742	
121.000000	 1.000000	 0.000000	 -0.000000	 0.000000	 -90.000000	 0.000000	 -0.000000	 0.000000	 -58.715451	 0.000000	 2.335154	 2.335154	 90.000000	 0.144090	 -0.024920	 0.146229	 -9.812114	 4559.464476	
120.000000	 1.000000	 0.000000	 -0.000000	 0.000000	 -90.000000	 0.000000	 -0.000000	 0.000000	 -46.778354	 0.000000	 2.335158	 2.335158	 90.000000	 0.144258	 -0.025031	 0.146414	 -9.843631	 4560.897285	
119.000000	 1.000000	 0.000000	 -0.000000	 0.000000	 -90.000000	 -0.000000	 0.000000	 0.000000	 138.878745	 0.000000	 2.335198	 2.335198	 90.000000	 0.144355	 -0.025163	 0.146532	 -9.888107	 4562.369116	
118.000000	 1.000000	 0.000000	 -0.000000	 0.000000	 -90.000000	 -0.000000	 -0.000000	 0.000000	 -131.019017	 0.000000	 2.335252	 2.335252	 90.000000	 0.144492	 -0.025266	 0.146684	 -9.918564	 4563.789723	
117.000000	 1.000000	 0.000000	 -0.000000	 0.000000	 -90.000000	 -0.000000	 -0.000000	 0.000000	 -152.312807	 0.000000	 2.335407	 2.335407	 90.000000	 0.144703	 -0.025398	 0.146915	 -9.955162	 4565.223764	
116.000000	 1.000000	 0.000000	 -0.000000	 0.000000	 -90.000000	 0.000000	 -0.000000	 0.000000	 -2.909301	 0.000000	 2.335542	 2.335542	 90.000000	 0.144812	 -0.025550	 0.147049	 -10.006192	 4566.625018	
115.000000	 1.000000	 0.000000	 -0.000000	 0.000000	 -90.000000	 0.000000	 -0.000000	 0.000000	 -70.085928	 0.000000	 2.335618	 2.335618	 90.000000	 0.145043	 -0.025691	 0.147301	 -10.044445	 4568.106465	
114.000000	 1.000000	 0.000000	 -0.000000	 0.000000	 -90.000000	 -0.000000	 0.000000	 0.000000	 172.417762	 0.000000	 2.335641	 2.335641	 90.000000	 0.145181	 -0.025786	 0.147454	 -10.071568	 4569.551317	
113.000000	 1.000000	 0.000000	 -0.000000	 0.000000	 -90.000000	 0.000000	 -0.000000	 0.000000	 -56.766095	 0.000000	 2.335742	 2.335742	 90.000000	 0.145327	 -0.025904	 0.147617	 -10.106607	 4571.010750	
112.000000	 1.000000	 0.000000	 -0.000000	 0.000000	 -90.000000	 -0.000000	 0.000000	 0.000000	 137.030836	 0.000000	 2.335692	 2.335692	 90.000000	 0.145504	 -0.026062	 0.147819	 -10.154788	 4572.479996	
111.000000	 1.000000	 0.000000	 -0.000000	 0.000000	 -90.000000	 -0.000000	 -0.000000	 0.000000	 -93.749946	 0.000000	 2.335662	 2.335662	 90.000000	 0.145682	 -0.026181	 0.148015	 -10.187948	 4573.926240	
110.000000	 1.000000	 0.000000	 -0.000000	 0.000000	 -90.000000	 0.000000	 0.000000	 0.000000	 39.389068	 0.000000	 2.335747	 2.335747	 90.000000	 0.145849	 -0.026315	 0.148204	 -10.227555	 4575.381996	
109.000000	 1.000000	 0.000000	 -0.000000	 0.000000	 -90.000000	 0.000000	 0.000000	 0.000000	 82.114638	 0.000000	 2.335689	 2.335689	 90.000000	 0.146019	 -0.026446	 0.148395	 -10.265809	 4576.848345	
108.000000	 1.000000	 0.000000	 -0.000000	 0.000000	 -90.000000	 0.000000	 0.000000	 0.000000	 13.555919	 0.000000	 2.335808	 2.335808	 90.000000	 0.146230	 -0.026581	 0.148626	 -10.302382	 4578.285129	
107.000000	 1.000000	 0.000000	 -0.000000	 0.000000	 -90.000000	 -0.000000	 0.000000	 0.000000	 132.497488	 0.000000	 2.335972	 2.335972	 90.000000	 0.146392	 -0.026734	 0.148814	 -10.349426	 4579.718675	
106.000000	 1.000000	 0.000000	 -0.000000	 0.000000	 -90.000000	 -0.000000	 -0.000000	 0.000000	 -117.939112	 0.000000	 2.335918	 2.335918	 90.000000	 0.146589	 -0.026898	 0.149036	 -10.397578	 4581.199097	
105.000000	 1.000000	 0.000000	 -0.000000	 0.000000	 -90.000000	 -0.000000	 0.000000	 0.000000	 105.925175	 0.000000	 2.336052	 2.336052	 90.000000	 0.146811	 -0.026931	 0.149261	 -10.394690	 4582.655625	
104.000000	 1.000000	 0.000000	 -0.000000	 0.000000	 -90.000000	 0.000000	 -0.000000	 0.000000	 -3.256247	 0.000000	 2.335939	 2.335939	 90.000000	 0.146949	 -0.027038	 0.149416	 -10.425557	 4584.110849	
103.000000	 1.000000	 0.000000	 -0.000000	 0.000000	 -90.000000	 0.000000	 -0.000000	 0.000000	 -85.748134	 0.000000	 2.336015	 2.336015	 90.000000	 0.147135	 -0.027367	 0.149658	 -10.536693	 4585.572641	
102.000000	 1.000000	 0.000000	 -0.000000	 0.000000	 -90.000000	 0.000000	 0.000000	 0.000000	 6.477997	 0.000000	 2.336026	 2.336026	 90.000000	 0.147281	 -0.027506	 0.149827	 -10.578524	 4587.015546	
101.000000	 1.000000	 0.000000	 -0.000000	 0.000000	 -90.000000	 0.000000	 -0.000000	 0.000000	 -81.022790	 0.000000	 2.335858	 2.335858	 90.000000	 0.147731	 -0.027538	 0.150275	 -10.559162	 4588.448268	
100.000000	 1.000000	 0.000000	 -0.000000	 0.000000	 -90.000000	 -0.000000	 -0.000000	 0.000000	 -141.909098	 0.000000	 2.336068	 2.336068	 90.000000	 0.147845	 -0.027847	 0.150444	 -10.666833	 4589.911580	
99.000000	 1.000000	 0.000000	 -0.000000	 0.000000	 -90.000000	 -0.000000	 -0.000000	 0.000000	 -140.116498	 0.000000	 2.335879	 2.335879	 90.000000	 0.148129	 -0.027775	 0.150711	 -10.619978	 4591.373547	
98.000000	 1.000000	 0.000000	 -0.000000	 0.000000	 -90.000000	 0.000000	 -0.000000	 0.000000	 -23.255531	 0.000000	 2.335980	 2.335980	 90.000000	 0.148192	 -0.028103	 0.150833	 -10.738215	 4592.809420	
97.000000	 1.000000	 0.000000	 -0.000000	 0.000000	 -90.000000	 -0.000000	 0.000000	 0.000000	 139.001108	 0.000000	 2.335791	 2.335791	 90.000000	 0.148456	 -0.028213	 0.151113	 -10.760387	 4594.229930	
96.000000	 1.000000	 0.000000	 -0.000000	 0.000000	 -90.000000	 0.000000	 -0.000000	 0.000000	 -31.866113	 0.000000	 2.335818	 2.335818	 90.000000	 0.148555	 -0.028215	 0.151211	 -10.754085	 4595.664036	
95.000000	 1.000000	 0.000000	 -0.000000	 0.000000	 -90.000000	 0.000000	 -0.000000	 0.000000	 -28.881560	 0.000000	 2.336008	 2.336008	 90.000000	 0.148822	 -0.028430	 0.151513	 -10.814952	 4597.147821	
94.000000	 1.000000	 0.000000	 -0.000000	 0.000000	 -90.000000	 0.000000	 0.000000	 0.000000	 47.200276	 0.000000	 2.335913	 2.335913	 90.000000	 0.149120	 -0.028540	 0.151827	 -10.834929	 4598.582135	
93.000000	 1.000000	 0.000000	 -0.000000	 0.000000	 -90.000000	 -0.000000	 0.000000	 0.000000	 151.738697	 0.000000	 2.335904	 2.335904	 90.000000	 0.149340	 -0.028702	 0.152073	 -10.879169	 4600.040792	
92.000000	 1.000000	 0.000000	 -0.000000	 0.000000	 -90.000000	 -0.000000	 -0.000000	 0.000000	 -150.694540	 0.000000	 2.335982	 2.335982	 90.000000	 0.149527	 -0.028862	 0.152287	 -10.925148	 4601.493842	
91.000000	 1.000000	 0.000000	 -0.000000	 0.000000	 -90.000000	 -0.000000	 0.000000	 0.000000	 110.528980	 0.000000	 2.335888	 2.335888	 90.000000	 0.149782	 -0.029023	 0.152568	 -10.966115	 4602.945053	
90.000000	 1.000000	 0.000000	 -0.000000	 0.000000	 -90.000000	 -0.000000	 -0.000000	 0.000000	 -173.467729	 0.000000	 2.335916	 2.335916	 90.000000	 0.150019	 -0.029183	 0.152831	 -11.008335	 4604.408024	
89.000000	 1.000000	 0.000000	 -0.000000	 0.000000	 -90.000000	 0.000000	 0.000000	 0.000000	 60.197660	 0.000000	 2.335895	 2.335895	 90.000000	 0.150249	 -0.029317	 0.153082	 -11.040985	 4605.847874	
88.000000	 1.000000	 0.000000	 -0.000000	 0.000000	 -90.000000	 -0.000000	 -0.000000	 0.000000	 -150.024163	 0.000000	 2.335897	 2.335897	 90.000000	 0.150540	 -0.029484	 0.153400	 -11.081517	 4607.306812	
87.000000	 1.000000	 0.000000	 -0.000000	 0.000000	 -90.000000	 0.000000	 -0.000000	 0.000000	 -21.835663	 0.000000	 2.335906	 2.335906	 90.000000	 0.150804	 -0.029641	 0.153690	 -11.119904	 4608.741909	
86.000000	 1.000000	 0.000000	 -0.000000	 0.000000	 -90.000000	 -0.000000	 0.000000	 0.000000	 118.229593	 0.000000	 2.335805	 2.335805	 90.000000	 0.151069	 -0.029792	 0.153979	 -11.155974	 4610.216945	
85.000000	 1.000000	 0.000000	 -0.000000	 0.000000	 -90.000000	 -0.000000	 0.000000	 0.000000	 110.743774	 0.000000	 2.335709	 2.335709	 90.000000	 0.151350	 -0.030031	 0.154300	 -11.222995	 4611.659901	
84.000000	 1.000000	 0.000000	 -0.000000	 0.000000	 -90.000000	 -0.000000	 -0.000000	 0.000000	 -90.451930	 0.000000	 2.335710	 2.335710	 90.000000	 0.151605	 -0.030107	 0.154566	 -11.231954	 4613.060518	
83.000000	 1.000000	 0.000000	 -0.000000	 0.000000	 -90.000000	 -0.000000	 0.000000	 0.000000	 132.491951	 0.000000	 2.335668	 2.335668	 90.000000	 0.151860	 -0.030263	 0.154846	 -11.270459	 4614.525252	
82.000000	 1.000000	 0.000000	 -0.000000	 0.000000	 -90.000000	 -0.000000	 0.000000	 0.000000	 128.274346	 0.000000	 2.335769	 2.335769	 90.000000	 0.152152	 -0.030505	 0.155180	 -11.336822	 4615.969613	
81.000000	 1.000000	 0.000000	 -0.000000	 0.000000	 -90.000000	 0.000000	 -0.000000	 0.000000	 -12.479281	 0.000000	 2.335780	 2.335780	 90.000000	 0.152441	 -0.030717	 0.155505	 -11.392676	 4617.416099	
80.000000	 1.000000	 0.000000	 -0.000000	 0.000000	 -90.000000	 0.000000	 0.000000	 0.000000	 67.714018	 0.000000	 2.335660	 2.335660	 90.000000	 0.152642	 -0.030789	 0.155716	 -11.404052	 4618.849260	
79.000000	 1.000000	 0.000000	 -0.000000	 0.000000	 -90.000000	 0.000000	 0.000000	 0.000000	 65.212610	 0.000000	 2.335650	 2.335650	 90.000000	 0.153100	 -0.030868	 0.156181	 -11.399074	 4620.316165	
78.000000	 1.000000	 0.000000	 -0.000000	 0.000000	 -90.000000	 0.000000	 0.000000	 0.000000	 74.202845	 0.000000	 2.335623	 2.335623	 90.000000	 0.153300	 -0.031153	 0.156433	 -11.486891	 4621.735002	
77.000000	 1.000000	 0.000000	 -0.000000	 0.000000	 -90.000000	 -0.000000	 -0.000000	 0.000000	 -111.311059	 0.000000	 2.335533	 2.335533	 90.000000	 0.153693	 -0.031169	 0.156822	 -11.464221	 4623.157836	
76.000000	 1.000000	 0.000000	 -0.000000	 0.000000	 -90.000000	 -0.000000	 -0.000000	 0.000000	 -126.199381	 0.000000	 2.335522	 2.335522	 90.000000	 0.153988	 -0.031496	 0.157176	 -11.559741	 4624.605081	
75.000000	 1.000000	 0.000000	 -0.000000	 0.000000	 -90.000000	 0.000000	 0.000000	 0.000000	 9.742424	 0.000000	 2.335501	 2.335501	 90.000000	 0.154376	 -0.031732	 0.157604	 -11.615539	 4626.066045	
74.000000	 1.000000	 0.000000	 -0.000000	 0.000000	 -90.000000	 -0.000000	 0.000000	 0.000000	 164.776570	 0.000000	 2.335470	 2.335470	 90.000000	 0.154726	 -0.031742	 0.157949	 -11.593279	 4627.517994	
73.000000	 1.000000	 0.000000	 -0.000000	 0.000000	 -90.000000	 -0.000000	 0.000000	 0.000000	 170.839731	 0.000000	 2.335446	 2.335446	 90.000000	 0.155032	 -0.031844	 0.158268	 -11.607152	 4628.953014	
72.000000	 1.000000	 0.000000	 -0.000000	 0.000000	 -90.000000	 -0.000000	 0.000000	 0.000000	 150.644587	 0.000000	 2.335396	 2.335396	 90.000000	 0.155289	 -0.032167	 0.158586	 -11.703028	 4630.404908	
71.000000	 1.000000	 0.000000	 -0.000000	 0.000000	 -90.000000	 0.000000	 0.000000	 0.000000	 8.746697	 0.000000	 2.335321	 2.335321	 90.000000	 0.155788	 -0.032345	 0.159111	 -11.729163	 4631.846524	
70.000000	 1.000000	 0.000000	 -0.000000	 0.000000	 -90.000000	 -0.000000	 -0.000000	 0.000000	 -104.170031	 0.000000	 2.335333	 2.335333	 90.000000	 0.156069	 -0.032347	 0.159386	 -11.709387	 4633.280958	
69.000000	 1.000000	 0.000000	 -0.000000	 0.000000	 -90.000000	 0.000000	 -0.000000	 0.000000	 -47.374557	 0.000000	 2.335372	 2.335372	 90.000000	 0.156624	 -0.032696	 0.160000	 -11.791351	 4634.719153	
68.000000	 1.000000	 0.000000	 -0.000000	 0.000000	 -90.000000	 0.000000	 -0.000000	 0.000000	 -21.432162	 0.000000	 2.335249	 2.335249	 90.000000	 0.156912	 -0.032885	 0.160321	 -11.836558	 4636.162769	
67.000000	 1.000000	 0.000000	 -0.000000	 0.000000	 -90.000000	 -0.000000	 0.000000	 0.000000	 161.320094	 0.000000	 2.335287	 2.335287	 90.000000	 0.157251	 -0.033007	 0.160678	 -11.854319	 4637.618267	
66.000000	 1.000000	 0.000000	 -0.000000	 0.000000	 -90.000000	 0.000000	 0.000000	 0.000000	 34.966919	 0.000000	 2.335107	 2.335107	 90.000000	 0.157618	 -0.033216	 0.161080	 -11.900305	 4639.063435	
65.000000	 1.000000	 0.000000	 -0.000000	 0.000000	 -90.000000	 0.000000	 -0.000000	 0.000000	 -75.751346	 0.000000	 2.335072	 2.335072	 90.000000	 0.158069	 -0.033552	 0.161591	 -11.983750	 4640.499644	
64.000000	 1.000000	 0.000000	 -0.000000	 0.000000	 -90.000000	 -0.000000	 -0.000000	 0.000000	 -101.800364	 0.000000	 2.334999	 2.334999	 90.000000	 0.158367	 -0.033483	 0.161868	 -11.938004	 4641.934383	
63.000000	 1.000000	 0.000000	 -0.000000	 0.000000	 -90.000000	 -0.000000	 -0.000000	 0.000000	 -106.039931	 0.000000	 2.335120	 2.335120	 90.000000	 0.158711	 -0.033799	 0.162270	 -12.022081	 4643.366116	
62.000000	 1.000000	 0.000000	 -0.000000	 0.000000	 -90.000000	 0.000000	 0.000000	 0.000000	 59.975575	 0.000000	 2.335005	 2.335005	 90.000000	 0.159798	 -0.033625	 0.163298	 -11.883064	 4644.825122	
61.000000	 1.000000	 0.000000	 -0.000000	 0.000000	 -90.000000	 -0.000000	 -0.000000	 0.000000	 -117.338087	 0.000000	 2.334969	 2.334969	 90.000000	 0.160448	 -0.034474	 0.164110	 -12.126336	 4646.262557	
60.000000	 1.000000	 0.000000	 -0.000000	 0.000000	 -90.000000	 0.000000	 0.000000	 0.000000	 24.786856	 0.000000	 2.334907	 2.334907	 90.000000	 0.158505	 -0.033846	 0.162079	 -12.053505	 4647.719477	
59.000000	 1.000000	 0.000000	 -0.000000	 0.000000	 -90.000000	 -0.000000	 -0.000000	 0.000000	 -135.711501	 0.000000	 2.334882	 2.334882	 90.000000	 0.158452	 -0.032686	 0.161788	 -11.655853	 4649.131046	
58.000000	 1.000000	 0.000000	 -0.000000	 0.000000	 -90.000000	 0.000000	 0.000000	 0.000000	 17.008599	 0.000000	 2.334745	 2.334745	 90.000000	 0.157883	 -0.037797	 0.162345	 -13.463119	 4650.578947	
57.000000	 1.000000	 0.000000	 -0.000000	 0.000000	 -90.000000	 -0.000000	 0.000000	 0.000000	 129.954737	 0.000000	 2.334636	 2.334636	 90.000000	 0.166401	 -0.029542	 0.169003	 -10.067149	 4652.043687	
56.000000	 1.000000	 0.000000	 -0.000000	 0.000000	 -90.000000	 -0.000000	 0.000000	 0.000000	 162.228918	 0.000000	 2.335098	 2.335098	 90.000000	 0.157482	 -0.025032	 0.159459	 -9.031840	 4653.503868	
55.000000	 1.000000	 0.000000	 -0.000000	 0.000000	 -90.000000	 -0.000000	 0.000000	 0.000000	 90.619980	 0.000000	 2.334069	 2.334069	 90.000000	 0.165071	 -0.052453	 0.173204	 -17.628038	 4654.961373	
54.000000	 1.000000	 0.000000	 -0.000000	 0.000000	 -90.000000	 -0.000000	 0.000000	 0.000000	 110.942563	 0.000000	 2.334405	 2.334405	 90.000000	 0.155788	 -0.058946	 0.166567	 -20.725233	 4656.418942	
53.000000	 1.000000	 0.000000	 -0.000000	 0.000000	 -90.000000	 -0.000000	 0.000000	 0.000000	 115.905456	 0.000000	 2.333424	 2.333424	 90.000000	 0.184392	 -0.011411	 0.184745	 -3.541293	 4657.862117	
52.000000	 1.000000	 0.000000	 -0.000000	 0.000000	 -90.000000	 -0.000000	 0.000000	 0.000000	 145.886539	 0.000000	 2.331863	 2.331863	 90.000000	 0.202818	 -0.024701	 0.204316	 -6.943865	 4659.291415	
51.000000	 1.000000	 0.000000	 -0.000000	 0.000000	 -90.000000	 -0.000000	 0.000000	 0.000000	 137.824949	 0.000000	 2.336440	 2.336440	 90.000000	 0.126060	 -0.012756	 0.126704	 -5.778023	 4660.698403	
50.000000	 1.000000	 0.000000	 -0.000000	 0.000000	 -90.000000	 -0.000000	 -0.000000	 0.000000	 -99.871436	 0.000000	 2.332527	 2.332527	 90.000000	 0.181608	 0.008368	 0.181800	 2.638276	 4662.145762	
49.000000	 1.000000	 0.000000	 -0.000000	 0.000000	 -90.000000	 0.000000	 0.000000	 0.000000	 61.154915	 0.000000	 2.335900	 2.335900	 90.000000	 0.127924	 -0.012286	 0.128513	 -5.485918	 4663.601043	
48.000000	 1.000000	 0.000000	 -0.000000	 0.000000	 -90.000000	 -0.000000	 0.000000	 0.000000	 143.934136	 0.000000	 2.331565	 2.331565	 90.000000	 0.204264	 -0.022096	 0.205456	 -6.173837	 4665.034949	
47.000000	 1.000000	 0.000000	 -0.000000	 0.000000	 -90.000000	 0.000000	 -0.000000	 0.000000	 -36.285044	 0.000000	 2.332131	 2.332131	 90.000000	 0.182441	 -0.009897	 0.182709	 -3.105054	 4666.492075	
46.000000	 1.000000	 0.000000	 -0.000000	 0.000000	 -90.000000	 -0.000000	 -0.000000	 0.000000	 -140.805825	 0.000000	 2.334951	 2.334951	 90.000000	 0.163330	 -0.059121	 0.173701	 -19.899033	 4667.923909	
45.000000	 1.000000	 0.000000	 -0.000000	 0.000000	 -90.000000	 -0.000000	 -0.000000	 0.000000	 -170.277868	 0.000000	 2.334487	 2.334487	 90.000000	 0.168179	 -0.055367	 0.177059	 -18.222261	 4669.398705	
44.000000	 1.000000	 0.000000	 -0.000000	 0.000000	 -90.000000	 0.000000	 -0.000000	 0.000000	 -39.695755	 0.000000	 2.333632	 2.333632	 90.000000	 0.159718	 -0.031164	 0.162730	 -11.040846	 4670.838398	
43.000000	 1.000000	 0.000000	 -0.000000	 0.000000	 -90.000000	 0.000000	 -0.000000	 0.000000	 -73.475933	 0.000000	 2.333287	 2.333287	 90.000000	 0.169180	 -0.029915	 0.171805	 -10.027487	 4672.284098	
42.000000	 1.000000	 0.000000	 -0.000000	 0.000000	 -90.000000	 0.000000	 -0.000000	 0.000000	 -70.884433	 0.000000	 2.333635	 2.333635	 90.000000	 0.166966	 -0.039760	 0.171634	 -13.394464	 4673.708070	
41.000000	 1.000000	 0.000000	 -0.000000	 0.000000	 -90.000000	 -0.000000	 0.000000	 0.000000	 116.250394	 0.000000	 2.333484	 2.333484	 90.000000	 0.171897	 -0.040705	 0.176650	 -13.322210	 4675.200680	
40.000000	 1.000000	 0.000000	 -0.000000	 0.000000	 -90.000000	 -0.000000	 0.000000	 0.000000	 173.426178	 0.000000	 2.333348	 2.333348	 90.000000	 0.174931	 -0.037366	 0.178878	 -12.057302	 4676.647368	
39.000000	 1.000000	 0.000000	 -0.000000	 0.000000	 -90.000000	 0.000000	 0.000000	 0.000000	 1.601455	 0.000000	 2.333328	 2.333328	 90.000000	 0.173506	 -0.038706	 0.177771	 -12.575676	 4678.083868	
38.000000	 1.000000	 0.000000	 -0.000000	 0.000000	 -90.000000	 0.000000	 0.000000	 0.000000	 8.556038	 0.000000	 2.333141	 2.333141	 90.000000	 0.174566	 -0.038142	 0.178684	 -12.325334	 4679.507652	
37.000000	 1.000000	 0.000000	 -0.000000	 0.000000	 -90.000000	 0.000000	 -0.000000	 0.000000	 -3.954697	 0.000000	 2.332986	 2.332986	 90.000000	 0.175366	 -0.037919	 0.179419	 -12.201232	 4680.961690	
36.000000	 1.000000	 0.000000	 -0.000000	 0.000000	 -90.000000	 -0.000000	 -0.000000	 0.000000	 -101.706862	 0.000000	 2.333018	 2.333018	 90.000000	 0.176098	 -0.037960	 0.180143	 -12.164636	 4682.406070	
35.000000	 1.000000	 0.000000	 -0.000000	 0.000000	 -90.000000	 0.000000	 0.000000	 0.000000	 9.796899	 0.000000	 2.332849	 2.332849	 90.000000	 0.177241	 -0.038157	 0.181302	 -12.149510	 4683.838331	
34.000000	 1.000000	 0.000000	 -0.000000	 0.000000	 -90.000000	 -0.000000	 -0.000000	 0.000000	 -144.603510	 0.000000	 2.332749	 2.332749	 90.000000	 0.178240	 -0.038102	 0.182267	 -12.066363	 4685.325520	
33.000000	 1.000000	 0.000000	 -0.000000	 0.000000	 -90.000000	 0.000000	 -0.000000	 0.000000	 -28.936752	 0.000000	 2.332761	 2.332761	 90.000000	 0.179298	 -0.038100	 0.183302	 -11.996538	 4686.763345	
32.000000	 1.000000	 0.000000	 -0.000000	 0.000000	 -90.000000	 -0.000000	 0.000000	 0.000000	 168.648174	 0.000000	 2.332657	 2.332657	 90.000000	 0.180314	 -0.038114	 0.184298	 -11.935293	 4688.197674	
31.000000	 1.000000	 0.000000	 -0.000000	 0.000000	 -90.000000	 0.000000	 -0.000000	 0.000000	 -72.281940	 0.000000	 2.332705	 2.332705	 90.000000	 0.181381	 -0.038173	 0.185354	 -11.884804	 4689.653977	
30.000000	 1.000000	 0.000000	 -0.000000	 0.000000	 -90.000000	 0.000000	 -0.000000	 0.000000	 -76.259907	 0.000000	 2.332456	 2.332456	 90.000000	 0.182592	 -0.038143	 0.186533	 -11.799204	 4691.096535	
29.000000	 1.000000	 0.000000	 -0.000000	 0.000000	 -90.000000	 0.000000	 0.000000	 0.000000	 38.386186	 0.000000	 2.332426	 2.332426	 90.000000	 0.183713	 -0.038060	 0.187614	 -11.704401	 4692.509658	
28.000000	 1.000000	 0.000000	 -0.000000	 0.000000	 -90.000000	 0.000000	 -0.000000	 0.000000	 -52.412980	 0.000000	 2.332474	 2.332474	 90.000000	 0.184988	 -0.037922	 0.188835	 -11.584887	 4693.920614	
27.000000	 1.000000	 0.000000	 -0.000000	 0.000000	 -90.000000	 -0.000000	 -0.000000	 0.000000	 -97.248451	 0.000000	 2.332424	 2.332424	 90.000000	 0.186392	 -0.037662	 0.190159	 -11.423248	 4695.335389	
26.000000	 1.000000	 0.000000	 -0.000000	 0.000000	 -90.000000	 -0.000000	 -0.000000	 0.000000	 -137.682376	 0.000000	 2.331750	 2.331750	 90.000000	 0.187452	 -0.038510	 0.191367	 -11.609391	 4696.767956	
25.000000	 1.000000	 0.000000	 -0.000000	 0.000000	 -90.000000	 -0.000000	 -0.000000	 0.000000	 -170.394437	 0.000000	 2.331960	 2.331960	 90.000000	 0.188413	 -0.036748	 0.191963	 -11.036415	 4698.216778	
24.000000	 1.000000	 0.000000	 -0.000000	 0.000000	 -90.000000	 0.000000	 0.000000	 0.000000	 53.295204	 0.000000	 2.331595	 2.331595	 90.000000	 0.190070	 -0.038215	 0.193874	 -11.368171	 4699.660842	
23.000000	 1.000000	 0.000000	 -0.000000	 0.000000	 -90.000000	 -0.000000	 -0.000000	 0.000000	 -129.718215	 0.000000	 2.331983	 2.331983	 90.000000	 0.192053	 -0.037444	 0.195669	 -11.032472	 4701.116152	
22.000000	 1.000000	 0.000000	 -0.000000	 0.000000	 -90.000000	 0.000000	 0.000000	 0.000000	 48.500499	 0.000000	 2.331740	 2.331740	 90.000000	 0.193548	 -0.036696	 0.196996	 -10.735547	 4702.534734	
21.000000	 1.000000	 0.000000	 -0.000000	 0.000000	 -90.000000	 -0.000000	 0.000000	 0.000000	 108.573877	 0.000000	 2.331685	 2.331685	 90.000000	 0.195058	 -0.036819	 0.198502	 -10.689272	 4704.009293	
20.000000	 1.000000	 0.000000	 -0.000000	 0.000000	 -90.000000	 0.000000	 0.000000	 0.000000	 53.585433	 0.000000	 2.331525	 2.331525	 90.000000	 0.196459	 -0.035222	 0.199592	 -10.164264	 4705.483963	
19.000000	 1.000000	 0.000000	 -0.000000	 0.000000	 -90.000000	 0.000000	 -0.000000	 0.000000	 -5.789142	 0.000000	 2.331367	 2.331367	 90.000000	 0.197940	 -0.034317	 0.200893	 -9.835731	 4706.942939	
18.000000	 1.000000	 0.000000	 -0.000000	 0.000000	 -90.000000	 -0.000000	 -0.000000	 0.000000	 -105.235011	 0.000000	 2.331365	 2.331365	 90.000000	 0.200842	 -0.033582	 0.203630	 -9.492256	 4708.381863	
17.000000	 1.000000	 0.000000	 -0.000000	 0.000000	 -90.000000	 -0.000000	 0.000000	 0.000000	 92.219190	 0.000000	 2.329823	 2.329823	 90.000000	 0.193902	 -0.032862	 0.196667	 -9.619077	 4709.800284	
16.000000	 1.000000	 0.000000	 -0.000000	 0.000000	 -90.000000	 -0.000000	 -0.000000	 0.000000	 -108.730001	 0.000000	 2.330790	 2.330790	 90.000000	 0.202785	 -0.027298	 0.204614	 -7.666773	 4711.233330	
15.000000	 1.000000	 0.000000	 -0.000000	 0.000000	 -90.000000	 0.000000	 0.000000	 0.000000	 48.493174	 0.000000	 2.330761	 2.330761	 90.000000	 0.205090	 -0.032628	 0.207669	 -9.039508	 4712.674713	
14.000000	 1.000000	 0.000000	 -0.000000	 0.000000	 -90.000000	 -0.000000	 0.000000	 0.000000	 174.892255	 0.000000	 2.331807	 2.331807	 90.000000	 0.214079	 -0.024467	 0.215473	 -6.519965	 4714.130448	
13.000000	 1.000000	 0.000000	 -0.000000	 0.000000	 -90.000000	 0.000000	 0.000000	 0.000000	 7.529598	 0.000000	 2.330795	 2.330795	 90.000000	 0.211790	 -0.019636	 0.212698	 -5.297121	 4715.569758	
12.000000	 1.000000	 0.000000	 -0.000000	 0.000000	 -90.000000	 -0.000000	 -0.000000	 0.000000	 -165.471898	 0.000000	 2.336488	 2.336488	 90.000000	 0.243736	 -0.036705	 0.246484	 -8.563924	 4716.992490	
11.000000	 1.000000	 0.000000	 -0.000000	 0.000000	 -90.000000	 -0.000000	 0.000000	 0.000000	 165.980370	 0.000000	 2.341507	 2.341507	 90.000000	 0.271922	 -0.051696	 0.276792	 -10.764313	 4718.428756	
10.000000	 1.000000	 0.000000	 -0.000000	 0.000000	 -90.000000	 0.000000	 -0.000000	 0.000000	 -46.846214	 0.000000	 2.314451	 2.314451	 90.000000	 0.138273	 0.045174	 0.145465	 18.092315	 4719.880809	
9.000000	 1.000000	 0.000000	 -0.000000	 0.000000	 -90.000000	 -0.000000	 -0.000000	 0.000000	 -154.695302	 0.000000	 2.352270	 2.352270	 90.000000	 0.344498	 0.051644	 0.348347	 8.525756	 4721.320099	
8.000000	 1.000000	 0.000000	 -0.000000	 0.000000	 -90.000000	 0.000000	 -0.000000	 0.000000	 -18.685290	 0.000000	 2.289916	 2.289916	 90.000000	 0.007805	 0.000073	 0.007805	 0.538686	 4722.759383	
7.000000	 1.000000	 0.000000	 -0.000000	 0.000000	 -90.000000	 -0.000000	 -0.000000	 0.000000	 -152.908797	 0.000000	 2.393694	 2.393694	 90.000000	 0.569614	 0.102944	 0.578841	 10.244288	 4724.222226	
6.000000	 1.000000	 0.000000	 -0.000000	 0.000000	 -90.000000	 -0.000000	 0.000000	 0.000000	 179.153499	 0.000000	 2.440094	 2.440094	 90.000000	 0.809057	 0.068205	 0.811927	 4.818737	 4725.670089	
5.000000	 1.000000	 0.000000	 -0.000000	 0.000000	 -90.000000	 -0.000000	 0.000000	 0.000000	 120.453263	 0.000000	 2.416811	 2.416811	 90.000000	 0.626655	 -0.764389	 0.988426	 -50.654715	 4727.077401	
4.000000	 1.000000	 0.000000	 -0.000000	 0.000000	 -90.000000	 -0.000000	 0.000000	 0.000000	 102.730787	 0.000000	 2.386571	 2.386571	 90.000000	 0.448206	 -1.184212	 1.266194	 -69.269110	 4728.537578	
3.000000	 1.000000	 0.000000	 -0.000000	 0.000000	 -90.000000	 0.000000	 -0.000000	 0.000000	 -61.350985	 0.000000	 2.177972	 2.177972	 90.000000	 -0.565338	 1.348310	 1.462035	 112.748022	 4729.953666	
2.000000	 1.000000	 0.000000	 -0.000000	 0.000000	 -90.000000	 -0.000000	 -0.000000	 0.000000	 -106.600015	 0.000000	 2.440176	 2.440176	 90.000000	 0.725754	 1.943754	 2.074825	 69.525507	 4731.398552	
1.000000	 1.000000	 0.000000	 -0.000000	 0.000000	 -90.000000	 0.000000	 0.000000	 0.000000	 25.527952	 0.000000	 1.945050	 1.945050	 90.000000	 -1.660228	 -0.843071	 1.862022	 -153.078331	 4732.801159	
